id,wav_list,path,is_cough
05dc1633-0eb0-45e1-a8c4-edf0ccb088bf,coughvid_data/05dc1633-0eb0-45e1-a8c4-edf0ccb088bf.wav,coughvid_data/05dc1633-0eb0-45e1-a8c4-edf0ccb088bf.wav,0.0
04804757-231a-4e78-947a-8622a888062f,coughvid_data/04804757-231a-4e78-947a-8622a888062f.wav,coughvid_data/04804757-231a-4e78-947a-8622a888062f.wav,0.0
e4ffd791-1d26-40c1-b44d-03184a3ecc72,coughvid_data/e4ffd791-1d26-40c1-b44d-03184a3ecc72.wav,coughvid_data/e4ffd791-1d26-40c1-b44d-03184a3ecc72.wav,0.0
57fc6a98-f2e8-423d-a391-79a3a2483896,coughvid_data/57fc6a98-f2e8-423d-a391-79a3a2483896.wav,coughvid_data/57fc6a98-f2e8-423d-a391-79a3a2483896.wav,1.0
ed68ee0d-d231-4f7a-a86d-9702b29234fc,coughvid_data/ed68ee0d-d231-4f7a-a86d-9702b29234fc.wav,coughvid_data/ed68ee0d-d231-4f7a-a86d-9702b29234fc.wav,0.0
d73bcdcb-17a8-4102-91c4-4afbefd08ea7,coughvid_data/d73bcdcb-17a8-4102-91c4-4afbefd08ea7.wav,coughvid_data/d73bcdcb-17a8-4102-91c4-4afbefd08ea7.wav,1.0
0c4925f2-1dbd-4a95-a7a3-18215479084c,coughvid_data/0c4925f2-1dbd-4a95-a7a3-18215479084c.wav,coughvid_data/0c4925f2-1dbd-4a95-a7a3-18215479084c.wav,1.0
ad457d1e-96d0-4c6d-89b0-cb8bc372a16c,coughvid_data/ad457d1e-96d0-4c6d-89b0-cb8bc372a16c.wav,coughvid_data/ad457d1e-96d0-4c6d-89b0-cb8bc372a16c.wav,1.0
d41cf22f-e486-4b7e-84de-3e65236fdb62,coughvid_data/d41cf22f-e486-4b7e-84de-3e65236fdb62.wav,coughvid_data/d41cf22f-e486-4b7e-84de-3e65236fdb62.wav,1.0
fe64652d-1065-4ffd-941a-cc2852806a7f,coughvid_data/fe64652d-1065-4ffd-941a-cc2852806a7f.wav,coughvid_data/fe64652d-1065-4ffd-941a-cc2852806a7f.wav,1.0
30e257dc-a727-49c0-a2aa-f0e773ce6f46,coughvid_data/30e257dc-a727-49c0-a2aa-f0e773ce6f46.wav,coughvid_data/30e257dc-a727-49c0-a2aa-f0e773ce6f46.wav,0.0
ac8c094e-9397-4f80-af45-89072dc6f374,coughvid_data/ac8c094e-9397-4f80-af45-89072dc6f374.wav,coughvid_data/ac8c094e-9397-4f80-af45-89072dc6f374.wav,1.0
c71f2e6d-3d3d-4943-a5e9-bcd1e6a100ad,coughvid_data/c71f2e6d-3d3d-4943-a5e9-bcd1e6a100ad.wav,coughvid_data/c71f2e6d-3d3d-4943-a5e9-bcd1e6a100ad.wav,0.0
a4bfbb34-60fb-455d-8877-92898222907d,coughvid_data/a4bfbb34-60fb-455d-8877-92898222907d.wav,coughvid_data/a4bfbb34-60fb-455d-8877-92898222907d.wav,1.0
d954acf1-9620-448c-a856-f617f1eca77a,coughvid_data/d954acf1-9620-448c-a856-f617f1eca77a.wav,coughvid_data/d954acf1-9620-448c-a856-f617f1eca77a.wav,1.0
c1554c50-0455-4626-ba05-936a97ee1ca9,coughvid_data/c1554c50-0455-4626-ba05-936a97ee1ca9.wav,coughvid_data/c1554c50-0455-4626-ba05-936a97ee1ca9.wav,1.0
59c850c9-8f64-424d-af5a-5dcb5982c16c,coughvid_data/59c850c9-8f64-424d-af5a-5dcb5982c16c.wav,coughvid_data/59c850c9-8f64-424d-af5a-5dcb5982c16c.wav,1.0
3327b1ad-43f1-42e9-90fd-e5b4ccf601a0,coughvid_data/3327b1ad-43f1-42e9-90fd-e5b4ccf601a0.wav,coughvid_data/3327b1ad-43f1-42e9-90fd-e5b4ccf601a0.wav,1.0
80faa2b1-aa84-4f4d-9511-2e62b61f2569,coughvid_data/80faa2b1-aa84-4f4d-9511-2e62b61f2569.wav,coughvid_data/80faa2b1-aa84-4f4d-9511-2e62b61f2569.wav,1.0
f8c27e97-5b6b-4437-a8ae-236074a31b98,coughvid_data/f8c27e97-5b6b-4437-a8ae-236074a31b98.wav,coughvid_data/f8c27e97-5b6b-4437-a8ae-236074a31b98.wav,1.0
add8b0c9-037e-4450-9491-58e5fd3e1823,coughvid_data/add8b0c9-037e-4450-9491-58e5fd3e1823.wav,coughvid_data/add8b0c9-037e-4450-9491-58e5fd3e1823.wav,1.0
101e705d-8254-460c-8d5b-10f8c147dd96,coughvid_data/101e705d-8254-460c-8d5b-10f8c147dd96.wav,coughvid_data/101e705d-8254-460c-8d5b-10f8c147dd96.wav,1.0
b4a77f9e-b9cc-4dc6-ada3-48890a4951c4,coughvid_data/b4a77f9e-b9cc-4dc6-ada3-48890a4951c4.wav,coughvid_data/b4a77f9e-b9cc-4dc6-ada3-48890a4951c4.wav,1.0
a46d0609-c3da-4f03-b108-46a077466ad1,coughvid_data/a46d0609-c3da-4f03-b108-46a077466ad1.wav,coughvid_data/a46d0609-c3da-4f03-b108-46a077466ad1.wav,1.0
56a88a04-8934-4b92-a314-982cfd15f2fc,coughvid_data/56a88a04-8934-4b92-a314-982cfd15f2fc.wav,coughvid_data/56a88a04-8934-4b92-a314-982cfd15f2fc.wav,0.0
d5df6c88-1682-484b-85e0-9a07b1adcf52,coughvid_data/d5df6c88-1682-484b-85e0-9a07b1adcf52.wav,coughvid_data/d5df6c88-1682-484b-85e0-9a07b1adcf52.wav,1.0
8ea96c2f-f0c7-4865-89f1-66f7fc772569,coughvid_data/8ea96c2f-f0c7-4865-89f1-66f7fc772569.wav,coughvid_data/8ea96c2f-f0c7-4865-89f1-66f7fc772569.wav,0.0
3cf06f41-50d9-433e-8270-dc73cba146fe,coughvid_data/3cf06f41-50d9-433e-8270-dc73cba146fe.wav,coughvid_data/3cf06f41-50d9-433e-8270-dc73cba146fe.wav,0.0
1e07a6b9-9824-49c2-a43e-63c71e8be4b5,coughvid_data/1e07a6b9-9824-49c2-a43e-63c71e8be4b5.wav,coughvid_data/1e07a6b9-9824-49c2-a43e-63c71e8be4b5.wav,1.0
d0d4e84a-3692-46e2-a168-463896fb9d31,coughvid_data/d0d4e84a-3692-46e2-a168-463896fb9d31.wav,coughvid_data/d0d4e84a-3692-46e2-a168-463896fb9d31.wav,1.0
a899bd6c-011e-439a-95dd-e7e8a6e9b225,coughvid_data/a899bd6c-011e-439a-95dd-e7e8a6e9b225.wav,coughvid_data/a899bd6c-011e-439a-95dd-e7e8a6e9b225.wav,1.0
74fa4888-9594-4a34-a17f-fe12e87f3914,coughvid_data/74fa4888-9594-4a34-a17f-fe12e87f3914.wav,coughvid_data/74fa4888-9594-4a34-a17f-fe12e87f3914.wav,1.0
9abb9ea7-6aec-490b-9c8f-daa4214fb3fa,coughvid_data/9abb9ea7-6aec-490b-9c8f-daa4214fb3fa.wav,coughvid_data/9abb9ea7-6aec-490b-9c8f-daa4214fb3fa.wav,1.0
72d0a8de-295a-4815-945f-aabbc125ae68,coughvid_data/72d0a8de-295a-4815-945f-aabbc125ae68.wav,coughvid_data/72d0a8de-295a-4815-945f-aabbc125ae68.wav,1.0
fe53fd3e-b5dc-44fe-9987-0530f84d103b,coughvid_data/fe53fd3e-b5dc-44fe-9987-0530f84d103b.wav,coughvid_data/fe53fd3e-b5dc-44fe-9987-0530f84d103b.wav,1.0
708d3249-4111-4635-81d3-116240b4432a,coughvid_data/708d3249-4111-4635-81d3-116240b4432a.wav,coughvid_data/708d3249-4111-4635-81d3-116240b4432a.wav,0.0
98b35fc6-1fcc-40b5-b503-ae0aa26aeb6f,coughvid_data/98b35fc6-1fcc-40b5-b503-ae0aa26aeb6f.wav,coughvid_data/98b35fc6-1fcc-40b5-b503-ae0aa26aeb6f.wav,1.0
c4bb2745-d354-46ec-983d-a14a4ff3bd86,coughvid_data/c4bb2745-d354-46ec-983d-a14a4ff3bd86.wav,coughvid_data/c4bb2745-d354-46ec-983d-a14a4ff3bd86.wav,1.0
f7b3f5e5-85c2-45e1-a9f4-7014ad0a194b,coughvid_data/f7b3f5e5-85c2-45e1-a9f4-7014ad0a194b.wav,coughvid_data/f7b3f5e5-85c2-45e1-a9f4-7014ad0a194b.wav,1.0
1571ac7f-fe42-4475-9ef2-1ec4860adc65,coughvid_data/1571ac7f-fe42-4475-9ef2-1ec4860adc65.wav,coughvid_data/1571ac7f-fe42-4475-9ef2-1ec4860adc65.wav,0.0
857595c7-414a-4039-9c1a-c1d731151818,coughvid_data/857595c7-414a-4039-9c1a-c1d731151818.wav,coughvid_data/857595c7-414a-4039-9c1a-c1d731151818.wav,0.0
5d1da65d-8b92-4e0e-9377-deb3c315bf6c,coughvid_data/5d1da65d-8b92-4e0e-9377-deb3c315bf6c.wav,coughvid_data/5d1da65d-8b92-4e0e-9377-deb3c315bf6c.wav,0.0
3398176d-c391-4402-a0cb-70e40c22b06c,coughvid_data/3398176d-c391-4402-a0cb-70e40c22b06c.wav,coughvid_data/3398176d-c391-4402-a0cb-70e40c22b06c.wav,0.0
da96c615-571f-41e9-96b3-32d528542dcc,coughvid_data/da96c615-571f-41e9-96b3-32d528542dcc.wav,coughvid_data/da96c615-571f-41e9-96b3-32d528542dcc.wav,1.0
94bfcb37-906f-4862-9c4e-69b5550e320e,coughvid_data/94bfcb37-906f-4862-9c4e-69b5550e320e.wav,coughvid_data/94bfcb37-906f-4862-9c4e-69b5550e320e.wav,1.0
2676f13c-dd34-4a1d-9110-c61022bea7b9,coughvid_data/2676f13c-dd34-4a1d-9110-c61022bea7b9.wav,coughvid_data/2676f13c-dd34-4a1d-9110-c61022bea7b9.wav,0.0
a65dd19b-9581-4c1c-b260-b3bbf5addb36,coughvid_data/a65dd19b-9581-4c1c-b260-b3bbf5addb36.wav,coughvid_data/a65dd19b-9581-4c1c-b260-b3bbf5addb36.wav,1.0
e0107451-503c-48b0-9a9e-675a3a0c834e,coughvid_data/e0107451-503c-48b0-9a9e-675a3a0c834e.wav,coughvid_data/e0107451-503c-48b0-9a9e-675a3a0c834e.wav,1.0
5b7f8151-1b2b-40e9-a363-26fcee4fa0cc,coughvid_data/5b7f8151-1b2b-40e9-a363-26fcee4fa0cc.wav,coughvid_data/5b7f8151-1b2b-40e9-a363-26fcee4fa0cc.wav,0.0
f221672a-2b59-4adb-b7d7-6642e5014786,coughvid_data/f221672a-2b59-4adb-b7d7-6642e5014786.wav,coughvid_data/f221672a-2b59-4adb-b7d7-6642e5014786.wav,1.0
f8c140a4-7ad1-4095-abde-f4e1cf38ea23,coughvid_data/f8c140a4-7ad1-4095-abde-f4e1cf38ea23.wav,coughvid_data/f8c140a4-7ad1-4095-abde-f4e1cf38ea23.wav,0.0
e6c52352-d9c8-45c8-850c-5bb476dcaeee,coughvid_data/e6c52352-d9c8-45c8-850c-5bb476dcaeee.wav,coughvid_data/e6c52352-d9c8-45c8-850c-5bb476dcaeee.wav,1.0
ddb1d058-b0ae-4fff-bb96-beef3a5e41ba,coughvid_data/ddb1d058-b0ae-4fff-bb96-beef3a5e41ba.wav,coughvid_data/ddb1d058-b0ae-4fff-bb96-beef3a5e41ba.wav,0.0
bd205be0-24a4-4a28-8262-30bc14bf1faa,coughvid_data/bd205be0-24a4-4a28-8262-30bc14bf1faa.wav,coughvid_data/bd205be0-24a4-4a28-8262-30bc14bf1faa.wav,1.0
c30815f6-6822-4301-94e7-e0a486141137,coughvid_data/c30815f6-6822-4301-94e7-e0a486141137.wav,coughvid_data/c30815f6-6822-4301-94e7-e0a486141137.wav,0.0
db7ba464-452f-4823-872a-05f8444fa2e8,coughvid_data/db7ba464-452f-4823-872a-05f8444fa2e8.wav,coughvid_data/db7ba464-452f-4823-872a-05f8444fa2e8.wav,0.0
98cb003e-9e70-47af-a8cd-18978e65d559,coughvid_data/98cb003e-9e70-47af-a8cd-18978e65d559.wav,coughvid_data/98cb003e-9e70-47af-a8cd-18978e65d559.wav,1.0
d665a93b-5eb6-4a4f-b094-1d0f3da40f60,coughvid_data/d665a93b-5eb6-4a4f-b094-1d0f3da40f60.wav,coughvid_data/d665a93b-5eb6-4a4f-b094-1d0f3da40f60.wav,0.0
3abec008-3495-487f-8571-8c6f9b9d8682,coughvid_data/3abec008-3495-487f-8571-8c6f9b9d8682.wav,coughvid_data/3abec008-3495-487f-8571-8c6f9b9d8682.wav,1.0
030e03cb-d3a1-454f-a0ad-b2ba98a7cfeb,coughvid_data/030e03cb-d3a1-454f-a0ad-b2ba98a7cfeb.wav,coughvid_data/030e03cb-d3a1-454f-a0ad-b2ba98a7cfeb.wav,0.0
74d9f5db-09b8-4d8d-a18c-8848d8408655,coughvid_data/74d9f5db-09b8-4d8d-a18c-8848d8408655.wav,coughvid_data/74d9f5db-09b8-4d8d-a18c-8848d8408655.wav,0.0
37446cf3-0bc9-4a78-8121-0531ae5a1472,coughvid_data/37446cf3-0bc9-4a78-8121-0531ae5a1472.wav,coughvid_data/37446cf3-0bc9-4a78-8121-0531ae5a1472.wav,0.0
a97ecc2c-d645-424d-8fcb-45ccded3748f,coughvid_data/a97ecc2c-d645-424d-8fcb-45ccded3748f.wav,coughvid_data/a97ecc2c-d645-424d-8fcb-45ccded3748f.wav,1.0
ada1def9-7e36-4d4e-8e3e-e678afee4185,coughvid_data/ada1def9-7e36-4d4e-8e3e-e678afee4185.wav,coughvid_data/ada1def9-7e36-4d4e-8e3e-e678afee4185.wav,1.0
78c8baad-65a5-4340-b5eb-4b39331db215,coughvid_data/78c8baad-65a5-4340-b5eb-4b39331db215.wav,coughvid_data/78c8baad-65a5-4340-b5eb-4b39331db215.wav,0.0
a7eaba7a-26de-478c-a27e-d360ac2d6e5b,coughvid_data/a7eaba7a-26de-478c-a27e-d360ac2d6e5b.wav,coughvid_data/a7eaba7a-26de-478c-a27e-d360ac2d6e5b.wav,0.0
a48e3165-2ded-4b54-a7d9-6ed39fedff41,coughvid_data/a48e3165-2ded-4b54-a7d9-6ed39fedff41.wav,coughvid_data/a48e3165-2ded-4b54-a7d9-6ed39fedff41.wav,0.0
69ead058-d357-437f-bcbd-ca74a8cf29d8,coughvid_data/69ead058-d357-437f-bcbd-ca74a8cf29d8.wav,coughvid_data/69ead058-d357-437f-bcbd-ca74a8cf29d8.wav,1.0
6d214894-efcb-44e6-9b6f-c604f030be53,coughvid_data/6d214894-efcb-44e6-9b6f-c604f030be53.wav,coughvid_data/6d214894-efcb-44e6-9b6f-c604f030be53.wav,0.0
6bb63c29-1718-403c-b92c-10e750e22dee,coughvid_data/6bb63c29-1718-403c-b92c-10e750e22dee.wav,coughvid_data/6bb63c29-1718-403c-b92c-10e750e22dee.wav,1.0
b2c7736f-654e-4820-a84c-aa71abde5ac6,coughvid_data/b2c7736f-654e-4820-a84c-aa71abde5ac6.wav,coughvid_data/b2c7736f-654e-4820-a84c-aa71abde5ac6.wav,0.0
7f1b1ea8-325f-4a24-bcbc-48a9377e6427,coughvid_data/7f1b1ea8-325f-4a24-bcbc-48a9377e6427.wav,coughvid_data/7f1b1ea8-325f-4a24-bcbc-48a9377e6427.wav,1.0
39f78019-ba08-4190-897b-5357608fd36c,coughvid_data/39f78019-ba08-4190-897b-5357608fd36c.wav,coughvid_data/39f78019-ba08-4190-897b-5357608fd36c.wav,1.0
a3508926-8315-4334-8810-ba3da217aabc,coughvid_data/a3508926-8315-4334-8810-ba3da217aabc.wav,coughvid_data/a3508926-8315-4334-8810-ba3da217aabc.wav,1.0
2f671801-e71f-4584-a2a9-e7aead402271,coughvid_data/2f671801-e71f-4584-a2a9-e7aead402271.wav,coughvid_data/2f671801-e71f-4584-a2a9-e7aead402271.wav,0.0
aa9417a1-c7f2-4caf-be06-53951a950f82,coughvid_data/aa9417a1-c7f2-4caf-be06-53951a950f82.wav,coughvid_data/aa9417a1-c7f2-4caf-be06-53951a950f82.wav,1.0
9ba6266a-6d6f-41ff-96a1-3c1e291ba435,coughvid_data/9ba6266a-6d6f-41ff-96a1-3c1e291ba435.wav,coughvid_data/9ba6266a-6d6f-41ff-96a1-3c1e291ba435.wav,0.0
a2a8f20a-07a8-4e85-b4c3-a182c4ca1487,coughvid_data/a2a8f20a-07a8-4e85-b4c3-a182c4ca1487.wav,coughvid_data/a2a8f20a-07a8-4e85-b4c3-a182c4ca1487.wav,1.0
82f7135a-5aa5-40b1-a160-10d8cab0bb46,coughvid_data/82f7135a-5aa5-40b1-a160-10d8cab0bb46.wav,coughvid_data/82f7135a-5aa5-40b1-a160-10d8cab0bb46.wav,1.0
e5fd8c39-5108-4aaf-b4d5-dba3f4beaa25,coughvid_data/e5fd8c39-5108-4aaf-b4d5-dba3f4beaa25.wav,coughvid_data/e5fd8c39-5108-4aaf-b4d5-dba3f4beaa25.wav,0.0
d1ed6b9e-d7b3-43cd-99d0-19859687c134,coughvid_data/d1ed6b9e-d7b3-43cd-99d0-19859687c134.wav,coughvid_data/d1ed6b9e-d7b3-43cd-99d0-19859687c134.wav,1.0
63cc02b3-859b-499d-8786-8e6d6c00a2dd,coughvid_data/63cc02b3-859b-499d-8786-8e6d6c00a2dd.wav,coughvid_data/63cc02b3-859b-499d-8786-8e6d6c00a2dd.wav,1.0
de5bd257-5d6f-413d-bb44-4f60ab574ff6,coughvid_data/de5bd257-5d6f-413d-bb44-4f60ab574ff6.wav,coughvid_data/de5bd257-5d6f-413d-bb44-4f60ab574ff6.wav,0.0
d8b3c76a-f7f4-451e-aa11-3b321832ea45,coughvid_data/d8b3c76a-f7f4-451e-aa11-3b321832ea45.wav,coughvid_data/d8b3c76a-f7f4-451e-aa11-3b321832ea45.wav,1.0
e5903306-55ab-4d3f-a0b1-4d3fc6b42637,coughvid_data/e5903306-55ab-4d3f-a0b1-4d3fc6b42637.wav,coughvid_data/e5903306-55ab-4d3f-a0b1-4d3fc6b42637.wav,1.0
14f7bd25-053d-46e7-92f1-fa076c058416,coughvid_data/14f7bd25-053d-46e7-92f1-fa076c058416.wav,coughvid_data/14f7bd25-053d-46e7-92f1-fa076c058416.wav,1.0
37755725-23ce-4e96-8fbd-2b7b4dfc767f,coughvid_data/37755725-23ce-4e96-8fbd-2b7b4dfc767f.wav,coughvid_data/37755725-23ce-4e96-8fbd-2b7b4dfc767f.wav,1.0
6648cb81-abf5-476b-81e2-0abe5be299e4,coughvid_data/6648cb81-abf5-476b-81e2-0abe5be299e4.wav,coughvid_data/6648cb81-abf5-476b-81e2-0abe5be299e4.wav,1.0
97aeca62-6408-42ea-acfe-784cb9b81870,coughvid_data/97aeca62-6408-42ea-acfe-784cb9b81870.wav,coughvid_data/97aeca62-6408-42ea-acfe-784cb9b81870.wav,1.0
7591d42a-0e26-4c0d-8734-a842295b0d6b,coughvid_data/7591d42a-0e26-4c0d-8734-a842295b0d6b.wav,coughvid_data/7591d42a-0e26-4c0d-8734-a842295b0d6b.wav,1.0
2d81e1b9-3dce-4d98-aca5-4901a25f7bbc,coughvid_data/2d81e1b9-3dce-4d98-aca5-4901a25f7bbc.wav,coughvid_data/2d81e1b9-3dce-4d98-aca5-4901a25f7bbc.wav,0.0
903dc2ee-a14d-4fb0-a7d6-f12b8d7e3872,coughvid_data/903dc2ee-a14d-4fb0-a7d6-f12b8d7e3872.wav,coughvid_data/903dc2ee-a14d-4fb0-a7d6-f12b8d7e3872.wav,1.0
9aa849f0-dcd9-4894-a230-061a22eb9c3d,coughvid_data/9aa849f0-dcd9-4894-a230-061a22eb9c3d.wav,coughvid_data/9aa849f0-dcd9-4894-a230-061a22eb9c3d.wav,0.0
28dce505-46b3-4b16-8671-4a243081edf7,coughvid_data/28dce505-46b3-4b16-8671-4a243081edf7.wav,coughvid_data/28dce505-46b3-4b16-8671-4a243081edf7.wav,0.0
c86a5a88-bec4-4367-898a-e4b901dddd4e,coughvid_data/c86a5a88-bec4-4367-898a-e4b901dddd4e.wav,coughvid_data/c86a5a88-bec4-4367-898a-e4b901dddd4e.wav,0.0
6c107760-8fe2-4816-9d2f-2ff552b16f6e,coughvid_data/6c107760-8fe2-4816-9d2f-2ff552b16f6e.wav,coughvid_data/6c107760-8fe2-4816-9d2f-2ff552b16f6e.wav,1.0
00a2faca-e1f2-4848-9afe-058f949d3252,coughvid_data/00a2faca-e1f2-4848-9afe-058f949d3252.wav,coughvid_data/00a2faca-e1f2-4848-9afe-058f949d3252.wav,1.0
9e20deb5-2d43-4ca3-a210-12102c10a9b1,coughvid_data/9e20deb5-2d43-4ca3-a210-12102c10a9b1.wav,coughvid_data/9e20deb5-2d43-4ca3-a210-12102c10a9b1.wav,0.0
966c80eb-6c3b-43ca-bebb-a0320fa03400,coughvid_data/966c80eb-6c3b-43ca-bebb-a0320fa03400.wav,coughvid_data/966c80eb-6c3b-43ca-bebb-a0320fa03400.wav,0.0
f5cbf9d2-1d4b-4296-b85e-0cabca9e1d81,coughvid_data/f5cbf9d2-1d4b-4296-b85e-0cabca9e1d81.wav,coughvid_data/f5cbf9d2-1d4b-4296-b85e-0cabca9e1d81.wav,1.0
dcec3a9f-d633-4462-94b9-dde675a0ba5f,coughvid_data/dcec3a9f-d633-4462-94b9-dde675a0ba5f.wav,coughvid_data/dcec3a9f-d633-4462-94b9-dde675a0ba5f.wav,1.0
0b824dba-2a5a-4620-9b6f-5c1b787ae98a,coughvid_data/0b824dba-2a5a-4620-9b6f-5c1b787ae98a.wav,coughvid_data/0b824dba-2a5a-4620-9b6f-5c1b787ae98a.wav,0.0
4afec958-179d-4022-b89e-0889adf112c0,coughvid_data/4afec958-179d-4022-b89e-0889adf112c0.wav,coughvid_data/4afec958-179d-4022-b89e-0889adf112c0.wav,0.0
bfc5ed28-93b7-4a34-846d-0e9253d47a6c,coughvid_data/bfc5ed28-93b7-4a34-846d-0e9253d47a6c.wav,coughvid_data/bfc5ed28-93b7-4a34-846d-0e9253d47a6c.wav,1.0
675e01a3-6e52-4e0d-b660-430020a4f694,coughvid_data/675e01a3-6e52-4e0d-b660-430020a4f694.wav,coughvid_data/675e01a3-6e52-4e0d-b660-430020a4f694.wav,1.0
48b11647-adcd-4119-b85c-7773ba261177,coughvid_data/48b11647-adcd-4119-b85c-7773ba261177.wav,coughvid_data/48b11647-adcd-4119-b85c-7773ba261177.wav,1.0
067d3e42-427d-4b57-bc26-783b11c11939,coughvid_data/067d3e42-427d-4b57-bc26-783b11c11939.wav,coughvid_data/067d3e42-427d-4b57-bc26-783b11c11939.wav,1.0
5870bb58-75d9-4685-9fe5-c4041e859be4,coughvid_data/5870bb58-75d9-4685-9fe5-c4041e859be4.wav,coughvid_data/5870bb58-75d9-4685-9fe5-c4041e859be4.wav,0.0
d2ce5b46-e4ca-4a35-938a-d18309ec8537,coughvid_data/d2ce5b46-e4ca-4a35-938a-d18309ec8537.wav,coughvid_data/d2ce5b46-e4ca-4a35-938a-d18309ec8537.wav,0.0
fd7d172d-4106-427a-870b-0384c88f147f,coughvid_data/fd7d172d-4106-427a-870b-0384c88f147f.wav,coughvid_data/fd7d172d-4106-427a-870b-0384c88f147f.wav,1.0
1d1c99cb-9efd-4970-bc9a-465f2be55f61,coughvid_data/1d1c99cb-9efd-4970-bc9a-465f2be55f61.wav,coughvid_data/1d1c99cb-9efd-4970-bc9a-465f2be55f61.wav,1.0
d70abaf0-27ce-4209-a43e-dcf331399882,coughvid_data/d70abaf0-27ce-4209-a43e-dcf331399882.wav,coughvid_data/d70abaf0-27ce-4209-a43e-dcf331399882.wav,0.0
2f2f543d-c8aa-42a1-8b33-2649f38cabe5,coughvid_data/2f2f543d-c8aa-42a1-8b33-2649f38cabe5.wav,coughvid_data/2f2f543d-c8aa-42a1-8b33-2649f38cabe5.wav,0.0
20a5b0b3-57cc-4921-8b0a-fa2f1dce06ec,coughvid_data/20a5b0b3-57cc-4921-8b0a-fa2f1dce06ec.wav,coughvid_data/20a5b0b3-57cc-4921-8b0a-fa2f1dce06ec.wav,0.0
ac822d1e-4d15-4b74-af4c-eacbd77b7f27,coughvid_data/ac822d1e-4d15-4b74-af4c-eacbd77b7f27.wav,coughvid_data/ac822d1e-4d15-4b74-af4c-eacbd77b7f27.wav,1.0
5daa6427-dd64-467f-914a-172617b0e984,coughvid_data/5daa6427-dd64-467f-914a-172617b0e984.wav,coughvid_data/5daa6427-dd64-467f-914a-172617b0e984.wav,1.0
796a0c8b-9602-47ff-a213-8e3aa2b9917f,coughvid_data/796a0c8b-9602-47ff-a213-8e3aa2b9917f.wav,coughvid_data/796a0c8b-9602-47ff-a213-8e3aa2b9917f.wav,1.0
46a06a18-2b08-49b1-8c22-40b5a23089ff,coughvid_data/46a06a18-2b08-49b1-8c22-40b5a23089ff.wav,coughvid_data/46a06a18-2b08-49b1-8c22-40b5a23089ff.wav,1.0
0b393dd6-20b9-4d08-be48-230108d471df,coughvid_data/0b393dd6-20b9-4d08-be48-230108d471df.wav,coughvid_data/0b393dd6-20b9-4d08-be48-230108d471df.wav,1.0
eb516446-0d1c-4379-a454-bf8e07c79b5d,coughvid_data/eb516446-0d1c-4379-a454-bf8e07c79b5d.wav,coughvid_data/eb516446-0d1c-4379-a454-bf8e07c79b5d.wav,0.0
ff95bcd5-24ff-4042-86ae-eabd5d774ec2,coughvid_data/ff95bcd5-24ff-4042-86ae-eabd5d774ec2.wav,coughvid_data/ff95bcd5-24ff-4042-86ae-eabd5d774ec2.wav,1.0
c6d822b2-0cc1-4733-bafd-0efd0c64b3b3,coughvid_data/c6d822b2-0cc1-4733-bafd-0efd0c64b3b3.wav,coughvid_data/c6d822b2-0cc1-4733-bafd-0efd0c64b3b3.wav,1.0
999c0bc4-a3be-4c47-abd9-1d3b2205280b,coughvid_data/999c0bc4-a3be-4c47-abd9-1d3b2205280b.wav,coughvid_data/999c0bc4-a3be-4c47-abd9-1d3b2205280b.wav,0.0
6fdff330-deaa-4870-a3c6-2dca139d4754,coughvid_data/6fdff330-deaa-4870-a3c6-2dca139d4754.wav,coughvid_data/6fdff330-deaa-4870-a3c6-2dca139d4754.wav,0.0
7e1e5e5c-af5b-450a-961c-6c222dc66308,coughvid_data/7e1e5e5c-af5b-450a-961c-6c222dc66308.wav,coughvid_data/7e1e5e5c-af5b-450a-961c-6c222dc66308.wav,0.0
4a8f2776-ef81-4d97-b9a6-58b4e80fe677,coughvid_data/4a8f2776-ef81-4d97-b9a6-58b4e80fe677.wav,coughvid_data/4a8f2776-ef81-4d97-b9a6-58b4e80fe677.wav,0.0
d066bea7-8478-4ecb-8d5a-cf7b2d5e6d4e,coughvid_data/d066bea7-8478-4ecb-8d5a-cf7b2d5e6d4e.wav,coughvid_data/d066bea7-8478-4ecb-8d5a-cf7b2d5e6d4e.wav,0.0
11221a2a-a8e9-419e-9eaf-bbd47ce96957,coughvid_data/11221a2a-a8e9-419e-9eaf-bbd47ce96957.wav,coughvid_data/11221a2a-a8e9-419e-9eaf-bbd47ce96957.wav,0.0
02a8aeaf-0127-457a-a75d-ade210f6f329,coughvid_data/02a8aeaf-0127-457a-a75d-ade210f6f329.wav,coughvid_data/02a8aeaf-0127-457a-a75d-ade210f6f329.wav,1.0
96321c1d-f602-47be-8ffa-780df1ddad10,coughvid_data/96321c1d-f602-47be-8ffa-780df1ddad10.wav,coughvid_data/96321c1d-f602-47be-8ffa-780df1ddad10.wav,1.0
54e7cdbd-4940-4559-9868-b3f50d7b4e95,coughvid_data/54e7cdbd-4940-4559-9868-b3f50d7b4e95.wav,coughvid_data/54e7cdbd-4940-4559-9868-b3f50d7b4e95.wav,1.0
119e2d49-53b8-463d-a80e-411b9e5ec738,coughvid_data/119e2d49-53b8-463d-a80e-411b9e5ec738.wav,coughvid_data/119e2d49-53b8-463d-a80e-411b9e5ec738.wav,0.0
7f0f1b8d-9ec1-45fa-85ef-cc4e3c7916fb,coughvid_data/7f0f1b8d-9ec1-45fa-85ef-cc4e3c7916fb.wav,coughvid_data/7f0f1b8d-9ec1-45fa-85ef-cc4e3c7916fb.wav,0.0
f6f6f6f0-af4f-4a36-813f-dd9731db186f,coughvid_data/f6f6f6f0-af4f-4a36-813f-dd9731db186f.wav,coughvid_data/f6f6f6f0-af4f-4a36-813f-dd9731db186f.wav,1.0
81f9bde6-ee5f-47da-83cb-e69c8ce34d11,coughvid_data/81f9bde6-ee5f-47da-83cb-e69c8ce34d11.wav,coughvid_data/81f9bde6-ee5f-47da-83cb-e69c8ce34d11.wav,0.0
98d39de6-1bf3-4609-93c4-44812d061f23,coughvid_data/98d39de6-1bf3-4609-93c4-44812d061f23.wav,coughvid_data/98d39de6-1bf3-4609-93c4-44812d061f23.wav,1.0
b313615c-c37a-4c2e-ae63-b219bf3f0433,coughvid_data/b313615c-c37a-4c2e-ae63-b219bf3f0433.wav,coughvid_data/b313615c-c37a-4c2e-ae63-b219bf3f0433.wav,0.0
80245eaa-f87e-4b88-82a4-c135cb73f5e3,coughvid_data/80245eaa-f87e-4b88-82a4-c135cb73f5e3.wav,coughvid_data/80245eaa-f87e-4b88-82a4-c135cb73f5e3.wav,0.0
1c30ba08-48aa-4596-940c-1558fb2626cc,coughvid_data/1c30ba08-48aa-4596-940c-1558fb2626cc.wav,coughvid_data/1c30ba08-48aa-4596-940c-1558fb2626cc.wav,0.0
34c59489-d4b7-43b9-b107-4224ff7afe9d,coughvid_data/34c59489-d4b7-43b9-b107-4224ff7afe9d.wav,coughvid_data/34c59489-d4b7-43b9-b107-4224ff7afe9d.wav,0.0
82c0efa4-4b70-4a76-89b6-f525f85fbce6,coughvid_data/82c0efa4-4b70-4a76-89b6-f525f85fbce6.wav,coughvid_data/82c0efa4-4b70-4a76-89b6-f525f85fbce6.wav,0.0
c5badf00-20ea-4004-b53a-1b8156a5a9fc,coughvid_data/c5badf00-20ea-4004-b53a-1b8156a5a9fc.wav,coughvid_data/c5badf00-20ea-4004-b53a-1b8156a5a9fc.wav,1.0
f48df4bf-6e7f-48ab-8d74-8807f0fdc2db,coughvid_data/f48df4bf-6e7f-48ab-8d74-8807f0fdc2db.wav,coughvid_data/f48df4bf-6e7f-48ab-8d74-8807f0fdc2db.wav,0.0
231f7203-703e-4f7d-a2c2-1739ad142bc9,coughvid_data/231f7203-703e-4f7d-a2c2-1739ad142bc9.wav,coughvid_data/231f7203-703e-4f7d-a2c2-1739ad142bc9.wav,0.0
8956ab9c-a0ca-4f2e-ae00-1f5d0065d50b,coughvid_data/8956ab9c-a0ca-4f2e-ae00-1f5d0065d50b.wav,coughvid_data/8956ab9c-a0ca-4f2e-ae00-1f5d0065d50b.wav,1.0
b609fd89-7994-467f-9619-ac468162411c,coughvid_data/b609fd89-7994-467f-9619-ac468162411c.wav,coughvid_data/b609fd89-7994-467f-9619-ac468162411c.wav,0.0
e381a714-1667-4cda-be6b-b68f100872b2,coughvid_data/e381a714-1667-4cda-be6b-b68f100872b2.wav,coughvid_data/e381a714-1667-4cda-be6b-b68f100872b2.wav,0.0
3e281baa-763b-481f-9e90-ab63b9c50c95,coughvid_data/3e281baa-763b-481f-9e90-ab63b9c50c95.wav,coughvid_data/3e281baa-763b-481f-9e90-ab63b9c50c95.wav,1.0
c5f9e07b-81cd-4681-8608-74b83d2727bf,coughvid_data/c5f9e07b-81cd-4681-8608-74b83d2727bf.wav,coughvid_data/c5f9e07b-81cd-4681-8608-74b83d2727bf.wav,1.0
276c672f-bf98-4b42-8d9f-604be159cc13,coughvid_data/276c672f-bf98-4b42-8d9f-604be159cc13.wav,coughvid_data/276c672f-bf98-4b42-8d9f-604be159cc13.wav,0.0
85f6736f-ba42-4d67-b040-38c7fc21aa06,coughvid_data/85f6736f-ba42-4d67-b040-38c7fc21aa06.wav,coughvid_data/85f6736f-ba42-4d67-b040-38c7fc21aa06.wav,1.0
be7eae8c-0819-4bba-9192-034084251173,coughvid_data/be7eae8c-0819-4bba-9192-034084251173.wav,coughvid_data/be7eae8c-0819-4bba-9192-034084251173.wav,1.0
56ce7f4b-b07b-40e0-a1e5-e839596e706d,coughvid_data/56ce7f4b-b07b-40e0-a1e5-e839596e706d.wav,coughvid_data/56ce7f4b-b07b-40e0-a1e5-e839596e706d.wav,1.0
d596fdce-4b3f-4e61-8e53-bf1b98946cfc,coughvid_data/d596fdce-4b3f-4e61-8e53-bf1b98946cfc.wav,coughvid_data/d596fdce-4b3f-4e61-8e53-bf1b98946cfc.wav,1.0
d659e1a7-af7a-41f4-88d1-8951ab4f2a13,coughvid_data/d659e1a7-af7a-41f4-88d1-8951ab4f2a13.wav,coughvid_data/d659e1a7-af7a-41f4-88d1-8951ab4f2a13.wav,1.0
066cbd80-3e67-4eb9-977b-7bf3be62aa07,coughvid_data/066cbd80-3e67-4eb9-977b-7bf3be62aa07.wav,coughvid_data/066cbd80-3e67-4eb9-977b-7bf3be62aa07.wav,0.0
4f0196c6-cd8c-46d5-b54a-3d78ab38eaf9,coughvid_data/4f0196c6-cd8c-46d5-b54a-3d78ab38eaf9.wav,coughvid_data/4f0196c6-cd8c-46d5-b54a-3d78ab38eaf9.wav,0.0
77281824-3fb9-4dcf-8379-39400ab28a21,coughvid_data/77281824-3fb9-4dcf-8379-39400ab28a21.wav,coughvid_data/77281824-3fb9-4dcf-8379-39400ab28a21.wav,0.0
1c6d02ed-840c-4fa2-b95c-316cdc287db6,coughvid_data/1c6d02ed-840c-4fa2-b95c-316cdc287db6.wav,coughvid_data/1c6d02ed-840c-4fa2-b95c-316cdc287db6.wav,0.0
2fa1e299-5211-4c4d-9cf4-3d75b621bcb5,coughvid_data/2fa1e299-5211-4c4d-9cf4-3d75b621bcb5.wav,coughvid_data/2fa1e299-5211-4c4d-9cf4-3d75b621bcb5.wav,1.0
1ae6e5f5-8506-4282-935f-41248f800700,coughvid_data/1ae6e5f5-8506-4282-935f-41248f800700.wav,coughvid_data/1ae6e5f5-8506-4282-935f-41248f800700.wav,1.0
72cffd4e-9f7b-4b04-8345-89133a4fdaab,coughvid_data/72cffd4e-9f7b-4b04-8345-89133a4fdaab.wav,coughvid_data/72cffd4e-9f7b-4b04-8345-89133a4fdaab.wav,1.0
aa8d87bd-7395-4f43-85e7-312eec73f34c,coughvid_data/aa8d87bd-7395-4f43-85e7-312eec73f34c.wav,coughvid_data/aa8d87bd-7395-4f43-85e7-312eec73f34c.wav,0.0
c90b2091-2c33-4e72-86a7-f1521e184580,coughvid_data/c90b2091-2c33-4e72-86a7-f1521e184580.wav,coughvid_data/c90b2091-2c33-4e72-86a7-f1521e184580.wav,0.0
60e426bd-772d-4f44-a9d4-2d05398c9195,coughvid_data/60e426bd-772d-4f44-a9d4-2d05398c9195.wav,coughvid_data/60e426bd-772d-4f44-a9d4-2d05398c9195.wav,0.0
4c4abac8-a658-4fb6-9d50-f3e45244f123,coughvid_data/4c4abac8-a658-4fb6-9d50-f3e45244f123.wav,coughvid_data/4c4abac8-a658-4fb6-9d50-f3e45244f123.wav,1.0
30f761c8-b6fd-4e2a-bf25-0e5cde6102be,coughvid_data/30f761c8-b6fd-4e2a-bf25-0e5cde6102be.wav,coughvid_data/30f761c8-b6fd-4e2a-bf25-0e5cde6102be.wav,1.0
473d4e03-29fd-4e3d-9e69-a7ace3642d62,coughvid_data/473d4e03-29fd-4e3d-9e69-a7ace3642d62.wav,coughvid_data/473d4e03-29fd-4e3d-9e69-a7ace3642d62.wav,1.0
5ae838dd-7f9d-42ae-900b-31b917653e66,coughvid_data/5ae838dd-7f9d-42ae-900b-31b917653e66.wav,coughvid_data/5ae838dd-7f9d-42ae-900b-31b917653e66.wav,0.0
4ef75e42-d6f8-4e7d-9b4f-02edd10c8ba7,coughvid_data/4ef75e42-d6f8-4e7d-9b4f-02edd10c8ba7.wav,coughvid_data/4ef75e42-d6f8-4e7d-9b4f-02edd10c8ba7.wav,1.0
21f44649-bc32-4ade-83e2-3b5e15f84411,coughvid_data/21f44649-bc32-4ade-83e2-3b5e15f84411.wav,coughvid_data/21f44649-bc32-4ade-83e2-3b5e15f84411.wav,1.0
775c85d0-f43c-4dc9-9cd2-5e22066e6f1e,coughvid_data/775c85d0-f43c-4dc9-9cd2-5e22066e6f1e.wav,coughvid_data/775c85d0-f43c-4dc9-9cd2-5e22066e6f1e.wav,1.0
6bc62922-be3f-45d8-bfb3-424fbc368d32,coughvid_data/6bc62922-be3f-45d8-bfb3-424fbc368d32.wav,coughvid_data/6bc62922-be3f-45d8-bfb3-424fbc368d32.wav,0.0
a5eafeea-b8a5-4bb4-8d28-eba09904d417,coughvid_data/a5eafeea-b8a5-4bb4-8d28-eba09904d417.wav,coughvid_data/a5eafeea-b8a5-4bb4-8d28-eba09904d417.wav,1.0
14110b08-6263-49cb-aef6-63db4ae4e10a,coughvid_data/14110b08-6263-49cb-aef6-63db4ae4e10a.wav,coughvid_data/14110b08-6263-49cb-aef6-63db4ae4e10a.wav,1.0
f5fdc237-51fb-4be8-bc92-f7b043dbd9a0,coughvid_data/f5fdc237-51fb-4be8-bc92-f7b043dbd9a0.wav,coughvid_data/f5fdc237-51fb-4be8-bc92-f7b043dbd9a0.wav,1.0
8c9beed3-d2c1-4c48-85eb-f6cf04dacb8a,coughvid_data/8c9beed3-d2c1-4c48-85eb-f6cf04dacb8a.wav,coughvid_data/8c9beed3-d2c1-4c48-85eb-f6cf04dacb8a.wav,0.0
477c30ae-e109-4f00-ba38-6dca2ab19392,coughvid_data/477c30ae-e109-4f00-ba38-6dca2ab19392.wav,coughvid_data/477c30ae-e109-4f00-ba38-6dca2ab19392.wav,1.0
128726fd-9571-4d88-9a01-9c62f118031c,coughvid_data/128726fd-9571-4d88-9a01-9c62f118031c.wav,coughvid_data/128726fd-9571-4d88-9a01-9c62f118031c.wav,0.0
12519d8d-43bb-4ed7-9c76-03d3fb486c4a,coughvid_data/12519d8d-43bb-4ed7-9c76-03d3fb486c4a.wav,coughvid_data/12519d8d-43bb-4ed7-9c76-03d3fb486c4a.wav,1.0
80d06801-57b1-4f8d-abdb-f3d8767d426a,coughvid_data/80d06801-57b1-4f8d-abdb-f3d8767d426a.wav,coughvid_data/80d06801-57b1-4f8d-abdb-f3d8767d426a.wav,0.0
4b6228a3-0f95-4bf0-ac56-d3acfa58c5b0,coughvid_data/4b6228a3-0f95-4bf0-ac56-d3acfa58c5b0.wav,coughvid_data/4b6228a3-0f95-4bf0-ac56-d3acfa58c5b0.wav,1.0
9963c55a-d044-4b8e-a164-1ec9e183e306,coughvid_data/9963c55a-d044-4b8e-a164-1ec9e183e306.wav,coughvid_data/9963c55a-d044-4b8e-a164-1ec9e183e306.wav,1.0
33649b4e-b06c-4f52-8147-3ec7c2a14649,coughvid_data/33649b4e-b06c-4f52-8147-3ec7c2a14649.wav,coughvid_data/33649b4e-b06c-4f52-8147-3ec7c2a14649.wav,1.0
0969a5ce-eb7f-45f3-aed0-90c8a13ce469,coughvid_data/0969a5ce-eb7f-45f3-aed0-90c8a13ce469.wav,coughvid_data/0969a5ce-eb7f-45f3-aed0-90c8a13ce469.wav,0.0
27ae3da9-90fa-4dc5-8855-864080fdf23a,coughvid_data/27ae3da9-90fa-4dc5-8855-864080fdf23a.wav,coughvid_data/27ae3da9-90fa-4dc5-8855-864080fdf23a.wav,0.0
04983e54-f26e-4baf-bce1-51a36a0b9a6b,coughvid_data/04983e54-f26e-4baf-bce1-51a36a0b9a6b.wav,coughvid_data/04983e54-f26e-4baf-bce1-51a36a0b9a6b.wav,1.0
88184a46-aac5-404c-9477-bcf62d5d9097,coughvid_data/88184a46-aac5-404c-9477-bcf62d5d9097.wav,coughvid_data/88184a46-aac5-404c-9477-bcf62d5d9097.wav,0.0
710a6ded-0681-4c5c-96cd-1c7a61732559,coughvid_data/710a6ded-0681-4c5c-96cd-1c7a61732559.wav,coughvid_data/710a6ded-0681-4c5c-96cd-1c7a61732559.wav,1.0
5462c2cb-1f0f-42de-99ca-110bf2099438,coughvid_data/5462c2cb-1f0f-42de-99ca-110bf2099438.wav,coughvid_data/5462c2cb-1f0f-42de-99ca-110bf2099438.wav,1.0
9eba8825-c210-40af-b942-c0e06f638fac,coughvid_data/9eba8825-c210-40af-b942-c0e06f638fac.wav,coughvid_data/9eba8825-c210-40af-b942-c0e06f638fac.wav,0.0
dd93a314-ab27-4e49-a3c6-7f1fa914d4dd,coughvid_data/dd93a314-ab27-4e49-a3c6-7f1fa914d4dd.wav,coughvid_data/dd93a314-ab27-4e49-a3c6-7f1fa914d4dd.wav,0.0
ddcdbceb-0c90-4254-a2bf-5d4da647571a,coughvid_data/ddcdbceb-0c90-4254-a2bf-5d4da647571a.wav,coughvid_data/ddcdbceb-0c90-4254-a2bf-5d4da647571a.wav,0.0
f4eaf2ba-b2e3-4755-893e-6ddb786189c9,coughvid_data/f4eaf2ba-b2e3-4755-893e-6ddb786189c9.wav,coughvid_data/f4eaf2ba-b2e3-4755-893e-6ddb786189c9.wav,1.0
17092bd5-a61c-4502-8b36-f5755d542896,coughvid_data/17092bd5-a61c-4502-8b36-f5755d542896.wav,coughvid_data/17092bd5-a61c-4502-8b36-f5755d542896.wav,1.0
a24e3cbe-eda1-40b9-8f9d-57c939ef3663,coughvid_data/a24e3cbe-eda1-40b9-8f9d-57c939ef3663.wav,coughvid_data/a24e3cbe-eda1-40b9-8f9d-57c939ef3663.wav,0.0
8ada36ff-a9fb-4623-a97c-cab077d4bf99,coughvid_data/8ada36ff-a9fb-4623-a97c-cab077d4bf99.wav,coughvid_data/8ada36ff-a9fb-4623-a97c-cab077d4bf99.wav,1.0
409c0b45-5adb-408b-adfd-94f7ffef6fc9,coughvid_data/409c0b45-5adb-408b-adfd-94f7ffef6fc9.wav,coughvid_data/409c0b45-5adb-408b-adfd-94f7ffef6fc9.wav,1.0
b81e02fa-f56c-47ec-b363-c71ee431ee3f,coughvid_data/b81e02fa-f56c-47ec-b363-c71ee431ee3f.wav,coughvid_data/b81e02fa-f56c-47ec-b363-c71ee431ee3f.wav,0.0
d828b5bb-559d-45b3-b32e-b5f017bc93d9,coughvid_data/d828b5bb-559d-45b3-b32e-b5f017bc93d9.wav,coughvid_data/d828b5bb-559d-45b3-b32e-b5f017bc93d9.wav,0.0
669f8a24-1895-40c1-96f9-f428e9d0f49d,coughvid_data/669f8a24-1895-40c1-96f9-f428e9d0f49d.wav,coughvid_data/669f8a24-1895-40c1-96f9-f428e9d0f49d.wav,1.0
12ee4ab3-48ce-4130-a6b5-ae116b14c79c,coughvid_data/12ee4ab3-48ce-4130-a6b5-ae116b14c79c.wav,coughvid_data/12ee4ab3-48ce-4130-a6b5-ae116b14c79c.wav,0.0
f65e99d8-8c83-4cce-b515-eec033c2d075,coughvid_data/f65e99d8-8c83-4cce-b515-eec033c2d075.wav,coughvid_data/f65e99d8-8c83-4cce-b515-eec033c2d075.wav,0.0
80ede9e8-7da0-46ca-8158-abe5e1704186,coughvid_data/80ede9e8-7da0-46ca-8158-abe5e1704186.wav,coughvid_data/80ede9e8-7da0-46ca-8158-abe5e1704186.wav,1.0
df17949b-3eb0-45a5-801b-7a7f3985031e,coughvid_data/df17949b-3eb0-45a5-801b-7a7f3985031e.wav,coughvid_data/df17949b-3eb0-45a5-801b-7a7f3985031e.wav,1.0
bbf4cbf9-f8ab-4c24-aa84-f7182a5c706a,coughvid_data/bbf4cbf9-f8ab-4c24-aa84-f7182a5c706a.wav,coughvid_data/bbf4cbf9-f8ab-4c24-aa84-f7182a5c706a.wav,0.0
9960515d-b031-427d-8dc7-b3752c3603ee,coughvid_data/9960515d-b031-427d-8dc7-b3752c3603ee.wav,coughvid_data/9960515d-b031-427d-8dc7-b3752c3603ee.wav,0.0
9028e39b-d871-425f-a95a-1eb5a7f7397b,coughvid_data/9028e39b-d871-425f-a95a-1eb5a7f7397b.wav,coughvid_data/9028e39b-d871-425f-a95a-1eb5a7f7397b.wav,0.0
cfb4424d-6bb6-4b01-99af-7ce70c742693,coughvid_data/cfb4424d-6bb6-4b01-99af-7ce70c742693.wav,coughvid_data/cfb4424d-6bb6-4b01-99af-7ce70c742693.wav,1.0
836958fb-8b33-49d9-b2fd-f889d3d7696f,coughvid_data/836958fb-8b33-49d9-b2fd-f889d3d7696f.wav,coughvid_data/836958fb-8b33-49d9-b2fd-f889d3d7696f.wav,0.0
43b7c5a2-48bb-4404-b137-8945d3fce5ec,coughvid_data/43b7c5a2-48bb-4404-b137-8945d3fce5ec.wav,coughvid_data/43b7c5a2-48bb-4404-b137-8945d3fce5ec.wav,1.0
e0bfeada-24fc-4e96-b9cb-e7e8af58a065,coughvid_data/e0bfeada-24fc-4e96-b9cb-e7e8af58a065.wav,coughvid_data/e0bfeada-24fc-4e96-b9cb-e7e8af58a065.wav,1.0
b5640d91-1e4f-4add-94bb-36adbb04339b,coughvid_data/b5640d91-1e4f-4add-94bb-36adbb04339b.wav,coughvid_data/b5640d91-1e4f-4add-94bb-36adbb04339b.wav,0.0
20a6a722-2c6d-4975-9be2-9680000af0ed,coughvid_data/20a6a722-2c6d-4975-9be2-9680000af0ed.wav,coughvid_data/20a6a722-2c6d-4975-9be2-9680000af0ed.wav,0.0
055a7209-46f8-485d-9933-af57e8dff7ec,coughvid_data/055a7209-46f8-485d-9933-af57e8dff7ec.wav,coughvid_data/055a7209-46f8-485d-9933-af57e8dff7ec.wav,1.0
48d056d3-4232-4a26-ba14-b21826221fac,coughvid_data/48d056d3-4232-4a26-ba14-b21826221fac.wav,coughvid_data/48d056d3-4232-4a26-ba14-b21826221fac.wav,1.0
0c4a3aee-886e-4313-b97f-16fea6515118,coughvid_data/0c4a3aee-886e-4313-b97f-16fea6515118.wav,coughvid_data/0c4a3aee-886e-4313-b97f-16fea6515118.wav,1.0
c396feab-97cf-4c16-8f43-fecb0f4e1dda,coughvid_data/c396feab-97cf-4c16-8f43-fecb0f4e1dda.wav,coughvid_data/c396feab-97cf-4c16-8f43-fecb0f4e1dda.wav,1.0
8c339302-f600-4083-8824-c7f30a4b7172,coughvid_data/8c339302-f600-4083-8824-c7f30a4b7172.wav,coughvid_data/8c339302-f600-4083-8824-c7f30a4b7172.wav,1.0
6bd40c21-4f67-4646-add4-da2647798c43,coughvid_data/6bd40c21-4f67-4646-add4-da2647798c43.wav,coughvid_data/6bd40c21-4f67-4646-add4-da2647798c43.wav,0.0
c4ccc5d7-bfe0-4b50-a23d-d39918a5f2d5,coughvid_data/c4ccc5d7-bfe0-4b50-a23d-d39918a5f2d5.wav,coughvid_data/c4ccc5d7-bfe0-4b50-a23d-d39918a5f2d5.wav,1.0
cabff14e-9531-4c6b-9719-7ca875f0bb80,coughvid_data/cabff14e-9531-4c6b-9719-7ca875f0bb80.wav,coughvid_data/cabff14e-9531-4c6b-9719-7ca875f0bb80.wav,1.0
47f84f37-b819-40c3-9317-df70a3e53bae,coughvid_data/47f84f37-b819-40c3-9317-df70a3e53bae.wav,coughvid_data/47f84f37-b819-40c3-9317-df70a3e53bae.wav,0.0
7dea1d46-b5c3-4fdd-902e-93238e807383,coughvid_data/7dea1d46-b5c3-4fdd-902e-93238e807383.wav,coughvid_data/7dea1d46-b5c3-4fdd-902e-93238e807383.wav,0.0
4eb36817-f9d9-4055-9d02-e509a08e380b,coughvid_data/4eb36817-f9d9-4055-9d02-e509a08e380b.wav,coughvid_data/4eb36817-f9d9-4055-9d02-e509a08e380b.wav,1.0
f94de9d9-e765-40ca-95b4-8d1237ee45a2,coughvid_data/f94de9d9-e765-40ca-95b4-8d1237ee45a2.wav,coughvid_data/f94de9d9-e765-40ca-95b4-8d1237ee45a2.wav,0.0
98a07977-1abb-4e6f-bff1-cd21d0db7b1b,coughvid_data/98a07977-1abb-4e6f-bff1-cd21d0db7b1b.wav,coughvid_data/98a07977-1abb-4e6f-bff1-cd21d0db7b1b.wav,1.0
142d73b1-a8ed-416d-a211-91527e46e0ba,coughvid_data/142d73b1-a8ed-416d-a211-91527e46e0ba.wav,coughvid_data/142d73b1-a8ed-416d-a211-91527e46e0ba.wav,1.0
2bfb23b6-47f0-467d-a3c0-3f7830e338f1,coughvid_data/2bfb23b6-47f0-467d-a3c0-3f7830e338f1.wav,coughvid_data/2bfb23b6-47f0-467d-a3c0-3f7830e338f1.wav,0.0
4e4cf21e-e454-4cd9-8fae-a85cd3e47888,coughvid_data/4e4cf21e-e454-4cd9-8fae-a85cd3e47888.wav,coughvid_data/4e4cf21e-e454-4cd9-8fae-a85cd3e47888.wav,0.0
5ca5f270-3914-4313-8191-1bff6f2e75b3,coughvid_data/5ca5f270-3914-4313-8191-1bff6f2e75b3.wav,coughvid_data/5ca5f270-3914-4313-8191-1bff6f2e75b3.wav,1.0
6273e21b-563c-46dd-8cd0-ad353463cbbb,coughvid_data/6273e21b-563c-46dd-8cd0-ad353463cbbb.wav,coughvid_data/6273e21b-563c-46dd-8cd0-ad353463cbbb.wav,1.0
437e5479-259d-4221-abc5-788ca307cae4,coughvid_data/437e5479-259d-4221-abc5-788ca307cae4.wav,coughvid_data/437e5479-259d-4221-abc5-788ca307cae4.wav,1.0
af53dacb-ec7a-4831-b2f9-02876e16bccb,coughvid_data/af53dacb-ec7a-4831-b2f9-02876e16bccb.wav,coughvid_data/af53dacb-ec7a-4831-b2f9-02876e16bccb.wav,1.0
6b027a74-aa5a-438a-a78d-731d74158b31,coughvid_data/6b027a74-aa5a-438a-a78d-731d74158b31.wav,coughvid_data/6b027a74-aa5a-438a-a78d-731d74158b31.wav,0.0
6fb966fb-d16f-4a33-883e-f4ece06fe33c,coughvid_data/6fb966fb-d16f-4a33-883e-f4ece06fe33c.wav,coughvid_data/6fb966fb-d16f-4a33-883e-f4ece06fe33c.wav,0.0
4885c65f-46dd-422a-ba5a-a2a864431ca1,coughvid_data/4885c65f-46dd-422a-ba5a-a2a864431ca1.wav,coughvid_data/4885c65f-46dd-422a-ba5a-a2a864431ca1.wav,1.0
06242f43-3250-4995-b226-ac49448fae01,coughvid_data/06242f43-3250-4995-b226-ac49448fae01.wav,coughvid_data/06242f43-3250-4995-b226-ac49448fae01.wav,0.0
a2dfd708-8b94-4d83-a8b0-4a7bb88cc203,coughvid_data/a2dfd708-8b94-4d83-a8b0-4a7bb88cc203.wav,coughvid_data/a2dfd708-8b94-4d83-a8b0-4a7bb88cc203.wav,0.0
356ee79a-b4b9-42a8-9840-6437ef9b9afc,coughvid_data/356ee79a-b4b9-42a8-9840-6437ef9b9afc.wav,coughvid_data/356ee79a-b4b9-42a8-9840-6437ef9b9afc.wav,1.0
ec5c3b1d-af66-4a26-9c69-0ec818428337,coughvid_data/ec5c3b1d-af66-4a26-9c69-0ec818428337.wav,coughvid_data/ec5c3b1d-af66-4a26-9c69-0ec818428337.wav,1.0
91df681d-1553-4300-a4bd-0c2868251192,coughvid_data/91df681d-1553-4300-a4bd-0c2868251192.wav,coughvid_data/91df681d-1553-4300-a4bd-0c2868251192.wav,1.0
db43c41e-81c9-4b46-92c3-92107f4b59e4,coughvid_data/db43c41e-81c9-4b46-92c3-92107f4b59e4.wav,coughvid_data/db43c41e-81c9-4b46-92c3-92107f4b59e4.wav,0.0
34821d43-60de-4874-b53c-755ab40703c5,coughvid_data/34821d43-60de-4874-b53c-755ab40703c5.wav,coughvid_data/34821d43-60de-4874-b53c-755ab40703c5.wav,0.0
44d44697-8552-40ac-b94f-05af63f69624,coughvid_data/44d44697-8552-40ac-b94f-05af63f69624.wav,coughvid_data/44d44697-8552-40ac-b94f-05af63f69624.wav,1.0
0e003993-c5d8-49c1-9423-4ced0cea40a5,coughvid_data/0e003993-c5d8-49c1-9423-4ced0cea40a5.wav,coughvid_data/0e003993-c5d8-49c1-9423-4ced0cea40a5.wav,0.0
260ffed4-3b4d-4a85-a3c5-03e679613cca,coughvid_data/260ffed4-3b4d-4a85-a3c5-03e679613cca.wav,coughvid_data/260ffed4-3b4d-4a85-a3c5-03e679613cca.wav,1.0
2b24d521-4677-4afb-8e2f-0f1e3d24beac,coughvid_data/2b24d521-4677-4afb-8e2f-0f1e3d24beac.wav,coughvid_data/2b24d521-4677-4afb-8e2f-0f1e3d24beac.wav,1.0
e8e7a8fc-a199-459b-8b47-96aae07cafdc,coughvid_data/e8e7a8fc-a199-459b-8b47-96aae07cafdc.wav,coughvid_data/e8e7a8fc-a199-459b-8b47-96aae07cafdc.wav,1.0
77be1c4a-e170-4b23-959a-aa3aec762585,coughvid_data/77be1c4a-e170-4b23-959a-aa3aec762585.wav,coughvid_data/77be1c4a-e170-4b23-959a-aa3aec762585.wav,0.0
7aa97273-7077-4fda-a3d6-5b3737b1cdf3,coughvid_data/7aa97273-7077-4fda-a3d6-5b3737b1cdf3.wav,coughvid_data/7aa97273-7077-4fda-a3d6-5b3737b1cdf3.wav,1.0
91b03ae2-2095-4274-92c7-341e1eda39b9,coughvid_data/91b03ae2-2095-4274-92c7-341e1eda39b9.wav,coughvid_data/91b03ae2-2095-4274-92c7-341e1eda39b9.wav,0.0
2ad5a5e9-8ba0-43ab-a3de-ec8b3be2b048,coughvid_data/2ad5a5e9-8ba0-43ab-a3de-ec8b3be2b048.wav,coughvid_data/2ad5a5e9-8ba0-43ab-a3de-ec8b3be2b048.wav,1.0
b4992e73-f846-4124-9332-3167131451d9,coughvid_data/b4992e73-f846-4124-9332-3167131451d9.wav,coughvid_data/b4992e73-f846-4124-9332-3167131451d9.wav,0.0
5b7a355d-2157-4259-b918-531d3db94fad,coughvid_data/5b7a355d-2157-4259-b918-531d3db94fad.wav,coughvid_data/5b7a355d-2157-4259-b918-531d3db94fad.wav,1.0
9ae218d7-83d2-4f15-9489-2219a4002828,coughvid_data/9ae218d7-83d2-4f15-9489-2219a4002828.wav,coughvid_data/9ae218d7-83d2-4f15-9489-2219a4002828.wav,0.0
67b68c39-caf5-46b1-b8da-7f2fd9068a5a,coughvid_data/67b68c39-caf5-46b1-b8da-7f2fd9068a5a.wav,coughvid_data/67b68c39-caf5-46b1-b8da-7f2fd9068a5a.wav,1.0
1afb7567-3601-4b61-ae72-bab438df6f63,coughvid_data/1afb7567-3601-4b61-ae72-bab438df6f63.wav,coughvid_data/1afb7567-3601-4b61-ae72-bab438df6f63.wav,0.0
b4a5dc04-2cda-4d7e-81fd-d5cc53c8d9af,coughvid_data/b4a5dc04-2cda-4d7e-81fd-d5cc53c8d9af.wav,coughvid_data/b4a5dc04-2cda-4d7e-81fd-d5cc53c8d9af.wav,1.0
ceff681b-711e-4e49-ab4a-93d68c99e9cf,coughvid_data/ceff681b-711e-4e49-ab4a-93d68c99e9cf.wav,coughvid_data/ceff681b-711e-4e49-ab4a-93d68c99e9cf.wav,1.0
576169b6-a2ee-4a8d-8455-b8054505178e,coughvid_data/576169b6-a2ee-4a8d-8455-b8054505178e.wav,coughvid_data/576169b6-a2ee-4a8d-8455-b8054505178e.wav,0.0
b6d5792c-f0c8-4a89-a48b-805267a63393,coughvid_data/b6d5792c-f0c8-4a89-a48b-805267a63393.wav,coughvid_data/b6d5792c-f0c8-4a89-a48b-805267a63393.wav,1.0
0c70e9eb-a1fe-4604-ab82-f2c4270d8a22,coughvid_data/0c70e9eb-a1fe-4604-ab82-f2c4270d8a22.wav,coughvid_data/0c70e9eb-a1fe-4604-ab82-f2c4270d8a22.wav,0.0
aa129669-eb05-4e74-941f-bf9fa4e9fd81,coughvid_data/aa129669-eb05-4e74-941f-bf9fa4e9fd81.wav,coughvid_data/aa129669-eb05-4e74-941f-bf9fa4e9fd81.wav,0.0
9b983f7c-d654-49c6-be21-62f9e8fe7fea,coughvid_data/9b983f7c-d654-49c6-be21-62f9e8fe7fea.wav,coughvid_data/9b983f7c-d654-49c6-be21-62f9e8fe7fea.wav,1.0
1022b23d-d5b6-4673-9ff8-19cd00d4f515,coughvid_data/1022b23d-d5b6-4673-9ff8-19cd00d4f515.wav,coughvid_data/1022b23d-d5b6-4673-9ff8-19cd00d4f515.wav,1.0
73786652-bf01-4a78-8e04-7c44a77d5108,coughvid_data/73786652-bf01-4a78-8e04-7c44a77d5108.wav,coughvid_data/73786652-bf01-4a78-8e04-7c44a77d5108.wav,1.0
62974ddd-92c8-40c7-aab5-f86839564be3,coughvid_data/62974ddd-92c8-40c7-aab5-f86839564be3.wav,coughvid_data/62974ddd-92c8-40c7-aab5-f86839564be3.wav,1.0
27c0aa1c-3451-49a3-8438-8544780d7e9b,coughvid_data/27c0aa1c-3451-49a3-8438-8544780d7e9b.wav,coughvid_data/27c0aa1c-3451-49a3-8438-8544780d7e9b.wav,1.0
9681b73c-efa4-4074-9597-e8f21c032b8c,coughvid_data/9681b73c-efa4-4074-9597-e8f21c032b8c.wav,coughvid_data/9681b73c-efa4-4074-9597-e8f21c032b8c.wav,0.0
92c9f94c-e872-49a1-9ec3-e8f85b42c0f3,coughvid_data/92c9f94c-e872-49a1-9ec3-e8f85b42c0f3.wav,coughvid_data/92c9f94c-e872-49a1-9ec3-e8f85b42c0f3.wav,1.0
c1ae95f0-bfd1-4355-be2a-ad73ca70b515,coughvid_data/c1ae95f0-bfd1-4355-be2a-ad73ca70b515.wav,coughvid_data/c1ae95f0-bfd1-4355-be2a-ad73ca70b515.wav,1.0
13db4f04-6a75-4ae6-a8ed-45efb08cd0a3,coughvid_data/13db4f04-6a75-4ae6-a8ed-45efb08cd0a3.wav,coughvid_data/13db4f04-6a75-4ae6-a8ed-45efb08cd0a3.wav,1.0
06afeb36-c7d4-434e-8f55-a8844a733901,coughvid_data/06afeb36-c7d4-434e-8f55-a8844a733901.wav,coughvid_data/06afeb36-c7d4-434e-8f55-a8844a733901.wav,1.0
9e182dc5-6994-41f9-9153-bb75277d1af4,coughvid_data/9e182dc5-6994-41f9-9153-bb75277d1af4.wav,coughvid_data/9e182dc5-6994-41f9-9153-bb75277d1af4.wav,1.0
6375199a-c671-4be3-af73-61d1a2f072a6,coughvid_data/6375199a-c671-4be3-af73-61d1a2f072a6.wav,coughvid_data/6375199a-c671-4be3-af73-61d1a2f072a6.wav,0.0
fb6c535c-e335-4363-953a-bf4e9449f02e,coughvid_data/fb6c535c-e335-4363-953a-bf4e9449f02e.wav,coughvid_data/fb6c535c-e335-4363-953a-bf4e9449f02e.wav,1.0
45a1bcc6-d8f4-47fc-b59e-be10268cbccb,coughvid_data/45a1bcc6-d8f4-47fc-b59e-be10268cbccb.wav,coughvid_data/45a1bcc6-d8f4-47fc-b59e-be10268cbccb.wav,1.0
41990422-f8ee-4965-9908-4f860b370ed0,coughvid_data/41990422-f8ee-4965-9908-4f860b370ed0.wav,coughvid_data/41990422-f8ee-4965-9908-4f860b370ed0.wav,0.0
7e1c349e-d294-4960-b9a7-59ccdb7d16c0,coughvid_data/7e1c349e-d294-4960-b9a7-59ccdb7d16c0.wav,coughvid_data/7e1c349e-d294-4960-b9a7-59ccdb7d16c0.wav,1.0
349a76bc-8788-48d4-9002-800438fea54b,coughvid_data/349a76bc-8788-48d4-9002-800438fea54b.wav,coughvid_data/349a76bc-8788-48d4-9002-800438fea54b.wav,1.0
7a077fac-7ed8-46fd-b18b-8f8e8590b5f2,coughvid_data/7a077fac-7ed8-46fd-b18b-8f8e8590b5f2.wav,coughvid_data/7a077fac-7ed8-46fd-b18b-8f8e8590b5f2.wav,1.0
f5014e30-83e6-4786-9bac-6bb5e3eb321a,coughvid_data/f5014e30-83e6-4786-9bac-6bb5e3eb321a.wav,coughvid_data/f5014e30-83e6-4786-9bac-6bb5e3eb321a.wav,1.0
a77cad93-e44f-48ed-8b08-ec17c41c1f30,coughvid_data/a77cad93-e44f-48ed-8b08-ec17c41c1f30.wav,coughvid_data/a77cad93-e44f-48ed-8b08-ec17c41c1f30.wav,0.0
6fdda80a-b177-440f-b31d-6bae0de1bd41,coughvid_data/6fdda80a-b177-440f-b31d-6bae0de1bd41.wav,coughvid_data/6fdda80a-b177-440f-b31d-6bae0de1bd41.wav,0.0
da7a4435-a755-452a-938f-a8253d4fe718,coughvid_data/da7a4435-a755-452a-938f-a8253d4fe718.wav,coughvid_data/da7a4435-a755-452a-938f-a8253d4fe718.wav,0.0
3084db2b-c3f3-40b1-9b31-c2e1a30a83ce,coughvid_data/3084db2b-c3f3-40b1-9b31-c2e1a30a83ce.wav,coughvid_data/3084db2b-c3f3-40b1-9b31-c2e1a30a83ce.wav,1.0
dc0ba2af-1050-40f3-95d5-6ebf886435ac,coughvid_data/dc0ba2af-1050-40f3-95d5-6ebf886435ac.wav,coughvid_data/dc0ba2af-1050-40f3-95d5-6ebf886435ac.wav,0.0
95546188-24de-4eed-8061-4ec2595bd127,coughvid_data/95546188-24de-4eed-8061-4ec2595bd127.wav,coughvid_data/95546188-24de-4eed-8061-4ec2595bd127.wav,0.0
65d0a5f0-1e16-46d0-88e9-d155f5d8896b,coughvid_data/65d0a5f0-1e16-46d0-88e9-d155f5d8896b.wav,coughvid_data/65d0a5f0-1e16-46d0-88e9-d155f5d8896b.wav,0.0
6e968c6e-0314-40e1-b158-14bbbd7e5649,coughvid_data/6e968c6e-0314-40e1-b158-14bbbd7e5649.wav,coughvid_data/6e968c6e-0314-40e1-b158-14bbbd7e5649.wav,0.0
1ce87574-6f9b-42c7-acff-6229936dfe89,coughvid_data/1ce87574-6f9b-42c7-acff-6229936dfe89.wav,coughvid_data/1ce87574-6f9b-42c7-acff-6229936dfe89.wav,1.0
119117f4-0898-4072-a0f5-f3aa1cdef4b1,coughvid_data/119117f4-0898-4072-a0f5-f3aa1cdef4b1.wav,coughvid_data/119117f4-0898-4072-a0f5-f3aa1cdef4b1.wav,0.0
f4d6be17-9053-4d13-91b8-fe4ab2f11ef9,coughvid_data/f4d6be17-9053-4d13-91b8-fe4ab2f11ef9.wav,coughvid_data/f4d6be17-9053-4d13-91b8-fe4ab2f11ef9.wav,1.0
d0be2330-2400-4620-aec0-72ed13ddc582,coughvid_data/d0be2330-2400-4620-aec0-72ed13ddc582.wav,coughvid_data/d0be2330-2400-4620-aec0-72ed13ddc582.wav,1.0
8bfee57a-3d1a-4a46-815a-31d4bef44624,coughvid_data/8bfee57a-3d1a-4a46-815a-31d4bef44624.wav,coughvid_data/8bfee57a-3d1a-4a46-815a-31d4bef44624.wav,1.0
d80598d5-bfee-4dcc-866f-1baf6b3dbdd0,coughvid_data/d80598d5-bfee-4dcc-866f-1baf6b3dbdd0.wav,coughvid_data/d80598d5-bfee-4dcc-866f-1baf6b3dbdd0.wav,0.0
a6c9116a-27ca-48b1-8a04-b0e26163b0ef,coughvid_data/a6c9116a-27ca-48b1-8a04-b0e26163b0ef.wav,coughvid_data/a6c9116a-27ca-48b1-8a04-b0e26163b0ef.wav,0.0
7c269dfa-1bef-44a0-b1a7-86af59981904,coughvid_data/7c269dfa-1bef-44a0-b1a7-86af59981904.wav,coughvid_data/7c269dfa-1bef-44a0-b1a7-86af59981904.wav,0.0
7a710fd5-e0af-4a11-a761-7e38d3fa5fc6,coughvid_data/7a710fd5-e0af-4a11-a761-7e38d3fa5fc6.wav,coughvid_data/7a710fd5-e0af-4a11-a761-7e38d3fa5fc6.wav,0.0
31305525-0ab3-43b3-aff0-33d979714a47,coughvid_data/31305525-0ab3-43b3-aff0-33d979714a47.wav,coughvid_data/31305525-0ab3-43b3-aff0-33d979714a47.wav,0.0
b3705408-2cde-4670-a219-4330c99ce157,coughvid_data/b3705408-2cde-4670-a219-4330c99ce157.wav,coughvid_data/b3705408-2cde-4670-a219-4330c99ce157.wav,0.0
41da7428-c367-4bc6-b04a-a72e8243a7e1,coughvid_data/41da7428-c367-4bc6-b04a-a72e8243a7e1.wav,coughvid_data/41da7428-c367-4bc6-b04a-a72e8243a7e1.wav,1.0
43fcba5f-e0e6-448d-8c4b-b5bde9d2eb58,coughvid_data/43fcba5f-e0e6-448d-8c4b-b5bde9d2eb58.wav,coughvid_data/43fcba5f-e0e6-448d-8c4b-b5bde9d2eb58.wav,1.0
8a4ff230-0690-4a95-a128-aa06a1cacd73,coughvid_data/8a4ff230-0690-4a95-a128-aa06a1cacd73.wav,coughvid_data/8a4ff230-0690-4a95-a128-aa06a1cacd73.wav,1.0
79e40093-a89c-45a6-83a2-c2e36c21dbeb,coughvid_data/79e40093-a89c-45a6-83a2-c2e36c21dbeb.wav,coughvid_data/79e40093-a89c-45a6-83a2-c2e36c21dbeb.wav,0.0
452066b9-456b-4c43-bd60-258cab6282b6,coughvid_data/452066b9-456b-4c43-bd60-258cab6282b6.wav,coughvid_data/452066b9-456b-4c43-bd60-258cab6282b6.wav,0.0
dc111e94-e943-4e8c-b3d2-3e71bcc77a5a,coughvid_data/dc111e94-e943-4e8c-b3d2-3e71bcc77a5a.wav,coughvid_data/dc111e94-e943-4e8c-b3d2-3e71bcc77a5a.wav,0.0
001c85a8-cc4d-4921-9297-848be52d4715,coughvid_data/001c85a8-cc4d-4921-9297-848be52d4715.wav,coughvid_data/001c85a8-cc4d-4921-9297-848be52d4715.wav,0.0
bae576fa-fd35-45e7-bf49-d3ae95355c66,coughvid_data/bae576fa-fd35-45e7-bf49-d3ae95355c66.wav,coughvid_data/bae576fa-fd35-45e7-bf49-d3ae95355c66.wav,1.0
3c4a44ca-1559-4cb7-bfe5-4dec644ff07e,coughvid_data/3c4a44ca-1559-4cb7-bfe5-4dec644ff07e.wav,coughvid_data/3c4a44ca-1559-4cb7-bfe5-4dec644ff07e.wav,0.0
e3244803-32bb-4706-b14a-0bfb384b96de,coughvid_data/e3244803-32bb-4706-b14a-0bfb384b96de.wav,coughvid_data/e3244803-32bb-4706-b14a-0bfb384b96de.wav,0.0
178f39e2-a261-4ec6-a8fb-3f89c3c795bb,coughvid_data/178f39e2-a261-4ec6-a8fb-3f89c3c795bb.wav,coughvid_data/178f39e2-a261-4ec6-a8fb-3f89c3c795bb.wav,1.0
1f3f70c4-a8da-4338-a924-77f816cb119a,coughvid_data/1f3f70c4-a8da-4338-a924-77f816cb119a.wav,coughvid_data/1f3f70c4-a8da-4338-a924-77f816cb119a.wav,0.0
39fd76e4-f504-4079-9bf3-36d3e26887ca,coughvid_data/39fd76e4-f504-4079-9bf3-36d3e26887ca.wav,coughvid_data/39fd76e4-f504-4079-9bf3-36d3e26887ca.wav,0.0
5abf4c0b-7b42-4adc-aaf3-c7d6e56e8ae1,coughvid_data/5abf4c0b-7b42-4adc-aaf3-c7d6e56e8ae1.wav,coughvid_data/5abf4c0b-7b42-4adc-aaf3-c7d6e56e8ae1.wav,1.0
79a7f999-3546-4ff7-bfd7-d61a38300b30,coughvid_data/79a7f999-3546-4ff7-bfd7-d61a38300b30.wav,coughvid_data/79a7f999-3546-4ff7-bfd7-d61a38300b30.wav,1.0
5933a9c3-5e84-4040-b0ec-66d6d15eec83,coughvid_data/5933a9c3-5e84-4040-b0ec-66d6d15eec83.wav,coughvid_data/5933a9c3-5e84-4040-b0ec-66d6d15eec83.wav,0.0
0e842b49-806b-4bd7-8f6c-036112a4e9fe,coughvid_data/0e842b49-806b-4bd7-8f6c-036112a4e9fe.wav,coughvid_data/0e842b49-806b-4bd7-8f6c-036112a4e9fe.wav,0.0
9954e438-0777-4a0a-9ff2-f421840d642e,coughvid_data/9954e438-0777-4a0a-9ff2-f421840d642e.wav,coughvid_data/9954e438-0777-4a0a-9ff2-f421840d642e.wav,1.0
c0b1e1a8-cbeb-4166-80d5-778fcf8a5711,coughvid_data/c0b1e1a8-cbeb-4166-80d5-778fcf8a5711.wav,coughvid_data/c0b1e1a8-cbeb-4166-80d5-778fcf8a5711.wav,0.0
259808e7-b007-4c8a-ad11-e5e70c48e54a,coughvid_data/259808e7-b007-4c8a-ad11-e5e70c48e54a.wav,coughvid_data/259808e7-b007-4c8a-ad11-e5e70c48e54a.wav,1.0
8c631f0e-6973-4d8e-a42d-b1d0bf1ffe1d,coughvid_data/8c631f0e-6973-4d8e-a42d-b1d0bf1ffe1d.wav,coughvid_data/8c631f0e-6973-4d8e-a42d-b1d0bf1ffe1d.wav,1.0
dedfbe6f-c861-4076-bb02-0b3891709f7b,coughvid_data/dedfbe6f-c861-4076-bb02-0b3891709f7b.wav,coughvid_data/dedfbe6f-c861-4076-bb02-0b3891709f7b.wav,1.0
d888ca07-c45e-42de-8cd7-b1fcb5dbdae3,coughvid_data/d888ca07-c45e-42de-8cd7-b1fcb5dbdae3.wav,coughvid_data/d888ca07-c45e-42de-8cd7-b1fcb5dbdae3.wav,1.0
b242b7a1-4f5d-4367-934a-84f7c01619df,coughvid_data/b242b7a1-4f5d-4367-934a-84f7c01619df.wav,coughvid_data/b242b7a1-4f5d-4367-934a-84f7c01619df.wav,1.0
5210a680-d101-41a0-a08f-bb0f15276915,coughvid_data/5210a680-d101-41a0-a08f-bb0f15276915.wav,coughvid_data/5210a680-d101-41a0-a08f-bb0f15276915.wav,0.0
9e41c672-ffbd-4a9b-919b-3fdfd4771f63,coughvid_data/9e41c672-ffbd-4a9b-919b-3fdfd4771f63.wav,coughvid_data/9e41c672-ffbd-4a9b-919b-3fdfd4771f63.wav,1.0
31674fee-9bac-44a8-b989-17df8236c91a,coughvid_data/31674fee-9bac-44a8-b989-17df8236c91a.wav,coughvid_data/31674fee-9bac-44a8-b989-17df8236c91a.wav,1.0
f843ac5b-ae95-457f-a359-3b1167aeaf56,coughvid_data/f843ac5b-ae95-457f-a359-3b1167aeaf56.wav,coughvid_data/f843ac5b-ae95-457f-a359-3b1167aeaf56.wav,1.0
fbfdbe50-0fe4-47bf-af64-48bc5a818a19,coughvid_data/fbfdbe50-0fe4-47bf-af64-48bc5a818a19.wav,coughvid_data/fbfdbe50-0fe4-47bf-af64-48bc5a818a19.wav,0.0
1c91879c-9f64-425e-baab-6f3a24b213c7,coughvid_data/1c91879c-9f64-425e-baab-6f3a24b213c7.wav,coughvid_data/1c91879c-9f64-425e-baab-6f3a24b213c7.wav,1.0
194bcca1-e83c-4d5a-b49f-9841f967712f,coughvid_data/194bcca1-e83c-4d5a-b49f-9841f967712f.wav,coughvid_data/194bcca1-e83c-4d5a-b49f-9841f967712f.wav,1.0
71b6aa8e-f4aa-4d33-a202-35d86f45e956,coughvid_data/71b6aa8e-f4aa-4d33-a202-35d86f45e956.wav,coughvid_data/71b6aa8e-f4aa-4d33-a202-35d86f45e956.wav,0.0
22ae517a-a446-49fe-8a0b-8a855501b70d,coughvid_data/22ae517a-a446-49fe-8a0b-8a855501b70d.wav,coughvid_data/22ae517a-a446-49fe-8a0b-8a855501b70d.wav,0.0
e5d86ed8-2e79-41c3-aaca-0af486ceb7c3,coughvid_data/e5d86ed8-2e79-41c3-aaca-0af486ceb7c3.wav,coughvid_data/e5d86ed8-2e79-41c3-aaca-0af486ceb7c3.wav,0.0
9f8ec82b-721b-4557-85cb-4a24a31d0e1b,coughvid_data/9f8ec82b-721b-4557-85cb-4a24a31d0e1b.wav,coughvid_data/9f8ec82b-721b-4557-85cb-4a24a31d0e1b.wav,0.0
df8820ab-0472-4871-bbdc-2a3ba9a0be74,coughvid_data/df8820ab-0472-4871-bbdc-2a3ba9a0be74.wav,coughvid_data/df8820ab-0472-4871-bbdc-2a3ba9a0be74.wav,1.0
4ce2e724-6740-4a30-a743-61c2961565d7,coughvid_data/4ce2e724-6740-4a30-a743-61c2961565d7.wav,coughvid_data/4ce2e724-6740-4a30-a743-61c2961565d7.wav,1.0
6507912c-1349-419a-b30f-e46bd9c13173,coughvid_data/6507912c-1349-419a-b30f-e46bd9c13173.wav,coughvid_data/6507912c-1349-419a-b30f-e46bd9c13173.wav,0.0
ba7e9f4f-5157-4b27-8e29-9d7882cf1717,coughvid_data/ba7e9f4f-5157-4b27-8e29-9d7882cf1717.wav,coughvid_data/ba7e9f4f-5157-4b27-8e29-9d7882cf1717.wav,0.0
cca639a8-9829-4dc4-8bee-5ec176bfe5a8,coughvid_data/cca639a8-9829-4dc4-8bee-5ec176bfe5a8.wav,coughvid_data/cca639a8-9829-4dc4-8bee-5ec176bfe5a8.wav,0.0
3390dce0-4058-4761-8a2e-7a424847119b,coughvid_data/3390dce0-4058-4761-8a2e-7a424847119b.wav,coughvid_data/3390dce0-4058-4761-8a2e-7a424847119b.wav,0.0
058ae3db-9ce9-4ada-bca9-4f07e36b0279,coughvid_data/058ae3db-9ce9-4ada-bca9-4f07e36b0279.wav,coughvid_data/058ae3db-9ce9-4ada-bca9-4f07e36b0279.wav,0.0
938f14e0-7423-443e-8873-7848a8366195,coughvid_data/938f14e0-7423-443e-8873-7848a8366195.wav,coughvid_data/938f14e0-7423-443e-8873-7848a8366195.wav,0.0
a3c03fce-ec3f-4e36-bf1a-0ee15622fa55,coughvid_data/a3c03fce-ec3f-4e36-bf1a-0ee15622fa55.wav,coughvid_data/a3c03fce-ec3f-4e36-bf1a-0ee15622fa55.wav,0.0
7cdb93c4-4604-496a-8b2e-dab75dc036cb,coughvid_data/7cdb93c4-4604-496a-8b2e-dab75dc036cb.wav,coughvid_data/7cdb93c4-4604-496a-8b2e-dab75dc036cb.wav,0.0
6a29fb0a-8af4-4895-82db-ce6961ba873a,coughvid_data/6a29fb0a-8af4-4895-82db-ce6961ba873a.wav,coughvid_data/6a29fb0a-8af4-4895-82db-ce6961ba873a.wav,0.0
fa63d124-4e4e-44a1-a330-cd0edbe3ff08,coughvid_data/fa63d124-4e4e-44a1-a330-cd0edbe3ff08.wav,coughvid_data/fa63d124-4e4e-44a1-a330-cd0edbe3ff08.wav,0.0
0da29502-b689-4f08-bab1-c91fc50bd9b2,coughvid_data/0da29502-b689-4f08-bab1-c91fc50bd9b2.wav,coughvid_data/0da29502-b689-4f08-bab1-c91fc50bd9b2.wav,0.0
f7efb04e-0a77-435c-b958-48664e5dec8d,coughvid_data/f7efb04e-0a77-435c-b958-48664e5dec8d.wav,coughvid_data/f7efb04e-0a77-435c-b958-48664e5dec8d.wav,1.0
128aac08-4a43-4a36-ac34-5f294d90ca2e,coughvid_data/128aac08-4a43-4a36-ac34-5f294d90ca2e.wav,coughvid_data/128aac08-4a43-4a36-ac34-5f294d90ca2e.wav,1.0
280e3d71-9e10-4637-96c7-8e22d8e95eb5,coughvid_data/280e3d71-9e10-4637-96c7-8e22d8e95eb5.wav,coughvid_data/280e3d71-9e10-4637-96c7-8e22d8e95eb5.wav,1.0
6a7360b6-507d-49a3-ba84-8d5a77c4ca6c,coughvid_data/6a7360b6-507d-49a3-ba84-8d5a77c4ca6c.wav,coughvid_data/6a7360b6-507d-49a3-ba84-8d5a77c4ca6c.wav,0.0
2caca7d7-ac10-48ef-9e44-2f144728491a,coughvid_data/2caca7d7-ac10-48ef-9e44-2f144728491a.wav,coughvid_data/2caca7d7-ac10-48ef-9e44-2f144728491a.wav,0.0
98845c0a-ea37-4298-922a-431014866706,coughvid_data/98845c0a-ea37-4298-922a-431014866706.wav,coughvid_data/98845c0a-ea37-4298-922a-431014866706.wav,0.0
c8285a6e-c9c6-445c-bee3-b5ff47295c9f,coughvid_data/c8285a6e-c9c6-445c-bee3-b5ff47295c9f.wav,coughvid_data/c8285a6e-c9c6-445c-bee3-b5ff47295c9f.wav,0.0
df9e65a1-0f77-4530-9a5a-a098707cd61f,coughvid_data/df9e65a1-0f77-4530-9a5a-a098707cd61f.wav,coughvid_data/df9e65a1-0f77-4530-9a5a-a098707cd61f.wav,1.0
315d5702-a412-48f2-aec2-5f33e5b9bdac,coughvid_data/315d5702-a412-48f2-aec2-5f33e5b9bdac.wav,coughvid_data/315d5702-a412-48f2-aec2-5f33e5b9bdac.wav,1.0
acdebd7e-82f1-4732-9dd8-580bcf6ba267,coughvid_data/acdebd7e-82f1-4732-9dd8-580bcf6ba267.wav,coughvid_data/acdebd7e-82f1-4732-9dd8-580bcf6ba267.wav,0.0
660d0892-f7b6-42ce-9b84-b67cc4afbb1e,coughvid_data/660d0892-f7b6-42ce-9b84-b67cc4afbb1e.wav,coughvid_data/660d0892-f7b6-42ce-9b84-b67cc4afbb1e.wav,1.0
d86e9cd6-56ea-416a-8281-7ea012753bd1,coughvid_data/d86e9cd6-56ea-416a-8281-7ea012753bd1.wav,coughvid_data/d86e9cd6-56ea-416a-8281-7ea012753bd1.wav,0.0
2a6d3411-90a2-4296-ab06-997125d81d69,coughvid_data/2a6d3411-90a2-4296-ab06-997125d81d69.wav,coughvid_data/2a6d3411-90a2-4296-ab06-997125d81d69.wav,0.0
a5424c36-3cf4-49e6-bd48-0816068d521d,coughvid_data/a5424c36-3cf4-49e6-bd48-0816068d521d.wav,coughvid_data/a5424c36-3cf4-49e6-bd48-0816068d521d.wav,0.0
c9d47969-9429-4f1c-a75e-18a4cf136d28,coughvid_data/c9d47969-9429-4f1c-a75e-18a4cf136d28.wav,coughvid_data/c9d47969-9429-4f1c-a75e-18a4cf136d28.wav,0.0
75a9d416-5d85-4b99-aa42-64a65e970185,coughvid_data/75a9d416-5d85-4b99-aa42-64a65e970185.wav,coughvid_data/75a9d416-5d85-4b99-aa42-64a65e970185.wav,0.0
b7910b1d-c1a7-44f0-904e-37d69e039674,coughvid_data/b7910b1d-c1a7-44f0-904e-37d69e039674.wav,coughvid_data/b7910b1d-c1a7-44f0-904e-37d69e039674.wav,0.0
50fe59b8-0f0b-4d00-bb2b-f7e03c6db007,coughvid_data/50fe59b8-0f0b-4d00-bb2b-f7e03c6db007.wav,coughvid_data/50fe59b8-0f0b-4d00-bb2b-f7e03c6db007.wav,1.0
3fade936-b8f2-4b62-9df3-5b4db3535475,coughvid_data/3fade936-b8f2-4b62-9df3-5b4db3535475.wav,coughvid_data/3fade936-b8f2-4b62-9df3-5b4db3535475.wav,1.0
04acd541-e200-4e18-9a9a-67114e8d3710,coughvid_data/04acd541-e200-4e18-9a9a-67114e8d3710.wav,coughvid_data/04acd541-e200-4e18-9a9a-67114e8d3710.wav,1.0
4ba62127-a458-41ba-bc7e-25001165f263,coughvid_data/4ba62127-a458-41ba-bc7e-25001165f263.wav,coughvid_data/4ba62127-a458-41ba-bc7e-25001165f263.wav,1.0
c34b0302-093c-42b3-acd4-702db23d1f9e,coughvid_data/c34b0302-093c-42b3-acd4-702db23d1f9e.wav,coughvid_data/c34b0302-093c-42b3-acd4-702db23d1f9e.wav,0.0
fe7d1bab-f38c-44d7-910c-142ebe80c289,coughvid_data/fe7d1bab-f38c-44d7-910c-142ebe80c289.wav,coughvid_data/fe7d1bab-f38c-44d7-910c-142ebe80c289.wav,1.0
c5374319-4ca0-4661-a4f7-cdd6a9391160,coughvid_data/c5374319-4ca0-4661-a4f7-cdd6a9391160.wav,coughvid_data/c5374319-4ca0-4661-a4f7-cdd6a9391160.wav,0.0
2be0ecf1-51ff-46ee-a3e6-556451f78124,coughvid_data/2be0ecf1-51ff-46ee-a3e6-556451f78124.wav,coughvid_data/2be0ecf1-51ff-46ee-a3e6-556451f78124.wav,0.0
4eb12e1e-4124-44dc-b7e1-85a3cecd511a,coughvid_data/4eb12e1e-4124-44dc-b7e1-85a3cecd511a.wav,coughvid_data/4eb12e1e-4124-44dc-b7e1-85a3cecd511a.wav,1.0
d9b362f6-9cc9-4cdb-8507-966841f1f73c,coughvid_data/d9b362f6-9cc9-4cdb-8507-966841f1f73c.wav,coughvid_data/d9b362f6-9cc9-4cdb-8507-966841f1f73c.wav,0.0
e1d69182-99f9-46d2-b799-6c488abca55b,coughvid_data/e1d69182-99f9-46d2-b799-6c488abca55b.wav,coughvid_data/e1d69182-99f9-46d2-b799-6c488abca55b.wav,1.0
f7300f07-9dff-4561-bf97-15609e847b0e,coughvid_data/f7300f07-9dff-4561-bf97-15609e847b0e.wav,coughvid_data/f7300f07-9dff-4561-bf97-15609e847b0e.wav,0.0
0164fd10-73e3-48dd-b117-cdd576124e05,coughvid_data/0164fd10-73e3-48dd-b117-cdd576124e05.wav,coughvid_data/0164fd10-73e3-48dd-b117-cdd576124e05.wav,0.0
578d5c1c-24d4-4cb7-bc2e-f09fce8cf1c8,coughvid_data/578d5c1c-24d4-4cb7-bc2e-f09fce8cf1c8.wav,coughvid_data/578d5c1c-24d4-4cb7-bc2e-f09fce8cf1c8.wav,1.0
72e3140d-f839-447b-b772-50484e202bc7,coughvid_data/72e3140d-f839-447b-b772-50484e202bc7.wav,coughvid_data/72e3140d-f839-447b-b772-50484e202bc7.wav,0.0
ec62387e-2219-457e-8c7d-ccd556fa8693,coughvid_data/ec62387e-2219-457e-8c7d-ccd556fa8693.wav,coughvid_data/ec62387e-2219-457e-8c7d-ccd556fa8693.wav,1.0
bd1d79fd-8910-4723-9f1e-a4d586f29405,coughvid_data/bd1d79fd-8910-4723-9f1e-a4d586f29405.wav,coughvid_data/bd1d79fd-8910-4723-9f1e-a4d586f29405.wav,1.0
bc306562-ebcf-4fe4-b1fe-2145637d6216,coughvid_data/bc306562-ebcf-4fe4-b1fe-2145637d6216.wav,coughvid_data/bc306562-ebcf-4fe4-b1fe-2145637d6216.wav,1.0
28c4e711-d437-4924-b290-aba6f059d87a,coughvid_data/28c4e711-d437-4924-b290-aba6f059d87a.wav,coughvid_data/28c4e711-d437-4924-b290-aba6f059d87a.wav,1.0
fefdd06b-cbcc-4dc9-8388-6cc03ee454a8,coughvid_data/fefdd06b-cbcc-4dc9-8388-6cc03ee454a8.wav,coughvid_data/fefdd06b-cbcc-4dc9-8388-6cc03ee454a8.wav,0.0
6b576636-0cde-4acf-a8c3-25d924f5fb85,coughvid_data/6b576636-0cde-4acf-a8c3-25d924f5fb85.wav,coughvid_data/6b576636-0cde-4acf-a8c3-25d924f5fb85.wav,1.0
4bdaf0c3-63e2-4bab-beaf-484359661beb,coughvid_data/4bdaf0c3-63e2-4bab-beaf-484359661beb.wav,coughvid_data/4bdaf0c3-63e2-4bab-beaf-484359661beb.wav,1.0
29b6542b-6a40-474c-9eb1-787ebfbab90d,coughvid_data/29b6542b-6a40-474c-9eb1-787ebfbab90d.wav,coughvid_data/29b6542b-6a40-474c-9eb1-787ebfbab90d.wav,1.0
96f63bc1-4c6d-4dc9-84c3-43d5b69d4a87,coughvid_data/96f63bc1-4c6d-4dc9-84c3-43d5b69d4a87.wav,coughvid_data/96f63bc1-4c6d-4dc9-84c3-43d5b69d4a87.wav,1.0
0d2a9277-2beb-4b3a-b4e3-8823fd7e34ae,coughvid_data/0d2a9277-2beb-4b3a-b4e3-8823fd7e34ae.wav,coughvid_data/0d2a9277-2beb-4b3a-b4e3-8823fd7e34ae.wav,1.0
a2eedfeb-ab76-4198-b9b5-673e51856299,coughvid_data/a2eedfeb-ab76-4198-b9b5-673e51856299.wav,coughvid_data/a2eedfeb-ab76-4198-b9b5-673e51856299.wav,0.0
6858a91c-c370-4b2f-a5cb-7cfefa5c8f0f,coughvid_data/6858a91c-c370-4b2f-a5cb-7cfefa5c8f0f.wav,coughvid_data/6858a91c-c370-4b2f-a5cb-7cfefa5c8f0f.wav,1.0
90c42750-97db-4298-903d-8205cb82dcd8,coughvid_data/90c42750-97db-4298-903d-8205cb82dcd8.wav,coughvid_data/90c42750-97db-4298-903d-8205cb82dcd8.wav,1.0
c5dffdc7-7689-4a46-a104-bc5fc4605af3,coughvid_data/c5dffdc7-7689-4a46-a104-bc5fc4605af3.wav,coughvid_data/c5dffdc7-7689-4a46-a104-bc5fc4605af3.wav,1.0
048143a5-d877-452d-9bb3-4926112b27bd,coughvid_data/048143a5-d877-452d-9bb3-4926112b27bd.wav,coughvid_data/048143a5-d877-452d-9bb3-4926112b27bd.wav,1.0
f34dd46a-d18f-4574-93da-846ee539251f,coughvid_data/f34dd46a-d18f-4574-93da-846ee539251f.wav,coughvid_data/f34dd46a-d18f-4574-93da-846ee539251f.wav,1.0
0fe78838-ba71-4d82-a23a-f2013a72f2dd,coughvid_data/0fe78838-ba71-4d82-a23a-f2013a72f2dd.wav,coughvid_data/0fe78838-ba71-4d82-a23a-f2013a72f2dd.wav,0.0
b2698f20-c6d1-4018-a94d-34a05005b5b6,coughvid_data/b2698f20-c6d1-4018-a94d-34a05005b5b6.wav,coughvid_data/b2698f20-c6d1-4018-a94d-34a05005b5b6.wav,1.0
8bfb3431-fea2-49f0-8563-4227b5aaa521,coughvid_data/8bfb3431-fea2-49f0-8563-4227b5aaa521.wav,coughvid_data/8bfb3431-fea2-49f0-8563-4227b5aaa521.wav,0.0
175cc136-e2c1-4881-a65f-6f05bd54dfa0,coughvid_data/175cc136-e2c1-4881-a65f-6f05bd54dfa0.wav,coughvid_data/175cc136-e2c1-4881-a65f-6f05bd54dfa0.wav,1.0
51fabc4a-8725-4839-9a40-e4315742ac3e,coughvid_data/51fabc4a-8725-4839-9a40-e4315742ac3e.wav,coughvid_data/51fabc4a-8725-4839-9a40-e4315742ac3e.wav,1.0
e1d64b4a-10bf-4daa-a666-aa9f0fccc05d,coughvid_data/e1d64b4a-10bf-4daa-a666-aa9f0fccc05d.wav,coughvid_data/e1d64b4a-10bf-4daa-a666-aa9f0fccc05d.wav,1.0
216eae90-64c1-4703-be6c-4ed0fa77da85,coughvid_data/216eae90-64c1-4703-be6c-4ed0fa77da85.wav,coughvid_data/216eae90-64c1-4703-be6c-4ed0fa77da85.wav,1.0
26fb0f92-5dca-436a-81aa-5a2f3a140ce9,coughvid_data/26fb0f92-5dca-436a-81aa-5a2f3a140ce9.wav,coughvid_data/26fb0f92-5dca-436a-81aa-5a2f3a140ce9.wav,0.0
86377148-da06-498f-8dfb-b6806b5e96e3,coughvid_data/86377148-da06-498f-8dfb-b6806b5e96e3.wav,coughvid_data/86377148-da06-498f-8dfb-b6806b5e96e3.wav,0.0
eca7604f-8ad4-46ed-bcdd-f5cb463c4065,coughvid_data/eca7604f-8ad4-46ed-bcdd-f5cb463c4065.wav,coughvid_data/eca7604f-8ad4-46ed-bcdd-f5cb463c4065.wav,0.0
3efd915e-4d1e-4361-97fe-6c524772b603,coughvid_data/3efd915e-4d1e-4361-97fe-6c524772b603.wav,coughvid_data/3efd915e-4d1e-4361-97fe-6c524772b603.wav,1.0
b47a42fa-037c-4ea2-9029-5ef01f07585a,coughvid_data/b47a42fa-037c-4ea2-9029-5ef01f07585a.wav,coughvid_data/b47a42fa-037c-4ea2-9029-5ef01f07585a.wav,0.0
ef6d35f9-347a-4aad-9e4d-e37bd0f417f9,coughvid_data/ef6d35f9-347a-4aad-9e4d-e37bd0f417f9.wav,coughvid_data/ef6d35f9-347a-4aad-9e4d-e37bd0f417f9.wav,1.0
0fae7f09-bd3f-4107-b4e5-1be907ab9c6d,coughvid_data/0fae7f09-bd3f-4107-b4e5-1be907ab9c6d.wav,coughvid_data/0fae7f09-bd3f-4107-b4e5-1be907ab9c6d.wav,0.0
7b42a797-57a3-4c4b-8fdc-3a2b78e693c4,coughvid_data/7b42a797-57a3-4c4b-8fdc-3a2b78e693c4.wav,coughvid_data/7b42a797-57a3-4c4b-8fdc-3a2b78e693c4.wav,0.0
45108ef3-8e23-4e43-acd3-e0b095501159,coughvid_data/45108ef3-8e23-4e43-acd3-e0b095501159.wav,coughvid_data/45108ef3-8e23-4e43-acd3-e0b095501159.wav,0.0
20b1df94-9e78-4358-bc4f-af8fd611b8a6,coughvid_data/20b1df94-9e78-4358-bc4f-af8fd611b8a6.wav,coughvid_data/20b1df94-9e78-4358-bc4f-af8fd611b8a6.wav,0.0
17b54f0d-2f96-4f6d-ae52-ac2e31bcc692,coughvid_data/17b54f0d-2f96-4f6d-ae52-ac2e31bcc692.wav,coughvid_data/17b54f0d-2f96-4f6d-ae52-ac2e31bcc692.wav,1.0
d0ea7f95-9b52-440a-a5cf-41eebd0348d5,coughvid_data/d0ea7f95-9b52-440a-a5cf-41eebd0348d5.wav,coughvid_data/d0ea7f95-9b52-440a-a5cf-41eebd0348d5.wav,1.0
ed423c87-b27d-43f4-a9eb-54136f00ace5,coughvid_data/ed423c87-b27d-43f4-a9eb-54136f00ace5.wav,coughvid_data/ed423c87-b27d-43f4-a9eb-54136f00ace5.wav,0.0
f6bd3e9a-d09c-4630-8851-836799a22b5c,coughvid_data/f6bd3e9a-d09c-4630-8851-836799a22b5c.wav,coughvid_data/f6bd3e9a-d09c-4630-8851-836799a22b5c.wav,0.0
89fa8687-4e83-4a88-9ec9-c2a0c68bc7ad,coughvid_data/89fa8687-4e83-4a88-9ec9-c2a0c68bc7ad.wav,coughvid_data/89fa8687-4e83-4a88-9ec9-c2a0c68bc7ad.wav,1.0
6cd231b3-05e8-4f93-86dd-b549ef9046cc,coughvid_data/6cd231b3-05e8-4f93-86dd-b549ef9046cc.wav,coughvid_data/6cd231b3-05e8-4f93-86dd-b549ef9046cc.wav,0.0
07fda61f-b265-4b00-b01b-43e4a8912e06,coughvid_data/07fda61f-b265-4b00-b01b-43e4a8912e06.wav,coughvid_data/07fda61f-b265-4b00-b01b-43e4a8912e06.wav,1.0
86d5ead8-2c18-4bb1-87a4-947f585748cb,coughvid_data/86d5ead8-2c18-4bb1-87a4-947f585748cb.wav,coughvid_data/86d5ead8-2c18-4bb1-87a4-947f585748cb.wav,1.0
e30a9dd3-1345-4f38-80ba-22238e78f0c8,coughvid_data/e30a9dd3-1345-4f38-80ba-22238e78f0c8.wav,coughvid_data/e30a9dd3-1345-4f38-80ba-22238e78f0c8.wav,1.0
7c9ba655-4601-4863-84c8-dc4e9b67f25d,coughvid_data/7c9ba655-4601-4863-84c8-dc4e9b67f25d.wav,coughvid_data/7c9ba655-4601-4863-84c8-dc4e9b67f25d.wav,1.0
2775e649-4be1-4b52-8788-deb4b9d736e2,coughvid_data/2775e649-4be1-4b52-8788-deb4b9d736e2.wav,coughvid_data/2775e649-4be1-4b52-8788-deb4b9d736e2.wav,1.0
b28383b6-3d81-4940-b118-056c1f839e2e,coughvid_data/b28383b6-3d81-4940-b118-056c1f839e2e.wav,coughvid_data/b28383b6-3d81-4940-b118-056c1f839e2e.wav,1.0
bc435f0f-2f75-4fd6-81de-262e9c9e66c1,coughvid_data/bc435f0f-2f75-4fd6-81de-262e9c9e66c1.wav,coughvid_data/bc435f0f-2f75-4fd6-81de-262e9c9e66c1.wav,1.0
43df4f16-fb75-43bb-a866-5231a9243e21,coughvid_data/43df4f16-fb75-43bb-a866-5231a9243e21.wav,coughvid_data/43df4f16-fb75-43bb-a866-5231a9243e21.wav,1.0
5a5bb9b5-5ff2-478a-94d2-2046c24ecd0d,coughvid_data/5a5bb9b5-5ff2-478a-94d2-2046c24ecd0d.wav,coughvid_data/5a5bb9b5-5ff2-478a-94d2-2046c24ecd0d.wav,1.0
ca86d8f8-8614-4d7d-800c-ca67726459dd,coughvid_data/ca86d8f8-8614-4d7d-800c-ca67726459dd.wav,coughvid_data/ca86d8f8-8614-4d7d-800c-ca67726459dd.wav,0.0
1e9bf223-b33e-4bda-a71f-d3b24331cf18,coughvid_data/1e9bf223-b33e-4bda-a71f-d3b24331cf18.wav,coughvid_data/1e9bf223-b33e-4bda-a71f-d3b24331cf18.wav,1.0
8852c7cf-77e7-4655-b1fe-1d5212d7aa5c,coughvid_data/8852c7cf-77e7-4655-b1fe-1d5212d7aa5c.wav,coughvid_data/8852c7cf-77e7-4655-b1fe-1d5212d7aa5c.wav,1.0
6c2fb8b3-887e-44dc-9e4e-4ac7acca79b0,coughvid_data/6c2fb8b3-887e-44dc-9e4e-4ac7acca79b0.wav,coughvid_data/6c2fb8b3-887e-44dc-9e4e-4ac7acca79b0.wav,0.0
6e49b0b7-cb6f-4c81-b7d7-00005f451f71,coughvid_data/6e49b0b7-cb6f-4c81-b7d7-00005f451f71.wav,coughvid_data/6e49b0b7-cb6f-4c81-b7d7-00005f451f71.wav,0.0
4e030c57-eb04-4207-9d73-cfe610aba2be,coughvid_data/4e030c57-eb04-4207-9d73-cfe610aba2be.wav,coughvid_data/4e030c57-eb04-4207-9d73-cfe610aba2be.wav,0.0
ffdcd501-1205-4644-9f1b-550cc381e74e,coughvid_data/ffdcd501-1205-4644-9f1b-550cc381e74e.wav,coughvid_data/ffdcd501-1205-4644-9f1b-550cc381e74e.wav,1.0
3e5b7dfb-48c7-4af4-aadc-20e84d7d47d9,coughvid_data/3e5b7dfb-48c7-4af4-aadc-20e84d7d47d9.wav,coughvid_data/3e5b7dfb-48c7-4af4-aadc-20e84d7d47d9.wav,1.0
bd38ab63-fa3b-4cea-8a67-544f6e270509,coughvid_data/bd38ab63-fa3b-4cea-8a67-544f6e270509.wav,coughvid_data/bd38ab63-fa3b-4cea-8a67-544f6e270509.wav,1.0
5a907277-cd6b-408b-b19a-28c032e35d32,coughvid_data/5a907277-cd6b-408b-b19a-28c032e35d32.wav,coughvid_data/5a907277-cd6b-408b-b19a-28c032e35d32.wav,1.0
3f704a42-a555-4e69-b7d0-9d3d6ba38178,coughvid_data/3f704a42-a555-4e69-b7d0-9d3d6ba38178.wav,coughvid_data/3f704a42-a555-4e69-b7d0-9d3d6ba38178.wav,0.0
08202eda-c430-4c41-bb4d-33d7a969cee5,coughvid_data/08202eda-c430-4c41-bb4d-33d7a969cee5.wav,coughvid_data/08202eda-c430-4c41-bb4d-33d7a969cee5.wav,1.0
ecddcec7-66e7-4f04-bd1d-c90d6906d5a8,coughvid_data/ecddcec7-66e7-4f04-bd1d-c90d6906d5a8.wav,coughvid_data/ecddcec7-66e7-4f04-bd1d-c90d6906d5a8.wav,0.0
4435a7e2-7539-4568-bae4-38e3ca2d60dc,coughvid_data/4435a7e2-7539-4568-bae4-38e3ca2d60dc.wav,coughvid_data/4435a7e2-7539-4568-bae4-38e3ca2d60dc.wav,0.0
4c9ce6f7-8ca8-41b9-8e18-8cd3de335c48,coughvid_data/4c9ce6f7-8ca8-41b9-8e18-8cd3de335c48.wav,coughvid_data/4c9ce6f7-8ca8-41b9-8e18-8cd3de335c48.wav,1.0
e2c76572-d968-4bec-babd-dbc0cae1b52a,coughvid_data/e2c76572-d968-4bec-babd-dbc0cae1b52a.wav,coughvid_data/e2c76572-d968-4bec-babd-dbc0cae1b52a.wav,1.0
e355a749-e6e3-4008-9c7d-f29a82d145b8,coughvid_data/e355a749-e6e3-4008-9c7d-f29a82d145b8.wav,coughvid_data/e355a749-e6e3-4008-9c7d-f29a82d145b8.wav,0.0
f56a1381-b36d-4aaa-aa73-43dfebcc5cbc,coughvid_data/f56a1381-b36d-4aaa-aa73-43dfebcc5cbc.wav,coughvid_data/f56a1381-b36d-4aaa-aa73-43dfebcc5cbc.wav,0.0
7a985f89-ed5d-41e2-9f5d-8d8982508665,coughvid_data/7a985f89-ed5d-41e2-9f5d-8d8982508665.wav,coughvid_data/7a985f89-ed5d-41e2-9f5d-8d8982508665.wav,1.0
9f4950d3-cf6a-4343-b169-f87ff3b5d46d,coughvid_data/9f4950d3-cf6a-4343-b169-f87ff3b5d46d.wav,coughvid_data/9f4950d3-cf6a-4343-b169-f87ff3b5d46d.wav,0.0
e607a9a2-e15a-48a9-aaec-506a91c4e918,coughvid_data/e607a9a2-e15a-48a9-aaec-506a91c4e918.wav,coughvid_data/e607a9a2-e15a-48a9-aaec-506a91c4e918.wav,1.0
e8d05756-a27d-4d5e-a4a7-f3bcf763608e,coughvid_data/e8d05756-a27d-4d5e-a4a7-f3bcf763608e.wav,coughvid_data/e8d05756-a27d-4d5e-a4a7-f3bcf763608e.wav,1.0
1d3efa17-4f8b-48ef-9dd8-47ac6b0247f7,coughvid_data/1d3efa17-4f8b-48ef-9dd8-47ac6b0247f7.wav,coughvid_data/1d3efa17-4f8b-48ef-9dd8-47ac6b0247f7.wav,1.0
9af81878-8733-41fa-ba96-cf7887cb1cc4,coughvid_data/9af81878-8733-41fa-ba96-cf7887cb1cc4.wav,coughvid_data/9af81878-8733-41fa-ba96-cf7887cb1cc4.wav,1.0
1eb79bf6-cc47-4e34-8f66-7c2ced618486,coughvid_data/1eb79bf6-cc47-4e34-8f66-7c2ced618486.wav,coughvid_data/1eb79bf6-cc47-4e34-8f66-7c2ced618486.wav,0.0
6de4d933-3eeb-4f54-9082-e817374a44fa,coughvid_data/6de4d933-3eeb-4f54-9082-e817374a44fa.wav,coughvid_data/6de4d933-3eeb-4f54-9082-e817374a44fa.wav,1.0
9e3d3f47-fa59-49a6-80aa-b99a6644885f,coughvid_data/9e3d3f47-fa59-49a6-80aa-b99a6644885f.wav,coughvid_data/9e3d3f47-fa59-49a6-80aa-b99a6644885f.wav,0.0
46ff5a1f-69cd-4c28-96b4-b6a06f1419a1,coughvid_data/46ff5a1f-69cd-4c28-96b4-b6a06f1419a1.wav,coughvid_data/46ff5a1f-69cd-4c28-96b4-b6a06f1419a1.wav,0.0
6ae99e6f-623c-45e5-aa98-cf00914f1974,coughvid_data/6ae99e6f-623c-45e5-aa98-cf00914f1974.wav,coughvid_data/6ae99e6f-623c-45e5-aa98-cf00914f1974.wav,1.0
cbc44a45-447f-4143-b0eb-1bb44185b99a,coughvid_data/cbc44a45-447f-4143-b0eb-1bb44185b99a.wav,coughvid_data/cbc44a45-447f-4143-b0eb-1bb44185b99a.wav,1.0
53f61b43-36d8-4a57-a269-5434aa872542,coughvid_data/53f61b43-36d8-4a57-a269-5434aa872542.wav,coughvid_data/53f61b43-36d8-4a57-a269-5434aa872542.wav,0.0
09bffe1a-63f0-4f2e-942b-f7a152b344fc,coughvid_data/09bffe1a-63f0-4f2e-942b-f7a152b344fc.wav,coughvid_data/09bffe1a-63f0-4f2e-942b-f7a152b344fc.wav,1.0
fdd7fc21-6fbb-48d0-8167-d017c4981509,coughvid_data/fdd7fc21-6fbb-48d0-8167-d017c4981509.wav,coughvid_data/fdd7fc21-6fbb-48d0-8167-d017c4981509.wav,1.0
b8e11945-e660-4d4f-95b5-7c502e4be758,coughvid_data/b8e11945-e660-4d4f-95b5-7c502e4be758.wav,coughvid_data/b8e11945-e660-4d4f-95b5-7c502e4be758.wav,0.0
2993f3f5-59a7-412d-9af8-dbd9a2ec987d,coughvid_data/2993f3f5-59a7-412d-9af8-dbd9a2ec987d.wav,coughvid_data/2993f3f5-59a7-412d-9af8-dbd9a2ec987d.wav,0.0
2d081c65-45a9-4979-b993-9c091d896651,coughvid_data/2d081c65-45a9-4979-b993-9c091d896651.wav,coughvid_data/2d081c65-45a9-4979-b993-9c091d896651.wav,0.0
7030ccfb-bf43-40e0-8afd-0ae092deaa5d,coughvid_data/7030ccfb-bf43-40e0-8afd-0ae092deaa5d.wav,coughvid_data/7030ccfb-bf43-40e0-8afd-0ae092deaa5d.wav,1.0
66ce8d20-55d6-4a95-847e-d286d6549a69,coughvid_data/66ce8d20-55d6-4a95-847e-d286d6549a69.wav,coughvid_data/66ce8d20-55d6-4a95-847e-d286d6549a69.wav,0.0
a62003dc-58a8-4161-b5f4-983e86b4c0c0,coughvid_data/a62003dc-58a8-4161-b5f4-983e86b4c0c0.wav,coughvid_data/a62003dc-58a8-4161-b5f4-983e86b4c0c0.wav,0.0
8c036ff7-7cdf-4293-a362-226244d688a8,coughvid_data/8c036ff7-7cdf-4293-a362-226244d688a8.wav,coughvid_data/8c036ff7-7cdf-4293-a362-226244d688a8.wav,1.0
40cc5fd9-9a01-4489-9333-5d7cb1c969d6,coughvid_data/40cc5fd9-9a01-4489-9333-5d7cb1c969d6.wav,coughvid_data/40cc5fd9-9a01-4489-9333-5d7cb1c969d6.wav,0.0
6f11218c-4f4a-4714-a7f4-370b2c40697b,coughvid_data/6f11218c-4f4a-4714-a7f4-370b2c40697b.wav,coughvid_data/6f11218c-4f4a-4714-a7f4-370b2c40697b.wav,1.0
c49a69d1-2a59-408b-9d47-49e65473e667,coughvid_data/c49a69d1-2a59-408b-9d47-49e65473e667.wav,coughvid_data/c49a69d1-2a59-408b-9d47-49e65473e667.wav,0.0
d01e84ea-01a7-441e-8b90-2e11d0039171,coughvid_data/d01e84ea-01a7-441e-8b90-2e11d0039171.wav,coughvid_data/d01e84ea-01a7-441e-8b90-2e11d0039171.wav,1.0
53beaf34-9109-46d0-a737-7ed1d9c20f52,coughvid_data/53beaf34-9109-46d0-a737-7ed1d9c20f52.wav,coughvid_data/53beaf34-9109-46d0-a737-7ed1d9c20f52.wav,1.0
209666a1-e207-4778-978f-533147f2f659,coughvid_data/209666a1-e207-4778-978f-533147f2f659.wav,coughvid_data/209666a1-e207-4778-978f-533147f2f659.wav,0.0
caab1fb2-2d20-4d45-9b75-c39108b0e305,coughvid_data/caab1fb2-2d20-4d45-9b75-c39108b0e305.wav,coughvid_data/caab1fb2-2d20-4d45-9b75-c39108b0e305.wav,1.0
9f973aa6-1b72-4fcf-a9fb-d6aa0a35db4a,coughvid_data/9f973aa6-1b72-4fcf-a9fb-d6aa0a35db4a.wav,coughvid_data/9f973aa6-1b72-4fcf-a9fb-d6aa0a35db4a.wav,0.0
dcd83409-4978-4197-b2a7-bd11be608364,coughvid_data/dcd83409-4978-4197-b2a7-bd11be608364.wav,coughvid_data/dcd83409-4978-4197-b2a7-bd11be608364.wav,0.0
c4844ff3-1947-4d89-88aa-65ed4892cf0c,coughvid_data/c4844ff3-1947-4d89-88aa-65ed4892cf0c.wav,coughvid_data/c4844ff3-1947-4d89-88aa-65ed4892cf0c.wav,1.0
e11607ca-ff93-4c91-b970-85a081fa3f0b,coughvid_data/e11607ca-ff93-4c91-b970-85a081fa3f0b.wav,coughvid_data/e11607ca-ff93-4c91-b970-85a081fa3f0b.wav,1.0
b2f44fa1-bf02-421f-afaf-9c19de73caf9,coughvid_data/b2f44fa1-bf02-421f-afaf-9c19de73caf9.wav,coughvid_data/b2f44fa1-bf02-421f-afaf-9c19de73caf9.wav,1.0
52421776-4020-4838-8c8b-eb17228272d9,coughvid_data/52421776-4020-4838-8c8b-eb17228272d9.wav,coughvid_data/52421776-4020-4838-8c8b-eb17228272d9.wav,1.0
a03299d9-a418-45d9-b84a-ea844d8f05e3,coughvid_data/a03299d9-a418-45d9-b84a-ea844d8f05e3.wav,coughvid_data/a03299d9-a418-45d9-b84a-ea844d8f05e3.wav,1.0
e562f750-dae8-41d2-84b2-8e141d081e05,coughvid_data/e562f750-dae8-41d2-84b2-8e141d081e05.wav,coughvid_data/e562f750-dae8-41d2-84b2-8e141d081e05.wav,1.0
1b3aac5c-ee4c-4170-a10c-814a51a519a4,coughvid_data/1b3aac5c-ee4c-4170-a10c-814a51a519a4.wav,coughvid_data/1b3aac5c-ee4c-4170-a10c-814a51a519a4.wav,0.0
3e0fc549-5b05-4405-bfd4-051e7fba7d17,coughvid_data/3e0fc549-5b05-4405-bfd4-051e7fba7d17.wav,coughvid_data/3e0fc549-5b05-4405-bfd4-051e7fba7d17.wav,0.0
f3464f61-ee6f-456f-8346-c94a5bdc60e3,coughvid_data/f3464f61-ee6f-456f-8346-c94a5bdc60e3.wav,coughvid_data/f3464f61-ee6f-456f-8346-c94a5bdc60e3.wav,1.0
9302487c-e3cb-4435-90c7-f84cbfe9c457,coughvid_data/9302487c-e3cb-4435-90c7-f84cbfe9c457.wav,coughvid_data/9302487c-e3cb-4435-90c7-f84cbfe9c457.wav,1.0
a04a7b4f-5e0b-45f4-92e1-e27d1165fdb6,coughvid_data/a04a7b4f-5e0b-45f4-92e1-e27d1165fdb6.wav,coughvid_data/a04a7b4f-5e0b-45f4-92e1-e27d1165fdb6.wav,0.0
5323b000-e0fa-4ef4-aee5-f9f0ba5be350,coughvid_data/5323b000-e0fa-4ef4-aee5-f9f0ba5be350.wav,coughvid_data/5323b000-e0fa-4ef4-aee5-f9f0ba5be350.wav,1.0
1c9baf05-bc5c-4896-ba4f-83609f5e5907,coughvid_data/1c9baf05-bc5c-4896-ba4f-83609f5e5907.wav,coughvid_data/1c9baf05-bc5c-4896-ba4f-83609f5e5907.wav,0.0
42dcff9d-b2e1-4b9e-bd93-81a0a100d232,coughvid_data/42dcff9d-b2e1-4b9e-bd93-81a0a100d232.wav,coughvid_data/42dcff9d-b2e1-4b9e-bd93-81a0a100d232.wav,1.0
7587c4ce-f6f7-45bc-abb8-e351897911c9,coughvid_data/7587c4ce-f6f7-45bc-abb8-e351897911c9.wav,coughvid_data/7587c4ce-f6f7-45bc-abb8-e351897911c9.wav,1.0
62475459-9d58-43a5-a645-a3daa7f631b1,coughvid_data/62475459-9d58-43a5-a645-a3daa7f631b1.wav,coughvid_data/62475459-9d58-43a5-a645-a3daa7f631b1.wav,0.0
aa2eabb1-bd08-496a-a2df-2a87b8426885,coughvid_data/aa2eabb1-bd08-496a-a2df-2a87b8426885.wav,coughvid_data/aa2eabb1-bd08-496a-a2df-2a87b8426885.wav,0.0
3e08c9ff-08e5-4a87-9d65-1da983f8ea41,coughvid_data/3e08c9ff-08e5-4a87-9d65-1da983f8ea41.wav,coughvid_data/3e08c9ff-08e5-4a87-9d65-1da983f8ea41.wav,1.0
c8033692-2084-45eb-afcf-a4a4537f51a1,coughvid_data/c8033692-2084-45eb-afcf-a4a4537f51a1.wav,coughvid_data/c8033692-2084-45eb-afcf-a4a4537f51a1.wav,0.0
29d2365f-933d-42ab-9816-55c6899f8045,coughvid_data/29d2365f-933d-42ab-9816-55c6899f8045.wav,coughvid_data/29d2365f-933d-42ab-9816-55c6899f8045.wav,1.0
9ba3189a-d530-4f1a-86f5-bd34c51d511e,coughvid_data/9ba3189a-d530-4f1a-86f5-bd34c51d511e.wav,coughvid_data/9ba3189a-d530-4f1a-86f5-bd34c51d511e.wav,0.0
f040fdec-9352-4124-9085-4032d749c7ff,coughvid_data/f040fdec-9352-4124-9085-4032d749c7ff.wav,coughvid_data/f040fdec-9352-4124-9085-4032d749c7ff.wav,0.0
69ad7edf-b6d8-441b-9fb7-8f92b87f2d68,coughvid_data/69ad7edf-b6d8-441b-9fb7-8f92b87f2d68.wav,coughvid_data/69ad7edf-b6d8-441b-9fb7-8f92b87f2d68.wav,0.0
b69aef72-e977-4167-87a9-3ac50a2f0760,coughvid_data/b69aef72-e977-4167-87a9-3ac50a2f0760.wav,coughvid_data/b69aef72-e977-4167-87a9-3ac50a2f0760.wav,0.0
24fb6f3d-8340-4ee3-a2a4-e245a9310192,coughvid_data/24fb6f3d-8340-4ee3-a2a4-e245a9310192.wav,coughvid_data/24fb6f3d-8340-4ee3-a2a4-e245a9310192.wav,1.0
f6e7a2e2-46c1-411c-ab2a-478eb429ead3,coughvid_data/f6e7a2e2-46c1-411c-ab2a-478eb429ead3.wav,coughvid_data/f6e7a2e2-46c1-411c-ab2a-478eb429ead3.wav,1.0
feb93862-2508-4ca7-a74e-77701bbcd3c0,coughvid_data/feb93862-2508-4ca7-a74e-77701bbcd3c0.wav,coughvid_data/feb93862-2508-4ca7-a74e-77701bbcd3c0.wav,1.0
b98ecdbd-e037-4f79-be68-56bc49acb4b9,coughvid_data/b98ecdbd-e037-4f79-be68-56bc49acb4b9.wav,coughvid_data/b98ecdbd-e037-4f79-be68-56bc49acb4b9.wav,1.0
449678d7-6f27-4e8d-a31e-25fd04e5a762,coughvid_data/449678d7-6f27-4e8d-a31e-25fd04e5a762.wav,coughvid_data/449678d7-6f27-4e8d-a31e-25fd04e5a762.wav,1.0
2806e249-699a-4f3f-88f4-909a0c81dcc7,coughvid_data/2806e249-699a-4f3f-88f4-909a0c81dcc7.wav,coughvid_data/2806e249-699a-4f3f-88f4-909a0c81dcc7.wav,0.0
2b754c21-dda5-4ecb-a816-22f8c516ca5a,coughvid_data/2b754c21-dda5-4ecb-a816-22f8c516ca5a.wav,coughvid_data/2b754c21-dda5-4ecb-a816-22f8c516ca5a.wav,0.0
5896c535-0e7b-40d5-a230-2ecbe7233b3c,coughvid_data/5896c535-0e7b-40d5-a230-2ecbe7233b3c.wav,coughvid_data/5896c535-0e7b-40d5-a230-2ecbe7233b3c.wav,1.0
88befe8c-f955-4db0-bddf-7229f0a57e94,coughvid_data/88befe8c-f955-4db0-bddf-7229f0a57e94.wav,coughvid_data/88befe8c-f955-4db0-bddf-7229f0a57e94.wav,1.0
3c2d1c14-6efe-4f10-bebd-3ea7e4e8999e,coughvid_data/3c2d1c14-6efe-4f10-bebd-3ea7e4e8999e.wav,coughvid_data/3c2d1c14-6efe-4f10-bebd-3ea7e4e8999e.wav,1.0
dc71cd7f-cce3-44f8-8b09-23b8eebca4e9,coughvid_data/dc71cd7f-cce3-44f8-8b09-23b8eebca4e9.wav,coughvid_data/dc71cd7f-cce3-44f8-8b09-23b8eebca4e9.wav,0.0
1fe62fbe-d083-4b82-8f65-093ef3597662,coughvid_data/1fe62fbe-d083-4b82-8f65-093ef3597662.wav,coughvid_data/1fe62fbe-d083-4b82-8f65-093ef3597662.wav,0.0
3b70bd11-b3ab-4462-bae6-9d343c1d38dc,coughvid_data/3b70bd11-b3ab-4462-bae6-9d343c1d38dc.wav,coughvid_data/3b70bd11-b3ab-4462-bae6-9d343c1d38dc.wav,1.0
72b55e48-44a0-4027-8b11-7483d30b7261,coughvid_data/72b55e48-44a0-4027-8b11-7483d30b7261.wav,coughvid_data/72b55e48-44a0-4027-8b11-7483d30b7261.wav,0.0
e4beffa7-e90c-4bbc-a138-71e99299bc1f,coughvid_data/e4beffa7-e90c-4bbc-a138-71e99299bc1f.wav,coughvid_data/e4beffa7-e90c-4bbc-a138-71e99299bc1f.wav,0.0
5fdc4eea-db3b-4824-ac44-af0a70bd385c,coughvid_data/5fdc4eea-db3b-4824-ac44-af0a70bd385c.wav,coughvid_data/5fdc4eea-db3b-4824-ac44-af0a70bd385c.wav,1.0
759e33c7-5ca3-4d91-9fdd-908b486c5498,coughvid_data/759e33c7-5ca3-4d91-9fdd-908b486c5498.wav,coughvid_data/759e33c7-5ca3-4d91-9fdd-908b486c5498.wav,0.0
7cc83c62-1a61-46bf-a038-e7d1361ab9d0,coughvid_data/7cc83c62-1a61-46bf-a038-e7d1361ab9d0.wav,coughvid_data/7cc83c62-1a61-46bf-a038-e7d1361ab9d0.wav,0.0
a5fa6e70-f8bb-4b84-93fa-c153b03514f5,coughvid_data/a5fa6e70-f8bb-4b84-93fa-c153b03514f5.wav,coughvid_data/a5fa6e70-f8bb-4b84-93fa-c153b03514f5.wav,1.0
8e03e0f4-c66b-41d2-b4bd-78e2d808f6cf,coughvid_data/8e03e0f4-c66b-41d2-b4bd-78e2d808f6cf.wav,coughvid_data/8e03e0f4-c66b-41d2-b4bd-78e2d808f6cf.wav,0.0
2a04cea5-6c65-47d8-9ad3-7298d29ce9d5,coughvid_data/2a04cea5-6c65-47d8-9ad3-7298d29ce9d5.wav,coughvid_data/2a04cea5-6c65-47d8-9ad3-7298d29ce9d5.wav,0.0
d0900d06-18dd-4fa9-94a7-7dc1e4d0f125,coughvid_data/d0900d06-18dd-4fa9-94a7-7dc1e4d0f125.wav,coughvid_data/d0900d06-18dd-4fa9-94a7-7dc1e4d0f125.wav,1.0
0ef4dc6c-9a00-431b-838a-426fdb35cfce,coughvid_data/0ef4dc6c-9a00-431b-838a-426fdb35cfce.wav,coughvid_data/0ef4dc6c-9a00-431b-838a-426fdb35cfce.wav,1.0
66eea6b8-e116-42ea-b678-8ac3dfaa6f97,coughvid_data/66eea6b8-e116-42ea-b678-8ac3dfaa6f97.wav,coughvid_data/66eea6b8-e116-42ea-b678-8ac3dfaa6f97.wav,0.0
36d021d5-44f9-41ad-b69a-817172076292,coughvid_data/36d021d5-44f9-41ad-b69a-817172076292.wav,coughvid_data/36d021d5-44f9-41ad-b69a-817172076292.wav,0.0
034a2518-6303-455a-b6d9-896bc567e95e,coughvid_data/034a2518-6303-455a-b6d9-896bc567e95e.wav,coughvid_data/034a2518-6303-455a-b6d9-896bc567e95e.wav,1.0
265b5f48-e426-4f8a-82b7-6a366af1def5,coughvid_data/265b5f48-e426-4f8a-82b7-6a366af1def5.wav,coughvid_data/265b5f48-e426-4f8a-82b7-6a366af1def5.wav,0.0
a92d388a-dd35-49b0-9db9-a919841bd2f6,coughvid_data/a92d388a-dd35-49b0-9db9-a919841bd2f6.wav,coughvid_data/a92d388a-dd35-49b0-9db9-a919841bd2f6.wav,1.0
f9275e85-e63f-4d78-bd2f-543ed2acd3c4,coughvid_data/f9275e85-e63f-4d78-bd2f-543ed2acd3c4.wav,coughvid_data/f9275e85-e63f-4d78-bd2f-543ed2acd3c4.wav,1.0
8699d7ea-852e-4a33-aea6-f1d42d7b58ea,coughvid_data/8699d7ea-852e-4a33-aea6-f1d42d7b58ea.wav,coughvid_data/8699d7ea-852e-4a33-aea6-f1d42d7b58ea.wav,0.0
4c84038d-b185-4170-b981-dbf67ca281b8,coughvid_data/4c84038d-b185-4170-b981-dbf67ca281b8.wav,coughvid_data/4c84038d-b185-4170-b981-dbf67ca281b8.wav,0.0
47043b5e-009c-4628-be23-5c5f89fbe238,coughvid_data/47043b5e-009c-4628-be23-5c5f89fbe238.wav,coughvid_data/47043b5e-009c-4628-be23-5c5f89fbe238.wav,0.0
72ab770e-a11d-4f98-8e94-7027f3f7a0ab,coughvid_data/72ab770e-a11d-4f98-8e94-7027f3f7a0ab.wav,coughvid_data/72ab770e-a11d-4f98-8e94-7027f3f7a0ab.wav,1.0
cfc5e6f0-954a-47af-854d-8a4868113e1e,coughvid_data/cfc5e6f0-954a-47af-854d-8a4868113e1e.wav,coughvid_data/cfc5e6f0-954a-47af-854d-8a4868113e1e.wav,0.0
bacfda3f-3ae9-444d-a2ec-9368c458b9c1,coughvid_data/bacfda3f-3ae9-444d-a2ec-9368c458b9c1.wav,coughvid_data/bacfda3f-3ae9-444d-a2ec-9368c458b9c1.wav,1.0
22f86e6a-26ad-430f-809b-ec530c39333d,coughvid_data/22f86e6a-26ad-430f-809b-ec530c39333d.wav,coughvid_data/22f86e6a-26ad-430f-809b-ec530c39333d.wav,0.0
235f3521-60fc-4f0d-a322-6f5ac55e5d3b,coughvid_data/235f3521-60fc-4f0d-a322-6f5ac55e5d3b.wav,coughvid_data/235f3521-60fc-4f0d-a322-6f5ac55e5d3b.wav,0.0
1a1d690b-98a1-41ad-88be-ecd556cedf03,coughvid_data/1a1d690b-98a1-41ad-88be-ecd556cedf03.wav,coughvid_data/1a1d690b-98a1-41ad-88be-ecd556cedf03.wav,0.0
fe8c855a-21ba-4f61-b274-3acff1ea5265,coughvid_data/fe8c855a-21ba-4f61-b274-3acff1ea5265.wav,coughvid_data/fe8c855a-21ba-4f61-b274-3acff1ea5265.wav,1.0
47270e22-442d-49ea-945c-77f6de31816c,coughvid_data/47270e22-442d-49ea-945c-77f6de31816c.wav,coughvid_data/47270e22-442d-49ea-945c-77f6de31816c.wav,0.0
df83326a-df62-4e9a-8b72-1b8e669c4683,coughvid_data/df83326a-df62-4e9a-8b72-1b8e669c4683.wav,coughvid_data/df83326a-df62-4e9a-8b72-1b8e669c4683.wav,1.0
8e585cf5-2acf-4cba-ae24-1773e97a1360,coughvid_data/8e585cf5-2acf-4cba-ae24-1773e97a1360.wav,coughvid_data/8e585cf5-2acf-4cba-ae24-1773e97a1360.wav,0.0
14cc3f38-7c72-4145-a039-cc6f91fa4cae,coughvid_data/14cc3f38-7c72-4145-a039-cc6f91fa4cae.wav,coughvid_data/14cc3f38-7c72-4145-a039-cc6f91fa4cae.wav,1.0
11ce4d7b-6d2d-4591-a201-238d47ac09be,coughvid_data/11ce4d7b-6d2d-4591-a201-238d47ac09be.wav,coughvid_data/11ce4d7b-6d2d-4591-a201-238d47ac09be.wav,0.0
6dc3c03a-aeaa-4130-8295-c09e80895c76,coughvid_data/6dc3c03a-aeaa-4130-8295-c09e80895c76.wav,coughvid_data/6dc3c03a-aeaa-4130-8295-c09e80895c76.wav,0.0
8b427718-43ee-418f-b8f1-6807b3d6ed0e,coughvid_data/8b427718-43ee-418f-b8f1-6807b3d6ed0e.wav,coughvid_data/8b427718-43ee-418f-b8f1-6807b3d6ed0e.wav,1.0
578e2adf-3105-429b-bfa9-7f82f84b389e,coughvid_data/578e2adf-3105-429b-bfa9-7f82f84b389e.wav,coughvid_data/578e2adf-3105-429b-bfa9-7f82f84b389e.wav,0.0
d8c31f01-9829-4bd9-b4df-d26be75227ea,coughvid_data/d8c31f01-9829-4bd9-b4df-d26be75227ea.wav,coughvid_data/d8c31f01-9829-4bd9-b4df-d26be75227ea.wav,0.0
79032bb4-5a95-49eb-bb2c-64805657fcf1,coughvid_data/79032bb4-5a95-49eb-bb2c-64805657fcf1.wav,coughvid_data/79032bb4-5a95-49eb-bb2c-64805657fcf1.wav,1.0
da183636-ee3f-498b-8f3b-f82bba3957e4,coughvid_data/da183636-ee3f-498b-8f3b-f82bba3957e4.wav,coughvid_data/da183636-ee3f-498b-8f3b-f82bba3957e4.wav,0.0
8fe1c06b-a0d9-431a-bc8b-b3d8f30a88a1,coughvid_data/8fe1c06b-a0d9-431a-bc8b-b3d8f30a88a1.wav,coughvid_data/8fe1c06b-a0d9-431a-bc8b-b3d8f30a88a1.wav,0.0
45cfa32a-1902-4668-9fe9-29148afe007a,coughvid_data/45cfa32a-1902-4668-9fe9-29148afe007a.wav,coughvid_data/45cfa32a-1902-4668-9fe9-29148afe007a.wav,0.0
e143e661-0cf2-4c4b-aedb-a2c929aa884f,coughvid_data/e143e661-0cf2-4c4b-aedb-a2c929aa884f.wav,coughvid_data/e143e661-0cf2-4c4b-aedb-a2c929aa884f.wav,0.0
7f588f87-5d34-4509-8b86-a00cf09bf778,coughvid_data/7f588f87-5d34-4509-8b86-a00cf09bf778.wav,coughvid_data/7f588f87-5d34-4509-8b86-a00cf09bf778.wav,1.0
319aee98-36bc-4cf9-86ad-049443946b59,coughvid_data/319aee98-36bc-4cf9-86ad-049443946b59.wav,coughvid_data/319aee98-36bc-4cf9-86ad-049443946b59.wav,1.0
86d682c0-3519-4bb1-95a8-fd12845d8509,coughvid_data/86d682c0-3519-4bb1-95a8-fd12845d8509.wav,coughvid_data/86d682c0-3519-4bb1-95a8-fd12845d8509.wav,0.0
137b22e5-293a-4b4b-84e8-d82c14e08fc9,coughvid_data/137b22e5-293a-4b4b-84e8-d82c14e08fc9.wav,coughvid_data/137b22e5-293a-4b4b-84e8-d82c14e08fc9.wav,1.0
4acbcad7-5fe9-43de-a938-83dcba1185ac,coughvid_data/4acbcad7-5fe9-43de-a938-83dcba1185ac.wav,coughvid_data/4acbcad7-5fe9-43de-a938-83dcba1185ac.wav,1.0
fb9cb30d-8607-42c9-be32-be54099f7dc0,coughvid_data/fb9cb30d-8607-42c9-be32-be54099f7dc0.wav,coughvid_data/fb9cb30d-8607-42c9-be32-be54099f7dc0.wav,0.0
bb21f0d4-57fc-4c76-9ecc-265443492efe,coughvid_data/bb21f0d4-57fc-4c76-9ecc-265443492efe.wav,coughvid_data/bb21f0d4-57fc-4c76-9ecc-265443492efe.wav,0.0
24a12311-7fa8-4298-9e9b-4615e00d816a,coughvid_data/24a12311-7fa8-4298-9e9b-4615e00d816a.wav,coughvid_data/24a12311-7fa8-4298-9e9b-4615e00d816a.wav,0.0
23e6f902-3b61-4212-acb1-0fa1834654e1,coughvid_data/23e6f902-3b61-4212-acb1-0fa1834654e1.wav,coughvid_data/23e6f902-3b61-4212-acb1-0fa1834654e1.wav,0.0
b0a931d3-aaef-4a2b-a72d-48ea82749068,coughvid_data/b0a931d3-aaef-4a2b-a72d-48ea82749068.wav,coughvid_data/b0a931d3-aaef-4a2b-a72d-48ea82749068.wav,1.0
daa38f5c-3867-40f5-8309-90660ee027bd,coughvid_data/daa38f5c-3867-40f5-8309-90660ee027bd.wav,coughvid_data/daa38f5c-3867-40f5-8309-90660ee027bd.wav,1.0
f1d66c42-07df-414c-8da1-9c4329032f12,coughvid_data/f1d66c42-07df-414c-8da1-9c4329032f12.wav,coughvid_data/f1d66c42-07df-414c-8da1-9c4329032f12.wav,1.0
c32b1c1b-e8f0-4da4-8ad6-11cae49eee43,coughvid_data/c32b1c1b-e8f0-4da4-8ad6-11cae49eee43.wav,coughvid_data/c32b1c1b-e8f0-4da4-8ad6-11cae49eee43.wav,1.0
d6907755-9b5e-46b3-af2d-7421548f6c35,coughvid_data/d6907755-9b5e-46b3-af2d-7421548f6c35.wav,coughvid_data/d6907755-9b5e-46b3-af2d-7421548f6c35.wav,1.0
58d1fa82-f0eb-4e9e-b505-d674973f35ce,coughvid_data/58d1fa82-f0eb-4e9e-b505-d674973f35ce.wav,coughvid_data/58d1fa82-f0eb-4e9e-b505-d674973f35ce.wav,0.0
b0899577-864d-4f57-b12d-fff265c9cbbc,coughvid_data/b0899577-864d-4f57-b12d-fff265c9cbbc.wav,coughvid_data/b0899577-864d-4f57-b12d-fff265c9cbbc.wav,0.0
41a75eb8-8a8f-4706-b76d-459216239f0c,coughvid_data/41a75eb8-8a8f-4706-b76d-459216239f0c.wav,coughvid_data/41a75eb8-8a8f-4706-b76d-459216239f0c.wav,0.0
1a7b91c0-c8c4-4f99-9be9-9dc879976f0b,coughvid_data/1a7b91c0-c8c4-4f99-9be9-9dc879976f0b.wav,coughvid_data/1a7b91c0-c8c4-4f99-9be9-9dc879976f0b.wav,1.0
d67124b0-f082-43c4-93ad-f06e7a9ece02,coughvid_data/d67124b0-f082-43c4-93ad-f06e7a9ece02.wav,coughvid_data/d67124b0-f082-43c4-93ad-f06e7a9ece02.wav,0.0
a27768df-a3bc-4ac9-9d45-76cc25508478,coughvid_data/a27768df-a3bc-4ac9-9d45-76cc25508478.wav,coughvid_data/a27768df-a3bc-4ac9-9d45-76cc25508478.wav,1.0
9eb5f87f-3f16-423d-bd11-bb15a6b11a9d,coughvid_data/9eb5f87f-3f16-423d-bd11-bb15a6b11a9d.wav,coughvid_data/9eb5f87f-3f16-423d-bd11-bb15a6b11a9d.wav,1.0
beb879c4-6085-48b5-8125-49cc5a917f74,coughvid_data/beb879c4-6085-48b5-8125-49cc5a917f74.wav,coughvid_data/beb879c4-6085-48b5-8125-49cc5a917f74.wav,0.0
72b474cc-b704-4871-8bb6-e2a50b2f2358,coughvid_data/72b474cc-b704-4871-8bb6-e2a50b2f2358.wav,coughvid_data/72b474cc-b704-4871-8bb6-e2a50b2f2358.wav,1.0
cd05d1d9-ed06-4fa7-b0d7-3e43c89eb45b,coughvid_data/cd05d1d9-ed06-4fa7-b0d7-3e43c89eb45b.wav,coughvid_data/cd05d1d9-ed06-4fa7-b0d7-3e43c89eb45b.wav,1.0
a4a08f6e-2da2-451c-bb02-8ded8df60004,coughvid_data/a4a08f6e-2da2-451c-bb02-8ded8df60004.wav,coughvid_data/a4a08f6e-2da2-451c-bb02-8ded8df60004.wav,1.0
3b735349-412f-485d-9035-91b0cbf3c109,coughvid_data/3b735349-412f-485d-9035-91b0cbf3c109.wav,coughvid_data/3b735349-412f-485d-9035-91b0cbf3c109.wav,0.0
343ac3e1-976f-471d-b6ea-bc714971e3ed,coughvid_data/343ac3e1-976f-471d-b6ea-bc714971e3ed.wav,coughvid_data/343ac3e1-976f-471d-b6ea-bc714971e3ed.wav,1.0
494b04ba-1878-4efd-b70a-3de930675e92,coughvid_data/494b04ba-1878-4efd-b70a-3de930675e92.wav,coughvid_data/494b04ba-1878-4efd-b70a-3de930675e92.wav,0.0
215a4f38-ac6e-4d5d-a8cc-908764c5c6c5,coughvid_data/215a4f38-ac6e-4d5d-a8cc-908764c5c6c5.wav,coughvid_data/215a4f38-ac6e-4d5d-a8cc-908764c5c6c5.wav,1.0
3af1ee7b-2411-4cb0-afb1-e49d2c9a9cad,coughvid_data/3af1ee7b-2411-4cb0-afb1-e49d2c9a9cad.wav,coughvid_data/3af1ee7b-2411-4cb0-afb1-e49d2c9a9cad.wav,1.0
900e504a-cd2a-4fae-965e-57701fad9663,coughvid_data/900e504a-cd2a-4fae-965e-57701fad9663.wav,coughvid_data/900e504a-cd2a-4fae-965e-57701fad9663.wav,1.0
9a76f4bf-0b87-48d9-be64-acb7848a3629,coughvid_data/9a76f4bf-0b87-48d9-be64-acb7848a3629.wav,coughvid_data/9a76f4bf-0b87-48d9-be64-acb7848a3629.wav,1.0
e114daa4-2a1c-4771-989c-4a77db385059,coughvid_data/e114daa4-2a1c-4771-989c-4a77db385059.wav,coughvid_data/e114daa4-2a1c-4771-989c-4a77db385059.wav,0.0
4083bf9d-8718-4b86-b1ae-cc51abc6dddd,coughvid_data/4083bf9d-8718-4b86-b1ae-cc51abc6dddd.wav,coughvid_data/4083bf9d-8718-4b86-b1ae-cc51abc6dddd.wav,1.0
4b2f5ece-cbe6-44af-929c-95a6369e9aec,coughvid_data/4b2f5ece-cbe6-44af-929c-95a6369e9aec.wav,coughvid_data/4b2f5ece-cbe6-44af-929c-95a6369e9aec.wav,1.0
d5f62ce0-8f64-403b-9ac7-cdb19135c4a1,coughvid_data/d5f62ce0-8f64-403b-9ac7-cdb19135c4a1.wav,coughvid_data/d5f62ce0-8f64-403b-9ac7-cdb19135c4a1.wav,0.0
5b02326a-fd6b-4639-9a74-23b6eba5ffa2,coughvid_data/5b02326a-fd6b-4639-9a74-23b6eba5ffa2.wav,coughvid_data/5b02326a-fd6b-4639-9a74-23b6eba5ffa2.wav,1.0
8ab41445-825e-4e6a-ad8d-5e3d2ad2386b,coughvid_data/8ab41445-825e-4e6a-ad8d-5e3d2ad2386b.wav,coughvid_data/8ab41445-825e-4e6a-ad8d-5e3d2ad2386b.wav,0.0
be1438c9-c8d7-4bb5-b991-eb6fa830f252,coughvid_data/be1438c9-c8d7-4bb5-b991-eb6fa830f252.wav,coughvid_data/be1438c9-c8d7-4bb5-b991-eb6fa830f252.wav,1.0
3bfe195c-44f1-4f42-ac5d-1873bff34b38,coughvid_data/3bfe195c-44f1-4f42-ac5d-1873bff34b38.wav,coughvid_data/3bfe195c-44f1-4f42-ac5d-1873bff34b38.wav,0.0
5718ef7c-696d-46b5-af31-bb898aca6ff0,coughvid_data/5718ef7c-696d-46b5-af31-bb898aca6ff0.wav,coughvid_data/5718ef7c-696d-46b5-af31-bb898aca6ff0.wav,0.0
fb1234a1-0fd5-4b9e-b1b9-688246fe2255,coughvid_data/fb1234a1-0fd5-4b9e-b1b9-688246fe2255.wav,coughvid_data/fb1234a1-0fd5-4b9e-b1b9-688246fe2255.wav,1.0
aa84e5f5-1435-48fd-aca4-d5746e7e82e9,coughvid_data/aa84e5f5-1435-48fd-aca4-d5746e7e82e9.wav,coughvid_data/aa84e5f5-1435-48fd-aca4-d5746e7e82e9.wav,1.0
4f145dec-fb85-4fb0-abfe-62fcf998f2e5,coughvid_data/4f145dec-fb85-4fb0-abfe-62fcf998f2e5.wav,coughvid_data/4f145dec-fb85-4fb0-abfe-62fcf998f2e5.wav,1.0
1e481652-9d9b-4702-bc03-c917086b25e4,coughvid_data/1e481652-9d9b-4702-bc03-c917086b25e4.wav,coughvid_data/1e481652-9d9b-4702-bc03-c917086b25e4.wav,1.0
aad40540-406e-4f62-8a88-9c3c34eaf9b6,coughvid_data/aad40540-406e-4f62-8a88-9c3c34eaf9b6.wav,coughvid_data/aad40540-406e-4f62-8a88-9c3c34eaf9b6.wav,0.0
063986a3-8766-4584-aab6-06495a8cd9c4,coughvid_data/063986a3-8766-4584-aab6-06495a8cd9c4.wav,coughvid_data/063986a3-8766-4584-aab6-06495a8cd9c4.wav,1.0
c17edb71-8c16-4c71-a664-1cd5463c0218,coughvid_data/c17edb71-8c16-4c71-a664-1cd5463c0218.wav,coughvid_data/c17edb71-8c16-4c71-a664-1cd5463c0218.wav,1.0
5a4c1f03-23d0-480c-b618-7104cc3e2d80,coughvid_data/5a4c1f03-23d0-480c-b618-7104cc3e2d80.wav,coughvid_data/5a4c1f03-23d0-480c-b618-7104cc3e2d80.wav,1.0
15921d04-19f5-4247-8c80-459386292ebb,coughvid_data/15921d04-19f5-4247-8c80-459386292ebb.wav,coughvid_data/15921d04-19f5-4247-8c80-459386292ebb.wav,0.0
3a442230-7367-433f-a303-96e6d025b1b2,coughvid_data/3a442230-7367-433f-a303-96e6d025b1b2.wav,coughvid_data/3a442230-7367-433f-a303-96e6d025b1b2.wav,0.0
420a9e92-2be2-4850-9758-45e35cd2508c,coughvid_data/420a9e92-2be2-4850-9758-45e35cd2508c.wav,coughvid_data/420a9e92-2be2-4850-9758-45e35cd2508c.wav,1.0
6bf215cd-25a5-4868-891d-4e25f071ed06,coughvid_data/6bf215cd-25a5-4868-891d-4e25f071ed06.wav,coughvid_data/6bf215cd-25a5-4868-891d-4e25f071ed06.wav,0.0
2896b94a-a67e-44b9-bd7b-ca4ecc9e6e76,coughvid_data/2896b94a-a67e-44b9-bd7b-ca4ecc9e6e76.wav,coughvid_data/2896b94a-a67e-44b9-bd7b-ca4ecc9e6e76.wav,0.0
7bec2b9d-ec07-4dd2-856a-028917baa52a,coughvid_data/7bec2b9d-ec07-4dd2-856a-028917baa52a.wav,coughvid_data/7bec2b9d-ec07-4dd2-856a-028917baa52a.wav,1.0
c8467886-7634-49c1-8df4-ef1459a1c9d3,coughvid_data/c8467886-7634-49c1-8df4-ef1459a1c9d3.wav,coughvid_data/c8467886-7634-49c1-8df4-ef1459a1c9d3.wav,0.0
3c87967e-a348-4ae7-8170-d5ec026dd329,coughvid_data/3c87967e-a348-4ae7-8170-d5ec026dd329.wav,coughvid_data/3c87967e-a348-4ae7-8170-d5ec026dd329.wav,1.0
f8b70fed-5f08-4df9-b9db-730ee31ddea5,coughvid_data/f8b70fed-5f08-4df9-b9db-730ee31ddea5.wav,coughvid_data/f8b70fed-5f08-4df9-b9db-730ee31ddea5.wav,0.0
d9f54cd3-5947-4647-970f-9e11cb687971,coughvid_data/d9f54cd3-5947-4647-970f-9e11cb687971.wav,coughvid_data/d9f54cd3-5947-4647-970f-9e11cb687971.wav,0.0
37fdf4e5-d6f0-431d-a198-28dae66a4e84,coughvid_data/37fdf4e5-d6f0-431d-a198-28dae66a4e84.wav,coughvid_data/37fdf4e5-d6f0-431d-a198-28dae66a4e84.wav,1.0
ffe0658f-bade-4654-ad79-40a468aabb03,coughvid_data/ffe0658f-bade-4654-ad79-40a468aabb03.wav,coughvid_data/ffe0658f-bade-4654-ad79-40a468aabb03.wav,1.0
b25e6bf8-c04d-4d6c-9bb9-21644d3a477b,coughvid_data/b25e6bf8-c04d-4d6c-9bb9-21644d3a477b.wav,coughvid_data/b25e6bf8-c04d-4d6c-9bb9-21644d3a477b.wav,0.0
f871f11b-c593-4d30-b683-f9ba565088e5,coughvid_data/f871f11b-c593-4d30-b683-f9ba565088e5.wav,coughvid_data/f871f11b-c593-4d30-b683-f9ba565088e5.wav,1.0
57e4b744-299e-4858-87eb-85173b031761,coughvid_data/57e4b744-299e-4858-87eb-85173b031761.wav,coughvid_data/57e4b744-299e-4858-87eb-85173b031761.wav,0.0
409c6603-2099-425f-aa02-1a40d3ba3508,coughvid_data/409c6603-2099-425f-aa02-1a40d3ba3508.wav,coughvid_data/409c6603-2099-425f-aa02-1a40d3ba3508.wav,0.0
c827414e-9e4b-4465-b2fb-c57d3d431837,coughvid_data/c827414e-9e4b-4465-b2fb-c57d3d431837.wav,coughvid_data/c827414e-9e4b-4465-b2fb-c57d3d431837.wav,1.0
ecac4c64-aad4-4856-ab96-06f236c5861d,coughvid_data/ecac4c64-aad4-4856-ab96-06f236c5861d.wav,coughvid_data/ecac4c64-aad4-4856-ab96-06f236c5861d.wav,1.0
eeaf1211-0ca2-4d41-a536-344983be1ba0,coughvid_data/eeaf1211-0ca2-4d41-a536-344983be1ba0.wav,coughvid_data/eeaf1211-0ca2-4d41-a536-344983be1ba0.wav,0.0
cfaa1177-0454-43b8-acdf-b8759a73c3bb,coughvid_data/cfaa1177-0454-43b8-acdf-b8759a73c3bb.wav,coughvid_data/cfaa1177-0454-43b8-acdf-b8759a73c3bb.wav,0.0
ea273d5b-a694-4c8b-a817-62378e922526,coughvid_data/ea273d5b-a694-4c8b-a817-62378e922526.wav,coughvid_data/ea273d5b-a694-4c8b-a817-62378e922526.wav,0.0
f0f780f7-a339-4501-8bee-097873dd1ea7,coughvid_data/f0f780f7-a339-4501-8bee-097873dd1ea7.wav,coughvid_data/f0f780f7-a339-4501-8bee-097873dd1ea7.wav,1.0
3a638a01-c7cf-4853-8ac4-f3af5c24fe43,coughvid_data/3a638a01-c7cf-4853-8ac4-f3af5c24fe43.wav,coughvid_data/3a638a01-c7cf-4853-8ac4-f3af5c24fe43.wav,1.0
2de5a53d-4efc-4eab-90b9-d8579cdfa0aa,coughvid_data/2de5a53d-4efc-4eab-90b9-d8579cdfa0aa.wav,coughvid_data/2de5a53d-4efc-4eab-90b9-d8579cdfa0aa.wav,0.0
699c0b40-e5f1-4ea6-aa50-5dc1efcf218e,coughvid_data/699c0b40-e5f1-4ea6-aa50-5dc1efcf218e.wav,coughvid_data/699c0b40-e5f1-4ea6-aa50-5dc1efcf218e.wav,0.0
0055eb06-703b-4fe7-9393-2e1641bfd061,coughvid_data/0055eb06-703b-4fe7-9393-2e1641bfd061.wav,coughvid_data/0055eb06-703b-4fe7-9393-2e1641bfd061.wav,0.0
9aa66c7f-6ce2-462a-9ba0-4f46dee5775d,coughvid_data/9aa66c7f-6ce2-462a-9ba0-4f46dee5775d.wav,coughvid_data/9aa66c7f-6ce2-462a-9ba0-4f46dee5775d.wav,0.0
4b3ed7de-f5cc-425c-954b-ab1e8932b528,coughvid_data/4b3ed7de-f5cc-425c-954b-ab1e8932b528.wav,coughvid_data/4b3ed7de-f5cc-425c-954b-ab1e8932b528.wav,0.0
b180b2c7-cd2e-4282-922c-9fdb10c972ea,coughvid_data/b180b2c7-cd2e-4282-922c-9fdb10c972ea.wav,coughvid_data/b180b2c7-cd2e-4282-922c-9fdb10c972ea.wav,0.0
46822a7b-040f-45a1-82e1-f8650e832605,coughvid_data/46822a7b-040f-45a1-82e1-f8650e832605.wav,coughvid_data/46822a7b-040f-45a1-82e1-f8650e832605.wav,1.0
338fec41-5c26-48c3-a92d-ac558df2a494,coughvid_data/338fec41-5c26-48c3-a92d-ac558df2a494.wav,coughvid_data/338fec41-5c26-48c3-a92d-ac558df2a494.wav,1.0
f20567ae-ac88-4f08-a634-06a3ffb01a6f,coughvid_data/f20567ae-ac88-4f08-a634-06a3ffb01a6f.wav,coughvid_data/f20567ae-ac88-4f08-a634-06a3ffb01a6f.wav,0.0
f150c6e8-40a2-4f27-aeb4-46faf927c2af,coughvid_data/f150c6e8-40a2-4f27-aeb4-46faf927c2af.wav,coughvid_data/f150c6e8-40a2-4f27-aeb4-46faf927c2af.wav,0.0
2ea84177-8e37-49a9-8f18-26ce79f92589,coughvid_data/2ea84177-8e37-49a9-8f18-26ce79f92589.wav,coughvid_data/2ea84177-8e37-49a9-8f18-26ce79f92589.wav,1.0
f9db9ad5-a78e-4f62-a6c3-9000124fcfc1,coughvid_data/f9db9ad5-a78e-4f62-a6c3-9000124fcfc1.wav,coughvid_data/f9db9ad5-a78e-4f62-a6c3-9000124fcfc1.wav,0.0
84d9e34b-6374-4862-82c2-5715fc7f5d6f,coughvid_data/84d9e34b-6374-4862-82c2-5715fc7f5d6f.wav,coughvid_data/84d9e34b-6374-4862-82c2-5715fc7f5d6f.wav,0.0
d0213922-2baa-412e-aa41-e47c2e87c7cb,coughvid_data/d0213922-2baa-412e-aa41-e47c2e87c7cb.wav,coughvid_data/d0213922-2baa-412e-aa41-e47c2e87c7cb.wav,1.0
c3471de3-4750-4906-8030-cf70f2479dc4,coughvid_data/c3471de3-4750-4906-8030-cf70f2479dc4.wav,coughvid_data/c3471de3-4750-4906-8030-cf70f2479dc4.wav,1.0
10904485-536e-408d-b3ea-a8668d271327,coughvid_data/10904485-536e-408d-b3ea-a8668d271327.wav,coughvid_data/10904485-536e-408d-b3ea-a8668d271327.wav,0.0
0d31ca51-5da1-47bc-b8cb-548edebdcfcb,coughvid_data/0d31ca51-5da1-47bc-b8cb-548edebdcfcb.wav,coughvid_data/0d31ca51-5da1-47bc-b8cb-548edebdcfcb.wav,0.0
b235a516-97d4-4a64-91dc-f85f31f50deb,coughvid_data/b235a516-97d4-4a64-91dc-f85f31f50deb.wav,coughvid_data/b235a516-97d4-4a64-91dc-f85f31f50deb.wav,1.0
02796c32-e748-4b86-b7be-06e184e120aa,coughvid_data/02796c32-e748-4b86-b7be-06e184e120aa.wav,coughvid_data/02796c32-e748-4b86-b7be-06e184e120aa.wav,1.0
8ee76e69-18c4-4bc0-ad5d-cababcc26b04,coughvid_data/8ee76e69-18c4-4bc0-ad5d-cababcc26b04.wav,coughvid_data/8ee76e69-18c4-4bc0-ad5d-cababcc26b04.wav,0.0
b9d0daa6-a9ca-46ee-ab9c-aa18f68ef490,coughvid_data/b9d0daa6-a9ca-46ee-ab9c-aa18f68ef490.wav,coughvid_data/b9d0daa6-a9ca-46ee-ab9c-aa18f68ef490.wav,1.0
49461ccc-fce2-4b60-abf5-21f9dffc2454,coughvid_data/49461ccc-fce2-4b60-abf5-21f9dffc2454.wav,coughvid_data/49461ccc-fce2-4b60-abf5-21f9dffc2454.wav,0.0
9e5c158b-d4a3-4d3e-9fe0-92efb67e4b22,coughvid_data/9e5c158b-d4a3-4d3e-9fe0-92efb67e4b22.wav,coughvid_data/9e5c158b-d4a3-4d3e-9fe0-92efb67e4b22.wav,1.0
eb00cee9-aae0-4d2f-9cfb-4df3a1ddeda9,coughvid_data/eb00cee9-aae0-4d2f-9cfb-4df3a1ddeda9.wav,coughvid_data/eb00cee9-aae0-4d2f-9cfb-4df3a1ddeda9.wav,0.0
d245b515-ec5e-4e2e-98fb-b733859db3b3,coughvid_data/d245b515-ec5e-4e2e-98fb-b733859db3b3.wav,coughvid_data/d245b515-ec5e-4e2e-98fb-b733859db3b3.wav,1.0
9611eb13-d4b1-4c07-bf65-f584a0561da2,coughvid_data/9611eb13-d4b1-4c07-bf65-f584a0561da2.wav,coughvid_data/9611eb13-d4b1-4c07-bf65-f584a0561da2.wav,0.0
4eb2a3c7-7ca4-48ff-bbeb-aca25c5f1cde,coughvid_data/4eb2a3c7-7ca4-48ff-bbeb-aca25c5f1cde.wav,coughvid_data/4eb2a3c7-7ca4-48ff-bbeb-aca25c5f1cde.wav,0.0
0ccfdbd6-19f4-4aba-87b5-976b3a5a3d84,coughvid_data/0ccfdbd6-19f4-4aba-87b5-976b3a5a3d84.wav,coughvid_data/0ccfdbd6-19f4-4aba-87b5-976b3a5a3d84.wav,0.0
eb6ac5ba-6334-44d8-aa0d-c8a45de6788d,coughvid_data/eb6ac5ba-6334-44d8-aa0d-c8a45de6788d.wav,coughvid_data/eb6ac5ba-6334-44d8-aa0d-c8a45de6788d.wav,1.0
d841189b-5db2-4e67-b7e8-24f4352db54e,coughvid_data/d841189b-5db2-4e67-b7e8-24f4352db54e.wav,coughvid_data/d841189b-5db2-4e67-b7e8-24f4352db54e.wav,0.0
a09177d9-78d0-4675-bd9a-8e9cd5e0abd9,coughvid_data/a09177d9-78d0-4675-bd9a-8e9cd5e0abd9.wav,coughvid_data/a09177d9-78d0-4675-bd9a-8e9cd5e0abd9.wav,0.0
0b4fb2d2-0ed8-4ef0-ad67-c92c082db141,coughvid_data/0b4fb2d2-0ed8-4ef0-ad67-c92c082db141.wav,coughvid_data/0b4fb2d2-0ed8-4ef0-ad67-c92c082db141.wav,0.0
84c4d47e-f747-4fdd-9536-312ccc7730d3,coughvid_data/84c4d47e-f747-4fdd-9536-312ccc7730d3.wav,coughvid_data/84c4d47e-f747-4fdd-9536-312ccc7730d3.wav,0.0
c7d36176-e402-447b-8079-e4af9dd898f5,coughvid_data/c7d36176-e402-447b-8079-e4af9dd898f5.wav,coughvid_data/c7d36176-e402-447b-8079-e4af9dd898f5.wav,0.0
cabb6679-4f1f-4373-b155-a0c4dd62063c,coughvid_data/cabb6679-4f1f-4373-b155-a0c4dd62063c.wav,coughvid_data/cabb6679-4f1f-4373-b155-a0c4dd62063c.wav,1.0
662f6819-1c22-4b25-bd91-d579bb141d49,coughvid_data/662f6819-1c22-4b25-bd91-d579bb141d49.wav,coughvid_data/662f6819-1c22-4b25-bd91-d579bb141d49.wav,1.0
64449382-d287-4364-8dd8-005d240dbe3c,coughvid_data/64449382-d287-4364-8dd8-005d240dbe3c.wav,coughvid_data/64449382-d287-4364-8dd8-005d240dbe3c.wav,0.0
7c04ad20-58f1-41be-82f5-d21239a33c81,coughvid_data/7c04ad20-58f1-41be-82f5-d21239a33c81.wav,coughvid_data/7c04ad20-58f1-41be-82f5-d21239a33c81.wav,1.0
f6e0bf01-3af7-4bf2-9eaa-b930e9cd3163,coughvid_data/f6e0bf01-3af7-4bf2-9eaa-b930e9cd3163.wav,coughvid_data/f6e0bf01-3af7-4bf2-9eaa-b930e9cd3163.wav,1.0
9450cfcd-11ae-402e-9209-19347e1230c3,coughvid_data/9450cfcd-11ae-402e-9209-19347e1230c3.wav,coughvid_data/9450cfcd-11ae-402e-9209-19347e1230c3.wav,0.0
eea1f401-45a9-4363-964f-7bba2786c47e,coughvid_data/eea1f401-45a9-4363-964f-7bba2786c47e.wav,coughvid_data/eea1f401-45a9-4363-964f-7bba2786c47e.wav,0.0
3df32844-22b0-47a9-9fae-6878b339d4d3,coughvid_data/3df32844-22b0-47a9-9fae-6878b339d4d3.wav,coughvid_data/3df32844-22b0-47a9-9fae-6878b339d4d3.wav,1.0
ebfe0ea7-dceb-4608-bb53-2cdf46dcf481,coughvid_data/ebfe0ea7-dceb-4608-bb53-2cdf46dcf481.wav,coughvid_data/ebfe0ea7-dceb-4608-bb53-2cdf46dcf481.wav,1.0
46a4761b-7883-4b2b-8c69-8de040874e1b,coughvid_data/46a4761b-7883-4b2b-8c69-8de040874e1b.wav,coughvid_data/46a4761b-7883-4b2b-8c69-8de040874e1b.wav,1.0
69684238-0c76-4094-9282-e28b53f9d2f6,coughvid_data/69684238-0c76-4094-9282-e28b53f9d2f6.wav,coughvid_data/69684238-0c76-4094-9282-e28b53f9d2f6.wav,1.0
01f3cf8f-60b3-43f0-904c-479506ba2852,coughvid_data/01f3cf8f-60b3-43f0-904c-479506ba2852.wav,coughvid_data/01f3cf8f-60b3-43f0-904c-479506ba2852.wav,1.0
aafe8770-3fb0-402a-b0a2-45e892eab3fa,coughvid_data/aafe8770-3fb0-402a-b0a2-45e892eab3fa.wav,coughvid_data/aafe8770-3fb0-402a-b0a2-45e892eab3fa.wav,0.0
41612e17-b6bb-4076-82aa-710dc1b2da70,coughvid_data/41612e17-b6bb-4076-82aa-710dc1b2da70.wav,coughvid_data/41612e17-b6bb-4076-82aa-710dc1b2da70.wav,1.0
25b4902b-3a28-4392-ae54-e97915720546,coughvid_data/25b4902b-3a28-4392-ae54-e97915720546.wav,coughvid_data/25b4902b-3a28-4392-ae54-e97915720546.wav,1.0
4afa3822-6de3-4877-b5ee-2e4e7ffb9081,coughvid_data/4afa3822-6de3-4877-b5ee-2e4e7ffb9081.wav,coughvid_data/4afa3822-6de3-4877-b5ee-2e4e7ffb9081.wav,1.0
56cf0933-9f05-4181-bace-533a4062199c,coughvid_data/56cf0933-9f05-4181-bace-533a4062199c.wav,coughvid_data/56cf0933-9f05-4181-bace-533a4062199c.wav,1.0
f4d6b56c-6d0a-47e5-b318-c6e53e55e5a4,coughvid_data/f4d6b56c-6d0a-47e5-b318-c6e53e55e5a4.wav,coughvid_data/f4d6b56c-6d0a-47e5-b318-c6e53e55e5a4.wav,1.0
11837fe5-a206-4b9a-8fe4-1aec20701101,coughvid_data/11837fe5-a206-4b9a-8fe4-1aec20701101.wav,coughvid_data/11837fe5-a206-4b9a-8fe4-1aec20701101.wav,1.0
deb2972a-cee8-42f2-8cde-0639c71dda23,coughvid_data/deb2972a-cee8-42f2-8cde-0639c71dda23.wav,coughvid_data/deb2972a-cee8-42f2-8cde-0639c71dda23.wav,1.0
8c182c6f-abab-4eae-a000-717f5597a844,coughvid_data/8c182c6f-abab-4eae-a000-717f5597a844.wav,coughvid_data/8c182c6f-abab-4eae-a000-717f5597a844.wav,0.0
069e1372-e17e-4222-a7b1-b5f1d42c31bb,coughvid_data/069e1372-e17e-4222-a7b1-b5f1d42c31bb.wav,coughvid_data/069e1372-e17e-4222-a7b1-b5f1d42c31bb.wav,0.0
3863baf5-53a0-4c35-84ec-4fe0c411f513,coughvid_data/3863baf5-53a0-4c35-84ec-4fe0c411f513.wav,coughvid_data/3863baf5-53a0-4c35-84ec-4fe0c411f513.wav,1.0
2cacd3c3-89d0-4fc0-b5ab-89691c77557c,coughvid_data/2cacd3c3-89d0-4fc0-b5ab-89691c77557c.wav,coughvid_data/2cacd3c3-89d0-4fc0-b5ab-89691c77557c.wav,1.0
d0644186-080d-45b3-bf94-d4d5da2c676d,coughvid_data/d0644186-080d-45b3-bf94-d4d5da2c676d.wav,coughvid_data/d0644186-080d-45b3-bf94-d4d5da2c676d.wav,1.0
0eff5e84-f9b2-4d31-ae68-b4bbe09b54cf,coughvid_data/0eff5e84-f9b2-4d31-ae68-b4bbe09b54cf.wav,coughvid_data/0eff5e84-f9b2-4d31-ae68-b4bbe09b54cf.wav,0.0
fcefa0dd-81e5-4df7-8940-1ff10b9c4005,coughvid_data/fcefa0dd-81e5-4df7-8940-1ff10b9c4005.wav,coughvid_data/fcefa0dd-81e5-4df7-8940-1ff10b9c4005.wav,1.0
27202a5c-e3e7-4a35-b5e5-d21334b0f3dc,coughvid_data/27202a5c-e3e7-4a35-b5e5-d21334b0f3dc.wav,coughvid_data/27202a5c-e3e7-4a35-b5e5-d21334b0f3dc.wav,0.0
00d90dc0-6441-4147-85f1-98a76b77e5a1,coughvid_data/00d90dc0-6441-4147-85f1-98a76b77e5a1.wav,coughvid_data/00d90dc0-6441-4147-85f1-98a76b77e5a1.wav,0.0
0ab97aa4-9a60-4fae-98df-4052f500d118,coughvid_data/0ab97aa4-9a60-4fae-98df-4052f500d118.wav,coughvid_data/0ab97aa4-9a60-4fae-98df-4052f500d118.wav,0.0
20960b42-c11e-4fba-b6c2-f7c1c68efa76,coughvid_data/20960b42-c11e-4fba-b6c2-f7c1c68efa76.wav,coughvid_data/20960b42-c11e-4fba-b6c2-f7c1c68efa76.wav,0.0
1004063d-c1fd-4ede-9239-2c2f1561c0d4,coughvid_data/1004063d-c1fd-4ede-9239-2c2f1561c0d4.wav,coughvid_data/1004063d-c1fd-4ede-9239-2c2f1561c0d4.wav,0.0
c362bab4-81b7-4d88-bd15-c2f0788173b9,coughvid_data/c362bab4-81b7-4d88-bd15-c2f0788173b9.wav,coughvid_data/c362bab4-81b7-4d88-bd15-c2f0788173b9.wav,1.0
1cd6901b-7672-408e-bebd-aaefbd156cde,coughvid_data/1cd6901b-7672-408e-bebd-aaefbd156cde.wav,coughvid_data/1cd6901b-7672-408e-bebd-aaefbd156cde.wav,0.0
e60e4fd1-8a91-4f4c-a27f-b2e31ef1d132,coughvid_data/e60e4fd1-8a91-4f4c-a27f-b2e31ef1d132.wav,coughvid_data/e60e4fd1-8a91-4f4c-a27f-b2e31ef1d132.wav,0.0
515bde60-7763-4e6f-a6b0-923c2e65f7b2,coughvid_data/515bde60-7763-4e6f-a6b0-923c2e65f7b2.wav,coughvid_data/515bde60-7763-4e6f-a6b0-923c2e65f7b2.wav,1.0
2e4456dd-bb47-45f7-b2ef-7b2d2f2859c6,coughvid_data/2e4456dd-bb47-45f7-b2ef-7b2d2f2859c6.wav,coughvid_data/2e4456dd-bb47-45f7-b2ef-7b2d2f2859c6.wav,1.0
5a74535e-72a9-4d9d-95bd-a25b4a36ffee,coughvid_data/5a74535e-72a9-4d9d-95bd-a25b4a36ffee.wav,coughvid_data/5a74535e-72a9-4d9d-95bd-a25b4a36ffee.wav,1.0
15ca14aa-664a-4a37-8a6e-e0ab4bc93997,coughvid_data/15ca14aa-664a-4a37-8a6e-e0ab4bc93997.wav,coughvid_data/15ca14aa-664a-4a37-8a6e-e0ab4bc93997.wav,0.0
cf29c2b8-c4a7-4103-a4e0-1d53f1f07b3f,coughvid_data/cf29c2b8-c4a7-4103-a4e0-1d53f1f07b3f.wav,coughvid_data/cf29c2b8-c4a7-4103-a4e0-1d53f1f07b3f.wav,0.0
f42f1d8b-0ed8-4ed3-bb32-637f8c52ce5d,coughvid_data/f42f1d8b-0ed8-4ed3-bb32-637f8c52ce5d.wav,coughvid_data/f42f1d8b-0ed8-4ed3-bb32-637f8c52ce5d.wav,1.0
12cd0210-b46c-442a-afd6-791105fa02f4,coughvid_data/12cd0210-b46c-442a-afd6-791105fa02f4.wav,coughvid_data/12cd0210-b46c-442a-afd6-791105fa02f4.wav,1.0
d86829db-f225-4f3d-8373-9f3e385f33cd,coughvid_data/d86829db-f225-4f3d-8373-9f3e385f33cd.wav,coughvid_data/d86829db-f225-4f3d-8373-9f3e385f33cd.wav,0.0
b0fde0d4-3080-47d9-b145-18a2d7427d85,coughvid_data/b0fde0d4-3080-47d9-b145-18a2d7427d85.wav,coughvid_data/b0fde0d4-3080-47d9-b145-18a2d7427d85.wav,1.0
81a78003-5840-4bb6-9f6b-7d191b9013e8,coughvid_data/81a78003-5840-4bb6-9f6b-7d191b9013e8.wav,coughvid_data/81a78003-5840-4bb6-9f6b-7d191b9013e8.wav,0.0
2d668f36-161c-40af-b65a-2070ff8fbf51,coughvid_data/2d668f36-161c-40af-b65a-2070ff8fbf51.wav,coughvid_data/2d668f36-161c-40af-b65a-2070ff8fbf51.wav,0.0
c252bca5-8aa2-49c6-9086-08906c2dee43,coughvid_data/c252bca5-8aa2-49c6-9086-08906c2dee43.wav,coughvid_data/c252bca5-8aa2-49c6-9086-08906c2dee43.wav,1.0
e027bdef-1d64-47ef-b1c0-f54a2cf87a6b,coughvid_data/e027bdef-1d64-47ef-b1c0-f54a2cf87a6b.wav,coughvid_data/e027bdef-1d64-47ef-b1c0-f54a2cf87a6b.wav,1.0
008aaff4-2eb7-4c75-b6ee-83b0d8004b0b,coughvid_data/008aaff4-2eb7-4c75-b6ee-83b0d8004b0b.wav,coughvid_data/008aaff4-2eb7-4c75-b6ee-83b0d8004b0b.wav,0.0
72a6bc2f-2362-40a7-b6c3-cb51fa5d0d11,coughvid_data/72a6bc2f-2362-40a7-b6c3-cb51fa5d0d11.wav,coughvid_data/72a6bc2f-2362-40a7-b6c3-cb51fa5d0d11.wav,0.0
b694b349-6315-4150-ae47-c1a45103ab28,coughvid_data/b694b349-6315-4150-ae47-c1a45103ab28.wav,coughvid_data/b694b349-6315-4150-ae47-c1a45103ab28.wav,0.0
df062028-1ba9-4bc2-9a98-bfefe88dc070,coughvid_data/df062028-1ba9-4bc2-9a98-bfefe88dc070.wav,coughvid_data/df062028-1ba9-4bc2-9a98-bfefe88dc070.wav,0.0
8d6a7845-de6b-438c-9b4b-a96b96fc5c6f,coughvid_data/8d6a7845-de6b-438c-9b4b-a96b96fc5c6f.wav,coughvid_data/8d6a7845-de6b-438c-9b4b-a96b96fc5c6f.wav,0.0
3b73344a-d09c-4125-8113-3280f8ad0034,coughvid_data/3b73344a-d09c-4125-8113-3280f8ad0034.wav,coughvid_data/3b73344a-d09c-4125-8113-3280f8ad0034.wav,1.0
f2299286-c0d6-41f9-b3c4-dde9847c4042,coughvid_data/f2299286-c0d6-41f9-b3c4-dde9847c4042.wav,coughvid_data/f2299286-c0d6-41f9-b3c4-dde9847c4042.wav,0.0
f4d06640-6eaf-40e8-a96e-3ffd924cd7ef,coughvid_data/f4d06640-6eaf-40e8-a96e-3ffd924cd7ef.wav,coughvid_data/f4d06640-6eaf-40e8-a96e-3ffd924cd7ef.wav,1.0
feba320e-a076-4f62-b1e3-d34f394a1253,coughvid_data/feba320e-a076-4f62-b1e3-d34f394a1253.wav,coughvid_data/feba320e-a076-4f62-b1e3-d34f394a1253.wav,0.0
10d5bd7a-9df3-402c-8137-39397836eff6,coughvid_data/10d5bd7a-9df3-402c-8137-39397836eff6.wav,coughvid_data/10d5bd7a-9df3-402c-8137-39397836eff6.wav,1.0
579ba3c0-e640-4a9b-9bed-6570c0492f64,coughvid_data/579ba3c0-e640-4a9b-9bed-6570c0492f64.wav,coughvid_data/579ba3c0-e640-4a9b-9bed-6570c0492f64.wav,1.0
2405a4e8-af80-4fbf-86c8-4ad9d1731acc,coughvid_data/2405a4e8-af80-4fbf-86c8-4ad9d1731acc.wav,coughvid_data/2405a4e8-af80-4fbf-86c8-4ad9d1731acc.wav,0.0
df6cf29a-fcf8-4b96-ab4f-19e018c3b297,coughvid_data/df6cf29a-fcf8-4b96-ab4f-19e018c3b297.wav,coughvid_data/df6cf29a-fcf8-4b96-ab4f-19e018c3b297.wav,1.0
72afc623-7415-4b8b-9696-36e814f30fee,coughvid_data/72afc623-7415-4b8b-9696-36e814f30fee.wav,coughvid_data/72afc623-7415-4b8b-9696-36e814f30fee.wav,1.0
0b069782-38a1-4442-a0e1-c48e50f8060c,coughvid_data/0b069782-38a1-4442-a0e1-c48e50f8060c.wav,coughvid_data/0b069782-38a1-4442-a0e1-c48e50f8060c.wav,0.0
b1fc4912-06ae-46ac-b2c1-5bd5019f2352,coughvid_data/b1fc4912-06ae-46ac-b2c1-5bd5019f2352.wav,coughvid_data/b1fc4912-06ae-46ac-b2c1-5bd5019f2352.wav,1.0
7741e6da-fd9e-4860-9327-8d29d622f358,coughvid_data/7741e6da-fd9e-4860-9327-8d29d622f358.wav,coughvid_data/7741e6da-fd9e-4860-9327-8d29d622f358.wav,0.0
f5231767-4f81-4b7a-bace-c6eae80fe56c,coughvid_data/f5231767-4f81-4b7a-bace-c6eae80fe56c.wav,coughvid_data/f5231767-4f81-4b7a-bace-c6eae80fe56c.wav,1.0
4958250c-b98c-4ac4-9302-8e72e4677c13,coughvid_data/4958250c-b98c-4ac4-9302-8e72e4677c13.wav,coughvid_data/4958250c-b98c-4ac4-9302-8e72e4677c13.wav,0.0
16527cdc-bf15-4805-8f8d-28b11175ff5d,coughvid_data/16527cdc-bf15-4805-8f8d-28b11175ff5d.wav,coughvid_data/16527cdc-bf15-4805-8f8d-28b11175ff5d.wav,1.0
21aee478-6d13-45ea-be4d-4f29fd244798,coughvid_data/21aee478-6d13-45ea-be4d-4f29fd244798.wav,coughvid_data/21aee478-6d13-45ea-be4d-4f29fd244798.wav,1.0
6730dfca-86fc-4858-937b-c0776845836f,coughvid_data/6730dfca-86fc-4858-937b-c0776845836f.wav,coughvid_data/6730dfca-86fc-4858-937b-c0776845836f.wav,1.0
d5e45512-0d6d-4e55-9f06-2fb951f4e34b,coughvid_data/d5e45512-0d6d-4e55-9f06-2fb951f4e34b.wav,coughvid_data/d5e45512-0d6d-4e55-9f06-2fb951f4e34b.wav,1.0
ef7652b3-9fb0-4c90-9194-64b632274a63,coughvid_data/ef7652b3-9fb0-4c90-9194-64b632274a63.wav,coughvid_data/ef7652b3-9fb0-4c90-9194-64b632274a63.wav,0.0
3b589f9f-6d4a-48cb-a8ba-a48fa9777300,coughvid_data/3b589f9f-6d4a-48cb-a8ba-a48fa9777300.wav,coughvid_data/3b589f9f-6d4a-48cb-a8ba-a48fa9777300.wav,0.0
661b148d-d8af-4d8f-8d78-04df48a1532f,coughvid_data/661b148d-d8af-4d8f-8d78-04df48a1532f.wav,coughvid_data/661b148d-d8af-4d8f-8d78-04df48a1532f.wav,1.0
c3a56f05-4248-41cf-8202-ea72dcbfaf8c,coughvid_data/c3a56f05-4248-41cf-8202-ea72dcbfaf8c.wav,coughvid_data/c3a56f05-4248-41cf-8202-ea72dcbfaf8c.wav,0.0
f3c0452a-8c0f-4956-9cbf-97c44582b564,coughvid_data/f3c0452a-8c0f-4956-9cbf-97c44582b564.wav,coughvid_data/f3c0452a-8c0f-4956-9cbf-97c44582b564.wav,0.0
5924eb95-885e-4a8c-963b-7ae82fa963cd,coughvid_data/5924eb95-885e-4a8c-963b-7ae82fa963cd.wav,coughvid_data/5924eb95-885e-4a8c-963b-7ae82fa963cd.wav,0.0
3866a8ef-6c1a-4483-a632-6e95a095cf7d,coughvid_data/3866a8ef-6c1a-4483-a632-6e95a095cf7d.wav,coughvid_data/3866a8ef-6c1a-4483-a632-6e95a095cf7d.wav,1.0
29cc3ba0-df58-4cfd-ae43-04bc712621ba,coughvid_data/29cc3ba0-df58-4cfd-ae43-04bc712621ba.wav,coughvid_data/29cc3ba0-df58-4cfd-ae43-04bc712621ba.wav,0.0
d4a3b3e2-6501-4b8d-a33d-8d959d8c7339,coughvid_data/d4a3b3e2-6501-4b8d-a33d-8d959d8c7339.wav,coughvid_data/d4a3b3e2-6501-4b8d-a33d-8d959d8c7339.wav,1.0
6a1104ec-fae2-4ef2-83c1-248e13dca2a5,coughvid_data/6a1104ec-fae2-4ef2-83c1-248e13dca2a5.wav,coughvid_data/6a1104ec-fae2-4ef2-83c1-248e13dca2a5.wav,0.0
f59b8c5d-68ea-4d42-bec4-c80c5711e669,coughvid_data/f59b8c5d-68ea-4d42-bec4-c80c5711e669.wav,coughvid_data/f59b8c5d-68ea-4d42-bec4-c80c5711e669.wav,1.0
a722f1cb-1d2f-4d4a-9312-ac24e174ae82,coughvid_data/a722f1cb-1d2f-4d4a-9312-ac24e174ae82.wav,coughvid_data/a722f1cb-1d2f-4d4a-9312-ac24e174ae82.wav,0.0
85a9eed3-a954-4607-833d-0d75945db468,coughvid_data/85a9eed3-a954-4607-833d-0d75945db468.wav,coughvid_data/85a9eed3-a954-4607-833d-0d75945db468.wav,0.0
08b9362f-e96d-4ef2-9e83-0b0c63c9fa57,coughvid_data/08b9362f-e96d-4ef2-9e83-0b0c63c9fa57.wav,coughvid_data/08b9362f-e96d-4ef2-9e83-0b0c63c9fa57.wav,1.0
1aaf1454-9391-4fa0-86c0-4583d9659f1f,coughvid_data/1aaf1454-9391-4fa0-86c0-4583d9659f1f.wav,coughvid_data/1aaf1454-9391-4fa0-86c0-4583d9659f1f.wav,0.0
85e94758-e409-4c19-9d77-57e08414cbee,coughvid_data/85e94758-e409-4c19-9d77-57e08414cbee.wav,coughvid_data/85e94758-e409-4c19-9d77-57e08414cbee.wav,0.0
471cc586-d5fb-4035-9183-5b312390be70,coughvid_data/471cc586-d5fb-4035-9183-5b312390be70.wav,coughvid_data/471cc586-d5fb-4035-9183-5b312390be70.wav,0.0
6601b775-f974-47ae-84a8-241f1ad4169a,coughvid_data/6601b775-f974-47ae-84a8-241f1ad4169a.wav,coughvid_data/6601b775-f974-47ae-84a8-241f1ad4169a.wav,0.0
51068909-4925-4f73-9dd0-13caefb21742,coughvid_data/51068909-4925-4f73-9dd0-13caefb21742.wav,coughvid_data/51068909-4925-4f73-9dd0-13caefb21742.wav,0.0
ddf8dc2a-540e-4be7-a509-1e63544cf9f1,coughvid_data/ddf8dc2a-540e-4be7-a509-1e63544cf9f1.wav,coughvid_data/ddf8dc2a-540e-4be7-a509-1e63544cf9f1.wav,1.0
182246b0-9f77-4c40-976e-3c9342619819,coughvid_data/182246b0-9f77-4c40-976e-3c9342619819.wav,coughvid_data/182246b0-9f77-4c40-976e-3c9342619819.wav,1.0
e5f1a51a-8d0c-477a-a1d0-66728ff6e167,coughvid_data/e5f1a51a-8d0c-477a-a1d0-66728ff6e167.wav,coughvid_data/e5f1a51a-8d0c-477a-a1d0-66728ff6e167.wav,1.0
07856135-3e9a-4695-94c6-d015b295fc47,coughvid_data/07856135-3e9a-4695-94c6-d015b295fc47.wav,coughvid_data/07856135-3e9a-4695-94c6-d015b295fc47.wav,0.0
94d774ea-25be-4cc1-b56d-dd6920c63435,coughvid_data/94d774ea-25be-4cc1-b56d-dd6920c63435.wav,coughvid_data/94d774ea-25be-4cc1-b56d-dd6920c63435.wav,1.0
3b8f677b-5193-47d6-8546-f70e235be7e4,coughvid_data/3b8f677b-5193-47d6-8546-f70e235be7e4.wav,coughvid_data/3b8f677b-5193-47d6-8546-f70e235be7e4.wav,0.0
58e558fd-0637-4f72-9ddb-8463ec98f0b0,coughvid_data/58e558fd-0637-4f72-9ddb-8463ec98f0b0.wav,coughvid_data/58e558fd-0637-4f72-9ddb-8463ec98f0b0.wav,1.0
0b82cd46-2046-4a59-adeb-1f234e5a2d27,coughvid_data/0b82cd46-2046-4a59-adeb-1f234e5a2d27.wav,coughvid_data/0b82cd46-2046-4a59-adeb-1f234e5a2d27.wav,0.0
0f8360ca-cf4e-4250-86c6-79c4fff902b0,coughvid_data/0f8360ca-cf4e-4250-86c6-79c4fff902b0.wav,coughvid_data/0f8360ca-cf4e-4250-86c6-79c4fff902b0.wav,1.0
9e1babea-4261-48e1-bc9f-50b1dcd8e090,coughvid_data/9e1babea-4261-48e1-bc9f-50b1dcd8e090.wav,coughvid_data/9e1babea-4261-48e1-bc9f-50b1dcd8e090.wav,0.0
e65779b8-9c8c-4c6d-bfba-a5ffc9b94595,coughvid_data/e65779b8-9c8c-4c6d-bfba-a5ffc9b94595.wav,coughvid_data/e65779b8-9c8c-4c6d-bfba-a5ffc9b94595.wav,1.0
d99191f3-5c65-426a-9bd8-4a2d056756a6,coughvid_data/d99191f3-5c65-426a-9bd8-4a2d056756a6.wav,coughvid_data/d99191f3-5c65-426a-9bd8-4a2d056756a6.wav,0.0
8ef30383-a5c0-48e9-bb05-12a735793220,coughvid_data/8ef30383-a5c0-48e9-bb05-12a735793220.wav,coughvid_data/8ef30383-a5c0-48e9-bb05-12a735793220.wav,1.0
2813007b-c77a-4751-8f8d-4b24e9a24df8,coughvid_data/2813007b-c77a-4751-8f8d-4b24e9a24df8.wav,coughvid_data/2813007b-c77a-4751-8f8d-4b24e9a24df8.wav,0.0
e103b9f7-6950-477e-8e5e-aa3f49e64fd9,coughvid_data/e103b9f7-6950-477e-8e5e-aa3f49e64fd9.wav,coughvid_data/e103b9f7-6950-477e-8e5e-aa3f49e64fd9.wav,1.0
5e6d9fe2-f660-49d8-8258-96fc6518187d,coughvid_data/5e6d9fe2-f660-49d8-8258-96fc6518187d.wav,coughvid_data/5e6d9fe2-f660-49d8-8258-96fc6518187d.wav,1.0
c167d6d1-8671-49d5-8d18-a533f6ba7557,coughvid_data/c167d6d1-8671-49d5-8d18-a533f6ba7557.wav,coughvid_data/c167d6d1-8671-49d5-8d18-a533f6ba7557.wav,1.0
23bfbae4-3a76-4e79-807b-7142310a68b0,coughvid_data/23bfbae4-3a76-4e79-807b-7142310a68b0.wav,coughvid_data/23bfbae4-3a76-4e79-807b-7142310a68b0.wav,1.0
b0a2d8c3-9d7a-49b6-8773-a098d7fc260a,coughvid_data/b0a2d8c3-9d7a-49b6-8773-a098d7fc260a.wav,coughvid_data/b0a2d8c3-9d7a-49b6-8773-a098d7fc260a.wav,0.0
c104f1e6-ea79-4b0f-af50-e3c6feec8426,coughvid_data/c104f1e6-ea79-4b0f-af50-e3c6feec8426.wav,coughvid_data/c104f1e6-ea79-4b0f-af50-e3c6feec8426.wav,0.0
5bf4fa1c-46d5-4b6c-aa23-9d1122e4d4cd,coughvid_data/5bf4fa1c-46d5-4b6c-aa23-9d1122e4d4cd.wav,coughvid_data/5bf4fa1c-46d5-4b6c-aa23-9d1122e4d4cd.wav,1.0
390a4fc9-b657-4250-a2d2-5a3afe01f14f,coughvid_data/390a4fc9-b657-4250-a2d2-5a3afe01f14f.wav,coughvid_data/390a4fc9-b657-4250-a2d2-5a3afe01f14f.wav,1.0
e2b9ec78-89f4-40e3-bc8d-d8e78a23cee1,coughvid_data/e2b9ec78-89f4-40e3-bc8d-d8e78a23cee1.wav,coughvid_data/e2b9ec78-89f4-40e3-bc8d-d8e78a23cee1.wav,1.0
acb71b06-ad73-45fe-ad2d-cdda44cfbcef,coughvid_data/acb71b06-ad73-45fe-ad2d-cdda44cfbcef.wav,coughvid_data/acb71b06-ad73-45fe-ad2d-cdda44cfbcef.wav,1.0
90c99392-d6e2-49a0-82e0-e0ca386d3cc7,coughvid_data/90c99392-d6e2-49a0-82e0-e0ca386d3cc7.wav,coughvid_data/90c99392-d6e2-49a0-82e0-e0ca386d3cc7.wav,0.0
3a4e5947-ce0e-41e3-9437-22361c302807,coughvid_data/3a4e5947-ce0e-41e3-9437-22361c302807.wav,coughvid_data/3a4e5947-ce0e-41e3-9437-22361c302807.wav,0.0
157b154f-83bd-4e34-a975-adae6395bdb5,coughvid_data/157b154f-83bd-4e34-a975-adae6395bdb5.wav,coughvid_data/157b154f-83bd-4e34-a975-adae6395bdb5.wav,0.0
6d9da028-e6f6-45d1-9ee2-b61d5b1ebf3a,coughvid_data/6d9da028-e6f6-45d1-9ee2-b61d5b1ebf3a.wav,coughvid_data/6d9da028-e6f6-45d1-9ee2-b61d5b1ebf3a.wav,0.0
4861a1aa-8106-46d9-a5aa-e8e36453008b,coughvid_data/4861a1aa-8106-46d9-a5aa-e8e36453008b.wav,coughvid_data/4861a1aa-8106-46d9-a5aa-e8e36453008b.wav,1.0
795f834e-fd12-4019-a148-25b04ff3d99a,coughvid_data/795f834e-fd12-4019-a148-25b04ff3d99a.wav,coughvid_data/795f834e-fd12-4019-a148-25b04ff3d99a.wav,0.0
38e1565c-4b84-4608-8607-11ceed389db3,coughvid_data/38e1565c-4b84-4608-8607-11ceed389db3.wav,coughvid_data/38e1565c-4b84-4608-8607-11ceed389db3.wav,0.0
a31e01b8-b3b3-4016-a748-f522ebeb75b2,coughvid_data/a31e01b8-b3b3-4016-a748-f522ebeb75b2.wav,coughvid_data/a31e01b8-b3b3-4016-a748-f522ebeb75b2.wav,0.0
3b01118d-82de-41ce-b8af-3d165edb72ff,coughvid_data/3b01118d-82de-41ce-b8af-3d165edb72ff.wav,coughvid_data/3b01118d-82de-41ce-b8af-3d165edb72ff.wav,0.0
f97b1c3f-20f9-43ad-9586-3f2b2fd87e84,coughvid_data/f97b1c3f-20f9-43ad-9586-3f2b2fd87e84.wav,coughvid_data/f97b1c3f-20f9-43ad-9586-3f2b2fd87e84.wav,0.0
e0ce7a41-3c29-446a-a07e-baf8ec0f57e2,coughvid_data/e0ce7a41-3c29-446a-a07e-baf8ec0f57e2.wav,coughvid_data/e0ce7a41-3c29-446a-a07e-baf8ec0f57e2.wav,1.0
e1355fc7-222b-43a9-a1ca-cef6d757318e,coughvid_data/e1355fc7-222b-43a9-a1ca-cef6d757318e.wav,coughvid_data/e1355fc7-222b-43a9-a1ca-cef6d757318e.wav,1.0
e1c8b704-23d4-474a-9b21-7965ba5059c0,coughvid_data/e1c8b704-23d4-474a-9b21-7965ba5059c0.wav,coughvid_data/e1c8b704-23d4-474a-9b21-7965ba5059c0.wav,1.0
9b6a3b96-f8d9-4218-9467-0ec0b9169c03,coughvid_data/9b6a3b96-f8d9-4218-9467-0ec0b9169c03.wav,coughvid_data/9b6a3b96-f8d9-4218-9467-0ec0b9169c03.wav,0.0
0f583961-a697-4274-9d0e-f768d7bf7a7b,coughvid_data/0f583961-a697-4274-9d0e-f768d7bf7a7b.wav,coughvid_data/0f583961-a697-4274-9d0e-f768d7bf7a7b.wav,0.0
f7fca859-a539-4290-ba0c-931672b6dd26,coughvid_data/f7fca859-a539-4290-ba0c-931672b6dd26.wav,coughvid_data/f7fca859-a539-4290-ba0c-931672b6dd26.wav,0.0
762bc97f-d527-4c12-ad45-4b3290773169,coughvid_data/762bc97f-d527-4c12-ad45-4b3290773169.wav,coughvid_data/762bc97f-d527-4c12-ad45-4b3290773169.wav,0.0
1a250d5f-ce8a-459a-a9ba-c774e36f8df6,coughvid_data/1a250d5f-ce8a-459a-a9ba-c774e36f8df6.wav,coughvid_data/1a250d5f-ce8a-459a-a9ba-c774e36f8df6.wav,0.0
85d842d0-5932-4599-b785-ae0518578743,coughvid_data/85d842d0-5932-4599-b785-ae0518578743.wav,coughvid_data/85d842d0-5932-4599-b785-ae0518578743.wav,1.0
24a89d47-6e3b-4963-94ec-47d210ce2495,coughvid_data/24a89d47-6e3b-4963-94ec-47d210ce2495.wav,coughvid_data/24a89d47-6e3b-4963-94ec-47d210ce2495.wav,0.0
1acfae02-a140-401f-a1f5-d2379b25ebb4,coughvid_data/1acfae02-a140-401f-a1f5-d2379b25ebb4.wav,coughvid_data/1acfae02-a140-401f-a1f5-d2379b25ebb4.wav,1.0
5eb52382-6f88-46ed-b5b5-eb2116c1f1ea,coughvid_data/5eb52382-6f88-46ed-b5b5-eb2116c1f1ea.wav,coughvid_data/5eb52382-6f88-46ed-b5b5-eb2116c1f1ea.wav,0.0
ffd487c8-0a22-46c9-8c49-6d92901b9884,coughvid_data/ffd487c8-0a22-46c9-8c49-6d92901b9884.wav,coughvid_data/ffd487c8-0a22-46c9-8c49-6d92901b9884.wav,0.0
8e10b778-4490-4048-87ee-0bd109e74c76,coughvid_data/8e10b778-4490-4048-87ee-0bd109e74c76.wav,coughvid_data/8e10b778-4490-4048-87ee-0bd109e74c76.wav,1.0
520352d4-cd5e-4dc3-b89b-8b34fd1d42ee,coughvid_data/520352d4-cd5e-4dc3-b89b-8b34fd1d42ee.wav,coughvid_data/520352d4-cd5e-4dc3-b89b-8b34fd1d42ee.wav,0.0
333a6044-e9a8-4b59-bbf8-ec0f7daed75f,coughvid_data/333a6044-e9a8-4b59-bbf8-ec0f7daed75f.wav,coughvid_data/333a6044-e9a8-4b59-bbf8-ec0f7daed75f.wav,0.0
f621bcdc-5299-45ed-8639-3278028ec840,coughvid_data/f621bcdc-5299-45ed-8639-3278028ec840.wav,coughvid_data/f621bcdc-5299-45ed-8639-3278028ec840.wav,1.0
7ef941a0-8207-4c5d-b99b-066978caa30b,coughvid_data/7ef941a0-8207-4c5d-b99b-066978caa30b.wav,coughvid_data/7ef941a0-8207-4c5d-b99b-066978caa30b.wav,1.0
d071fcb6-719f-43c5-8cd1-ec835a4a94cd,coughvid_data/d071fcb6-719f-43c5-8cd1-ec835a4a94cd.wav,coughvid_data/d071fcb6-719f-43c5-8cd1-ec835a4a94cd.wav,1.0
f05970f0-2387-432c-8011-0dbfd1e0bbf9,coughvid_data/f05970f0-2387-432c-8011-0dbfd1e0bbf9.wav,coughvid_data/f05970f0-2387-432c-8011-0dbfd1e0bbf9.wav,0.0
bc0b6411-5eb6-4bd8-a9ac-1d1278fd92b1,coughvid_data/bc0b6411-5eb6-4bd8-a9ac-1d1278fd92b1.wav,coughvid_data/bc0b6411-5eb6-4bd8-a9ac-1d1278fd92b1.wav,1.0
f6ab473a-a633-4a6b-949e-fd291191cb92,coughvid_data/f6ab473a-a633-4a6b-949e-fd291191cb92.wav,coughvid_data/f6ab473a-a633-4a6b-949e-fd291191cb92.wav,1.0
6becb0db-fa28-41d0-9deb-1ed5b5557d3f,coughvid_data/6becb0db-fa28-41d0-9deb-1ed5b5557d3f.wav,coughvid_data/6becb0db-fa28-41d0-9deb-1ed5b5557d3f.wav,0.0
f9b020ec-7bde-41fe-9f93-f10c06abc08c,coughvid_data/f9b020ec-7bde-41fe-9f93-f10c06abc08c.wav,coughvid_data/f9b020ec-7bde-41fe-9f93-f10c06abc08c.wav,1.0
8b50d1cc-4e8b-4b3c-a79c-bf17c6dccb47,coughvid_data/8b50d1cc-4e8b-4b3c-a79c-bf17c6dccb47.wav,coughvid_data/8b50d1cc-4e8b-4b3c-a79c-bf17c6dccb47.wav,0.0
85c8ef53-36e3-48d9-b884-f7cdc63b8347,coughvid_data/85c8ef53-36e3-48d9-b884-f7cdc63b8347.wav,coughvid_data/85c8ef53-36e3-48d9-b884-f7cdc63b8347.wav,0.0
9299eaf3-46a7-482d-9277-2c3e1e79e49c,coughvid_data/9299eaf3-46a7-482d-9277-2c3e1e79e49c.wav,coughvid_data/9299eaf3-46a7-482d-9277-2c3e1e79e49c.wav,0.0
f27cb07f-b2ae-4fb4-8728-b69d725ad62a,coughvid_data/f27cb07f-b2ae-4fb4-8728-b69d725ad62a.wav,coughvid_data/f27cb07f-b2ae-4fb4-8728-b69d725ad62a.wav,1.0
99cf48b8-2ba2-4e34-bda9-63c3e91e7336,coughvid_data/99cf48b8-2ba2-4e34-bda9-63c3e91e7336.wav,coughvid_data/99cf48b8-2ba2-4e34-bda9-63c3e91e7336.wav,0.0
138352c3-881f-4b9e-b6d4-23d967301ab6,coughvid_data/138352c3-881f-4b9e-b6d4-23d967301ab6.wav,coughvid_data/138352c3-881f-4b9e-b6d4-23d967301ab6.wav,0.0
46cdddbb-81ec-47d0-ad85-7aac85c1fd25,coughvid_data/46cdddbb-81ec-47d0-ad85-7aac85c1fd25.wav,coughvid_data/46cdddbb-81ec-47d0-ad85-7aac85c1fd25.wav,0.0
c0f098c5-9777-41b9-9aef-30492dfc8b1d,coughvid_data/c0f098c5-9777-41b9-9aef-30492dfc8b1d.wav,coughvid_data/c0f098c5-9777-41b9-9aef-30492dfc8b1d.wav,1.0
dade4492-81b8-4cfc-ae0e-dd20807817c7,coughvid_data/dade4492-81b8-4cfc-ae0e-dd20807817c7.wav,coughvid_data/dade4492-81b8-4cfc-ae0e-dd20807817c7.wav,0.0
d0993b8c-630d-495b-8045-4dd7ab7f9aba,coughvid_data/d0993b8c-630d-495b-8045-4dd7ab7f9aba.wav,coughvid_data/d0993b8c-630d-495b-8045-4dd7ab7f9aba.wav,0.0
340f1808-d1a4-462f-842b-d60a5af13e64,coughvid_data/340f1808-d1a4-462f-842b-d60a5af13e64.wav,coughvid_data/340f1808-d1a4-462f-842b-d60a5af13e64.wav,0.0
e45a98ae-1378-4159-a929-93c8e58d8617,coughvid_data/e45a98ae-1378-4159-a929-93c8e58d8617.wav,coughvid_data/e45a98ae-1378-4159-a929-93c8e58d8617.wav,0.0
60db2b55-3982-45f2-a41e-5a17c89f8d1a,coughvid_data/60db2b55-3982-45f2-a41e-5a17c89f8d1a.wav,coughvid_data/60db2b55-3982-45f2-a41e-5a17c89f8d1a.wav,0.0
0619abe4-5ccc-42e6-99b8-5e8946e19d4e,coughvid_data/0619abe4-5ccc-42e6-99b8-5e8946e19d4e.wav,coughvid_data/0619abe4-5ccc-42e6-99b8-5e8946e19d4e.wav,1.0
9c679511-87c2-49b8-b469-0500de32807f,coughvid_data/9c679511-87c2-49b8-b469-0500de32807f.wav,coughvid_data/9c679511-87c2-49b8-b469-0500de32807f.wav,0.0
f56a465d-be83-4199-9635-06b844b1bf7b,coughvid_data/f56a465d-be83-4199-9635-06b844b1bf7b.wav,coughvid_data/f56a465d-be83-4199-9635-06b844b1bf7b.wav,1.0
f04f3ffc-1efe-401b-baa4-f4c08b7fae01,coughvid_data/f04f3ffc-1efe-401b-baa4-f4c08b7fae01.wav,coughvid_data/f04f3ffc-1efe-401b-baa4-f4c08b7fae01.wav,0.0
cc8c4561-5736-400b-902e-974cea56c720,coughvid_data/cc8c4561-5736-400b-902e-974cea56c720.wav,coughvid_data/cc8c4561-5736-400b-902e-974cea56c720.wav,1.0
6fd1489c-8d61-4bf0-813a-3e992d85032c,coughvid_data/6fd1489c-8d61-4bf0-813a-3e992d85032c.wav,coughvid_data/6fd1489c-8d61-4bf0-813a-3e992d85032c.wav,1.0
3ac4c15d-fadd-430f-8866-399b9bd19adc,coughvid_data/3ac4c15d-fadd-430f-8866-399b9bd19adc.wav,coughvid_data/3ac4c15d-fadd-430f-8866-399b9bd19adc.wav,1.0
8182c6e1-a5cd-4eff-92ee-9ea67a291cde,coughvid_data/8182c6e1-a5cd-4eff-92ee-9ea67a291cde.wav,coughvid_data/8182c6e1-a5cd-4eff-92ee-9ea67a291cde.wav,1.0
36f750ec-16c8-4da6-8250-9576cc12208c,coughvid_data/36f750ec-16c8-4da6-8250-9576cc12208c.wav,coughvid_data/36f750ec-16c8-4da6-8250-9576cc12208c.wav,0.0
14b98f74-59eb-407c-b1a4-53064ee45b43,coughvid_data/14b98f74-59eb-407c-b1a4-53064ee45b43.wav,coughvid_data/14b98f74-59eb-407c-b1a4-53064ee45b43.wav,1.0
22d554b8-f2c5-4529-ab69-694c723dbf52,coughvid_data/22d554b8-f2c5-4529-ab69-694c723dbf52.wav,coughvid_data/22d554b8-f2c5-4529-ab69-694c723dbf52.wav,0.0
b65bc59e-7760-4d89-97e7-ee2748e361cc,coughvid_data/b65bc59e-7760-4d89-97e7-ee2748e361cc.wav,coughvid_data/b65bc59e-7760-4d89-97e7-ee2748e361cc.wav,0.0
69a253a3-fdf4-47c6-a639-052a4b286c47,coughvid_data/69a253a3-fdf4-47c6-a639-052a4b286c47.wav,coughvid_data/69a253a3-fdf4-47c6-a639-052a4b286c47.wav,1.0
d1b4b968-3c70-4363-b858-b9c24e8e73fa,coughvid_data/d1b4b968-3c70-4363-b858-b9c24e8e73fa.wav,coughvid_data/d1b4b968-3c70-4363-b858-b9c24e8e73fa.wav,1.0
c05201fa-f76c-44d7-ab63-d0b95c662c7f,coughvid_data/c05201fa-f76c-44d7-ab63-d0b95c662c7f.wav,coughvid_data/c05201fa-f76c-44d7-ab63-d0b95c662c7f.wav,0.0
689079c0-6463-4fba-b7ed-93d80d84ff5f,coughvid_data/689079c0-6463-4fba-b7ed-93d80d84ff5f.wav,coughvid_data/689079c0-6463-4fba-b7ed-93d80d84ff5f.wav,0.0
5095967b-959c-4743-8024-aa4b0332c62b,coughvid_data/5095967b-959c-4743-8024-aa4b0332c62b.wav,coughvid_data/5095967b-959c-4743-8024-aa4b0332c62b.wav,1.0
502af0e4-da1d-4f70-ad00-a3f6f896d0f9,coughvid_data/502af0e4-da1d-4f70-ad00-a3f6f896d0f9.wav,coughvid_data/502af0e4-da1d-4f70-ad00-a3f6f896d0f9.wav,1.0
f86a7a3e-74fd-4f22-8aff-7336ad6a7ba0,coughvid_data/f86a7a3e-74fd-4f22-8aff-7336ad6a7ba0.wav,coughvid_data/f86a7a3e-74fd-4f22-8aff-7336ad6a7ba0.wav,0.0
beedbc85-47c0-4019-a3e0-7950d18ead56,coughvid_data/beedbc85-47c0-4019-a3e0-7950d18ead56.wav,coughvid_data/beedbc85-47c0-4019-a3e0-7950d18ead56.wav,0.0
bfc32b32-e0d3-449f-9d5f-c7df6c0ec582,coughvid_data/bfc32b32-e0d3-449f-9d5f-c7df6c0ec582.wav,coughvid_data/bfc32b32-e0d3-449f-9d5f-c7df6c0ec582.wav,1.0
c6a68b68-8bd1-4697-94e9-e476f45741ab,coughvid_data/c6a68b68-8bd1-4697-94e9-e476f45741ab.wav,coughvid_data/c6a68b68-8bd1-4697-94e9-e476f45741ab.wav,1.0
69fbddd7-896e-4c7d-a44b-17a1268a4758,coughvid_data/69fbddd7-896e-4c7d-a44b-17a1268a4758.wav,coughvid_data/69fbddd7-896e-4c7d-a44b-17a1268a4758.wav,0.0
9976a606-2404-4145-9886-87aa743fa448,coughvid_data/9976a606-2404-4145-9886-87aa743fa448.wav,coughvid_data/9976a606-2404-4145-9886-87aa743fa448.wav,0.0
a6190e9d-5734-4262-bcc2-66fb75e2a302,coughvid_data/a6190e9d-5734-4262-bcc2-66fb75e2a302.wav,coughvid_data/a6190e9d-5734-4262-bcc2-66fb75e2a302.wav,1.0
ca34d84f-74a1-48d9-8caf-2958d8685bb5,coughvid_data/ca34d84f-74a1-48d9-8caf-2958d8685bb5.wav,coughvid_data/ca34d84f-74a1-48d9-8caf-2958d8685bb5.wav,1.0
a35c72d8-28e8-4ff5-916d-9f8294dd2260,coughvid_data/a35c72d8-28e8-4ff5-916d-9f8294dd2260.wav,coughvid_data/a35c72d8-28e8-4ff5-916d-9f8294dd2260.wav,0.0
7bca3dfd-f297-45de-bddc-a35e8e4139b8,coughvid_data/7bca3dfd-f297-45de-bddc-a35e8e4139b8.wav,coughvid_data/7bca3dfd-f297-45de-bddc-a35e8e4139b8.wav,1.0
5a4c1ead-a1db-4b13-ade5-fd7ba8875c56,coughvid_data/5a4c1ead-a1db-4b13-ade5-fd7ba8875c56.wav,coughvid_data/5a4c1ead-a1db-4b13-ade5-fd7ba8875c56.wav,1.0
4c560c0e-e882-49a5-a46d-b0719f26f8f2,coughvid_data/4c560c0e-e882-49a5-a46d-b0719f26f8f2.wav,coughvid_data/4c560c0e-e882-49a5-a46d-b0719f26f8f2.wav,1.0
ce37d0ee-60b6-4594-b115-5135a11da767,coughvid_data/ce37d0ee-60b6-4594-b115-5135a11da767.wav,coughvid_data/ce37d0ee-60b6-4594-b115-5135a11da767.wav,1.0
20766cbc-9314-46cb-94f9-ca542209d376,coughvid_data/20766cbc-9314-46cb-94f9-ca542209d376.wav,coughvid_data/20766cbc-9314-46cb-94f9-ca542209d376.wav,1.0
a5745140-2fad-4203-bec8-0aa957f8a63b,coughvid_data/a5745140-2fad-4203-bec8-0aa957f8a63b.wav,coughvid_data/a5745140-2fad-4203-bec8-0aa957f8a63b.wav,0.0
c1038af2-8179-4b58-9369-79288e2597d1,coughvid_data/c1038af2-8179-4b58-9369-79288e2597d1.wav,coughvid_data/c1038af2-8179-4b58-9369-79288e2597d1.wav,1.0
18c36541-7566-4f46-8264-3716e2e71f30,coughvid_data/18c36541-7566-4f46-8264-3716e2e71f30.wav,coughvid_data/18c36541-7566-4f46-8264-3716e2e71f30.wav,1.0
96166271-ca2d-4333-b895-a08bdaf7f484,coughvid_data/96166271-ca2d-4333-b895-a08bdaf7f484.wav,coughvid_data/96166271-ca2d-4333-b895-a08bdaf7f484.wav,0.0
6d1fcca4-0054-41a2-beeb-ec8cade01523,coughvid_data/6d1fcca4-0054-41a2-beeb-ec8cade01523.wav,coughvid_data/6d1fcca4-0054-41a2-beeb-ec8cade01523.wav,1.0
f7074fd1-8fe0-4d45-a48a-fc4ac10ab924,coughvid_data/f7074fd1-8fe0-4d45-a48a-fc4ac10ab924.wav,coughvid_data/f7074fd1-8fe0-4d45-a48a-fc4ac10ab924.wav,0.0
14e523e4-1c33-48ee-a25b-279144f20dad,coughvid_data/14e523e4-1c33-48ee-a25b-279144f20dad.wav,coughvid_data/14e523e4-1c33-48ee-a25b-279144f20dad.wav,1.0
e376be7a-200e-4d04-8477-65a5dc1d92d2,coughvid_data/e376be7a-200e-4d04-8477-65a5dc1d92d2.wav,coughvid_data/e376be7a-200e-4d04-8477-65a5dc1d92d2.wav,0.0
1637a580-6f5d-4ce9-9fdf-5019f8e6a2c9,coughvid_data/1637a580-6f5d-4ce9-9fdf-5019f8e6a2c9.wav,coughvid_data/1637a580-6f5d-4ce9-9fdf-5019f8e6a2c9.wav,1.0
7e1ba782-98e5-4be6-b4cf-a8276db2e6f7,coughvid_data/7e1ba782-98e5-4be6-b4cf-a8276db2e6f7.wav,coughvid_data/7e1ba782-98e5-4be6-b4cf-a8276db2e6f7.wav,0.0
c5f2d8fe-0173-4657-a5a6-c41bb489802a,coughvid_data/c5f2d8fe-0173-4657-a5a6-c41bb489802a.wav,coughvid_data/c5f2d8fe-0173-4657-a5a6-c41bb489802a.wav,0.0
77f980f4-1b52-40ee-b81e-8ef0ff0aa774,coughvid_data/77f980f4-1b52-40ee-b81e-8ef0ff0aa774.wav,coughvid_data/77f980f4-1b52-40ee-b81e-8ef0ff0aa774.wav,0.0
93071002-7e80-44aa-a636-6217fa058e82,coughvid_data/93071002-7e80-44aa-a636-6217fa058e82.wav,coughvid_data/93071002-7e80-44aa-a636-6217fa058e82.wav,1.0
aad8aa18-d219-4de3-9ec9-8745326b3cc5,coughvid_data/aad8aa18-d219-4de3-9ec9-8745326b3cc5.wav,coughvid_data/aad8aa18-d219-4de3-9ec9-8745326b3cc5.wav,1.0
051fbf77-f9d4-4ffa-a43d-3b97664f13ca,coughvid_data/051fbf77-f9d4-4ffa-a43d-3b97664f13ca.wav,coughvid_data/051fbf77-f9d4-4ffa-a43d-3b97664f13ca.wav,0.0
387d3e69-845a-4b7b-9591-378f43bef38e,coughvid_data/387d3e69-845a-4b7b-9591-378f43bef38e.wav,coughvid_data/387d3e69-845a-4b7b-9591-378f43bef38e.wav,0.0
fbd52f87-029f-4bd9-86ed-4743018722e8,coughvid_data/fbd52f87-029f-4bd9-86ed-4743018722e8.wav,coughvid_data/fbd52f87-029f-4bd9-86ed-4743018722e8.wav,1.0
4e3d287b-517b-48f7-a26f-4ccd77d168d2,coughvid_data/4e3d287b-517b-48f7-a26f-4ccd77d168d2.wav,coughvid_data/4e3d287b-517b-48f7-a26f-4ccd77d168d2.wav,1.0
fbb906ec-5f35-4a8c-8a04-4597f349287c,coughvid_data/fbb906ec-5f35-4a8c-8a04-4597f349287c.wav,coughvid_data/fbb906ec-5f35-4a8c-8a04-4597f349287c.wav,1.0
ddf1bb1d-4b2d-42a1-83c4-1d41b51eed74,coughvid_data/ddf1bb1d-4b2d-42a1-83c4-1d41b51eed74.wav,coughvid_data/ddf1bb1d-4b2d-42a1-83c4-1d41b51eed74.wav,0.0
4b469515-b6d3-46b6-8afe-da945ba1668e,coughvid_data/4b469515-b6d3-46b6-8afe-da945ba1668e.wav,coughvid_data/4b469515-b6d3-46b6-8afe-da945ba1668e.wav,1.0
1142efae-8e2f-45b4-9a2e-24bce70583c6,coughvid_data/1142efae-8e2f-45b4-9a2e-24bce70583c6.wav,coughvid_data/1142efae-8e2f-45b4-9a2e-24bce70583c6.wav,1.0
2ea39f26-0d58-4e9c-aa2e-f2b20d808dbf,coughvid_data/2ea39f26-0d58-4e9c-aa2e-f2b20d808dbf.wav,coughvid_data/2ea39f26-0d58-4e9c-aa2e-f2b20d808dbf.wav,1.0
616f2f22-6ee1-403b-b99c-4a9fa91099eb,coughvid_data/616f2f22-6ee1-403b-b99c-4a9fa91099eb.wav,coughvid_data/616f2f22-6ee1-403b-b99c-4a9fa91099eb.wav,1.0
713efe91-78a6-4451-8dce-473d77d95a10,coughvid_data/713efe91-78a6-4451-8dce-473d77d95a10.wav,coughvid_data/713efe91-78a6-4451-8dce-473d77d95a10.wav,1.0
1c09f69d-450c-42bb-b00d-5849ec9c05a6,coughvid_data/1c09f69d-450c-42bb-b00d-5849ec9c05a6.wav,coughvid_data/1c09f69d-450c-42bb-b00d-5849ec9c05a6.wav,0.0
d50fd3a5-eed3-42d1-aecc-ecb0cbec3903,coughvid_data/d50fd3a5-eed3-42d1-aecc-ecb0cbec3903.wav,coughvid_data/d50fd3a5-eed3-42d1-aecc-ecb0cbec3903.wav,1.0
d15c8799-3ddc-45bb-aca9-55944fde8b71,coughvid_data/d15c8799-3ddc-45bb-aca9-55944fde8b71.wav,coughvid_data/d15c8799-3ddc-45bb-aca9-55944fde8b71.wav,0.0
0e68dcb8-0b3f-4f94-ae1c-cf3e9ba361bb,coughvid_data/0e68dcb8-0b3f-4f94-ae1c-cf3e9ba361bb.wav,coughvid_data/0e68dcb8-0b3f-4f94-ae1c-cf3e9ba361bb.wav,1.0
be1607a8-d62c-4082-b350-812057eec316,coughvid_data/be1607a8-d62c-4082-b350-812057eec316.wav,coughvid_data/be1607a8-d62c-4082-b350-812057eec316.wav,1.0
4b03a48f-c4d7-41c6-9567-678141df90e1,coughvid_data/4b03a48f-c4d7-41c6-9567-678141df90e1.wav,coughvid_data/4b03a48f-c4d7-41c6-9567-678141df90e1.wav,1.0
9540e569-7708-4cdb-9be0-4d0e3d0533fe,coughvid_data/9540e569-7708-4cdb-9be0-4d0e3d0533fe.wav,coughvid_data/9540e569-7708-4cdb-9be0-4d0e3d0533fe.wav,0.0
92e8c590-bfd4-4be7-88b0-9a521b092adf,coughvid_data/92e8c590-bfd4-4be7-88b0-9a521b092adf.wav,coughvid_data/92e8c590-bfd4-4be7-88b0-9a521b092adf.wav,1.0
f6ed8769-2291-4d2e-927d-8275225d8395,coughvid_data/f6ed8769-2291-4d2e-927d-8275225d8395.wav,coughvid_data/f6ed8769-2291-4d2e-927d-8275225d8395.wav,0.0
9aa40b7b-fa97-4d0c-82c8-a4357267fd29,coughvid_data/9aa40b7b-fa97-4d0c-82c8-a4357267fd29.wav,coughvid_data/9aa40b7b-fa97-4d0c-82c8-a4357267fd29.wav,0.0
6368eed7-210f-4ef6-945c-172bd6af5b01,coughvid_data/6368eed7-210f-4ef6-945c-172bd6af5b01.wav,coughvid_data/6368eed7-210f-4ef6-945c-172bd6af5b01.wav,0.0
e38c7a9c-1b25-4d57-a931-e5077176e589,coughvid_data/e38c7a9c-1b25-4d57-a931-e5077176e589.wav,coughvid_data/e38c7a9c-1b25-4d57-a931-e5077176e589.wav,0.0
a3dce523-03a0-4f69-a672-c2d7a592b93c,coughvid_data/a3dce523-03a0-4f69-a672-c2d7a592b93c.wav,coughvid_data/a3dce523-03a0-4f69-a672-c2d7a592b93c.wav,1.0
2614898b-828b-47ce-8709-da5a13212366,coughvid_data/2614898b-828b-47ce-8709-da5a13212366.wav,coughvid_data/2614898b-828b-47ce-8709-da5a13212366.wav,1.0
f445a9d1-d126-495d-a014-3f516ee6cbd3,coughvid_data/f445a9d1-d126-495d-a014-3f516ee6cbd3.wav,coughvid_data/f445a9d1-d126-495d-a014-3f516ee6cbd3.wav,1.0
be0ba1a7-6b91-438b-af4f-795e6d0d43b3,coughvid_data/be0ba1a7-6b91-438b-af4f-795e6d0d43b3.wav,coughvid_data/be0ba1a7-6b91-438b-af4f-795e6d0d43b3.wav,0.0
2d441526-cdb6-4649-b4c1-9d3351b3bfb1,coughvid_data/2d441526-cdb6-4649-b4c1-9d3351b3bfb1.wav,coughvid_data/2d441526-cdb6-4649-b4c1-9d3351b3bfb1.wav,0.0
eda1cc60-d5d4-410c-ab2d-e088cefd7eb1,coughvid_data/eda1cc60-d5d4-410c-ab2d-e088cefd7eb1.wav,coughvid_data/eda1cc60-d5d4-410c-ab2d-e088cefd7eb1.wav,0.0
f9841e37-f5a6-4f76-ab8f-86ad2e865df3,coughvid_data/f9841e37-f5a6-4f76-ab8f-86ad2e865df3.wav,coughvid_data/f9841e37-f5a6-4f76-ab8f-86ad2e865df3.wav,1.0
991538c9-c289-4501-b094-6cfb94d8da06,coughvid_data/991538c9-c289-4501-b094-6cfb94d8da06.wav,coughvid_data/991538c9-c289-4501-b094-6cfb94d8da06.wav,0.0
6c43b8b5-9d4a-4619-ae6e-22489c203dfc,coughvid_data/6c43b8b5-9d4a-4619-ae6e-22489c203dfc.wav,coughvid_data/6c43b8b5-9d4a-4619-ae6e-22489c203dfc.wav,1.0
03cdf3cc-ce0b-4314-85a2-9a5eaecd6288,coughvid_data/03cdf3cc-ce0b-4314-85a2-9a5eaecd6288.wav,coughvid_data/03cdf3cc-ce0b-4314-85a2-9a5eaecd6288.wav,0.0
ecadc154-7172-44f3-a9d7-81553263b853,coughvid_data/ecadc154-7172-44f3-a9d7-81553263b853.wav,coughvid_data/ecadc154-7172-44f3-a9d7-81553263b853.wav,1.0
4d65fc7c-9d24-49e2-82b6-4019ee1e6920,coughvid_data/4d65fc7c-9d24-49e2-82b6-4019ee1e6920.wav,coughvid_data/4d65fc7c-9d24-49e2-82b6-4019ee1e6920.wav,1.0
ca4be6df-448e-4602-80d1-4bd9f6cfa831,coughvid_data/ca4be6df-448e-4602-80d1-4bd9f6cfa831.wav,coughvid_data/ca4be6df-448e-4602-80d1-4bd9f6cfa831.wav,0.0
bc5761d1-1703-4128-ac4a-b484814b579e,coughvid_data/bc5761d1-1703-4128-ac4a-b484814b579e.wav,coughvid_data/bc5761d1-1703-4128-ac4a-b484814b579e.wav,0.0
e4a16236-7ace-4c8d-aa0f-5a0e01ec2f56,coughvid_data/e4a16236-7ace-4c8d-aa0f-5a0e01ec2f56.wav,coughvid_data/e4a16236-7ace-4c8d-aa0f-5a0e01ec2f56.wav,1.0
a87f7ec2-4674-44a1-8aed-c59f0f2c53f1,coughvid_data/a87f7ec2-4674-44a1-8aed-c59f0f2c53f1.wav,coughvid_data/a87f7ec2-4674-44a1-8aed-c59f0f2c53f1.wav,1.0
a69d3965-7e81-4cfa-bafd-86eaa0a687ab,coughvid_data/a69d3965-7e81-4cfa-bafd-86eaa0a687ab.wav,coughvid_data/a69d3965-7e81-4cfa-bafd-86eaa0a687ab.wav,0.0
fc8a5a8a-ba7b-4070-a423-03ae4b1ff383,coughvid_data/fc8a5a8a-ba7b-4070-a423-03ae4b1ff383.wav,coughvid_data/fc8a5a8a-ba7b-4070-a423-03ae4b1ff383.wav,0.0
db3ad0e2-de2f-4c92-8378-8bb19b31d810,coughvid_data/db3ad0e2-de2f-4c92-8378-8bb19b31d810.wav,coughvid_data/db3ad0e2-de2f-4c92-8378-8bb19b31d810.wav,1.0
6034baa0-0bb8-4c7e-8699-f4a99b5d728f,coughvid_data/6034baa0-0bb8-4c7e-8699-f4a99b5d728f.wav,coughvid_data/6034baa0-0bb8-4c7e-8699-f4a99b5d728f.wav,1.0
5259a449-ede1-4945-b0e8-3552eae35add,coughvid_data/5259a449-ede1-4945-b0e8-3552eae35add.wav,coughvid_data/5259a449-ede1-4945-b0e8-3552eae35add.wav,1.0
f660202c-3303-41f4-aa5d-0fefe04d4d3b,coughvid_data/f660202c-3303-41f4-aa5d-0fefe04d4d3b.wav,coughvid_data/f660202c-3303-41f4-aa5d-0fefe04d4d3b.wav,0.0
04a1838e-ecea-47b5-8806-fb4c7250e958,coughvid_data/04a1838e-ecea-47b5-8806-fb4c7250e958.wav,coughvid_data/04a1838e-ecea-47b5-8806-fb4c7250e958.wav,0.0
8094f4ee-3417-4882-af51-9996bebb2140,coughvid_data/8094f4ee-3417-4882-af51-9996bebb2140.wav,coughvid_data/8094f4ee-3417-4882-af51-9996bebb2140.wav,1.0
069d5228-2e48-4c91-a29a-f419c63ffebd,coughvid_data/069d5228-2e48-4c91-a29a-f419c63ffebd.wav,coughvid_data/069d5228-2e48-4c91-a29a-f419c63ffebd.wav,0.0
a1001608-6240-4023-a134-9e5406153afb,coughvid_data/a1001608-6240-4023-a134-9e5406153afb.wav,coughvid_data/a1001608-6240-4023-a134-9e5406153afb.wav,1.0
785a6c91-976e-4a18-983f-66304e2fabf5,coughvid_data/785a6c91-976e-4a18-983f-66304e2fabf5.wav,coughvid_data/785a6c91-976e-4a18-983f-66304e2fabf5.wav,1.0
ccdcfb40-202e-45cd-901f-4fc08440355f,coughvid_data/ccdcfb40-202e-45cd-901f-4fc08440355f.wav,coughvid_data/ccdcfb40-202e-45cd-901f-4fc08440355f.wav,0.0
450472c7-a728-40e5-859a-f52b68524c11,coughvid_data/450472c7-a728-40e5-859a-f52b68524c11.wav,coughvid_data/450472c7-a728-40e5-859a-f52b68524c11.wav,1.0
6d45e866-26cd-4c90-b538-8e3d74639f93,coughvid_data/6d45e866-26cd-4c90-b538-8e3d74639f93.wav,coughvid_data/6d45e866-26cd-4c90-b538-8e3d74639f93.wav,1.0
e775a769-ee1c-4d51-9768-339c8ecf5c81,coughvid_data/e775a769-ee1c-4d51-9768-339c8ecf5c81.wav,coughvid_data/e775a769-ee1c-4d51-9768-339c8ecf5c81.wav,1.0
4e0ac454-0055-41e7-82ad-52d67fc96ce2,coughvid_data/4e0ac454-0055-41e7-82ad-52d67fc96ce2.wav,coughvid_data/4e0ac454-0055-41e7-82ad-52d67fc96ce2.wav,1.0
b250a530-b2ff-4402-ac55-0bb54d3fe7e3,coughvid_data/b250a530-b2ff-4402-ac55-0bb54d3fe7e3.wav,coughvid_data/b250a530-b2ff-4402-ac55-0bb54d3fe7e3.wav,0.0
3c2443c6-efce-48dd-906d-21a2e8acd29b,coughvid_data/3c2443c6-efce-48dd-906d-21a2e8acd29b.wav,coughvid_data/3c2443c6-efce-48dd-906d-21a2e8acd29b.wav,1.0
cb9f8254-4c4b-40b8-a278-c1eca20ba8c5,coughvid_data/cb9f8254-4c4b-40b8-a278-c1eca20ba8c5.wav,coughvid_data/cb9f8254-4c4b-40b8-a278-c1eca20ba8c5.wav,1.0
ec1c43c9-5043-4735-9f66-905e47e22b48,coughvid_data/ec1c43c9-5043-4735-9f66-905e47e22b48.wav,coughvid_data/ec1c43c9-5043-4735-9f66-905e47e22b48.wav,1.0
54ac3405-f91e-41c5-9a40-ba654022c367,coughvid_data/54ac3405-f91e-41c5-9a40-ba654022c367.wav,coughvid_data/54ac3405-f91e-41c5-9a40-ba654022c367.wav,1.0
c423b3d9-02f3-4504-81f4-6152ff51e8a2,coughvid_data/c423b3d9-02f3-4504-81f4-6152ff51e8a2.wav,coughvid_data/c423b3d9-02f3-4504-81f4-6152ff51e8a2.wav,1.0
f1d0a2b0-a280-4789-b7c7-47f66eca47bc,coughvid_data/f1d0a2b0-a280-4789-b7c7-47f66eca47bc.wav,coughvid_data/f1d0a2b0-a280-4789-b7c7-47f66eca47bc.wav,1.0
b472ea96-9aff-4444-b1b4-72e34bd8fbd1,coughvid_data/b472ea96-9aff-4444-b1b4-72e34bd8fbd1.wav,coughvid_data/b472ea96-9aff-4444-b1b4-72e34bd8fbd1.wav,1.0
5193a832-4033-4618-bac7-38a82c7df0fe,coughvid_data/5193a832-4033-4618-bac7-38a82c7df0fe.wav,coughvid_data/5193a832-4033-4618-bac7-38a82c7df0fe.wav,1.0
917474f9-e4b7-4b77-b0e1-83c5786ea57b,coughvid_data/917474f9-e4b7-4b77-b0e1-83c5786ea57b.wav,coughvid_data/917474f9-e4b7-4b77-b0e1-83c5786ea57b.wav,1.0
82e5e038-517f-465e-9c44-d9cfa81f6ab1,coughvid_data/82e5e038-517f-465e-9c44-d9cfa81f6ab1.wav,coughvid_data/82e5e038-517f-465e-9c44-d9cfa81f6ab1.wav,0.0
22a7a419-4487-47c7-8a9e-9184a40a1d65,coughvid_data/22a7a419-4487-47c7-8a9e-9184a40a1d65.wav,coughvid_data/22a7a419-4487-47c7-8a9e-9184a40a1d65.wav,0.0
9e748bc1-baed-4f1e-98ca-67d7ac46447c,coughvid_data/9e748bc1-baed-4f1e-98ca-67d7ac46447c.wav,coughvid_data/9e748bc1-baed-4f1e-98ca-67d7ac46447c.wav,1.0
dc825027-5f65-442a-81a5-ab554934990b,coughvid_data/dc825027-5f65-442a-81a5-ab554934990b.wav,coughvid_data/dc825027-5f65-442a-81a5-ab554934990b.wav,1.0
e160b893-38f4-4a77-9c94-593ab20569bd,coughvid_data/e160b893-38f4-4a77-9c94-593ab20569bd.wav,coughvid_data/e160b893-38f4-4a77-9c94-593ab20569bd.wav,1.0
c30b7fd5-a66c-428e-846a-397babf9a55e,coughvid_data/c30b7fd5-a66c-428e-846a-397babf9a55e.wav,coughvid_data/c30b7fd5-a66c-428e-846a-397babf9a55e.wav,1.0
7e1659ce-4c14-447e-8403-e05c1a53236f,coughvid_data/7e1659ce-4c14-447e-8403-e05c1a53236f.wav,coughvid_data/7e1659ce-4c14-447e-8403-e05c1a53236f.wav,0.0
51e9df5b-465c-4a10-85b2-3b42d2f1e061,coughvid_data/51e9df5b-465c-4a10-85b2-3b42d2f1e061.wav,coughvid_data/51e9df5b-465c-4a10-85b2-3b42d2f1e061.wav,0.0
3b2ba8e2-db37-44df-96c8-a678d6e81893,coughvid_data/3b2ba8e2-db37-44df-96c8-a678d6e81893.wav,coughvid_data/3b2ba8e2-db37-44df-96c8-a678d6e81893.wav,0.0
a8894f10-ff06-497f-bc94-11ae33472550,coughvid_data/a8894f10-ff06-497f-bc94-11ae33472550.wav,coughvid_data/a8894f10-ff06-497f-bc94-11ae33472550.wav,1.0
0f5b6812-b72e-42c1-af7b-e58a84e54e87,coughvid_data/0f5b6812-b72e-42c1-af7b-e58a84e54e87.wav,coughvid_data/0f5b6812-b72e-42c1-af7b-e58a84e54e87.wav,1.0
0a07b7ef-ec8b-47a8-afb9-cc6ebeeb6505,coughvid_data/0a07b7ef-ec8b-47a8-afb9-cc6ebeeb6505.wav,coughvid_data/0a07b7ef-ec8b-47a8-afb9-cc6ebeeb6505.wav,0.0
e501b208-77e5-4592-91c7-1f0f48cf59a8,coughvid_data/e501b208-77e5-4592-91c7-1f0f48cf59a8.wav,coughvid_data/e501b208-77e5-4592-91c7-1f0f48cf59a8.wav,1.0
b890a9f5-c5ed-4bf8-93ef-4ae71db34772,coughvid_data/b890a9f5-c5ed-4bf8-93ef-4ae71db34772.wav,coughvid_data/b890a9f5-c5ed-4bf8-93ef-4ae71db34772.wav,0.0
7c1c000a-4d09-4718-a36c-69f6d272d8a6,coughvid_data/7c1c000a-4d09-4718-a36c-69f6d272d8a6.wav,coughvid_data/7c1c000a-4d09-4718-a36c-69f6d272d8a6.wav,0.0
b9eb8a9c-4c9e-476f-a2a5-139bcb5a2eaa,coughvid_data/b9eb8a9c-4c9e-476f-a2a5-139bcb5a2eaa.wav,coughvid_data/b9eb8a9c-4c9e-476f-a2a5-139bcb5a2eaa.wav,0.0
8b0909dd-b27f-4188-bd66-265a8708fcbc,coughvid_data/8b0909dd-b27f-4188-bd66-265a8708fcbc.wav,coughvid_data/8b0909dd-b27f-4188-bd66-265a8708fcbc.wav,1.0
7981abda-eba4-4508-925d-596aa1da5497,coughvid_data/7981abda-eba4-4508-925d-596aa1da5497.wav,coughvid_data/7981abda-eba4-4508-925d-596aa1da5497.wav,1.0
31ecf49c-bada-45b4-98d1-21e7905c30eb,coughvid_data/31ecf49c-bada-45b4-98d1-21e7905c30eb.wav,coughvid_data/31ecf49c-bada-45b4-98d1-21e7905c30eb.wav,1.0
66bd4211-2034-4cde-82ad-59aeff6e7eb8,coughvid_data/66bd4211-2034-4cde-82ad-59aeff6e7eb8.wav,coughvid_data/66bd4211-2034-4cde-82ad-59aeff6e7eb8.wav,1.0
9980dc54-17ba-4e81-aba2-cc6ead6b6dd5,coughvid_data/9980dc54-17ba-4e81-aba2-cc6ead6b6dd5.wav,coughvid_data/9980dc54-17ba-4e81-aba2-cc6ead6b6dd5.wav,1.0
3c72fbf6-4d9a-475f-b469-ae99c5147c86,coughvid_data/3c72fbf6-4d9a-475f-b469-ae99c5147c86.wav,coughvid_data/3c72fbf6-4d9a-475f-b469-ae99c5147c86.wav,1.0
3eacb476-ac19-4674-bf73-622f62be81a0,coughvid_data/3eacb476-ac19-4674-bf73-622f62be81a0.wav,coughvid_data/3eacb476-ac19-4674-bf73-622f62be81a0.wav,1.0
bc2e5d1d-4006-4418-958d-b34d3cd426c8,coughvid_data/bc2e5d1d-4006-4418-958d-b34d3cd426c8.wav,coughvid_data/bc2e5d1d-4006-4418-958d-b34d3cd426c8.wav,0.0
2bb66cf8-ae01-4f8d-93d2-3bc4b08c08f8,coughvid_data/2bb66cf8-ae01-4f8d-93d2-3bc4b08c08f8.wav,coughvid_data/2bb66cf8-ae01-4f8d-93d2-3bc4b08c08f8.wav,1.0
26474182-dbc1-42ab-acaf-be73a8631b94,coughvid_data/26474182-dbc1-42ab-acaf-be73a8631b94.wav,coughvid_data/26474182-dbc1-42ab-acaf-be73a8631b94.wav,0.0
6d94406a-8c7e-4b4f-aa43-63f58cb7854e,coughvid_data/6d94406a-8c7e-4b4f-aa43-63f58cb7854e.wav,coughvid_data/6d94406a-8c7e-4b4f-aa43-63f58cb7854e.wav,0.0
df66d2ee-b756-434e-b1ef-0a972f732b70,coughvid_data/df66d2ee-b756-434e-b1ef-0a972f732b70.wav,coughvid_data/df66d2ee-b756-434e-b1ef-0a972f732b70.wav,1.0
2a92c9c2-d1e3-44ba-978d-b206fcff5274,coughvid_data/2a92c9c2-d1e3-44ba-978d-b206fcff5274.wav,coughvid_data/2a92c9c2-d1e3-44ba-978d-b206fcff5274.wav,0.0
8bd1c8a6-16f1-4336-bd8e-85aee7a5df35,coughvid_data/8bd1c8a6-16f1-4336-bd8e-85aee7a5df35.wav,coughvid_data/8bd1c8a6-16f1-4336-bd8e-85aee7a5df35.wav,1.0
9a76fc7b-0ab3-4a9b-b588-cdfbad434164,coughvid_data/9a76fc7b-0ab3-4a9b-b588-cdfbad434164.wav,coughvid_data/9a76fc7b-0ab3-4a9b-b588-cdfbad434164.wav,0.0
f2b512e4-d117-438b-94bb-f41c526b722a,coughvid_data/f2b512e4-d117-438b-94bb-f41c526b722a.wav,coughvid_data/f2b512e4-d117-438b-94bb-f41c526b722a.wav,1.0
afcee07a-d243-471c-9b4c-e901e347bb36,coughvid_data/afcee07a-d243-471c-9b4c-e901e347bb36.wav,coughvid_data/afcee07a-d243-471c-9b4c-e901e347bb36.wav,1.0
c70d5f56-3af6-4a86-8d63-2a3bdedf5a93,coughvid_data/c70d5f56-3af6-4a86-8d63-2a3bdedf5a93.wav,coughvid_data/c70d5f56-3af6-4a86-8d63-2a3bdedf5a93.wav,1.0
bc1966e7-08b9-4399-a2b9-77030ffa05fd,coughvid_data/bc1966e7-08b9-4399-a2b9-77030ffa05fd.wav,coughvid_data/bc1966e7-08b9-4399-a2b9-77030ffa05fd.wav,1.0
f411b0fa-7084-401f-8511-6ad0ba3a052c,coughvid_data/f411b0fa-7084-401f-8511-6ad0ba3a052c.wav,coughvid_data/f411b0fa-7084-401f-8511-6ad0ba3a052c.wav,1.0
894daaa9-8eae-498b-9daa-ff190f3ecf1d,coughvid_data/894daaa9-8eae-498b-9daa-ff190f3ecf1d.wav,coughvid_data/894daaa9-8eae-498b-9daa-ff190f3ecf1d.wav,0.0
3a7c6b64-340b-421f-a814-622caa8d2e0e,coughvid_data/3a7c6b64-340b-421f-a814-622caa8d2e0e.wav,coughvid_data/3a7c6b64-340b-421f-a814-622caa8d2e0e.wav,0.0
5a700847-25d7-4ef2-b098-626515ddee7b,coughvid_data/5a700847-25d7-4ef2-b098-626515ddee7b.wav,coughvid_data/5a700847-25d7-4ef2-b098-626515ddee7b.wav,1.0
dd87bf69-1802-47aa-9586-b840d685797a,coughvid_data/dd87bf69-1802-47aa-9586-b840d685797a.wav,coughvid_data/dd87bf69-1802-47aa-9586-b840d685797a.wav,1.0
396b1795-5864-4364-9b26-581445fa2ee6,coughvid_data/396b1795-5864-4364-9b26-581445fa2ee6.wav,coughvid_data/396b1795-5864-4364-9b26-581445fa2ee6.wav,0.0
fbc10a3b-8c5b-40ac-af1b-668c2c347dcf,coughvid_data/fbc10a3b-8c5b-40ac-af1b-668c2c347dcf.wav,coughvid_data/fbc10a3b-8c5b-40ac-af1b-668c2c347dcf.wav,1.0
72bedd9f-e469-4b2c-91c0-50c03f504432,coughvid_data/72bedd9f-e469-4b2c-91c0-50c03f504432.wav,coughvid_data/72bedd9f-e469-4b2c-91c0-50c03f504432.wav,0.0
6e8ad4dc-03c3-4dae-a5d9-549446626bf5,coughvid_data/6e8ad4dc-03c3-4dae-a5d9-549446626bf5.wav,coughvid_data/6e8ad4dc-03c3-4dae-a5d9-549446626bf5.wav,0.0
9cea9271-098f-42dd-877c-5b55380c1ff9,coughvid_data/9cea9271-098f-42dd-877c-5b55380c1ff9.wav,coughvid_data/9cea9271-098f-42dd-877c-5b55380c1ff9.wav,1.0
d699ad8f-f495-4616-b9de-5b2e2e005778,coughvid_data/d699ad8f-f495-4616-b9de-5b2e2e005778.wav,coughvid_data/d699ad8f-f495-4616-b9de-5b2e2e005778.wav,1.0
003e1bf6-2ecf-4a00-9198-29db34e8d7ac,coughvid_data/003e1bf6-2ecf-4a00-9198-29db34e8d7ac.wav,coughvid_data/003e1bf6-2ecf-4a00-9198-29db34e8d7ac.wav,1.0
76a03d41-09de-4d00-b1e6-0cedf0b3dbda,coughvid_data/76a03d41-09de-4d00-b1e6-0cedf0b3dbda.wav,coughvid_data/76a03d41-09de-4d00-b1e6-0cedf0b3dbda.wav,1.0
fc8ad9ef-6c92-413e-a12a-ab659317419c,coughvid_data/fc8ad9ef-6c92-413e-a12a-ab659317419c.wav,coughvid_data/fc8ad9ef-6c92-413e-a12a-ab659317419c.wav,0.0
74162c82-3490-46ce-a259-715138e4a2fb,coughvid_data/74162c82-3490-46ce-a259-715138e4a2fb.wav,coughvid_data/74162c82-3490-46ce-a259-715138e4a2fb.wav,1.0
f09c6fbd-0cf4-466c-8a4c-4ceef3448963,coughvid_data/f09c6fbd-0cf4-466c-8a4c-4ceef3448963.wav,coughvid_data/f09c6fbd-0cf4-466c-8a4c-4ceef3448963.wav,0.0
0d563c2a-ca75-4c12-b7d9-0d8f320c6770,coughvid_data/0d563c2a-ca75-4c12-b7d9-0d8f320c6770.wav,coughvid_data/0d563c2a-ca75-4c12-b7d9-0d8f320c6770.wav,1.0
a3cd42a7-0052-401d-bac4-fa546c103e6d,coughvid_data/a3cd42a7-0052-401d-bac4-fa546c103e6d.wav,coughvid_data/a3cd42a7-0052-401d-bac4-fa546c103e6d.wav,0.0
8795e522-5ec0-4989-9042-be91c4e2e0b0,coughvid_data/8795e522-5ec0-4989-9042-be91c4e2e0b0.wav,coughvid_data/8795e522-5ec0-4989-9042-be91c4e2e0b0.wav,1.0
0c481056-e3fc-46df-860f-e0827393ed8c,coughvid_data/0c481056-e3fc-46df-860f-e0827393ed8c.wav,coughvid_data/0c481056-e3fc-46df-860f-e0827393ed8c.wav,0.0
15f12b8d-7ba5-444e-975f-f1b26c6e75ae,coughvid_data/15f12b8d-7ba5-444e-975f-f1b26c6e75ae.wav,coughvid_data/15f12b8d-7ba5-444e-975f-f1b26c6e75ae.wav,1.0
eb8828a2-ec95-4e4d-883d-7795322a0079,coughvid_data/eb8828a2-ec95-4e4d-883d-7795322a0079.wav,coughvid_data/eb8828a2-ec95-4e4d-883d-7795322a0079.wav,1.0
afdd2044-dee7-4c64-bc3a-d0ba01194d89,coughvid_data/afdd2044-dee7-4c64-bc3a-d0ba01194d89.wav,coughvid_data/afdd2044-dee7-4c64-bc3a-d0ba01194d89.wav,1.0
4be70791-9ffe-4570-9690-56da96249b2a,coughvid_data/4be70791-9ffe-4570-9690-56da96249b2a.wav,coughvid_data/4be70791-9ffe-4570-9690-56da96249b2a.wav,0.0
d9a86eff-0ead-401e-bcfe-d2af11a9398b,coughvid_data/d9a86eff-0ead-401e-bcfe-d2af11a9398b.wav,coughvid_data/d9a86eff-0ead-401e-bcfe-d2af11a9398b.wav,0.0
24bb83dc-f298-4b48-9847-211e4d50967b,coughvid_data/24bb83dc-f298-4b48-9847-211e4d50967b.wav,coughvid_data/24bb83dc-f298-4b48-9847-211e4d50967b.wav,0.0
c486264e-8848-43e3-bbbb-1ca9d4d1ee28,coughvid_data/c486264e-8848-43e3-bbbb-1ca9d4d1ee28.wav,coughvid_data/c486264e-8848-43e3-bbbb-1ca9d4d1ee28.wav,1.0
e7006acb-7872-4437-bd95-bbd73113bee0,coughvid_data/e7006acb-7872-4437-bd95-bbd73113bee0.wav,coughvid_data/e7006acb-7872-4437-bd95-bbd73113bee0.wav,1.0
4e397ff8-56b2-4a93-9de0-51782e11c0fe,coughvid_data/4e397ff8-56b2-4a93-9de0-51782e11c0fe.wav,coughvid_data/4e397ff8-56b2-4a93-9de0-51782e11c0fe.wav,1.0
500fad90-bcd8-40b5-8cba-4fab34d47c3d,coughvid_data/500fad90-bcd8-40b5-8cba-4fab34d47c3d.wav,coughvid_data/500fad90-bcd8-40b5-8cba-4fab34d47c3d.wav,0.0
43d0c9e1-b24d-485c-9695-75398cf8d51d,coughvid_data/43d0c9e1-b24d-485c-9695-75398cf8d51d.wav,coughvid_data/43d0c9e1-b24d-485c-9695-75398cf8d51d.wav,0.0
d730fe36-1874-467d-927d-8ce5e2438662,coughvid_data/d730fe36-1874-467d-927d-8ce5e2438662.wav,coughvid_data/d730fe36-1874-467d-927d-8ce5e2438662.wav,1.0
75b31d25-8d12-4af1-8e19-f49df43bb674,coughvid_data/75b31d25-8d12-4af1-8e19-f49df43bb674.wav,coughvid_data/75b31d25-8d12-4af1-8e19-f49df43bb674.wav,0.0
36f874c7-7400-4269-a26a-a5028b67bd81,coughvid_data/36f874c7-7400-4269-a26a-a5028b67bd81.wav,coughvid_data/36f874c7-7400-4269-a26a-a5028b67bd81.wav,0.0
5fb358c3-76bc-4adc-93ac-02f367e38739,coughvid_data/5fb358c3-76bc-4adc-93ac-02f367e38739.wav,coughvid_data/5fb358c3-76bc-4adc-93ac-02f367e38739.wav,1.0
8d0f3488-8426-4cd9-8c63-cab8cb950532,coughvid_data/8d0f3488-8426-4cd9-8c63-cab8cb950532.wav,coughvid_data/8d0f3488-8426-4cd9-8c63-cab8cb950532.wav,1.0
596e8eb8-ba5c-4a7b-911e-7621caab5575,coughvid_data/596e8eb8-ba5c-4a7b-911e-7621caab5575.wav,coughvid_data/596e8eb8-ba5c-4a7b-911e-7621caab5575.wav,1.0
c355eace-4030-4d22-80a8-18eb53e460b9,coughvid_data/c355eace-4030-4d22-80a8-18eb53e460b9.wav,coughvid_data/c355eace-4030-4d22-80a8-18eb53e460b9.wav,1.0
3e7cfdf4-1fca-4571-9c1f-ee20b9a82304,coughvid_data/3e7cfdf4-1fca-4571-9c1f-ee20b9a82304.wav,coughvid_data/3e7cfdf4-1fca-4571-9c1f-ee20b9a82304.wav,0.0
d91dff09-4f26-4044-981e-6db236711195,coughvid_data/d91dff09-4f26-4044-981e-6db236711195.wav,coughvid_data/d91dff09-4f26-4044-981e-6db236711195.wav,0.0
adc5f1db-75b5-4aae-b2f3-4385af1c0319,coughvid_data/adc5f1db-75b5-4aae-b2f3-4385af1c0319.wav,coughvid_data/adc5f1db-75b5-4aae-b2f3-4385af1c0319.wav,0.0
452a874b-9f67-48bd-9263-0208ef811dbd,coughvid_data/452a874b-9f67-48bd-9263-0208ef811dbd.wav,coughvid_data/452a874b-9f67-48bd-9263-0208ef811dbd.wav,0.0
e56ea219-e97c-45c4-8222-5ecf168445b5,coughvid_data/e56ea219-e97c-45c4-8222-5ecf168445b5.wav,coughvid_data/e56ea219-e97c-45c4-8222-5ecf168445b5.wav,1.0
d92b052d-191a-472d-8255-004b0cdc5b29,coughvid_data/d92b052d-191a-472d-8255-004b0cdc5b29.wav,coughvid_data/d92b052d-191a-472d-8255-004b0cdc5b29.wav,0.0
1930bce0-6443-45d3-a33d-2802fa64f07b,coughvid_data/1930bce0-6443-45d3-a33d-2802fa64f07b.wav,coughvid_data/1930bce0-6443-45d3-a33d-2802fa64f07b.wav,1.0
abba9547-713b-42b3-92c6-2530869deff3,coughvid_data/abba9547-713b-42b3-92c6-2530869deff3.wav,coughvid_data/abba9547-713b-42b3-92c6-2530869deff3.wav,0.0
7830db9c-ea06-4b2b-8319-c6165dd78919,coughvid_data/7830db9c-ea06-4b2b-8319-c6165dd78919.wav,coughvid_data/7830db9c-ea06-4b2b-8319-c6165dd78919.wav,1.0
169bc4cd-1282-47ce-94e0-64be28ed1668,coughvid_data/169bc4cd-1282-47ce-94e0-64be28ed1668.wav,coughvid_data/169bc4cd-1282-47ce-94e0-64be28ed1668.wav,0.0
43a9c0ec-3a61-453e-8d6d-2168a16fbe12,coughvid_data/43a9c0ec-3a61-453e-8d6d-2168a16fbe12.wav,coughvid_data/43a9c0ec-3a61-453e-8d6d-2168a16fbe12.wav,0.0
3e9edb8e-6ebd-429f-b96b-39f44a35f060,coughvid_data/3e9edb8e-6ebd-429f-b96b-39f44a35f060.wav,coughvid_data/3e9edb8e-6ebd-429f-b96b-39f44a35f060.wav,1.0
bf8e9236-0d63-46ed-9855-38a1074c2121,coughvid_data/bf8e9236-0d63-46ed-9855-38a1074c2121.wav,coughvid_data/bf8e9236-0d63-46ed-9855-38a1074c2121.wav,1.0
b437f4c3-cf59-4cde-a6a3-caea784fb018,coughvid_data/b437f4c3-cf59-4cde-a6a3-caea784fb018.wav,coughvid_data/b437f4c3-cf59-4cde-a6a3-caea784fb018.wav,1.0
cf784416-6aa7-47b0-8d7a-eecaf7df3b17,coughvid_data/cf784416-6aa7-47b0-8d7a-eecaf7df3b17.wav,coughvid_data/cf784416-6aa7-47b0-8d7a-eecaf7df3b17.wav,0.0
5e6a83ff-b78c-4051-b9c2-ac93210c4fc9,coughvid_data/5e6a83ff-b78c-4051-b9c2-ac93210c4fc9.wav,coughvid_data/5e6a83ff-b78c-4051-b9c2-ac93210c4fc9.wav,0.0
4a4d5e24-36a8-43ab-8a0d-d25c6b62412e,coughvid_data/4a4d5e24-36a8-43ab-8a0d-d25c6b62412e.wav,coughvid_data/4a4d5e24-36a8-43ab-8a0d-d25c6b62412e.wav,1.0
ae6133fb-b137-4699-af3a-c7c4e73bdf48,coughvid_data/ae6133fb-b137-4699-af3a-c7c4e73bdf48.wav,coughvid_data/ae6133fb-b137-4699-af3a-c7c4e73bdf48.wav,1.0
92adce4c-a061-401e-8f42-df05f0b44ec3,coughvid_data/92adce4c-a061-401e-8f42-df05f0b44ec3.wav,coughvid_data/92adce4c-a061-401e-8f42-df05f0b44ec3.wav,1.0
16fe15f4-5fe6-4c14-800b-a173a7ed5566,coughvid_data/16fe15f4-5fe6-4c14-800b-a173a7ed5566.wav,coughvid_data/16fe15f4-5fe6-4c14-800b-a173a7ed5566.wav,0.0
215cc45c-fc29-4bed-a211-d00aa935b3ef,coughvid_data/215cc45c-fc29-4bed-a211-d00aa935b3ef.wav,coughvid_data/215cc45c-fc29-4bed-a211-d00aa935b3ef.wav,1.0
704b0f97-f225-4345-ab23-5e4185b4f328,coughvid_data/704b0f97-f225-4345-ab23-5e4185b4f328.wav,coughvid_data/704b0f97-f225-4345-ab23-5e4185b4f328.wav,1.0
0b6590d0-4f9f-4300-ae43-e6b264f520f9,coughvid_data/0b6590d0-4f9f-4300-ae43-e6b264f520f9.wav,coughvid_data/0b6590d0-4f9f-4300-ae43-e6b264f520f9.wav,1.0
c4597b55-3c7c-462f-93b8-705b29db22e4,coughvid_data/c4597b55-3c7c-462f-93b8-705b29db22e4.wav,coughvid_data/c4597b55-3c7c-462f-93b8-705b29db22e4.wav,1.0
5602c7b0-fe42-445c-84de-85a47d89e9de,coughvid_data/5602c7b0-fe42-445c-84de-85a47d89e9de.wav,coughvid_data/5602c7b0-fe42-445c-84de-85a47d89e9de.wav,1.0
84f340f0-1639-4a98-9bc0-f1c37d4ef5b8,coughvid_data/84f340f0-1639-4a98-9bc0-f1c37d4ef5b8.wav,coughvid_data/84f340f0-1639-4a98-9bc0-f1c37d4ef5b8.wav,0.0
235e9f67-9705-4e38-83fe-fa295a776df8,coughvid_data/235e9f67-9705-4e38-83fe-fa295a776df8.wav,coughvid_data/235e9f67-9705-4e38-83fe-fa295a776df8.wav,1.0
c8ecf899-df96-43e4-a734-36bfd0fc18fe,coughvid_data/c8ecf899-df96-43e4-a734-36bfd0fc18fe.wav,coughvid_data/c8ecf899-df96-43e4-a734-36bfd0fc18fe.wav,0.0
c4a31d46-8eef-4c33-a369-fa6f5e0a1b40,coughvid_data/c4a31d46-8eef-4c33-a369-fa6f5e0a1b40.wav,coughvid_data/c4a31d46-8eef-4c33-a369-fa6f5e0a1b40.wav,1.0
e55c280f-a951-4839-bd61-6d86acc0255b,coughvid_data/e55c280f-a951-4839-bd61-6d86acc0255b.wav,coughvid_data/e55c280f-a951-4839-bd61-6d86acc0255b.wav,0.0
e18efb30-aea1-4cf9-aadb-0afe4c51c7df,coughvid_data/e18efb30-aea1-4cf9-aadb-0afe4c51c7df.wav,coughvid_data/e18efb30-aea1-4cf9-aadb-0afe4c51c7df.wav,1.0
73fc958c-2f7a-4f0c-9a8f-6b39f6746d53,coughvid_data/73fc958c-2f7a-4f0c-9a8f-6b39f6746d53.wav,coughvid_data/73fc958c-2f7a-4f0c-9a8f-6b39f6746d53.wav,1.0
fa99038c-451c-4f8f-8455-accdb07d69b7,coughvid_data/fa99038c-451c-4f8f-8455-accdb07d69b7.wav,coughvid_data/fa99038c-451c-4f8f-8455-accdb07d69b7.wav,0.0
578734e3-1fd3-4fa6-9cdc-6b16999ec95c,coughvid_data/578734e3-1fd3-4fa6-9cdc-6b16999ec95c.wav,coughvid_data/578734e3-1fd3-4fa6-9cdc-6b16999ec95c.wav,0.0
ca436a42-8f92-43a4-b312-b1a8c6a325fd,coughvid_data/ca436a42-8f92-43a4-b312-b1a8c6a325fd.wav,coughvid_data/ca436a42-8f92-43a4-b312-b1a8c6a325fd.wav,0.0
c1af067b-db1a-4b70-814d-88fd69d6aec0,coughvid_data/c1af067b-db1a-4b70-814d-88fd69d6aec0.wav,coughvid_data/c1af067b-db1a-4b70-814d-88fd69d6aec0.wav,0.0
b280ec42-bbde-47f9-bbbb-64cc72633c76,coughvid_data/b280ec42-bbde-47f9-bbbb-64cc72633c76.wav,coughvid_data/b280ec42-bbde-47f9-bbbb-64cc72633c76.wav,0.0
7c4b1af3-bdbd-4d49-8c1e-9e5e08078374,coughvid_data/7c4b1af3-bdbd-4d49-8c1e-9e5e08078374.wav,coughvid_data/7c4b1af3-bdbd-4d49-8c1e-9e5e08078374.wav,0.0
3e6e88ed-a784-4f74-9880-bf9ba7591114,coughvid_data/3e6e88ed-a784-4f74-9880-bf9ba7591114.wav,coughvid_data/3e6e88ed-a784-4f74-9880-bf9ba7591114.wav,0.0
a14245f3-ef2d-44bc-b49d-8b354d9b04b2,coughvid_data/a14245f3-ef2d-44bc-b49d-8b354d9b04b2.wav,coughvid_data/a14245f3-ef2d-44bc-b49d-8b354d9b04b2.wav,0.0
92d100df-9103-4f54-8c08-0de039e01637,coughvid_data/92d100df-9103-4f54-8c08-0de039e01637.wav,coughvid_data/92d100df-9103-4f54-8c08-0de039e01637.wav,1.0
4aca30e2-4c63-4fb3-b4c5-cbc03ea54d59,coughvid_data/4aca30e2-4c63-4fb3-b4c5-cbc03ea54d59.wav,coughvid_data/4aca30e2-4c63-4fb3-b4c5-cbc03ea54d59.wav,1.0
9676ce90-0b9a-442b-b4a2-72857cad2bca,coughvid_data/9676ce90-0b9a-442b-b4a2-72857cad2bca.wav,coughvid_data/9676ce90-0b9a-442b-b4a2-72857cad2bca.wav,1.0
36e6abac-0446-4b4b-95ae-04ecc5ea92ea,coughvid_data/36e6abac-0446-4b4b-95ae-04ecc5ea92ea.wav,coughvid_data/36e6abac-0446-4b4b-95ae-04ecc5ea92ea.wav,0.0
7382a3e9-33ad-4c9f-9810-480238262b65,coughvid_data/7382a3e9-33ad-4c9f-9810-480238262b65.wav,coughvid_data/7382a3e9-33ad-4c9f-9810-480238262b65.wav,0.0
745e0786-f46e-4006-91df-ead9fd24e8b1,coughvid_data/745e0786-f46e-4006-91df-ead9fd24e8b1.wav,coughvid_data/745e0786-f46e-4006-91df-ead9fd24e8b1.wav,1.0
a8800447-2d83-4eee-8344-a904f6a80769,coughvid_data/a8800447-2d83-4eee-8344-a904f6a80769.wav,coughvid_data/a8800447-2d83-4eee-8344-a904f6a80769.wav,0.0
e047ced9-7db0-4e49-8d25-923cdafafb69,coughvid_data/e047ced9-7db0-4e49-8d25-923cdafafb69.wav,coughvid_data/e047ced9-7db0-4e49-8d25-923cdafafb69.wav,0.0
001328dc-ea5d-4847-9ccf-c5aa2a3f2d0f,coughvid_data/001328dc-ea5d-4847-9ccf-c5aa2a3f2d0f.wav,coughvid_data/001328dc-ea5d-4847-9ccf-c5aa2a3f2d0f.wav,1.0
103825da-5540-45fc-81df-e89ba398b333,coughvid_data/103825da-5540-45fc-81df-e89ba398b333.wav,coughvid_data/103825da-5540-45fc-81df-e89ba398b333.wav,1.0
ea279274-e417-4183-bb1b-ef6865d595cc,coughvid_data/ea279274-e417-4183-bb1b-ef6865d595cc.wav,coughvid_data/ea279274-e417-4183-bb1b-ef6865d595cc.wav,1.0
6778a7ed-cdfb-40a1-93f4-e8ea02766021,coughvid_data/6778a7ed-cdfb-40a1-93f4-e8ea02766021.wav,coughvid_data/6778a7ed-cdfb-40a1-93f4-e8ea02766021.wav,0.0
eb023474-d151-40ee-96af-706ea6024f59,coughvid_data/eb023474-d151-40ee-96af-706ea6024f59.wav,coughvid_data/eb023474-d151-40ee-96af-706ea6024f59.wav,1.0
0741cb7a-e069-469b-b13e-ea2dc6580c1c,coughvid_data/0741cb7a-e069-469b-b13e-ea2dc6580c1c.wav,coughvid_data/0741cb7a-e069-469b-b13e-ea2dc6580c1c.wav,1.0
303687e3-6b7f-41c2-b03e-a416690451e4,coughvid_data/303687e3-6b7f-41c2-b03e-a416690451e4.wav,coughvid_data/303687e3-6b7f-41c2-b03e-a416690451e4.wav,1.0
36d6fbbd-fdad-4911-bf23-2bfddd6b9e62,coughvid_data/36d6fbbd-fdad-4911-bf23-2bfddd6b9e62.wav,coughvid_data/36d6fbbd-fdad-4911-bf23-2bfddd6b9e62.wav,1.0
8a5feabb-3b0a-49b5-900c-6d3d31e96794,coughvid_data/8a5feabb-3b0a-49b5-900c-6d3d31e96794.wav,coughvid_data/8a5feabb-3b0a-49b5-900c-6d3d31e96794.wav,1.0
90f01e30-55ad-4d87-be9b-1db5c37db1b7,coughvid_data/90f01e30-55ad-4d87-be9b-1db5c37db1b7.wav,coughvid_data/90f01e30-55ad-4d87-be9b-1db5c37db1b7.wav,1.0
1f6a497a-7d48-4db2-be34-c7760e427427,coughvid_data/1f6a497a-7d48-4db2-be34-c7760e427427.wav,coughvid_data/1f6a497a-7d48-4db2-be34-c7760e427427.wav,1.0
3f0e1294-b2c4-4804-b424-3cfb3d99e136,coughvid_data/3f0e1294-b2c4-4804-b424-3cfb3d99e136.wav,coughvid_data/3f0e1294-b2c4-4804-b424-3cfb3d99e136.wav,0.0
55e70155-41bd-4bd6-911e-862af1d877f6,coughvid_data/55e70155-41bd-4bd6-911e-862af1d877f6.wav,coughvid_data/55e70155-41bd-4bd6-911e-862af1d877f6.wav,0.0
b7b39ecb-3ab6-4de4-b4d0-0fd122efd905,coughvid_data/b7b39ecb-3ab6-4de4-b4d0-0fd122efd905.wav,coughvid_data/b7b39ecb-3ab6-4de4-b4d0-0fd122efd905.wav,0.0
20a7f59c-9d3e-4f42-8d5f-5a49c56597b7,coughvid_data/20a7f59c-9d3e-4f42-8d5f-5a49c56597b7.wav,coughvid_data/20a7f59c-9d3e-4f42-8d5f-5a49c56597b7.wav,0.0
3f7b37e2-ab27-40b7-b575-7c6f6a7cf75c,coughvid_data/3f7b37e2-ab27-40b7-b575-7c6f6a7cf75c.wav,coughvid_data/3f7b37e2-ab27-40b7-b575-7c6f6a7cf75c.wav,1.0
82ace81e-866c-43c0-922e-d40e11198ace,coughvid_data/82ace81e-866c-43c0-922e-d40e11198ace.wav,coughvid_data/82ace81e-866c-43c0-922e-d40e11198ace.wav,0.0
40596329-e0dc-434c-a296-6137d841f617,coughvid_data/40596329-e0dc-434c-a296-6137d841f617.wav,coughvid_data/40596329-e0dc-434c-a296-6137d841f617.wav,1.0
be5345f2-01e8-4332-a544-5ca01f32ceaa,coughvid_data/be5345f2-01e8-4332-a544-5ca01f32ceaa.wav,coughvid_data/be5345f2-01e8-4332-a544-5ca01f32ceaa.wav,0.0
d3bfddcf-c4c4-4be1-9bb8-344b814bfde3,coughvid_data/d3bfddcf-c4c4-4be1-9bb8-344b814bfde3.wav,coughvid_data/d3bfddcf-c4c4-4be1-9bb8-344b814bfde3.wav,0.0
3d92af51-6888-4e6d-8305-6fac65556075,coughvid_data/3d92af51-6888-4e6d-8305-6fac65556075.wav,coughvid_data/3d92af51-6888-4e6d-8305-6fac65556075.wav,1.0
9d3ce0b5-8d2d-4418-abc3-2cdb8d0f06fe,coughvid_data/9d3ce0b5-8d2d-4418-abc3-2cdb8d0f06fe.wav,coughvid_data/9d3ce0b5-8d2d-4418-abc3-2cdb8d0f06fe.wav,1.0
a3ed6426-5ed2-4965-86ee-0d410200b6fd,coughvid_data/a3ed6426-5ed2-4965-86ee-0d410200b6fd.wav,coughvid_data/a3ed6426-5ed2-4965-86ee-0d410200b6fd.wav,0.0
e521b0f3-1026-46aa-9aec-30d4463f5aca,coughvid_data/e521b0f3-1026-46aa-9aec-30d4463f5aca.wav,coughvid_data/e521b0f3-1026-46aa-9aec-30d4463f5aca.wav,0.0
5f0311dd-d699-42fb-a12e-9dd62fad6470,coughvid_data/5f0311dd-d699-42fb-a12e-9dd62fad6470.wav,coughvid_data/5f0311dd-d699-42fb-a12e-9dd62fad6470.wav,1.0
fcc633ed-7bad-41c8-b7cd-13d9d8dbb8c2,coughvid_data/fcc633ed-7bad-41c8-b7cd-13d9d8dbb8c2.wav,coughvid_data/fcc633ed-7bad-41c8-b7cd-13d9d8dbb8c2.wav,1.0
cbf76491-d43f-497a-8354-9e6e9529bbaf,coughvid_data/cbf76491-d43f-497a-8354-9e6e9529bbaf.wav,coughvid_data/cbf76491-d43f-497a-8354-9e6e9529bbaf.wav,1.0
ba5d140d-5767-4f71-8925-7ced1c3acf47,coughvid_data/ba5d140d-5767-4f71-8925-7ced1c3acf47.wav,coughvid_data/ba5d140d-5767-4f71-8925-7ced1c3acf47.wav,0.0
b8d02da3-9a48-4e9a-9483-943ca2725f6a,coughvid_data/b8d02da3-9a48-4e9a-9483-943ca2725f6a.wav,coughvid_data/b8d02da3-9a48-4e9a-9483-943ca2725f6a.wav,0.0
526fc6b0-960b-4738-ace7-517cc035c2dc,coughvid_data/526fc6b0-960b-4738-ace7-517cc035c2dc.wav,coughvid_data/526fc6b0-960b-4738-ace7-517cc035c2dc.wav,0.0
37ce0a5e-388d-4de3-82d0-8503660fe783,coughvid_data/37ce0a5e-388d-4de3-82d0-8503660fe783.wav,coughvid_data/37ce0a5e-388d-4de3-82d0-8503660fe783.wav,0.0
413144bd-c38d-4dac-81f9-1f8c103135ad,coughvid_data/413144bd-c38d-4dac-81f9-1f8c103135ad.wav,coughvid_data/413144bd-c38d-4dac-81f9-1f8c103135ad.wav,0.0
1f02c230-3a22-4ee1-81e4-7e7237b36c03,coughvid_data/1f02c230-3a22-4ee1-81e4-7e7237b36c03.wav,coughvid_data/1f02c230-3a22-4ee1-81e4-7e7237b36c03.wav,1.0
8039b1c7-73bf-48b3-99e0-5b736846a812,coughvid_data/8039b1c7-73bf-48b3-99e0-5b736846a812.wav,coughvid_data/8039b1c7-73bf-48b3-99e0-5b736846a812.wav,0.0
f1b027c2-0b10-4ad1-acde-e2b85de36783,coughvid_data/f1b027c2-0b10-4ad1-acde-e2b85de36783.wav,coughvid_data/f1b027c2-0b10-4ad1-acde-e2b85de36783.wav,1.0
93d766a6-c32f-4830-a596-f6bdb20762ba,coughvid_data/93d766a6-c32f-4830-a596-f6bdb20762ba.wav,coughvid_data/93d766a6-c32f-4830-a596-f6bdb20762ba.wav,1.0
38a70849-6146-43c5-9d36-8d259ae02d22,coughvid_data/38a70849-6146-43c5-9d36-8d259ae02d22.wav,coughvid_data/38a70849-6146-43c5-9d36-8d259ae02d22.wav,1.0
a11aee5f-268c-43a8-857c-f9b3fda9c7ab,coughvid_data/a11aee5f-268c-43a8-857c-f9b3fda9c7ab.wav,coughvid_data/a11aee5f-268c-43a8-857c-f9b3fda9c7ab.wav,0.0
161fee4f-2103-4399-a88f-2c76dd772edb,coughvid_data/161fee4f-2103-4399-a88f-2c76dd772edb.wav,coughvid_data/161fee4f-2103-4399-a88f-2c76dd772edb.wav,0.0
9b6be709-db49-4307-a956-fbe95b6624f2,coughvid_data/9b6be709-db49-4307-a956-fbe95b6624f2.wav,coughvid_data/9b6be709-db49-4307-a956-fbe95b6624f2.wav,0.0
7307a4e9-2a7e-4214-90a3-00dca6262271,coughvid_data/7307a4e9-2a7e-4214-90a3-00dca6262271.wav,coughvid_data/7307a4e9-2a7e-4214-90a3-00dca6262271.wav,1.0
f643338e-6d35-4c27-b33d-0dcf4cda367f,coughvid_data/f643338e-6d35-4c27-b33d-0dcf4cda367f.wav,coughvid_data/f643338e-6d35-4c27-b33d-0dcf4cda367f.wav,1.0
fb39effb-f9be-4fa0-9352-d6408cbe3eb7,coughvid_data/fb39effb-f9be-4fa0-9352-d6408cbe3eb7.wav,coughvid_data/fb39effb-f9be-4fa0-9352-d6408cbe3eb7.wav,1.0
75bbed81-c05e-4494-aef2-7ec567b5a4a8,coughvid_data/75bbed81-c05e-4494-aef2-7ec567b5a4a8.wav,coughvid_data/75bbed81-c05e-4494-aef2-7ec567b5a4a8.wav,1.0
f255efb4-c99e-48c5-be11-d71cbf086c06,coughvid_data/f255efb4-c99e-48c5-be11-d71cbf086c06.wav,coughvid_data/f255efb4-c99e-48c5-be11-d71cbf086c06.wav,1.0
086bd8e7-10da-44cd-aac6-fba42c67babb,coughvid_data/086bd8e7-10da-44cd-aac6-fba42c67babb.wav,coughvid_data/086bd8e7-10da-44cd-aac6-fba42c67babb.wav,0.0
082f8c41-4025-4fed-a7a2-400ce23b50f4,coughvid_data/082f8c41-4025-4fed-a7a2-400ce23b50f4.wav,coughvid_data/082f8c41-4025-4fed-a7a2-400ce23b50f4.wav,1.0
4529b4ef-c1af-4ba7-af3a-b6544c4df1d5,coughvid_data/4529b4ef-c1af-4ba7-af3a-b6544c4df1d5.wav,coughvid_data/4529b4ef-c1af-4ba7-af3a-b6544c4df1d5.wav,1.0
ef5aefd4-42e0-4de8-a385-a8b383f0038f,coughvid_data/ef5aefd4-42e0-4de8-a385-a8b383f0038f.wav,coughvid_data/ef5aefd4-42e0-4de8-a385-a8b383f0038f.wav,0.0
ac7063b1-d3ac-424d-8cb9-db8ae4631daf,coughvid_data/ac7063b1-d3ac-424d-8cb9-db8ae4631daf.wav,coughvid_data/ac7063b1-d3ac-424d-8cb9-db8ae4631daf.wav,0.0
0bb4b373-9555-4eae-943a-5e79c66bc7d2,coughvid_data/0bb4b373-9555-4eae-943a-5e79c66bc7d2.wav,coughvid_data/0bb4b373-9555-4eae-943a-5e79c66bc7d2.wav,1.0
0f8d80f9-700e-4069-924d-e15f29d7c19a,coughvid_data/0f8d80f9-700e-4069-924d-e15f29d7c19a.wav,coughvid_data/0f8d80f9-700e-4069-924d-e15f29d7c19a.wav,1.0
bb0c6cd9-6465-47ad-be51-7189156d5f2e,coughvid_data/bb0c6cd9-6465-47ad-be51-7189156d5f2e.wav,coughvid_data/bb0c6cd9-6465-47ad-be51-7189156d5f2e.wav,0.0
eb776755-c26c-4b45-8224-2caee162c7b0,coughvid_data/eb776755-c26c-4b45-8224-2caee162c7b0.wav,coughvid_data/eb776755-c26c-4b45-8224-2caee162c7b0.wav,0.0
9368f028-4299-4067-9ba7-8b59b952259a,coughvid_data/9368f028-4299-4067-9ba7-8b59b952259a.wav,coughvid_data/9368f028-4299-4067-9ba7-8b59b952259a.wav,0.0
7aae12b2-5599-4b57-a71b-b96995b3151a,coughvid_data/7aae12b2-5599-4b57-a71b-b96995b3151a.wav,coughvid_data/7aae12b2-5599-4b57-a71b-b96995b3151a.wav,0.0
68dafca4-115d-429c-906d-0f8e2fc02e90,coughvid_data/68dafca4-115d-429c-906d-0f8e2fc02e90.wav,coughvid_data/68dafca4-115d-429c-906d-0f8e2fc02e90.wav,0.0
68648097-74f4-4be5-8b46-04b33b3f40ea,coughvid_data/68648097-74f4-4be5-8b46-04b33b3f40ea.wav,coughvid_data/68648097-74f4-4be5-8b46-04b33b3f40ea.wav,1.0
0fa3eadd-a487-4747-8ec9-bc9000e4b5f4,coughvid_data/0fa3eadd-a487-4747-8ec9-bc9000e4b5f4.wav,coughvid_data/0fa3eadd-a487-4747-8ec9-bc9000e4b5f4.wav,0.0
a91ce163-1e19-4802-b210-c5a6e3c7cbd0,coughvid_data/a91ce163-1e19-4802-b210-c5a6e3c7cbd0.wav,coughvid_data/a91ce163-1e19-4802-b210-c5a6e3c7cbd0.wav,1.0
c5b63934-43ac-4aec-a886-9f349ba66144,coughvid_data/c5b63934-43ac-4aec-a886-9f349ba66144.wav,coughvid_data/c5b63934-43ac-4aec-a886-9f349ba66144.wav,1.0
1f7cb6ff-4a3a-47ad-99d7-4f37ac7e42a3,coughvid_data/1f7cb6ff-4a3a-47ad-99d7-4f37ac7e42a3.wav,coughvid_data/1f7cb6ff-4a3a-47ad-99d7-4f37ac7e42a3.wav,1.0
c1dd19f2-c0eb-4636-8805-4a583c5f1559,coughvid_data/c1dd19f2-c0eb-4636-8805-4a583c5f1559.wav,coughvid_data/c1dd19f2-c0eb-4636-8805-4a583c5f1559.wav,1.0
04793326-24d1-4e36-8f4d-f54d48522d5f,coughvid_data/04793326-24d1-4e36-8f4d-f54d48522d5f.wav,coughvid_data/04793326-24d1-4e36-8f4d-f54d48522d5f.wav,0.0
0dbd034b-71d1-4927-8f33-c0645f42c47a,coughvid_data/0dbd034b-71d1-4927-8f33-c0645f42c47a.wav,coughvid_data/0dbd034b-71d1-4927-8f33-c0645f42c47a.wav,1.0
4586ce34-07e7-4d13-9b3b-ae79adec6c56,coughvid_data/4586ce34-07e7-4d13-9b3b-ae79adec6c56.wav,coughvid_data/4586ce34-07e7-4d13-9b3b-ae79adec6c56.wav,1.0
ad6fb377-e4d0-4c6a-9cd1-026a84a467d6,coughvid_data/ad6fb377-e4d0-4c6a-9cd1-026a84a467d6.wav,coughvid_data/ad6fb377-e4d0-4c6a-9cd1-026a84a467d6.wav,0.0
e9bb82fb-b5cb-4d59-8d18-92ffac46eff2,coughvid_data/e9bb82fb-b5cb-4d59-8d18-92ffac46eff2.wav,coughvid_data/e9bb82fb-b5cb-4d59-8d18-92ffac46eff2.wav,1.0
26c67b79-814e-47a2-83b1-c95ea4d79261,coughvid_data/26c67b79-814e-47a2-83b1-c95ea4d79261.wav,coughvid_data/26c67b79-814e-47a2-83b1-c95ea4d79261.wav,0.0
c5f1e723-5e2d-43c7-8e4d-a11e4fe52d55,coughvid_data/c5f1e723-5e2d-43c7-8e4d-a11e4fe52d55.wav,coughvid_data/c5f1e723-5e2d-43c7-8e4d-a11e4fe52d55.wav,0.0
48593ff9-6b69-4ffb-b440-f25fd7b8dc72,coughvid_data/48593ff9-6b69-4ffb-b440-f25fd7b8dc72.wav,coughvid_data/48593ff9-6b69-4ffb-b440-f25fd7b8dc72.wav,0.0
64185b59-3218-4de6-aed8-4e0190cf6040,coughvid_data/64185b59-3218-4de6-aed8-4e0190cf6040.wav,coughvid_data/64185b59-3218-4de6-aed8-4e0190cf6040.wav,0.0
dc564c27-6499-4acc-91b2-651c33f6cc67,coughvid_data/dc564c27-6499-4acc-91b2-651c33f6cc67.wav,coughvid_data/dc564c27-6499-4acc-91b2-651c33f6cc67.wav,1.0
524633a3-82a7-4203-9330-55ccf3f99578,coughvid_data/524633a3-82a7-4203-9330-55ccf3f99578.wav,coughvid_data/524633a3-82a7-4203-9330-55ccf3f99578.wav,0.0
e11c5a28-af63-4193-90aa-5ee8876c7fb3,coughvid_data/e11c5a28-af63-4193-90aa-5ee8876c7fb3.wav,coughvid_data/e11c5a28-af63-4193-90aa-5ee8876c7fb3.wav,1.0
f1f18601-0c59-41f6-aeeb-bd50e2dcd174,coughvid_data/f1f18601-0c59-41f6-aeeb-bd50e2dcd174.wav,coughvid_data/f1f18601-0c59-41f6-aeeb-bd50e2dcd174.wav,1.0
624bb1a3-a750-4e9f-a45c-f36d46c9786e,coughvid_data/624bb1a3-a750-4e9f-a45c-f36d46c9786e.wav,coughvid_data/624bb1a3-a750-4e9f-a45c-f36d46c9786e.wav,0.0
3cb4dbb6-d191-4331-bcdb-eec0f100484a,coughvid_data/3cb4dbb6-d191-4331-bcdb-eec0f100484a.wav,coughvid_data/3cb4dbb6-d191-4331-bcdb-eec0f100484a.wav,1.0
086533e2-3043-4596-8bc4-47d0caccfade,coughvid_data/086533e2-3043-4596-8bc4-47d0caccfade.wav,coughvid_data/086533e2-3043-4596-8bc4-47d0caccfade.wav,0.0
9923dd51-93ca-4428-b0a4-0b8a4b393384,coughvid_data/9923dd51-93ca-4428-b0a4-0b8a4b393384.wav,coughvid_data/9923dd51-93ca-4428-b0a4-0b8a4b393384.wav,1.0
2c68d316-e2af-4503-8dd0-838fe3485e39,coughvid_data/2c68d316-e2af-4503-8dd0-838fe3485e39.wav,coughvid_data/2c68d316-e2af-4503-8dd0-838fe3485e39.wav,1.0
c60721b1-342d-4d8e-ad1c-9f9882c43c52,coughvid_data/c60721b1-342d-4d8e-ad1c-9f9882c43c52.wav,coughvid_data/c60721b1-342d-4d8e-ad1c-9f9882c43c52.wav,1.0
9e2650e6-4847-4241-90c6-1810a3f2fdf5,coughvid_data/9e2650e6-4847-4241-90c6-1810a3f2fdf5.wav,coughvid_data/9e2650e6-4847-4241-90c6-1810a3f2fdf5.wav,1.0
77536582-b6e5-4c07-99b4-da08e9824aa9,coughvid_data/77536582-b6e5-4c07-99b4-da08e9824aa9.wav,coughvid_data/77536582-b6e5-4c07-99b4-da08e9824aa9.wav,1.0
772fa7b8-8c9e-448e-a915-24c1e0c6ff03,coughvid_data/772fa7b8-8c9e-448e-a915-24c1e0c6ff03.wav,coughvid_data/772fa7b8-8c9e-448e-a915-24c1e0c6ff03.wav,1.0
4b3fd06a-818e-48e0-b094-0470b17579a2,coughvid_data/4b3fd06a-818e-48e0-b094-0470b17579a2.wav,coughvid_data/4b3fd06a-818e-48e0-b094-0470b17579a2.wav,1.0
c1147309-993c-4871-adaf-2354ef0ea536,coughvid_data/c1147309-993c-4871-adaf-2354ef0ea536.wav,coughvid_data/c1147309-993c-4871-adaf-2354ef0ea536.wav,0.0
d757a541-4e14-4131-9a62-33b437039173,coughvid_data/d757a541-4e14-4131-9a62-33b437039173.wav,coughvid_data/d757a541-4e14-4131-9a62-33b437039173.wav,1.0
f5c16f59-734b-4148-9378-ba514303de5d,coughvid_data/f5c16f59-734b-4148-9378-ba514303de5d.wav,coughvid_data/f5c16f59-734b-4148-9378-ba514303de5d.wav,1.0
c929f7fe-23e8-40a5-b79d-ce16e395ed52,coughvid_data/c929f7fe-23e8-40a5-b79d-ce16e395ed52.wav,coughvid_data/c929f7fe-23e8-40a5-b79d-ce16e395ed52.wav,0.0
1b98e91c-2a05-45ce-be65-bf376e3c3308,coughvid_data/1b98e91c-2a05-45ce-be65-bf376e3c3308.wav,coughvid_data/1b98e91c-2a05-45ce-be65-bf376e3c3308.wav,1.0
ba6d1196-6106-49c6-8383-02359fdf4849,coughvid_data/ba6d1196-6106-49c6-8383-02359fdf4849.wav,coughvid_data/ba6d1196-6106-49c6-8383-02359fdf4849.wav,0.0
009e762a-b4f7-41a6-a419-b4ca51be88ec,coughvid_data/009e762a-b4f7-41a6-a419-b4ca51be88ec.wav,coughvid_data/009e762a-b4f7-41a6-a419-b4ca51be88ec.wav,0.0
6ca7b982-d5e4-4ec8-bbe0-468dd631c589,coughvid_data/6ca7b982-d5e4-4ec8-bbe0-468dd631c589.wav,coughvid_data/6ca7b982-d5e4-4ec8-bbe0-468dd631c589.wav,1.0
11477ad1-2c3d-4a0f-8f79-4d5491985789,coughvid_data/11477ad1-2c3d-4a0f-8f79-4d5491985789.wav,coughvid_data/11477ad1-2c3d-4a0f-8f79-4d5491985789.wav,0.0
c91eb79c-31d2-4ba5-9e4e-d95e5d4f5c11,coughvid_data/c91eb79c-31d2-4ba5-9e4e-d95e5d4f5c11.wav,coughvid_data/c91eb79c-31d2-4ba5-9e4e-d95e5d4f5c11.wav,0.0
238dde64-d2ec-4d5e-ba60-16165f31125a,coughvid_data/238dde64-d2ec-4d5e-ba60-16165f31125a.wav,coughvid_data/238dde64-d2ec-4d5e-ba60-16165f31125a.wav,0.0
38569a56-b6a2-49b9-b6aa-21f888d18570,coughvid_data/38569a56-b6a2-49b9-b6aa-21f888d18570.wav,coughvid_data/38569a56-b6a2-49b9-b6aa-21f888d18570.wav,1.0
f00a11aa-a6ad-48ca-bd0c-ffc31ec06e70,coughvid_data/f00a11aa-a6ad-48ca-bd0c-ffc31ec06e70.wav,coughvid_data/f00a11aa-a6ad-48ca-bd0c-ffc31ec06e70.wav,0.0
69f23eea-a37e-4922-a1bb-e7064aedbaec,coughvid_data/69f23eea-a37e-4922-a1bb-e7064aedbaec.wav,coughvid_data/69f23eea-a37e-4922-a1bb-e7064aedbaec.wav,1.0
efd7f5c1-97f3-467a-8879-2c56f6b09497,coughvid_data/efd7f5c1-97f3-467a-8879-2c56f6b09497.wav,coughvid_data/efd7f5c1-97f3-467a-8879-2c56f6b09497.wav,0.0
5579d36a-72b1-4236-9dcc-f568c501bd7a,coughvid_data/5579d36a-72b1-4236-9dcc-f568c501bd7a.wav,coughvid_data/5579d36a-72b1-4236-9dcc-f568c501bd7a.wav,0.0
0fba2d94-9941-4b3e-aa06-45c9f164dce7,coughvid_data/0fba2d94-9941-4b3e-aa06-45c9f164dce7.wav,coughvid_data/0fba2d94-9941-4b3e-aa06-45c9f164dce7.wav,1.0
28894f00-bbdf-4f8a-8920-c39392f72431,coughvid_data/28894f00-bbdf-4f8a-8920-c39392f72431.wav,coughvid_data/28894f00-bbdf-4f8a-8920-c39392f72431.wav,0.0
892ba9c4-bc94-49b2-97ce-01fa057a5386,coughvid_data/892ba9c4-bc94-49b2-97ce-01fa057a5386.wav,coughvid_data/892ba9c4-bc94-49b2-97ce-01fa057a5386.wav,1.0
334566c6-94f2-4c96-8dc0-d100de668dde,coughvid_data/334566c6-94f2-4c96-8dc0-d100de668dde.wav,coughvid_data/334566c6-94f2-4c96-8dc0-d100de668dde.wav,1.0
4f6c6fa4-e708-4c9a-ac8a-7137a4a60093,coughvid_data/4f6c6fa4-e708-4c9a-ac8a-7137a4a60093.wav,coughvid_data/4f6c6fa4-e708-4c9a-ac8a-7137a4a60093.wav,1.0
173c5141-00ff-4b6a-ba5f-48e376f0790a,coughvid_data/173c5141-00ff-4b6a-ba5f-48e376f0790a.wav,coughvid_data/173c5141-00ff-4b6a-ba5f-48e376f0790a.wav,1.0
7465377a-8963-4a0e-bd1b-92a8924b1ccb,coughvid_data/7465377a-8963-4a0e-bd1b-92a8924b1ccb.wav,coughvid_data/7465377a-8963-4a0e-bd1b-92a8924b1ccb.wav,1.0
3f609a29-fe55-400a-aa47-50a4d6b9d3bf,coughvid_data/3f609a29-fe55-400a-aa47-50a4d6b9d3bf.wav,coughvid_data/3f609a29-fe55-400a-aa47-50a4d6b9d3bf.wav,1.0
a51f66d8-d39b-4385-8de6-56454c1665f7,coughvid_data/a51f66d8-d39b-4385-8de6-56454c1665f7.wav,coughvid_data/a51f66d8-d39b-4385-8de6-56454c1665f7.wav,0.0
fa9c51ca-6cb0-47a9-b1d3-0ac787303729,coughvid_data/fa9c51ca-6cb0-47a9-b1d3-0ac787303729.wav,coughvid_data/fa9c51ca-6cb0-47a9-b1d3-0ac787303729.wav,0.0
038c5b29-8502-419f-8519-86dae1f030a0,coughvid_data/038c5b29-8502-419f-8519-86dae1f030a0.wav,coughvid_data/038c5b29-8502-419f-8519-86dae1f030a0.wav,0.0
fe206836-a050-4264-8e66-0177e644be76,coughvid_data/fe206836-a050-4264-8e66-0177e644be76.wav,coughvid_data/fe206836-a050-4264-8e66-0177e644be76.wav,0.0
382af926-978d-4dfe-9d2a-7def54be63e7,coughvid_data/382af926-978d-4dfe-9d2a-7def54be63e7.wav,coughvid_data/382af926-978d-4dfe-9d2a-7def54be63e7.wav,0.0
3f8bf27d-146c-4df5-854d-ac360a23933e,coughvid_data/3f8bf27d-146c-4df5-854d-ac360a23933e.wav,coughvid_data/3f8bf27d-146c-4df5-854d-ac360a23933e.wav,0.0
62b6ee92-d1a0-4785-bcc4-1f4675247cc7,coughvid_data/62b6ee92-d1a0-4785-bcc4-1f4675247cc7.wav,coughvid_data/62b6ee92-d1a0-4785-bcc4-1f4675247cc7.wav,0.0
b0902cec-f684-4bbf-a334-c6328fa2bfda,coughvid_data/b0902cec-f684-4bbf-a334-c6328fa2bfda.wav,coughvid_data/b0902cec-f684-4bbf-a334-c6328fa2bfda.wav,1.0
b0d1c3fd-2e96-4b8b-93b9-5485bbe9e5dc,coughvid_data/b0d1c3fd-2e96-4b8b-93b9-5485bbe9e5dc.wav,coughvid_data/b0d1c3fd-2e96-4b8b-93b9-5485bbe9e5dc.wav,1.0
c631f469-2241-4f12-871f-44363327798b,coughvid_data/c631f469-2241-4f12-871f-44363327798b.wav,coughvid_data/c631f469-2241-4f12-871f-44363327798b.wav,1.0
0130d2a5-7c6d-4cfc-b5b4-9fccddc97666,coughvid_data/0130d2a5-7c6d-4cfc-b5b4-9fccddc97666.wav,coughvid_data/0130d2a5-7c6d-4cfc-b5b4-9fccddc97666.wav,1.0
77142d14-bc01-46f5-af78-2ec2c7927492,coughvid_data/77142d14-bc01-46f5-af78-2ec2c7927492.wav,coughvid_data/77142d14-bc01-46f5-af78-2ec2c7927492.wav,0.0
85b4367e-dc96-40d1-9402-fbee57029f56,coughvid_data/85b4367e-dc96-40d1-9402-fbee57029f56.wav,coughvid_data/85b4367e-dc96-40d1-9402-fbee57029f56.wav,1.0
3e9e2d7f-0bdd-47b4-9b5a-a36135e007bc,coughvid_data/3e9e2d7f-0bdd-47b4-9b5a-a36135e007bc.wav,coughvid_data/3e9e2d7f-0bdd-47b4-9b5a-a36135e007bc.wav,0.0
45d64a8f-1c50-418b-a263-ef84d9e9b768,coughvid_data/45d64a8f-1c50-418b-a263-ef84d9e9b768.wav,coughvid_data/45d64a8f-1c50-418b-a263-ef84d9e9b768.wav,0.0
7872654c-3c85-4e0c-b12b-850586f2023b,coughvid_data/7872654c-3c85-4e0c-b12b-850586f2023b.wav,coughvid_data/7872654c-3c85-4e0c-b12b-850586f2023b.wav,1.0
ca13c020-72e1-4ab0-8649-b2a029389bad,coughvid_data/ca13c020-72e1-4ab0-8649-b2a029389bad.wav,coughvid_data/ca13c020-72e1-4ab0-8649-b2a029389bad.wav,0.0
8312231f-4628-48d8-be37-c559a2693d84,coughvid_data/8312231f-4628-48d8-be37-c559a2693d84.wav,coughvid_data/8312231f-4628-48d8-be37-c559a2693d84.wav,1.0
781277ab-d98a-4789-8e2e-daffea5fed04,coughvid_data/781277ab-d98a-4789-8e2e-daffea5fed04.wav,coughvid_data/781277ab-d98a-4789-8e2e-daffea5fed04.wav,1.0
5bf42a8b-04bb-4b11-9cf4-c57d19d438a8,coughvid_data/5bf42a8b-04bb-4b11-9cf4-c57d19d438a8.wav,coughvid_data/5bf42a8b-04bb-4b11-9cf4-c57d19d438a8.wav,1.0
efe41fcb-0a86-4fd3-ad6c-e85f4cde8550,coughvid_data/efe41fcb-0a86-4fd3-ad6c-e85f4cde8550.wav,coughvid_data/efe41fcb-0a86-4fd3-ad6c-e85f4cde8550.wav,1.0
118fb3e1-590c-4353-8109-eedc5cfba235,coughvid_data/118fb3e1-590c-4353-8109-eedc5cfba235.wav,coughvid_data/118fb3e1-590c-4353-8109-eedc5cfba235.wav,0.0
25136b04-d3c7-404f-b799-c05c36f05386,coughvid_data/25136b04-d3c7-404f-b799-c05c36f05386.wav,coughvid_data/25136b04-d3c7-404f-b799-c05c36f05386.wav,0.0
556c8341-e4f0-4468-aab1-3b97d5cc5401,coughvid_data/556c8341-e4f0-4468-aab1-3b97d5cc5401.wav,coughvid_data/556c8341-e4f0-4468-aab1-3b97d5cc5401.wav,0.0
4aac080d-e637-4cc9-8c4f-1d29ab736df7,coughvid_data/4aac080d-e637-4cc9-8c4f-1d29ab736df7.wav,coughvid_data/4aac080d-e637-4cc9-8c4f-1d29ab736df7.wav,1.0
a49ecef3-74a2-48bb-a1e4-0cb23621ba0c,coughvid_data/a49ecef3-74a2-48bb-a1e4-0cb23621ba0c.wav,coughvid_data/a49ecef3-74a2-48bb-a1e4-0cb23621ba0c.wav,0.0
01567151-7bb2-45ee-9aa8-a1332b5941ea,coughvid_data/01567151-7bb2-45ee-9aa8-a1332b5941ea.wav,coughvid_data/01567151-7bb2-45ee-9aa8-a1332b5941ea.wav,1.0
652c528d-dc19-4090-b870-3fa8888c49bc,coughvid_data/652c528d-dc19-4090-b870-3fa8888c49bc.wav,coughvid_data/652c528d-dc19-4090-b870-3fa8888c49bc.wav,0.0
676db20c-a00c-4d50-b5a4-f26e0d696704,coughvid_data/676db20c-a00c-4d50-b5a4-f26e0d696704.wav,coughvid_data/676db20c-a00c-4d50-b5a4-f26e0d696704.wav,0.0
7bd0e6b9-38be-4692-99bf-524b3ffb9f6c,coughvid_data/7bd0e6b9-38be-4692-99bf-524b3ffb9f6c.wav,coughvid_data/7bd0e6b9-38be-4692-99bf-524b3ffb9f6c.wav,0.0
188aa964-57da-4a69-bf12-f5e8497cbfae,coughvid_data/188aa964-57da-4a69-bf12-f5e8497cbfae.wav,coughvid_data/188aa964-57da-4a69-bf12-f5e8497cbfae.wav,0.0
3683fc1e-25c4-4ff4-a080-c10d5e6d65f7,coughvid_data/3683fc1e-25c4-4ff4-a080-c10d5e6d65f7.wav,coughvid_data/3683fc1e-25c4-4ff4-a080-c10d5e6d65f7.wav,1.0
b964f822-ef7f-46ae-84dc-902023459a32,coughvid_data/b964f822-ef7f-46ae-84dc-902023459a32.wav,coughvid_data/b964f822-ef7f-46ae-84dc-902023459a32.wav,0.0
9b8b9c77-650e-421a-bc08-bec7e996ad16,coughvid_data/9b8b9c77-650e-421a-bc08-bec7e996ad16.wav,coughvid_data/9b8b9c77-650e-421a-bc08-bec7e996ad16.wav,1.0
8a313093-a183-468e-a0b6-31148617f37c,coughvid_data/8a313093-a183-468e-a0b6-31148617f37c.wav,coughvid_data/8a313093-a183-468e-a0b6-31148617f37c.wav,0.0
4f011fe2-7b93-4450-9cf9-6a42c48c1b27,coughvid_data/4f011fe2-7b93-4450-9cf9-6a42c48c1b27.wav,coughvid_data/4f011fe2-7b93-4450-9cf9-6a42c48c1b27.wav,1.0
c90dd292-eccf-4cbd-99b8-a6e00c86dd44,coughvid_data/c90dd292-eccf-4cbd-99b8-a6e00c86dd44.wav,coughvid_data/c90dd292-eccf-4cbd-99b8-a6e00c86dd44.wav,1.0
5662edd2-726f-4755-863a-24ae82b09d22,coughvid_data/5662edd2-726f-4755-863a-24ae82b09d22.wav,coughvid_data/5662edd2-726f-4755-863a-24ae82b09d22.wav,1.0
f02349ff-9fbc-440c-905c-34035bddbe2b,coughvid_data/f02349ff-9fbc-440c-905c-34035bddbe2b.wav,coughvid_data/f02349ff-9fbc-440c-905c-34035bddbe2b.wav,0.0
c25c9b36-4f0f-460d-ad4a-d6c066c21a1f,coughvid_data/c25c9b36-4f0f-460d-ad4a-d6c066c21a1f.wav,coughvid_data/c25c9b36-4f0f-460d-ad4a-d6c066c21a1f.wav,1.0
5242f393-31f0-4b74-a93c-5a9accbdc5d9,coughvid_data/5242f393-31f0-4b74-a93c-5a9accbdc5d9.wav,coughvid_data/5242f393-31f0-4b74-a93c-5a9accbdc5d9.wav,1.0
0b3dd93b-592c-4068-961d-a1603ce579d2,coughvid_data/0b3dd93b-592c-4068-961d-a1603ce579d2.wav,coughvid_data/0b3dd93b-592c-4068-961d-a1603ce579d2.wav,1.0
abf2af4d-9369-40e9-873b-73dca08ae7a1,coughvid_data/abf2af4d-9369-40e9-873b-73dca08ae7a1.wav,coughvid_data/abf2af4d-9369-40e9-873b-73dca08ae7a1.wav,1.0
02ae77ea-c16f-449a-8ac8-3024a5b7f7b0,coughvid_data/02ae77ea-c16f-449a-8ac8-3024a5b7f7b0.wav,coughvid_data/02ae77ea-c16f-449a-8ac8-3024a5b7f7b0.wav,0.0
3f0ab307-e007-4ddf-bfb7-a7ec19a31988,coughvid_data/3f0ab307-e007-4ddf-bfb7-a7ec19a31988.wav,coughvid_data/3f0ab307-e007-4ddf-bfb7-a7ec19a31988.wav,1.0
58d59bc0-5c40-40f6-a5b8-56573203767f,coughvid_data/58d59bc0-5c40-40f6-a5b8-56573203767f.wav,coughvid_data/58d59bc0-5c40-40f6-a5b8-56573203767f.wav,1.0
984246f3-f76a-41ba-a026-d3f44146aa09,coughvid_data/984246f3-f76a-41ba-a026-d3f44146aa09.wav,coughvid_data/984246f3-f76a-41ba-a026-d3f44146aa09.wav,1.0
980d1789-b797-43ca-8581-c1b3be35ba15,coughvid_data/980d1789-b797-43ca-8581-c1b3be35ba15.wav,coughvid_data/980d1789-b797-43ca-8581-c1b3be35ba15.wav,0.0
4422d3a8-a4a8-4f0b-9030-9c100854f554,coughvid_data/4422d3a8-a4a8-4f0b-9030-9c100854f554.wav,coughvid_data/4422d3a8-a4a8-4f0b-9030-9c100854f554.wav,1.0
34155b50-f41b-4fe4-83ef-320c41b8f9ae,coughvid_data/34155b50-f41b-4fe4-83ef-320c41b8f9ae.wav,coughvid_data/34155b50-f41b-4fe4-83ef-320c41b8f9ae.wav,1.0
d9ecbac4-1be5-4fb1-a4be-2b52f0e4f1f7,coughvid_data/d9ecbac4-1be5-4fb1-a4be-2b52f0e4f1f7.wav,coughvid_data/d9ecbac4-1be5-4fb1-a4be-2b52f0e4f1f7.wav,0.0
5cc364bd-01c2-4fc6-943b-447ab6a08790,coughvid_data/5cc364bd-01c2-4fc6-943b-447ab6a08790.wav,coughvid_data/5cc364bd-01c2-4fc6-943b-447ab6a08790.wav,1.0
062c3a7f-a783-4b43-806e-6db83aa0da15,coughvid_data/062c3a7f-a783-4b43-806e-6db83aa0da15.wav,coughvid_data/062c3a7f-a783-4b43-806e-6db83aa0da15.wav,1.0
c7c526ce-3f22-4bca-850e-ae01919f1730,coughvid_data/c7c526ce-3f22-4bca-850e-ae01919f1730.wav,coughvid_data/c7c526ce-3f22-4bca-850e-ae01919f1730.wav,0.0
2f48585c-23f5-4941-92d2-68d592ead63d,coughvid_data/2f48585c-23f5-4941-92d2-68d592ead63d.wav,coughvid_data/2f48585c-23f5-4941-92d2-68d592ead63d.wav,1.0
7118bd3b-0632-4cf6-b377-19aea4282959,coughvid_data/7118bd3b-0632-4cf6-b377-19aea4282959.wav,coughvid_data/7118bd3b-0632-4cf6-b377-19aea4282959.wav,1.0
7ff6b5bf-0951-4da4-a35b-8b3187a06aae,coughvid_data/7ff6b5bf-0951-4da4-a35b-8b3187a06aae.wav,coughvid_data/7ff6b5bf-0951-4da4-a35b-8b3187a06aae.wav,1.0
0640716b-e287-4181-a653-5b798e8308c8,coughvid_data/0640716b-e287-4181-a653-5b798e8308c8.wav,coughvid_data/0640716b-e287-4181-a653-5b798e8308c8.wav,1.0
2b8d80b3-0eff-4f6d-9f16-ae8191873a4d,coughvid_data/2b8d80b3-0eff-4f6d-9f16-ae8191873a4d.wav,coughvid_data/2b8d80b3-0eff-4f6d-9f16-ae8191873a4d.wav,1.0
2f22dc75-2e8c-49ec-907d-52cd65478ea7,coughvid_data/2f22dc75-2e8c-49ec-907d-52cd65478ea7.wav,coughvid_data/2f22dc75-2e8c-49ec-907d-52cd65478ea7.wav,0.0
c7cfeedf-eb9c-4cbd-9dc4-45ab03f34a2c,coughvid_data/c7cfeedf-eb9c-4cbd-9dc4-45ab03f34a2c.wav,coughvid_data/c7cfeedf-eb9c-4cbd-9dc4-45ab03f34a2c.wav,1.0
8962e5e5-9234-4783-8d6c-26e45e71d4f2,coughvid_data/8962e5e5-9234-4783-8d6c-26e45e71d4f2.wav,coughvid_data/8962e5e5-9234-4783-8d6c-26e45e71d4f2.wav,1.0
b4723051-1339-4602-a58e-b469c38caf41,coughvid_data/b4723051-1339-4602-a58e-b469c38caf41.wav,coughvid_data/b4723051-1339-4602-a58e-b469c38caf41.wav,0.0
ad3e123b-40f0-4076-b2a0-81107b05c214,coughvid_data/ad3e123b-40f0-4076-b2a0-81107b05c214.wav,coughvid_data/ad3e123b-40f0-4076-b2a0-81107b05c214.wav,1.0
95ef32d2-1459-4640-9551-889e84f613fe,coughvid_data/95ef32d2-1459-4640-9551-889e84f613fe.wav,coughvid_data/95ef32d2-1459-4640-9551-889e84f613fe.wav,1.0
cd2ee4d5-cd25-420f-939b-d1732400861c,coughvid_data/cd2ee4d5-cd25-420f-939b-d1732400861c.wav,coughvid_data/cd2ee4d5-cd25-420f-939b-d1732400861c.wav,1.0
4fd9a778-53b8-4acf-ad3a-f88a539de903,coughvid_data/4fd9a778-53b8-4acf-ad3a-f88a539de903.wav,coughvid_data/4fd9a778-53b8-4acf-ad3a-f88a539de903.wav,1.0
d8d56ece-5074-4149-b8b7-c147983fa20c,coughvid_data/d8d56ece-5074-4149-b8b7-c147983fa20c.wav,coughvid_data/d8d56ece-5074-4149-b8b7-c147983fa20c.wav,0.0
001d8e33-a4af-4edb-98ba-b03f891d9a6c,coughvid_data/001d8e33-a4af-4edb-98ba-b03f891d9a6c.wav,coughvid_data/001d8e33-a4af-4edb-98ba-b03f891d9a6c.wav,0.0
5834fa74-6c56-4bee-8b78-4f54402fc548,coughvid_data/5834fa74-6c56-4bee-8b78-4f54402fc548.wav,coughvid_data/5834fa74-6c56-4bee-8b78-4f54402fc548.wav,0.0
34295ae3-37c3-44b8-b3c5-4ab9a002c5eb,coughvid_data/34295ae3-37c3-44b8-b3c5-4ab9a002c5eb.wav,coughvid_data/34295ae3-37c3-44b8-b3c5-4ab9a002c5eb.wav,1.0
2d0e2aae-1c8c-4353-933f-f8b15f304a39,coughvid_data/2d0e2aae-1c8c-4353-933f-f8b15f304a39.wav,coughvid_data/2d0e2aae-1c8c-4353-933f-f8b15f304a39.wav,1.0
4e5b7383-df69-43cc-93fc-cb756f37c7c4,coughvid_data/4e5b7383-df69-43cc-93fc-cb756f37c7c4.wav,coughvid_data/4e5b7383-df69-43cc-93fc-cb756f37c7c4.wav,1.0
a55367d0-ffdc-470b-8a91-42ff1bdd87c4,coughvid_data/a55367d0-ffdc-470b-8a91-42ff1bdd87c4.wav,coughvid_data/a55367d0-ffdc-470b-8a91-42ff1bdd87c4.wav,1.0
bed0fbb3-9b72-4400-abad-1e0f853762e7,coughvid_data/bed0fbb3-9b72-4400-abad-1e0f853762e7.wav,coughvid_data/bed0fbb3-9b72-4400-abad-1e0f853762e7.wav,1.0
2a1a41f1-b262-4c8a-b5f6-b028e711ce7b,coughvid_data/2a1a41f1-b262-4c8a-b5f6-b028e711ce7b.wav,coughvid_data/2a1a41f1-b262-4c8a-b5f6-b028e711ce7b.wav,1.0
be9b0985-dffb-4e73-8ae8-28f3991bbfee,coughvid_data/be9b0985-dffb-4e73-8ae8-28f3991bbfee.wav,coughvid_data/be9b0985-dffb-4e73-8ae8-28f3991bbfee.wav,0.0
93574a49-1804-494a-b0e0-3cab4657c32d,coughvid_data/93574a49-1804-494a-b0e0-3cab4657c32d.wav,coughvid_data/93574a49-1804-494a-b0e0-3cab4657c32d.wav,0.0
3c4893d9-6cd8-4cfe-9d36-1fa49346862a,coughvid_data/3c4893d9-6cd8-4cfe-9d36-1fa49346862a.wav,coughvid_data/3c4893d9-6cd8-4cfe-9d36-1fa49346862a.wav,0.0
6e17e200-34fa-41ce-a4a7-45f5d68ab6f7,coughvid_data/6e17e200-34fa-41ce-a4a7-45f5d68ab6f7.wav,coughvid_data/6e17e200-34fa-41ce-a4a7-45f5d68ab6f7.wav,0.0
7b656fcb-f5f6-45ec-bdda-f26b253b28a8,coughvid_data/7b656fcb-f5f6-45ec-bdda-f26b253b28a8.wav,coughvid_data/7b656fcb-f5f6-45ec-bdda-f26b253b28a8.wav,0.0
20ed7158-418d-4dae-b8d2-eeaf818353c4,coughvid_data/20ed7158-418d-4dae-b8d2-eeaf818353c4.wav,coughvid_data/20ed7158-418d-4dae-b8d2-eeaf818353c4.wav,1.0
e0e86399-f4fe-4343-b76b-c063b6b2103e,coughvid_data/e0e86399-f4fe-4343-b76b-c063b6b2103e.wav,coughvid_data/e0e86399-f4fe-4343-b76b-c063b6b2103e.wav,0.0
5624bd8d-00e3-402b-9d57-8feb57156af1,coughvid_data/5624bd8d-00e3-402b-9d57-8feb57156af1.wav,coughvid_data/5624bd8d-00e3-402b-9d57-8feb57156af1.wav,0.0
f9e890a5-7044-49ea-99e8-7103f5d325ff,coughvid_data/f9e890a5-7044-49ea-99e8-7103f5d325ff.wav,coughvid_data/f9e890a5-7044-49ea-99e8-7103f5d325ff.wav,0.0
fdf21a58-6a14-4523-a5f3-4f76f5d74b0a,coughvid_data/fdf21a58-6a14-4523-a5f3-4f76f5d74b0a.wav,coughvid_data/fdf21a58-6a14-4523-a5f3-4f76f5d74b0a.wav,1.0
27876668-3239-42d2-8b90-ce3569cffb2a,coughvid_data/27876668-3239-42d2-8b90-ce3569cffb2a.wav,coughvid_data/27876668-3239-42d2-8b90-ce3569cffb2a.wav,1.0
5eec5d44-1cb3-4ace-b6d7-bc89f150c5bf,coughvid_data/5eec5d44-1cb3-4ace-b6d7-bc89f150c5bf.wav,coughvid_data/5eec5d44-1cb3-4ace-b6d7-bc89f150c5bf.wav,1.0
611a6cf1-4973-456d-bf14-5ddf27733a16,coughvid_data/611a6cf1-4973-456d-bf14-5ddf27733a16.wav,coughvid_data/611a6cf1-4973-456d-bf14-5ddf27733a16.wav,1.0
d10a0e37-fef7-4a71-977f-3e523c91a1e3,coughvid_data/d10a0e37-fef7-4a71-977f-3e523c91a1e3.wav,coughvid_data/d10a0e37-fef7-4a71-977f-3e523c91a1e3.wav,0.0
e677f412-52c6-44a4-85fb-0ec6ede694a6,coughvid_data/e677f412-52c6-44a4-85fb-0ec6ede694a6.wav,coughvid_data/e677f412-52c6-44a4-85fb-0ec6ede694a6.wav,1.0
bb825a76-02ce-4a02-a001-7ae1a05d5bb8,coughvid_data/bb825a76-02ce-4a02-a001-7ae1a05d5bb8.wav,coughvid_data/bb825a76-02ce-4a02-a001-7ae1a05d5bb8.wav,1.0
828f22dc-7174-4d8f-bab2-620d938be87e,coughvid_data/828f22dc-7174-4d8f-bab2-620d938be87e.wav,coughvid_data/828f22dc-7174-4d8f-bab2-620d938be87e.wav,0.0
612774c6-2ba0-4ab0-951f-6932914643bf,coughvid_data/612774c6-2ba0-4ab0-951f-6932914643bf.wav,coughvid_data/612774c6-2ba0-4ab0-951f-6932914643bf.wav,1.0
b4c6d026-da5a-40bf-8c7a-5b8961b32b93,coughvid_data/b4c6d026-da5a-40bf-8c7a-5b8961b32b93.wav,coughvid_data/b4c6d026-da5a-40bf-8c7a-5b8961b32b93.wav,0.0
40edc01a-d293-4a36-8c96-038fae75c0e6,coughvid_data/40edc01a-d293-4a36-8c96-038fae75c0e6.wav,coughvid_data/40edc01a-d293-4a36-8c96-038fae75c0e6.wav,0.0
292d9fa4-a151-4a6a-9b1f-d1f37fdfa2a4,coughvid_data/292d9fa4-a151-4a6a-9b1f-d1f37fdfa2a4.wav,coughvid_data/292d9fa4-a151-4a6a-9b1f-d1f37fdfa2a4.wav,0.0
70be88d3-4329-4952-82cd-784a66eda4e7,coughvid_data/70be88d3-4329-4952-82cd-784a66eda4e7.wav,coughvid_data/70be88d3-4329-4952-82cd-784a66eda4e7.wav,0.0
941ea4ab-a733-4bf0-ab8e-1b271eb04aaf,coughvid_data/941ea4ab-a733-4bf0-ab8e-1b271eb04aaf.wav,coughvid_data/941ea4ab-a733-4bf0-ab8e-1b271eb04aaf.wav,1.0
90ee299f-2d52-4411-b1aa-6ad983336f3c,coughvid_data/90ee299f-2d52-4411-b1aa-6ad983336f3c.wav,coughvid_data/90ee299f-2d52-4411-b1aa-6ad983336f3c.wav,1.0
c093b62d-89d7-4b97-b5e5-073c0b70cd2c,coughvid_data/c093b62d-89d7-4b97-b5e5-073c0b70cd2c.wav,coughvid_data/c093b62d-89d7-4b97-b5e5-073c0b70cd2c.wav,0.0
8b78392d-602e-42af-9733-0814b3086789,coughvid_data/8b78392d-602e-42af-9733-0814b3086789.wav,coughvid_data/8b78392d-602e-42af-9733-0814b3086789.wav,1.0
9e647ac3-6616-4543-8e59-60ac7b30fafb,coughvid_data/9e647ac3-6616-4543-8e59-60ac7b30fafb.wav,coughvid_data/9e647ac3-6616-4543-8e59-60ac7b30fafb.wav,1.0
ca0683b7-a222-4c1b-82df-ea8c91735505,coughvid_data/ca0683b7-a222-4c1b-82df-ea8c91735505.wav,coughvid_data/ca0683b7-a222-4c1b-82df-ea8c91735505.wav,1.0
febc2412-b356-47bf-918f-e099c4ab4e46,coughvid_data/febc2412-b356-47bf-918f-e099c4ab4e46.wav,coughvid_data/febc2412-b356-47bf-918f-e099c4ab4e46.wav,0.0
0b43b58a-eaab-43dc-a4ea-19e9c308b3c6,coughvid_data/0b43b58a-eaab-43dc-a4ea-19e9c308b3c6.wav,coughvid_data/0b43b58a-eaab-43dc-a4ea-19e9c308b3c6.wav,0.0
2a618fc0-0c90-4bbe-b232-7e3e53412746,coughvid_data/2a618fc0-0c90-4bbe-b232-7e3e53412746.wav,coughvid_data/2a618fc0-0c90-4bbe-b232-7e3e53412746.wav,0.0
28626191-b194-4b52-adab-10196f92e398,coughvid_data/28626191-b194-4b52-adab-10196f92e398.wav,coughvid_data/28626191-b194-4b52-adab-10196f92e398.wav,0.0
99d17095-ffcb-45d6-a6a8-5714af86c935,coughvid_data/99d17095-ffcb-45d6-a6a8-5714af86c935.wav,coughvid_data/99d17095-ffcb-45d6-a6a8-5714af86c935.wav,0.0
ba0b781b-1243-4040-8393-74dd5019c27d,coughvid_data/ba0b781b-1243-4040-8393-74dd5019c27d.wav,coughvid_data/ba0b781b-1243-4040-8393-74dd5019c27d.wav,1.0
60483829-ed1d-4f5a-a55f-f353b8f58619,coughvid_data/60483829-ed1d-4f5a-a55f-f353b8f58619.wav,coughvid_data/60483829-ed1d-4f5a-a55f-f353b8f58619.wav,0.0
fc4c727a-892c-43d8-b32c-2b537e456725,coughvid_data/fc4c727a-892c-43d8-b32c-2b537e456725.wav,coughvid_data/fc4c727a-892c-43d8-b32c-2b537e456725.wav,1.0
b7b3168d-6aba-4db2-a13b-9feceb0ba06a,coughvid_data/b7b3168d-6aba-4db2-a13b-9feceb0ba06a.wav,coughvid_data/b7b3168d-6aba-4db2-a13b-9feceb0ba06a.wav,1.0
702d5d5c-39d0-4737-a59c-a1526f2b1b33,coughvid_data/702d5d5c-39d0-4737-a59c-a1526f2b1b33.wav,coughvid_data/702d5d5c-39d0-4737-a59c-a1526f2b1b33.wav,1.0
9be4d414-af7b-46f6-ae1c-cd90dd75807f,coughvid_data/9be4d414-af7b-46f6-ae1c-cd90dd75807f.wav,coughvid_data/9be4d414-af7b-46f6-ae1c-cd90dd75807f.wav,0.0
956b5af8-711b-40bb-a5f9-0b1dad766742,coughvid_data/956b5af8-711b-40bb-a5f9-0b1dad766742.wav,coughvid_data/956b5af8-711b-40bb-a5f9-0b1dad766742.wav,1.0
31568710-e5bd-45d6-9a3b-6086053f96f5,coughvid_data/31568710-e5bd-45d6-9a3b-6086053f96f5.wav,coughvid_data/31568710-e5bd-45d6-9a3b-6086053f96f5.wav,1.0
ad76d613-ab28-4d34-8b1e-a41c71f04c16,coughvid_data/ad76d613-ab28-4d34-8b1e-a41c71f04c16.wav,coughvid_data/ad76d613-ab28-4d34-8b1e-a41c71f04c16.wav,1.0
046405b9-ee61-4a96-84e5-6f23fe763df6,coughvid_data/046405b9-ee61-4a96-84e5-6f23fe763df6.wav,coughvid_data/046405b9-ee61-4a96-84e5-6f23fe763df6.wav,0.0
ab388f86-edcb-45d2-a9db-d1dc1a58e029,coughvid_data/ab388f86-edcb-45d2-a9db-d1dc1a58e029.wav,coughvid_data/ab388f86-edcb-45d2-a9db-d1dc1a58e029.wav,0.0
6d9b271c-d703-4002-89f2-10d6a10595c2,coughvid_data/6d9b271c-d703-4002-89f2-10d6a10595c2.wav,coughvid_data/6d9b271c-d703-4002-89f2-10d6a10595c2.wav,0.0
b97161c7-28f2-4749-be0a-f999fd93fb5f,coughvid_data/b97161c7-28f2-4749-be0a-f999fd93fb5f.wav,coughvid_data/b97161c7-28f2-4749-be0a-f999fd93fb5f.wav,1.0
d3e6baac-1c8a-43a9-a34c-c2b3d8622d1b,coughvid_data/d3e6baac-1c8a-43a9-a34c-c2b3d8622d1b.wav,coughvid_data/d3e6baac-1c8a-43a9-a34c-c2b3d8622d1b.wav,1.0
564b8fa8-e0dc-4aeb-acfa-ebd634126cd7,coughvid_data/564b8fa8-e0dc-4aeb-acfa-ebd634126cd7.wav,coughvid_data/564b8fa8-e0dc-4aeb-acfa-ebd634126cd7.wav,0.0
78d2e258-7057-4414-bc79-58a8971fc1e8,coughvid_data/78d2e258-7057-4414-bc79-58a8971fc1e8.wav,coughvid_data/78d2e258-7057-4414-bc79-58a8971fc1e8.wav,1.0
6b2e6376-e852-4e7a-b0fd-79835265cf67,coughvid_data/6b2e6376-e852-4e7a-b0fd-79835265cf67.wav,coughvid_data/6b2e6376-e852-4e7a-b0fd-79835265cf67.wav,1.0
082991fb-ee66-4970-91dd-50890f4cc9b1,coughvid_data/082991fb-ee66-4970-91dd-50890f4cc9b1.wav,coughvid_data/082991fb-ee66-4970-91dd-50890f4cc9b1.wav,1.0
9291230d-df34-4225-99fd-8969c5f1d7f9,coughvid_data/9291230d-df34-4225-99fd-8969c5f1d7f9.wav,coughvid_data/9291230d-df34-4225-99fd-8969c5f1d7f9.wav,1.0
7e6ac568-2d94-4ba1-bfe9-23ba49f8639f,coughvid_data/7e6ac568-2d94-4ba1-bfe9-23ba49f8639f.wav,coughvid_data/7e6ac568-2d94-4ba1-bfe9-23ba49f8639f.wav,0.0
57664c43-2d99-495d-ada1-aea63551dd42,coughvid_data/57664c43-2d99-495d-ada1-aea63551dd42.wav,coughvid_data/57664c43-2d99-495d-ada1-aea63551dd42.wav,0.0
9c061e3b-8783-4bdf-84d6-555f07dd0354,coughvid_data/9c061e3b-8783-4bdf-84d6-555f07dd0354.wav,coughvid_data/9c061e3b-8783-4bdf-84d6-555f07dd0354.wav,1.0
5bf141c8-a5e5-4d96-a929-df5ed18138fb,coughvid_data/5bf141c8-a5e5-4d96-a929-df5ed18138fb.wav,coughvid_data/5bf141c8-a5e5-4d96-a929-df5ed18138fb.wav,0.0
f08f954a-66be-4690-aa0c-08c318168af2,coughvid_data/f08f954a-66be-4690-aa0c-08c318168af2.wav,coughvid_data/f08f954a-66be-4690-aa0c-08c318168af2.wav,0.0
78e5a0e1-81e2-43b7-a0f3-83e654dbfa2c,coughvid_data/78e5a0e1-81e2-43b7-a0f3-83e654dbfa2c.wav,coughvid_data/78e5a0e1-81e2-43b7-a0f3-83e654dbfa2c.wav,0.0
acb0c92c-9682-4b64-9015-ed0395517f22,coughvid_data/acb0c92c-9682-4b64-9015-ed0395517f22.wav,coughvid_data/acb0c92c-9682-4b64-9015-ed0395517f22.wav,1.0
1bfcecf4-03df-4fd6-896e-8a4cdf62ed0a,coughvid_data/1bfcecf4-03df-4fd6-896e-8a4cdf62ed0a.wav,coughvid_data/1bfcecf4-03df-4fd6-896e-8a4cdf62ed0a.wav,0.0
b5880de4-b63e-4b27-9a51-35a5a6667af3,coughvid_data/b5880de4-b63e-4b27-9a51-35a5a6667af3.wav,coughvid_data/b5880de4-b63e-4b27-9a51-35a5a6667af3.wav,1.0
ea975f7b-e57a-4e47-9133-ec421fb193c5,coughvid_data/ea975f7b-e57a-4e47-9133-ec421fb193c5.wav,coughvid_data/ea975f7b-e57a-4e47-9133-ec421fb193c5.wav,1.0
98ae600c-30de-4be1-9c7f-938326fa011d,coughvid_data/98ae600c-30de-4be1-9c7f-938326fa011d.wav,coughvid_data/98ae600c-30de-4be1-9c7f-938326fa011d.wav,0.0
c2795c09-691f-421d-87eb-60d11ef0a776,coughvid_data/c2795c09-691f-421d-87eb-60d11ef0a776.wav,coughvid_data/c2795c09-691f-421d-87eb-60d11ef0a776.wav,1.0
b572462a-4e2a-4a59-9a3c-7f55b58f1128,coughvid_data/b572462a-4e2a-4a59-9a3c-7f55b58f1128.wav,coughvid_data/b572462a-4e2a-4a59-9a3c-7f55b58f1128.wav,0.0
7f3371bf-294c-4436-ad36-8b6d86d0cb19,coughvid_data/7f3371bf-294c-4436-ad36-8b6d86d0cb19.wav,coughvid_data/7f3371bf-294c-4436-ad36-8b6d86d0cb19.wav,0.0
28de837b-8dbf-43a8-a90f-04e644a04933,coughvid_data/28de837b-8dbf-43a8-a90f-04e644a04933.wav,coughvid_data/28de837b-8dbf-43a8-a90f-04e644a04933.wav,1.0
5a0b80a3-53da-45b5-b5cd-94e7d5538f97,coughvid_data/5a0b80a3-53da-45b5-b5cd-94e7d5538f97.wav,coughvid_data/5a0b80a3-53da-45b5-b5cd-94e7d5538f97.wav,0.0
c0851332-0d03-43c2-ad74-276d06d9201f,coughvid_data/c0851332-0d03-43c2-ad74-276d06d9201f.wav,coughvid_data/c0851332-0d03-43c2-ad74-276d06d9201f.wav,1.0
6c82cc0e-dece-495f-bb2c-11a97b52101b,coughvid_data/6c82cc0e-dece-495f-bb2c-11a97b52101b.wav,coughvid_data/6c82cc0e-dece-495f-bb2c-11a97b52101b.wav,0.0
644884a7-bae1-437d-ba03-6aa0c520d908,coughvid_data/644884a7-bae1-437d-ba03-6aa0c520d908.wav,coughvid_data/644884a7-bae1-437d-ba03-6aa0c520d908.wav,0.0
ea2ab2b3-c6ff-40f7-932d-11a4f6508672,coughvid_data/ea2ab2b3-c6ff-40f7-932d-11a4f6508672.wav,coughvid_data/ea2ab2b3-c6ff-40f7-932d-11a4f6508672.wav,1.0
cca23d14-961e-4856-bd51-fcb9a2067b6d,coughvid_data/cca23d14-961e-4856-bd51-fcb9a2067b6d.wav,coughvid_data/cca23d14-961e-4856-bd51-fcb9a2067b6d.wav,1.0
d47bf241-509b-4530-9198-9977f3f25778,coughvid_data/d47bf241-509b-4530-9198-9977f3f25778.wav,coughvid_data/d47bf241-509b-4530-9198-9977f3f25778.wav,1.0
dceb6849-3527-4a3b-ab67-8a3c67aa00c1,coughvid_data/dceb6849-3527-4a3b-ab67-8a3c67aa00c1.wav,coughvid_data/dceb6849-3527-4a3b-ab67-8a3c67aa00c1.wav,1.0
660c6e7c-6149-4eec-ad77-d70e3cafef92,coughvid_data/660c6e7c-6149-4eec-ad77-d70e3cafef92.wav,coughvid_data/660c6e7c-6149-4eec-ad77-d70e3cafef92.wav,0.0
b9febb97-6686-4f18-a298-e6214c740ad6,coughvid_data/b9febb97-6686-4f18-a298-e6214c740ad6.wav,coughvid_data/b9febb97-6686-4f18-a298-e6214c740ad6.wav,0.0
695d6cc7-9042-4b88-a2a4-0f0658479ad5,coughvid_data/695d6cc7-9042-4b88-a2a4-0f0658479ad5.wav,coughvid_data/695d6cc7-9042-4b88-a2a4-0f0658479ad5.wav,0.0
5131b118-88df-4d26-90bb-85b726fe0b5a,coughvid_data/5131b118-88df-4d26-90bb-85b726fe0b5a.wav,coughvid_data/5131b118-88df-4d26-90bb-85b726fe0b5a.wav,1.0
44b6dfdb-9940-496d-bbe9-802f860fedfc,coughvid_data/44b6dfdb-9940-496d-bbe9-802f860fedfc.wav,coughvid_data/44b6dfdb-9940-496d-bbe9-802f860fedfc.wav,0.0
ffa08364-20d1-4b7d-ae14-334a7b781826,coughvid_data/ffa08364-20d1-4b7d-ae14-334a7b781826.wav,coughvid_data/ffa08364-20d1-4b7d-ae14-334a7b781826.wav,1.0
b248d8dc-02d9-4d26-9ed5-4fd8c9716390,coughvid_data/b248d8dc-02d9-4d26-9ed5-4fd8c9716390.wav,coughvid_data/b248d8dc-02d9-4d26-9ed5-4fd8c9716390.wav,0.0
284dab81-27f9-454d-9795-9f8c6f738f3f,coughvid_data/284dab81-27f9-454d-9795-9f8c6f738f3f.wav,coughvid_data/284dab81-27f9-454d-9795-9f8c6f738f3f.wav,0.0
a8027801-1c38-4a53-aab5-9bf9a43cac3c,coughvid_data/a8027801-1c38-4a53-aab5-9bf9a43cac3c.wav,coughvid_data/a8027801-1c38-4a53-aab5-9bf9a43cac3c.wav,0.0
81ea3ce1-8372-419c-96e0-372664a66840,coughvid_data/81ea3ce1-8372-419c-96e0-372664a66840.wav,coughvid_data/81ea3ce1-8372-419c-96e0-372664a66840.wav,0.0
90c90a5a-f2f9-41e5-a3c7-b17027d3ddf0,coughvid_data/90c90a5a-f2f9-41e5-a3c7-b17027d3ddf0.wav,coughvid_data/90c90a5a-f2f9-41e5-a3c7-b17027d3ddf0.wav,1.0
0ced7647-d4c0-403e-b510-61a0758dfaba,coughvid_data/0ced7647-d4c0-403e-b510-61a0758dfaba.wav,coughvid_data/0ced7647-d4c0-403e-b510-61a0758dfaba.wav,0.0
a1a3e9fb-52c1-43aa-804e-8309450de14a,coughvid_data/a1a3e9fb-52c1-43aa-804e-8309450de14a.wav,coughvid_data/a1a3e9fb-52c1-43aa-804e-8309450de14a.wav,0.0
fd328208-c456-48e2-89d3-2293bb058d9b,coughvid_data/fd328208-c456-48e2-89d3-2293bb058d9b.wav,coughvid_data/fd328208-c456-48e2-89d3-2293bb058d9b.wav,0.0
be265d6b-9bc3-4499-a099-940ad4479dde,coughvid_data/be265d6b-9bc3-4499-a099-940ad4479dde.wav,coughvid_data/be265d6b-9bc3-4499-a099-940ad4479dde.wav,1.0
de57ab7a-2304-453c-907e-6603716cffeb,coughvid_data/de57ab7a-2304-453c-907e-6603716cffeb.wav,coughvid_data/de57ab7a-2304-453c-907e-6603716cffeb.wav,0.0
a7b4ed6f-e115-4645-8f18-d4ab7854aba7,coughvid_data/a7b4ed6f-e115-4645-8f18-d4ab7854aba7.wav,coughvid_data/a7b4ed6f-e115-4645-8f18-d4ab7854aba7.wav,0.0
edcadaac-51d0-44d1-99c6-efbbc41dd4bd,coughvid_data/edcadaac-51d0-44d1-99c6-efbbc41dd4bd.wav,coughvid_data/edcadaac-51d0-44d1-99c6-efbbc41dd4bd.wav,1.0
0d3cad30-5d85-41ae-a3ff-8fd10b2fae4c,coughvid_data/0d3cad30-5d85-41ae-a3ff-8fd10b2fae4c.wav,coughvid_data/0d3cad30-5d85-41ae-a3ff-8fd10b2fae4c.wav,1.0
05c283cd-6c4c-46c2-a9df-2946b35e695a,coughvid_data/05c283cd-6c4c-46c2-a9df-2946b35e695a.wav,coughvid_data/05c283cd-6c4c-46c2-a9df-2946b35e695a.wav,0.0
c0cb7539-93e6-4515-a340-4ce744cc522d,coughvid_data/c0cb7539-93e6-4515-a340-4ce744cc522d.wav,coughvid_data/c0cb7539-93e6-4515-a340-4ce744cc522d.wav,1.0
b9e06a23-d76b-4164-b39a-64cd753a3c56,coughvid_data/b9e06a23-d76b-4164-b39a-64cd753a3c56.wav,coughvid_data/b9e06a23-d76b-4164-b39a-64cd753a3c56.wav,1.0
d3513cf2-1acc-49b4-8a46-c5d0decf28c8,coughvid_data/d3513cf2-1acc-49b4-8a46-c5d0decf28c8.wav,coughvid_data/d3513cf2-1acc-49b4-8a46-c5d0decf28c8.wav,1.0
eb78aa92-c5ff-4dec-9f0c-edbc0ba7bb54,coughvid_data/eb78aa92-c5ff-4dec-9f0c-edbc0ba7bb54.wav,coughvid_data/eb78aa92-c5ff-4dec-9f0c-edbc0ba7bb54.wav,1.0
cf414b00-75ff-4c77-b640-ec3d109992a3,coughvid_data/cf414b00-75ff-4c77-b640-ec3d109992a3.wav,coughvid_data/cf414b00-75ff-4c77-b640-ec3d109992a3.wav,0.0
2bcd2201-d3ec-466d-a0a1-1305a46aa74a,coughvid_data/2bcd2201-d3ec-466d-a0a1-1305a46aa74a.wav,coughvid_data/2bcd2201-d3ec-466d-a0a1-1305a46aa74a.wav,1.0
b97d16dd-66a1-49dc-90ef-462a76cfe515,coughvid_data/b97d16dd-66a1-49dc-90ef-462a76cfe515.wav,coughvid_data/b97d16dd-66a1-49dc-90ef-462a76cfe515.wav,1.0
caf07708-037e-44b8-b4f9-abeb76b237f2,coughvid_data/caf07708-037e-44b8-b4f9-abeb76b237f2.wav,coughvid_data/caf07708-037e-44b8-b4f9-abeb76b237f2.wav,1.0
db72efa4-78a9-40e7-a450-0affcd4c96b6,coughvid_data/db72efa4-78a9-40e7-a450-0affcd4c96b6.wav,coughvid_data/db72efa4-78a9-40e7-a450-0affcd4c96b6.wav,1.0
07ee327d-632f-45f4-aeee-0a5430fd79b7,coughvid_data/07ee327d-632f-45f4-aeee-0a5430fd79b7.wav,coughvid_data/07ee327d-632f-45f4-aeee-0a5430fd79b7.wav,1.0
18819971-75a0-464a-a69b-ebbda6480789,coughvid_data/18819971-75a0-464a-a69b-ebbda6480789.wav,coughvid_data/18819971-75a0-464a-a69b-ebbda6480789.wav,1.0
78d422f0-470b-4207-ba01-f24bf85706c5,coughvid_data/78d422f0-470b-4207-ba01-f24bf85706c5.wav,coughvid_data/78d422f0-470b-4207-ba01-f24bf85706c5.wav,1.0
a1713d72-a80f-40c4-a051-2201fc64bc4d,coughvid_data/a1713d72-a80f-40c4-a051-2201fc64bc4d.wav,coughvid_data/a1713d72-a80f-40c4-a051-2201fc64bc4d.wav,1.0
846b9d7c-9a5e-4b21-86d2-e1464a17ef9e,coughvid_data/846b9d7c-9a5e-4b21-86d2-e1464a17ef9e.wav,coughvid_data/846b9d7c-9a5e-4b21-86d2-e1464a17ef9e.wav,0.0
290131ef-ea5c-47c7-9dcd-b9c1a10499d1,coughvid_data/290131ef-ea5c-47c7-9dcd-b9c1a10499d1.wav,coughvid_data/290131ef-ea5c-47c7-9dcd-b9c1a10499d1.wav,1.0
215fd5cc-f417-4a08-9dc1-d301a21e1535,coughvid_data/215fd5cc-f417-4a08-9dc1-d301a21e1535.wav,coughvid_data/215fd5cc-f417-4a08-9dc1-d301a21e1535.wav,0.0
89ca034c-f5e6-44ac-a5c5-125fbb05eb53,coughvid_data/89ca034c-f5e6-44ac-a5c5-125fbb05eb53.wav,coughvid_data/89ca034c-f5e6-44ac-a5c5-125fbb05eb53.wav,0.0
373694f0-aace-45ef-a523-dd65796a3615,coughvid_data/373694f0-aace-45ef-a523-dd65796a3615.wav,coughvid_data/373694f0-aace-45ef-a523-dd65796a3615.wav,0.0
23246f01-5493-40a1-930e-7df951f35e07,coughvid_data/23246f01-5493-40a1-930e-7df951f35e07.wav,coughvid_data/23246f01-5493-40a1-930e-7df951f35e07.wav,1.0
b418ef9b-5d49-4ef6-9149-50a017467d10,coughvid_data/b418ef9b-5d49-4ef6-9149-50a017467d10.wav,coughvid_data/b418ef9b-5d49-4ef6-9149-50a017467d10.wav,0.0
d8c16f35-278b-4ce7-a0c9-3f86832fb95d,coughvid_data/d8c16f35-278b-4ce7-a0c9-3f86832fb95d.wav,coughvid_data/d8c16f35-278b-4ce7-a0c9-3f86832fb95d.wav,0.0
c6bd03a7-6331-4e7b-8465-01a4f2779d9a,coughvid_data/c6bd03a7-6331-4e7b-8465-01a4f2779d9a.wav,coughvid_data/c6bd03a7-6331-4e7b-8465-01a4f2779d9a.wav,0.0
a14ccc40-a291-4903-8d65-10bbcbd0edb7,coughvid_data/a14ccc40-a291-4903-8d65-10bbcbd0edb7.wav,coughvid_data/a14ccc40-a291-4903-8d65-10bbcbd0edb7.wav,0.0
ae56792e-8783-4910-883b-c94416e0ccb5,coughvid_data/ae56792e-8783-4910-883b-c94416e0ccb5.wav,coughvid_data/ae56792e-8783-4910-883b-c94416e0ccb5.wav,1.0
08c8ff6f-7957-4d87-90c3-9206d669fc28,coughvid_data/08c8ff6f-7957-4d87-90c3-9206d669fc28.wav,coughvid_data/08c8ff6f-7957-4d87-90c3-9206d669fc28.wav,1.0
acbf50f6-6614-4907-942c-08933f16872a,coughvid_data/acbf50f6-6614-4907-942c-08933f16872a.wav,coughvid_data/acbf50f6-6614-4907-942c-08933f16872a.wav,0.0
d2a28882-42f1-4531-9b50-d0eff5aeb201,coughvid_data/d2a28882-42f1-4531-9b50-d0eff5aeb201.wav,coughvid_data/d2a28882-42f1-4531-9b50-d0eff5aeb201.wav,1.0
8e57236c-1183-4def-be4d-7881baeb2be5,coughvid_data/8e57236c-1183-4def-be4d-7881baeb2be5.wav,coughvid_data/8e57236c-1183-4def-be4d-7881baeb2be5.wav,1.0
f55ff264-963d-4cf0-a563-3a7dbf4d9b39,coughvid_data/f55ff264-963d-4cf0-a563-3a7dbf4d9b39.wav,coughvid_data/f55ff264-963d-4cf0-a563-3a7dbf4d9b39.wav,1.0
cf210e39-a017-4509-8c37-22a00578111a,coughvid_data/cf210e39-a017-4509-8c37-22a00578111a.wav,coughvid_data/cf210e39-a017-4509-8c37-22a00578111a.wav,1.0
ef9385b1-53dd-4221-837d-d89465666558,coughvid_data/ef9385b1-53dd-4221-837d-d89465666558.wav,coughvid_data/ef9385b1-53dd-4221-837d-d89465666558.wav,0.0
84a27bbb-942d-4219-ab8c-35260133cd7d,coughvid_data/84a27bbb-942d-4219-ab8c-35260133cd7d.wav,coughvid_data/84a27bbb-942d-4219-ab8c-35260133cd7d.wav,0.0
6539d74c-a99c-4897-84b9-da63c3df5524,coughvid_data/6539d74c-a99c-4897-84b9-da63c3df5524.wav,coughvid_data/6539d74c-a99c-4897-84b9-da63c3df5524.wav,0.0
48aacddd-c0ea-43b3-9e80-5f38c43a348c,coughvid_data/48aacddd-c0ea-43b3-9e80-5f38c43a348c.wav,coughvid_data/48aacddd-c0ea-43b3-9e80-5f38c43a348c.wav,1.0
871881ad-3197-4cc9-88cb-4d41cb0e58f9,coughvid_data/871881ad-3197-4cc9-88cb-4d41cb0e58f9.wav,coughvid_data/871881ad-3197-4cc9-88cb-4d41cb0e58f9.wav,1.0
c1d7e2ef-9025-4ceb-9016-4ad4782ce341,coughvid_data/c1d7e2ef-9025-4ceb-9016-4ad4782ce341.wav,coughvid_data/c1d7e2ef-9025-4ceb-9016-4ad4782ce341.wav,0.0
98cb45fe-a9a4-4e30-bbe1-ec974e683c4f,coughvid_data/98cb45fe-a9a4-4e30-bbe1-ec974e683c4f.wav,coughvid_data/98cb45fe-a9a4-4e30-bbe1-ec974e683c4f.wav,0.0
dfa5dfd7-4af3-4d6c-83f1-51183f517d72,coughvid_data/dfa5dfd7-4af3-4d6c-83f1-51183f517d72.wav,coughvid_data/dfa5dfd7-4af3-4d6c-83f1-51183f517d72.wav,1.0
2b6aa787-09e8-4529-b7d1-5126d7b58116,coughvid_data/2b6aa787-09e8-4529-b7d1-5126d7b58116.wav,coughvid_data/2b6aa787-09e8-4529-b7d1-5126d7b58116.wav,1.0
9907595b-e321-4b79-a7da-e46d8067adc1,coughvid_data/9907595b-e321-4b79-a7da-e46d8067adc1.wav,coughvid_data/9907595b-e321-4b79-a7da-e46d8067adc1.wav,1.0
1eaceeaa-6f4c-4be6-8004-ce8ab93db8e4,coughvid_data/1eaceeaa-6f4c-4be6-8004-ce8ab93db8e4.wav,coughvid_data/1eaceeaa-6f4c-4be6-8004-ce8ab93db8e4.wav,1.0
945942af-96f6-40dd-8125-4aa48daa7adb,coughvid_data/945942af-96f6-40dd-8125-4aa48daa7adb.wav,coughvid_data/945942af-96f6-40dd-8125-4aa48daa7adb.wav,1.0
b38dbe54-b3c1-448e-bf03-92cdf214932d,coughvid_data/b38dbe54-b3c1-448e-bf03-92cdf214932d.wav,coughvid_data/b38dbe54-b3c1-448e-bf03-92cdf214932d.wav,1.0
087fdb9f-8760-4b29-a290-e5b6e58eea62,coughvid_data/087fdb9f-8760-4b29-a290-e5b6e58eea62.wav,coughvid_data/087fdb9f-8760-4b29-a290-e5b6e58eea62.wav,0.0
9fe0d71a-e946-467e-aac2-767ae85ed884,coughvid_data/9fe0d71a-e946-467e-aac2-767ae85ed884.wav,coughvid_data/9fe0d71a-e946-467e-aac2-767ae85ed884.wav,1.0
828eed9c-2fc6-4f2f-a3f5-62da4bcb1168,coughvid_data/828eed9c-2fc6-4f2f-a3f5-62da4bcb1168.wav,coughvid_data/828eed9c-2fc6-4f2f-a3f5-62da4bcb1168.wav,1.0
953b5172-6703-45c0-9c0d-9d4125cf8571,coughvid_data/953b5172-6703-45c0-9c0d-9d4125cf8571.wav,coughvid_data/953b5172-6703-45c0-9c0d-9d4125cf8571.wav,1.0
96247158-a23c-45d1-a3a8-61ef2a2ac737,coughvid_data/96247158-a23c-45d1-a3a8-61ef2a2ac737.wav,coughvid_data/96247158-a23c-45d1-a3a8-61ef2a2ac737.wav,1.0
5beb2dd5-b039-4e10-91fd-139d9c001a80,coughvid_data/5beb2dd5-b039-4e10-91fd-139d9c001a80.wav,coughvid_data/5beb2dd5-b039-4e10-91fd-139d9c001a80.wav,0.0
84a25fb5-dbd5-4d8d-b9a8-086d9c98cb59,coughvid_data/84a25fb5-dbd5-4d8d-b9a8-086d9c98cb59.wav,coughvid_data/84a25fb5-dbd5-4d8d-b9a8-086d9c98cb59.wav,0.0
cc3cba4a-6af7-4131-ad45-d2b428b4d004,coughvid_data/cc3cba4a-6af7-4131-ad45-d2b428b4d004.wav,coughvid_data/cc3cba4a-6af7-4131-ad45-d2b428b4d004.wav,0.0
43d84d62-8837-479b-bcb6-30effd9ecbc3,coughvid_data/43d84d62-8837-479b-bcb6-30effd9ecbc3.wav,coughvid_data/43d84d62-8837-479b-bcb6-30effd9ecbc3.wav,1.0
800baf89-e68b-4022-bf75-3897b3740f64,coughvid_data/800baf89-e68b-4022-bf75-3897b3740f64.wav,coughvid_data/800baf89-e68b-4022-bf75-3897b3740f64.wav,1.0
02c26799-c279-4d46-a8a9-0ef82ccba8ec,coughvid_data/02c26799-c279-4d46-a8a9-0ef82ccba8ec.wav,coughvid_data/02c26799-c279-4d46-a8a9-0ef82ccba8ec.wav,0.0
49173323-7d8c-4299-b8ef-3f7ae8c5e187,coughvid_data/49173323-7d8c-4299-b8ef-3f7ae8c5e187.wav,coughvid_data/49173323-7d8c-4299-b8ef-3f7ae8c5e187.wav,0.0
8812a094-a8c5-42b6-88c1-ab78e1bef223,coughvid_data/8812a094-a8c5-42b6-88c1-ab78e1bef223.wav,coughvid_data/8812a094-a8c5-42b6-88c1-ab78e1bef223.wav,0.0
85f9ef31-44b1-4761-aa36-ddf741f43975,coughvid_data/85f9ef31-44b1-4761-aa36-ddf741f43975.wav,coughvid_data/85f9ef31-44b1-4761-aa36-ddf741f43975.wav,1.0
be920126-b1e2-4117-84e2-461b2230e46e,coughvid_data/be920126-b1e2-4117-84e2-461b2230e46e.wav,coughvid_data/be920126-b1e2-4117-84e2-461b2230e46e.wav,1.0
3600204a-7929-478b-84b5-d55ccb6e0bed,coughvid_data/3600204a-7929-478b-84b5-d55ccb6e0bed.wav,coughvid_data/3600204a-7929-478b-84b5-d55ccb6e0bed.wav,1.0
30e38cd5-fd5d-4501-bcc5-d74f1355d9d5,coughvid_data/30e38cd5-fd5d-4501-bcc5-d74f1355d9d5.wav,coughvid_data/30e38cd5-fd5d-4501-bcc5-d74f1355d9d5.wav,0.0
98c8bd0c-8f14-4f50-b1ed-674e11df80fd,coughvid_data/98c8bd0c-8f14-4f50-b1ed-674e11df80fd.wav,coughvid_data/98c8bd0c-8f14-4f50-b1ed-674e11df80fd.wav,1.0
9c927eb1-354f-4ff6-8c3c-f202a6a38044,coughvid_data/9c927eb1-354f-4ff6-8c3c-f202a6a38044.wav,coughvid_data/9c927eb1-354f-4ff6-8c3c-f202a6a38044.wav,1.0
d4ed34ca-6593-40f6-aebd-174ecdb936c7,coughvid_data/d4ed34ca-6593-40f6-aebd-174ecdb936c7.wav,coughvid_data/d4ed34ca-6593-40f6-aebd-174ecdb936c7.wav,0.0
34db1abb-7b10-4287-a985-dd2c278de1f9,coughvid_data/34db1abb-7b10-4287-a985-dd2c278de1f9.wav,coughvid_data/34db1abb-7b10-4287-a985-dd2c278de1f9.wav,0.0
6f54602d-3249-4371-95c6-7dc4218d8871,coughvid_data/6f54602d-3249-4371-95c6-7dc4218d8871.wav,coughvid_data/6f54602d-3249-4371-95c6-7dc4218d8871.wav,1.0
733d396f-99e4-46d6-bbfa-a8655bf2989a,coughvid_data/733d396f-99e4-46d6-bbfa-a8655bf2989a.wav,coughvid_data/733d396f-99e4-46d6-bbfa-a8655bf2989a.wav,1.0
ebcd8fa1-ddf8-421b-88c9-ec5650de8d34,coughvid_data/ebcd8fa1-ddf8-421b-88c9-ec5650de8d34.wav,coughvid_data/ebcd8fa1-ddf8-421b-88c9-ec5650de8d34.wav,0.0
68d25e35-8946-474c-88ff-7a452ecc57b8,coughvid_data/68d25e35-8946-474c-88ff-7a452ecc57b8.wav,coughvid_data/68d25e35-8946-474c-88ff-7a452ecc57b8.wav,1.0
8067443e-f2f6-4b6f-85fa-735e56401f3b,coughvid_data/8067443e-f2f6-4b6f-85fa-735e56401f3b.wav,coughvid_data/8067443e-f2f6-4b6f-85fa-735e56401f3b.wav,1.0
902ba644-82e1-45db-92d7-1c317ed9a1ba,coughvid_data/902ba644-82e1-45db-92d7-1c317ed9a1ba.wav,coughvid_data/902ba644-82e1-45db-92d7-1c317ed9a1ba.wav,1.0
9c3226d3-f82c-4c6f-9f35-cf65d0cdfc79,coughvid_data/9c3226d3-f82c-4c6f-9f35-cf65d0cdfc79.wav,coughvid_data/9c3226d3-f82c-4c6f-9f35-cf65d0cdfc79.wav,1.0
de6bba17-9a24-4d59-b783-1dd3923456d5,coughvid_data/de6bba17-9a24-4d59-b783-1dd3923456d5.wav,coughvid_data/de6bba17-9a24-4d59-b783-1dd3923456d5.wav,1.0
03c33278-ad87-4a37-bf8f-3b1fdf69ecfd,coughvid_data/03c33278-ad87-4a37-bf8f-3b1fdf69ecfd.wav,coughvid_data/03c33278-ad87-4a37-bf8f-3b1fdf69ecfd.wav,1.0
ff766d0b-157a-4220-917b-c07bc7a2b48a,coughvid_data/ff766d0b-157a-4220-917b-c07bc7a2b48a.wav,coughvid_data/ff766d0b-157a-4220-917b-c07bc7a2b48a.wav,1.0
f90e9d8e-8723-44ec-90e2-3190da97d472,coughvid_data/f90e9d8e-8723-44ec-90e2-3190da97d472.wav,coughvid_data/f90e9d8e-8723-44ec-90e2-3190da97d472.wav,1.0
e6353550-a36c-4035-a2ba-f5018eec957a,coughvid_data/e6353550-a36c-4035-a2ba-f5018eec957a.wav,coughvid_data/e6353550-a36c-4035-a2ba-f5018eec957a.wav,1.0
7321bcb6-86d3-4d79-928b-6740b365cc85,coughvid_data/7321bcb6-86d3-4d79-928b-6740b365cc85.wav,coughvid_data/7321bcb6-86d3-4d79-928b-6740b365cc85.wav,0.0
d92e70af-5bec-4d14-a60e-5a3806e24e75,coughvid_data/d92e70af-5bec-4d14-a60e-5a3806e24e75.wav,coughvid_data/d92e70af-5bec-4d14-a60e-5a3806e24e75.wav,1.0
2b502966-ef3d-4458-8bb5-fd28359efb47,coughvid_data/2b502966-ef3d-4458-8bb5-fd28359efb47.wav,coughvid_data/2b502966-ef3d-4458-8bb5-fd28359efb47.wav,0.0
a31d884f-23d8-4098-ba48-09daca06c116,coughvid_data/a31d884f-23d8-4098-ba48-09daca06c116.wav,coughvid_data/a31d884f-23d8-4098-ba48-09daca06c116.wav,1.0
fb8f5c0b-93e0-4403-baea-26673d650b42,coughvid_data/fb8f5c0b-93e0-4403-baea-26673d650b42.wav,coughvid_data/fb8f5c0b-93e0-4403-baea-26673d650b42.wav,1.0
706c2f7f-e3d3-4d67-b67c-02bde6bdb4a8,coughvid_data/706c2f7f-e3d3-4d67-b67c-02bde6bdb4a8.wav,coughvid_data/706c2f7f-e3d3-4d67-b67c-02bde6bdb4a8.wav,0.0
cabc1f7f-f768-4a79-a394-c633403a5bb8,coughvid_data/cabc1f7f-f768-4a79-a394-c633403a5bb8.wav,coughvid_data/cabc1f7f-f768-4a79-a394-c633403a5bb8.wav,0.0
2ce77fa0-2ccb-4847-9f61-82e066382463,coughvid_data/2ce77fa0-2ccb-4847-9f61-82e066382463.wav,coughvid_data/2ce77fa0-2ccb-4847-9f61-82e066382463.wav,0.0
23dc3829-1d3e-4a5b-94dc-649b2f3bb4a2,coughvid_data/23dc3829-1d3e-4a5b-94dc-649b2f3bb4a2.wav,coughvid_data/23dc3829-1d3e-4a5b-94dc-649b2f3bb4a2.wav,1.0
8137f632-6882-42db-b139-428d0aa4a7be,coughvid_data/8137f632-6882-42db-b139-428d0aa4a7be.wav,coughvid_data/8137f632-6882-42db-b139-428d0aa4a7be.wav,0.0
4eb98569-b7d9-4a75-9829-7eb73e2b31b7,coughvid_data/4eb98569-b7d9-4a75-9829-7eb73e2b31b7.wav,coughvid_data/4eb98569-b7d9-4a75-9829-7eb73e2b31b7.wav,0.0
6b8be686-f9d2-486c-b301-5e9b27770f0f,coughvid_data/6b8be686-f9d2-486c-b301-5e9b27770f0f.wav,coughvid_data/6b8be686-f9d2-486c-b301-5e9b27770f0f.wav,1.0
bf901165-8a9e-49e3-9e54-aaf6a830f68a,coughvid_data/bf901165-8a9e-49e3-9e54-aaf6a830f68a.wav,coughvid_data/bf901165-8a9e-49e3-9e54-aaf6a830f68a.wav,1.0
7a9144ab-0421-4129-b8dd-81a0fcd69d78,coughvid_data/7a9144ab-0421-4129-b8dd-81a0fcd69d78.wav,coughvid_data/7a9144ab-0421-4129-b8dd-81a0fcd69d78.wav,0.0
a4f63673-37cb-4362-9c2d-61e771c9f6b6,coughvid_data/a4f63673-37cb-4362-9c2d-61e771c9f6b6.wav,coughvid_data/a4f63673-37cb-4362-9c2d-61e771c9f6b6.wav,0.0
13f0aecc-bf3e-43cb-9a46-5755c251ec58,coughvid_data/13f0aecc-bf3e-43cb-9a46-5755c251ec58.wav,coughvid_data/13f0aecc-bf3e-43cb-9a46-5755c251ec58.wav,0.0
64eba1e1-1db9-42fb-be5a-92bea7425ee3,coughvid_data/64eba1e1-1db9-42fb-be5a-92bea7425ee3.wav,coughvid_data/64eba1e1-1db9-42fb-be5a-92bea7425ee3.wav,0.0
ff0e3673-34d7-4635-9594-3bfd14d48a41,coughvid_data/ff0e3673-34d7-4635-9594-3bfd14d48a41.wav,coughvid_data/ff0e3673-34d7-4635-9594-3bfd14d48a41.wav,1.0
0719412c-8d8c-439d-9f89-cc21409594c1,coughvid_data/0719412c-8d8c-439d-9f89-cc21409594c1.wav,coughvid_data/0719412c-8d8c-439d-9f89-cc21409594c1.wav,0.0
4d6f32e2-01d5-4265-9b3c-d413a2fe9cd0,coughvid_data/4d6f32e2-01d5-4265-9b3c-d413a2fe9cd0.wav,coughvid_data/4d6f32e2-01d5-4265-9b3c-d413a2fe9cd0.wav,1.0
7fe70ec7-de20-4fb2-a70b-7d89b7f3f003,coughvid_data/7fe70ec7-de20-4fb2-a70b-7d89b7f3f003.wav,coughvid_data/7fe70ec7-de20-4fb2-a70b-7d89b7f3f003.wav,0.0
3350b879-9287-4967-96e8-06710008ce6c,coughvid_data/3350b879-9287-4967-96e8-06710008ce6c.wav,coughvid_data/3350b879-9287-4967-96e8-06710008ce6c.wav,1.0
800e4b85-34ac-48bc-af6c-84590fb6b482,coughvid_data/800e4b85-34ac-48bc-af6c-84590fb6b482.wav,coughvid_data/800e4b85-34ac-48bc-af6c-84590fb6b482.wav,1.0
b2391363-2145-4f49-ba71-95de1df9cc88,coughvid_data/b2391363-2145-4f49-ba71-95de1df9cc88.wav,coughvid_data/b2391363-2145-4f49-ba71-95de1df9cc88.wav,1.0
2287018f-87b9-4494-a120-585ccfa81b63,coughvid_data/2287018f-87b9-4494-a120-585ccfa81b63.wav,coughvid_data/2287018f-87b9-4494-a120-585ccfa81b63.wav,0.0
be7de593-e2ca-494f-be2d-20eaadeb09ff,coughvid_data/be7de593-e2ca-494f-be2d-20eaadeb09ff.wav,coughvid_data/be7de593-e2ca-494f-be2d-20eaadeb09ff.wav,1.0
e8f243e4-d456-4b40-bf1e-b6bab899453f,coughvid_data/e8f243e4-d456-4b40-bf1e-b6bab899453f.wav,coughvid_data/e8f243e4-d456-4b40-bf1e-b6bab899453f.wav,0.0
17c57849-143b-4a83-996a-4b6a096de94a,coughvid_data/17c57849-143b-4a83-996a-4b6a096de94a.wav,coughvid_data/17c57849-143b-4a83-996a-4b6a096de94a.wav,0.0
ac5fb6cd-83e1-401f-9145-1c6c2910ff9d,coughvid_data/ac5fb6cd-83e1-401f-9145-1c6c2910ff9d.wav,coughvid_data/ac5fb6cd-83e1-401f-9145-1c6c2910ff9d.wav,0.0
0f87635c-4a6c-4c84-aaae-34afc236c22b,coughvid_data/0f87635c-4a6c-4c84-aaae-34afc236c22b.wav,coughvid_data/0f87635c-4a6c-4c84-aaae-34afc236c22b.wav,1.0
4e5a9444-ba4e-4082-a4a9-5689e375549d,coughvid_data/4e5a9444-ba4e-4082-a4a9-5689e375549d.wav,coughvid_data/4e5a9444-ba4e-4082-a4a9-5689e375549d.wav,1.0
8cf25918-8b35-45a3-a8a7-74440a95bab1,coughvid_data/8cf25918-8b35-45a3-a8a7-74440a95bab1.wav,coughvid_data/8cf25918-8b35-45a3-a8a7-74440a95bab1.wav,0.0
06b58ff7-42e9-49d8-8b56-dd82e7b18ace,coughvid_data/06b58ff7-42e9-49d8-8b56-dd82e7b18ace.wav,coughvid_data/06b58ff7-42e9-49d8-8b56-dd82e7b18ace.wav,1.0
7e3a9e01-1770-4413-b575-a8bf99b7b771,coughvid_data/7e3a9e01-1770-4413-b575-a8bf99b7b771.wav,coughvid_data/7e3a9e01-1770-4413-b575-a8bf99b7b771.wav,0.0
82b8dffd-98de-4277-ba07-a6bd0322c965,coughvid_data/82b8dffd-98de-4277-ba07-a6bd0322c965.wav,coughvid_data/82b8dffd-98de-4277-ba07-a6bd0322c965.wav,0.0
920565d7-19ce-46a6-a91c-9088d86c0ff2,coughvid_data/920565d7-19ce-46a6-a91c-9088d86c0ff2.wav,coughvid_data/920565d7-19ce-46a6-a91c-9088d86c0ff2.wav,1.0
b0c3fdae-0abe-41f6-a7fb-6031ba1099d8,coughvid_data/b0c3fdae-0abe-41f6-a7fb-6031ba1099d8.wav,coughvid_data/b0c3fdae-0abe-41f6-a7fb-6031ba1099d8.wav,1.0
93864c11-f6fd-4ee2-ac4b-d28170f5e6e3,coughvid_data/93864c11-f6fd-4ee2-ac4b-d28170f5e6e3.wav,coughvid_data/93864c11-f6fd-4ee2-ac4b-d28170f5e6e3.wav,1.0
035b6112-a1f4-459f-9993-915b47c776e7,coughvid_data/035b6112-a1f4-459f-9993-915b47c776e7.wav,coughvid_data/035b6112-a1f4-459f-9993-915b47c776e7.wav,1.0
864a7ee6-c6e7-42e9-b9f8-aec39b6e1956,coughvid_data/864a7ee6-c6e7-42e9-b9f8-aec39b6e1956.wav,coughvid_data/864a7ee6-c6e7-42e9-b9f8-aec39b6e1956.wav,1.0
825b7e31-444a-4f51-a519-b0b172d221bf,coughvid_data/825b7e31-444a-4f51-a519-b0b172d221bf.wav,coughvid_data/825b7e31-444a-4f51-a519-b0b172d221bf.wav,1.0
4afdbe2a-920c-4592-8149-ed315f7a20ae,coughvid_data/4afdbe2a-920c-4592-8149-ed315f7a20ae.wav,coughvid_data/4afdbe2a-920c-4592-8149-ed315f7a20ae.wav,1.0
7b4a9d58-4180-4389-9cdc-8d3a73590506,coughvid_data/7b4a9d58-4180-4389-9cdc-8d3a73590506.wav,coughvid_data/7b4a9d58-4180-4389-9cdc-8d3a73590506.wav,1.0
cd545185-fedc-4199-ae50-cf5c1495b269,coughvid_data/cd545185-fedc-4199-ae50-cf5c1495b269.wav,coughvid_data/cd545185-fedc-4199-ae50-cf5c1495b269.wav,0.0
8b197bc0-2f11-4971-b643-1524cf030a2b,coughvid_data/8b197bc0-2f11-4971-b643-1524cf030a2b.wav,coughvid_data/8b197bc0-2f11-4971-b643-1524cf030a2b.wav,1.0
eae0678d-d2ce-4540-be5d-f0e483ede5ce,coughvid_data/eae0678d-d2ce-4540-be5d-f0e483ede5ce.wav,coughvid_data/eae0678d-d2ce-4540-be5d-f0e483ede5ce.wav,0.0
d599fe81-d47b-4926-8d57-39abb02ba1d7,coughvid_data/d599fe81-d47b-4926-8d57-39abb02ba1d7.wav,coughvid_data/d599fe81-d47b-4926-8d57-39abb02ba1d7.wav,0.0
c55d94d8-3718-428b-8ed3-b618821f4341,coughvid_data/c55d94d8-3718-428b-8ed3-b618821f4341.wav,coughvid_data/c55d94d8-3718-428b-8ed3-b618821f4341.wav,0.0
5542e025-cec0-48d8-8ac2-541975793b94,coughvid_data/5542e025-cec0-48d8-8ac2-541975793b94.wav,coughvid_data/5542e025-cec0-48d8-8ac2-541975793b94.wav,1.0
b357e4d8-d50e-4ffd-8bb7-a3c1979121b8,coughvid_data/b357e4d8-d50e-4ffd-8bb7-a3c1979121b8.wav,coughvid_data/b357e4d8-d50e-4ffd-8bb7-a3c1979121b8.wav,0.0
79b9bc30-deca-4e7d-85af-8d97ec3e04f3,coughvid_data/79b9bc30-deca-4e7d-85af-8d97ec3e04f3.wav,coughvid_data/79b9bc30-deca-4e7d-85af-8d97ec3e04f3.wav,1.0
eb43c241-4d73-4197-856f-10e1d39b15eb,coughvid_data/eb43c241-4d73-4197-856f-10e1d39b15eb.wav,coughvid_data/eb43c241-4d73-4197-856f-10e1d39b15eb.wav,0.0
77cd79c9-1154-4da6-b9d4-6befbbc2754e,coughvid_data/77cd79c9-1154-4da6-b9d4-6befbbc2754e.wav,coughvid_data/77cd79c9-1154-4da6-b9d4-6befbbc2754e.wav,1.0
a4d107ee-3c06-4cfb-abad-b96bbec173cf,coughvid_data/a4d107ee-3c06-4cfb-abad-b96bbec173cf.wav,coughvid_data/a4d107ee-3c06-4cfb-abad-b96bbec173cf.wav,1.0
b6cb57fa-c013-4784-8993-c42bf315f1cc,coughvid_data/b6cb57fa-c013-4784-8993-c42bf315f1cc.wav,coughvid_data/b6cb57fa-c013-4784-8993-c42bf315f1cc.wav,0.0
c4539031-acd2-4bd3-b0ba-84a3165d14c6,coughvid_data/c4539031-acd2-4bd3-b0ba-84a3165d14c6.wav,coughvid_data/c4539031-acd2-4bd3-b0ba-84a3165d14c6.wav,0.0
18649a46-67ae-4bb7-ac50-4263e3314c2f,coughvid_data/18649a46-67ae-4bb7-ac50-4263e3314c2f.wav,coughvid_data/18649a46-67ae-4bb7-ac50-4263e3314c2f.wav,1.0
ea162a64-2c94-4b8a-a8b8-9caa25dfd150,coughvid_data/ea162a64-2c94-4b8a-a8b8-9caa25dfd150.wav,coughvid_data/ea162a64-2c94-4b8a-a8b8-9caa25dfd150.wav,1.0
9c77028d-89f1-45df-96b3-03e0519ae977,coughvid_data/9c77028d-89f1-45df-96b3-03e0519ae977.wav,coughvid_data/9c77028d-89f1-45df-96b3-03e0519ae977.wav,0.0
71925529-6e20-44dd-838d-ae0d22cfb0b9,coughvid_data/71925529-6e20-44dd-838d-ae0d22cfb0b9.wav,coughvid_data/71925529-6e20-44dd-838d-ae0d22cfb0b9.wav,0.0
ee4fd5b2-d951-4ba3-9bed-b1269a6c0091,coughvid_data/ee4fd5b2-d951-4ba3-9bed-b1269a6c0091.wav,coughvid_data/ee4fd5b2-d951-4ba3-9bed-b1269a6c0091.wav,1.0
ec6ba5dd-3f77-41de-bf2b-a0b6f982a282,coughvid_data/ec6ba5dd-3f77-41de-bf2b-a0b6f982a282.wav,coughvid_data/ec6ba5dd-3f77-41de-bf2b-a0b6f982a282.wav,1.0
07e46718-3a9a-437c-b511-13167a2c9f1a,coughvid_data/07e46718-3a9a-437c-b511-13167a2c9f1a.wav,coughvid_data/07e46718-3a9a-437c-b511-13167a2c9f1a.wav,1.0
36949ff2-6511-4654-9c81-a5020fbe17ba,coughvid_data/36949ff2-6511-4654-9c81-a5020fbe17ba.wav,coughvid_data/36949ff2-6511-4654-9c81-a5020fbe17ba.wav,1.0
0cb74311-3d2e-416b-bb5b-bed7615c2478,coughvid_data/0cb74311-3d2e-416b-bb5b-bed7615c2478.wav,coughvid_data/0cb74311-3d2e-416b-bb5b-bed7615c2478.wav,1.0
68d0ff7e-4ab8-42cf-b276-6903e89a78fe,coughvid_data/68d0ff7e-4ab8-42cf-b276-6903e89a78fe.wav,coughvid_data/68d0ff7e-4ab8-42cf-b276-6903e89a78fe.wav,1.0
78946847-17db-4c3c-8c67-d3132b810265,coughvid_data/78946847-17db-4c3c-8c67-d3132b810265.wav,coughvid_data/78946847-17db-4c3c-8c67-d3132b810265.wav,0.0
31e5a9cf-6a3e-43a3-8e0f-65c99f5748e9,coughvid_data/31e5a9cf-6a3e-43a3-8e0f-65c99f5748e9.wav,coughvid_data/31e5a9cf-6a3e-43a3-8e0f-65c99f5748e9.wav,1.0
2c1e926c-75cb-4a47-a1b4-fbe8040e2e82,coughvid_data/2c1e926c-75cb-4a47-a1b4-fbe8040e2e82.wav,coughvid_data/2c1e926c-75cb-4a47-a1b4-fbe8040e2e82.wav,1.0
8c79a0a6-2ffe-430d-a822-5eb5f88b51df,coughvid_data/8c79a0a6-2ffe-430d-a822-5eb5f88b51df.wav,coughvid_data/8c79a0a6-2ffe-430d-a822-5eb5f88b51df.wav,0.0
7015c803-5621-43f9-85c3-fe100101dfe4,coughvid_data/7015c803-5621-43f9-85c3-fe100101dfe4.wav,coughvid_data/7015c803-5621-43f9-85c3-fe100101dfe4.wav,1.0
4fbbfa67-892a-40b9-a0a3-666fc6219bff,coughvid_data/4fbbfa67-892a-40b9-a0a3-666fc6219bff.wav,coughvid_data/4fbbfa67-892a-40b9-a0a3-666fc6219bff.wav,1.0
a25a49a6-88db-44eb-86e6-f2130a839f19,coughvid_data/a25a49a6-88db-44eb-86e6-f2130a839f19.wav,coughvid_data/a25a49a6-88db-44eb-86e6-f2130a839f19.wav,0.0
0981cdc7-70af-4570-ae2e-54ce9700083a,coughvid_data/0981cdc7-70af-4570-ae2e-54ce9700083a.wav,coughvid_data/0981cdc7-70af-4570-ae2e-54ce9700083a.wav,1.0
218bd08d-6ead-4475-8f54-5b6e6d823a63,coughvid_data/218bd08d-6ead-4475-8f54-5b6e6d823a63.wav,coughvid_data/218bd08d-6ead-4475-8f54-5b6e6d823a63.wav,0.0
07eae492-1111-4602-b806-6a6d936d1981,coughvid_data/07eae492-1111-4602-b806-6a6d936d1981.wav,coughvid_data/07eae492-1111-4602-b806-6a6d936d1981.wav,0.0
6a0ad03e-b871-484f-8d84-c9aaa1526fbb,coughvid_data/6a0ad03e-b871-484f-8d84-c9aaa1526fbb.wav,coughvid_data/6a0ad03e-b871-484f-8d84-c9aaa1526fbb.wav,0.0
dccd10ed-751e-462c-9513-340d89510ea6,coughvid_data/dccd10ed-751e-462c-9513-340d89510ea6.wav,coughvid_data/dccd10ed-751e-462c-9513-340d89510ea6.wav,1.0
6f5e643c-437e-4c63-9092-39c7ea186334,coughvid_data/6f5e643c-437e-4c63-9092-39c7ea186334.wav,coughvid_data/6f5e643c-437e-4c63-9092-39c7ea186334.wav,1.0
1a07cc8b-a7f5-4cea-b1df-43bf3b2b1414,coughvid_data/1a07cc8b-a7f5-4cea-b1df-43bf3b2b1414.wav,coughvid_data/1a07cc8b-a7f5-4cea-b1df-43bf3b2b1414.wav,1.0
8ff3d48b-312d-4bf0-86c5-66b483f5545c,coughvid_data/8ff3d48b-312d-4bf0-86c5-66b483f5545c.wav,coughvid_data/8ff3d48b-312d-4bf0-86c5-66b483f5545c.wav,0.0
b4b09b44-74cc-4466-8cdc-ab674e719eaa,coughvid_data/b4b09b44-74cc-4466-8cdc-ab674e719eaa.wav,coughvid_data/b4b09b44-74cc-4466-8cdc-ab674e719eaa.wav,0.0
94254d2d-f289-4103-a0ed-e2022a72cc1d,coughvid_data/94254d2d-f289-4103-a0ed-e2022a72cc1d.wav,coughvid_data/94254d2d-f289-4103-a0ed-e2022a72cc1d.wav,1.0
e32261bc-0931-463b-8851-6a5159387496,coughvid_data/e32261bc-0931-463b-8851-6a5159387496.wav,coughvid_data/e32261bc-0931-463b-8851-6a5159387496.wav,0.0
35d10eca-6682-4e6e-8a50-6379d58e061a,coughvid_data/35d10eca-6682-4e6e-8a50-6379d58e061a.wav,coughvid_data/35d10eca-6682-4e6e-8a50-6379d58e061a.wav,1.0
22ca51d6-bb26-43c5-a6e2-8b9cb67e0a21,coughvid_data/22ca51d6-bb26-43c5-a6e2-8b9cb67e0a21.wav,coughvid_data/22ca51d6-bb26-43c5-a6e2-8b9cb67e0a21.wav,0.0
0091db95-89b3-42c5-ae07-a1b58eced67b,coughvid_data/0091db95-89b3-42c5-ae07-a1b58eced67b.wav,coughvid_data/0091db95-89b3-42c5-ae07-a1b58eced67b.wav,0.0
8b892e6a-5aaa-439d-bef1-f1e713a7d2c8,coughvid_data/8b892e6a-5aaa-439d-bef1-f1e713a7d2c8.wav,coughvid_data/8b892e6a-5aaa-439d-bef1-f1e713a7d2c8.wav,1.0
eb50678f-3965-4fdd-8786-b23d11ddccb3,coughvid_data/eb50678f-3965-4fdd-8786-b23d11ddccb3.wav,coughvid_data/eb50678f-3965-4fdd-8786-b23d11ddccb3.wav,0.0
e8a89d29-6c93-4141-81e0-fd77ed9ea649,coughvid_data/e8a89d29-6c93-4141-81e0-fd77ed9ea649.wav,coughvid_data/e8a89d29-6c93-4141-81e0-fd77ed9ea649.wav,1.0
ab5ec29a-8591-45a6-8ad3-817e2f3310d7,coughvid_data/ab5ec29a-8591-45a6-8ad3-817e2f3310d7.wav,coughvid_data/ab5ec29a-8591-45a6-8ad3-817e2f3310d7.wav,1.0
ffd18a56-096d-40fc-9862-e5c5a8ca1fcd,coughvid_data/ffd18a56-096d-40fc-9862-e5c5a8ca1fcd.wav,coughvid_data/ffd18a56-096d-40fc-9862-e5c5a8ca1fcd.wav,1.0
7ef296e3-b692-4907-830e-2a47798f4509,coughvid_data/7ef296e3-b692-4907-830e-2a47798f4509.wav,coughvid_data/7ef296e3-b692-4907-830e-2a47798f4509.wav,1.0
786b6d88-2fcb-4058-9c85-d995687a914e,coughvid_data/786b6d88-2fcb-4058-9c85-d995687a914e.wav,coughvid_data/786b6d88-2fcb-4058-9c85-d995687a914e.wav,0.0
6c3ca449-ee16-4170-8955-729c43a80d9b,coughvid_data/6c3ca449-ee16-4170-8955-729c43a80d9b.wav,coughvid_data/6c3ca449-ee16-4170-8955-729c43a80d9b.wav,0.0
1955c568-19d2-41eb-8816-758cf6e5caa1,coughvid_data/1955c568-19d2-41eb-8816-758cf6e5caa1.wav,coughvid_data/1955c568-19d2-41eb-8816-758cf6e5caa1.wav,1.0
7c950c97-1b98-44d0-b7f1-f5e5b9cfc197,coughvid_data/7c950c97-1b98-44d0-b7f1-f5e5b9cfc197.wav,coughvid_data/7c950c97-1b98-44d0-b7f1-f5e5b9cfc197.wav,1.0
018bc2d1-2ae0-4e11-abab-50e1c75a2dcc,coughvid_data/018bc2d1-2ae0-4e11-abab-50e1c75a2dcc.wav,coughvid_data/018bc2d1-2ae0-4e11-abab-50e1c75a2dcc.wav,0.0
314cd5c3-0030-4ea1-83b3-d6845897b903,coughvid_data/314cd5c3-0030-4ea1-83b3-d6845897b903.wav,coughvid_data/314cd5c3-0030-4ea1-83b3-d6845897b903.wav,1.0
853a6aa9-8dcb-4103-93ff-100714d7ffaa,coughvid_data/853a6aa9-8dcb-4103-93ff-100714d7ffaa.wav,coughvid_data/853a6aa9-8dcb-4103-93ff-100714d7ffaa.wav,0.0
334077b2-53c9-4898-b32a-9f0f4574a74c,coughvid_data/334077b2-53c9-4898-b32a-9f0f4574a74c.wav,coughvid_data/334077b2-53c9-4898-b32a-9f0f4574a74c.wav,1.0
56f7b071-8d48-45cf-84fd-3ffc48d7560b,coughvid_data/56f7b071-8d48-45cf-84fd-3ffc48d7560b.wav,coughvid_data/56f7b071-8d48-45cf-84fd-3ffc48d7560b.wav,0.0
4a4098bf-8cd3-42b7-a3bc-8d8b9b4cc78a,coughvid_data/4a4098bf-8cd3-42b7-a3bc-8d8b9b4cc78a.wav,coughvid_data/4a4098bf-8cd3-42b7-a3bc-8d8b9b4cc78a.wav,0.0
46e35a21-8867-4b3b-96a6-8e5cecb8b244,coughvid_data/46e35a21-8867-4b3b-96a6-8e5cecb8b244.wav,coughvid_data/46e35a21-8867-4b3b-96a6-8e5cecb8b244.wav,0.0
4e8dfc6b-52c6-4edc-85cc-9993a32932d9,coughvid_data/4e8dfc6b-52c6-4edc-85cc-9993a32932d9.wav,coughvid_data/4e8dfc6b-52c6-4edc-85cc-9993a32932d9.wav,0.0
f7a0d266-6d88-4a97-9a3b-184220a23d7a,coughvid_data/f7a0d266-6d88-4a97-9a3b-184220a23d7a.wav,coughvid_data/f7a0d266-6d88-4a97-9a3b-184220a23d7a.wav,0.0
f138bc82-25bc-447c-a2ab-49291b023790,coughvid_data/f138bc82-25bc-447c-a2ab-49291b023790.wav,coughvid_data/f138bc82-25bc-447c-a2ab-49291b023790.wav,1.0
7584e156-d375-4846-87d3-1715b7cff5f7,coughvid_data/7584e156-d375-4846-87d3-1715b7cff5f7.wav,coughvid_data/7584e156-d375-4846-87d3-1715b7cff5f7.wav,0.0
30100db3-a273-413e-9cd7-8cf17d5eda8c,coughvid_data/30100db3-a273-413e-9cd7-8cf17d5eda8c.wav,coughvid_data/30100db3-a273-413e-9cd7-8cf17d5eda8c.wav,0.0
e6b18767-9e15-44cb-a8f5-565a90c4d17e,coughvid_data/e6b18767-9e15-44cb-a8f5-565a90c4d17e.wav,coughvid_data/e6b18767-9e15-44cb-a8f5-565a90c4d17e.wav,1.0
218b5065-817e-4b6b-96fb-de59bd324e96,coughvid_data/218b5065-817e-4b6b-96fb-de59bd324e96.wav,coughvid_data/218b5065-817e-4b6b-96fb-de59bd324e96.wav,1.0
4bb75652-f60d-4f88-8af5-add0a3563680,coughvid_data/4bb75652-f60d-4f88-8af5-add0a3563680.wav,coughvid_data/4bb75652-f60d-4f88-8af5-add0a3563680.wav,1.0
1909937f-8449-4770-99c4-fad07531f648,coughvid_data/1909937f-8449-4770-99c4-fad07531f648.wav,coughvid_data/1909937f-8449-4770-99c4-fad07531f648.wav,0.0
64ecf55e-ae16-4e9d-8905-e8f136d9a988,coughvid_data/64ecf55e-ae16-4e9d-8905-e8f136d9a988.wav,coughvid_data/64ecf55e-ae16-4e9d-8905-e8f136d9a988.wav,0.0
75bc2c77-3b5a-465a-9df7-57b7ebe5bcf2,coughvid_data/75bc2c77-3b5a-465a-9df7-57b7ebe5bcf2.wav,coughvid_data/75bc2c77-3b5a-465a-9df7-57b7ebe5bcf2.wav,1.0
f9477588-0a1e-484b-8b6a-f5f598438b98,coughvid_data/f9477588-0a1e-484b-8b6a-f5f598438b98.wav,coughvid_data/f9477588-0a1e-484b-8b6a-f5f598438b98.wav,1.0
e3ed4a71-7ce2-4255-a215-6a67b1fd603c,coughvid_data/e3ed4a71-7ce2-4255-a215-6a67b1fd603c.wav,coughvid_data/e3ed4a71-7ce2-4255-a215-6a67b1fd603c.wav,0.0
b693ea2e-0da4-432c-9df4-376a3359462e,coughvid_data/b693ea2e-0da4-432c-9df4-376a3359462e.wav,coughvid_data/b693ea2e-0da4-432c-9df4-376a3359462e.wav,0.0
b065c0ed-27bc-42ac-96be-f01c450c9e77,coughvid_data/b065c0ed-27bc-42ac-96be-f01c450c9e77.wav,coughvid_data/b065c0ed-27bc-42ac-96be-f01c450c9e77.wav,0.0
194584e5-fa76-4a88-a7ab-073095aab3cc,coughvid_data/194584e5-fa76-4a88-a7ab-073095aab3cc.wav,coughvid_data/194584e5-fa76-4a88-a7ab-073095aab3cc.wav,1.0
15266e23-7202-4445-b150-c1e34b78b882,coughvid_data/15266e23-7202-4445-b150-c1e34b78b882.wav,coughvid_data/15266e23-7202-4445-b150-c1e34b78b882.wav,1.0
5590b703-57d1-4e0d-b104-0eb53ac6d250,coughvid_data/5590b703-57d1-4e0d-b104-0eb53ac6d250.wav,coughvid_data/5590b703-57d1-4e0d-b104-0eb53ac6d250.wav,0.0
7b0a64fb-bdc7-4974-8592-ef2546eaf523,coughvid_data/7b0a64fb-bdc7-4974-8592-ef2546eaf523.wav,coughvid_data/7b0a64fb-bdc7-4974-8592-ef2546eaf523.wav,1.0
8f6fc3c0-03fc-4af8-acfe-49d009050db8,coughvid_data/8f6fc3c0-03fc-4af8-acfe-49d009050db8.wav,coughvid_data/8f6fc3c0-03fc-4af8-acfe-49d009050db8.wav,0.0
4ab714bb-7e39-4e7d-aa4c-24f6bb3f4882,coughvid_data/4ab714bb-7e39-4e7d-aa4c-24f6bb3f4882.wav,coughvid_data/4ab714bb-7e39-4e7d-aa4c-24f6bb3f4882.wav,0.0
4a8260b9-bed4-4e88-8ac3-6b84c0b50db6,coughvid_data/4a8260b9-bed4-4e88-8ac3-6b84c0b50db6.wav,coughvid_data/4a8260b9-bed4-4e88-8ac3-6b84c0b50db6.wav,1.0
ce2f98ed-58ee-47ef-b6cc-9d8e5a7750a9,coughvid_data/ce2f98ed-58ee-47ef-b6cc-9d8e5a7750a9.wav,coughvid_data/ce2f98ed-58ee-47ef-b6cc-9d8e5a7750a9.wav,1.0
a1a6d35f-e7dd-4be8-8391-b3470aa18753,coughvid_data/a1a6d35f-e7dd-4be8-8391-b3470aa18753.wav,coughvid_data/a1a6d35f-e7dd-4be8-8391-b3470aa18753.wav,1.0
12d933d2-7e56-4a3c-8aff-1ed7c0b71e68,coughvid_data/12d933d2-7e56-4a3c-8aff-1ed7c0b71e68.wav,coughvid_data/12d933d2-7e56-4a3c-8aff-1ed7c0b71e68.wav,0.0
a2f89fdf-f7ae-45e3-8cb2-e5f322689c17,coughvid_data/a2f89fdf-f7ae-45e3-8cb2-e5f322689c17.wav,coughvid_data/a2f89fdf-f7ae-45e3-8cb2-e5f322689c17.wav,0.0
121de9f4-276a-45dd-9c7e-d624834939cb,coughvid_data/121de9f4-276a-45dd-9c7e-d624834939cb.wav,coughvid_data/121de9f4-276a-45dd-9c7e-d624834939cb.wav,1.0
cd9ad0d4-09b1-4e1d-9169-c682167eec0d,coughvid_data/cd9ad0d4-09b1-4e1d-9169-c682167eec0d.wav,coughvid_data/cd9ad0d4-09b1-4e1d-9169-c682167eec0d.wav,1.0
7d65859c-9f87-4608-a277-94edd9b5a865,coughvid_data/7d65859c-9f87-4608-a277-94edd9b5a865.wav,coughvid_data/7d65859c-9f87-4608-a277-94edd9b5a865.wav,1.0
65be7822-e7c7-4fdc-9549-bf3fac30f919,coughvid_data/65be7822-e7c7-4fdc-9549-bf3fac30f919.wav,coughvid_data/65be7822-e7c7-4fdc-9549-bf3fac30f919.wav,1.0
29d0983b-909e-49d2-b89e-d0bed36c5beb,coughvid_data/29d0983b-909e-49d2-b89e-d0bed36c5beb.wav,coughvid_data/29d0983b-909e-49d2-b89e-d0bed36c5beb.wav,1.0
6ab90037-4313-4964-9431-c7e9df1147a1,coughvid_data/6ab90037-4313-4964-9431-c7e9df1147a1.wav,coughvid_data/6ab90037-4313-4964-9431-c7e9df1147a1.wav,0.0
16ab8dd6-7c63-4b4f-9b0c-b2552fa02db5,coughvid_data/16ab8dd6-7c63-4b4f-9b0c-b2552fa02db5.wav,coughvid_data/16ab8dd6-7c63-4b4f-9b0c-b2552fa02db5.wav,0.0
f368ada5-3c6e-4455-a43f-801dc33c3e8c,coughvid_data/f368ada5-3c6e-4455-a43f-801dc33c3e8c.wav,coughvid_data/f368ada5-3c6e-4455-a43f-801dc33c3e8c.wav,0.0
ee6c61b1-438c-459c-a858-974b2c7e7e1c,coughvid_data/ee6c61b1-438c-459c-a858-974b2c7e7e1c.wav,coughvid_data/ee6c61b1-438c-459c-a858-974b2c7e7e1c.wav,0.0
c790122f-d47a-46aa-8c66-4f9de0cd4041,coughvid_data/c790122f-d47a-46aa-8c66-4f9de0cd4041.wav,coughvid_data/c790122f-d47a-46aa-8c66-4f9de0cd4041.wav,0.0
f9031737-f092-425c-af52-3c81e7cad26f,coughvid_data/f9031737-f092-425c-af52-3c81e7cad26f.wav,coughvid_data/f9031737-f092-425c-af52-3c81e7cad26f.wav,0.0
bf91d8ff-b05b-49d7-98cd-d2657403eb24,coughvid_data/bf91d8ff-b05b-49d7-98cd-d2657403eb24.wav,coughvid_data/bf91d8ff-b05b-49d7-98cd-d2657403eb24.wav,0.0
abf9dfa7-6a2c-41c1-bf9d-64000ec79680,coughvid_data/abf9dfa7-6a2c-41c1-bf9d-64000ec79680.wav,coughvid_data/abf9dfa7-6a2c-41c1-bf9d-64000ec79680.wav,1.0
1f7a05c0-2fde-4829-b2a6-e46bbc985187,coughvid_data/1f7a05c0-2fde-4829-b2a6-e46bbc985187.wav,coughvid_data/1f7a05c0-2fde-4829-b2a6-e46bbc985187.wav,0.0
317f8903-0bc7-42b3-9413-0f26ede26c7c,coughvid_data/317f8903-0bc7-42b3-9413-0f26ede26c7c.wav,coughvid_data/317f8903-0bc7-42b3-9413-0f26ede26c7c.wav,0.0
0fd6c451-7381-40d1-959e-0ed6e5da439d,coughvid_data/0fd6c451-7381-40d1-959e-0ed6e5da439d.wav,coughvid_data/0fd6c451-7381-40d1-959e-0ed6e5da439d.wav,0.0
b3c398d8-4a9b-42be-8512-dc4c9f83bd06,coughvid_data/b3c398d8-4a9b-42be-8512-dc4c9f83bd06.wav,coughvid_data/b3c398d8-4a9b-42be-8512-dc4c9f83bd06.wav,0.0
78ba1cbb-ebde-43c3-b171-184f98b8d0f4,coughvid_data/78ba1cbb-ebde-43c3-b171-184f98b8d0f4.wav,coughvid_data/78ba1cbb-ebde-43c3-b171-184f98b8d0f4.wav,0.0
df9cd86e-9e40-4da9-8291-3bc7f86b33f2,coughvid_data/df9cd86e-9e40-4da9-8291-3bc7f86b33f2.wav,coughvid_data/df9cd86e-9e40-4da9-8291-3bc7f86b33f2.wav,1.0
fcf33253-480c-47f2-9c7f-b0e74de42ae4,coughvid_data/fcf33253-480c-47f2-9c7f-b0e74de42ae4.wav,coughvid_data/fcf33253-480c-47f2-9c7f-b0e74de42ae4.wav,1.0
95a1f944-4c59-488f-acb2-efc17b816641,coughvid_data/95a1f944-4c59-488f-acb2-efc17b816641.wav,coughvid_data/95a1f944-4c59-488f-acb2-efc17b816641.wav,0.0
5da2ad9c-29d6-435e-9bb8-399c424ea5c5,coughvid_data/5da2ad9c-29d6-435e-9bb8-399c424ea5c5.wav,coughvid_data/5da2ad9c-29d6-435e-9bb8-399c424ea5c5.wav,0.0
96af44b1-b096-4856-b0f5-afd186f70d0b,coughvid_data/96af44b1-b096-4856-b0f5-afd186f70d0b.wav,coughvid_data/96af44b1-b096-4856-b0f5-afd186f70d0b.wav,0.0
25af1bd3-b8af-425d-a3ea-da1583cf767d,coughvid_data/25af1bd3-b8af-425d-a3ea-da1583cf767d.wav,coughvid_data/25af1bd3-b8af-425d-a3ea-da1583cf767d.wav,1.0
61004b28-a38a-4e71-82e8-5aaaec9b447e,coughvid_data/61004b28-a38a-4e71-82e8-5aaaec9b447e.wav,coughvid_data/61004b28-a38a-4e71-82e8-5aaaec9b447e.wav,0.0
13c2e650-b9e2-4db3-ae35-ca259eb3a333,coughvid_data/13c2e650-b9e2-4db3-ae35-ca259eb3a333.wav,coughvid_data/13c2e650-b9e2-4db3-ae35-ca259eb3a333.wav,0.0
0ebcd337-e754-4955-a935-f7b3f04ec5ff,coughvid_data/0ebcd337-e754-4955-a935-f7b3f04ec5ff.wav,coughvid_data/0ebcd337-e754-4955-a935-f7b3f04ec5ff.wav,1.0
e6f8de1d-71e2-459f-b3d2-3c328e02a251,coughvid_data/e6f8de1d-71e2-459f-b3d2-3c328e02a251.wav,coughvid_data/e6f8de1d-71e2-459f-b3d2-3c328e02a251.wav,1.0
242c5998-3ced-422f-9ed5-cb3279b36105,coughvid_data/242c5998-3ced-422f-9ed5-cb3279b36105.wav,coughvid_data/242c5998-3ced-422f-9ed5-cb3279b36105.wav,1.0
a2841c3b-1289-4595-9d07-da7be07e3a17,coughvid_data/a2841c3b-1289-4595-9d07-da7be07e3a17.wav,coughvid_data/a2841c3b-1289-4595-9d07-da7be07e3a17.wav,1.0
d8a7bd61-1e65-422d-b279-65c48ae18b26,coughvid_data/d8a7bd61-1e65-422d-b279-65c48ae18b26.wav,coughvid_data/d8a7bd61-1e65-422d-b279-65c48ae18b26.wav,0.0
39033706-e96b-4e3a-a480-08da7197798d,coughvid_data/39033706-e96b-4e3a-a480-08da7197798d.wav,coughvid_data/39033706-e96b-4e3a-a480-08da7197798d.wav,1.0
43e56ec2-1d99-4fc6-9823-421d908055f3,coughvid_data/43e56ec2-1d99-4fc6-9823-421d908055f3.wav,coughvid_data/43e56ec2-1d99-4fc6-9823-421d908055f3.wav,1.0
266266f9-6705-4ad7-a24a-7b3c1a1321f7,coughvid_data/266266f9-6705-4ad7-a24a-7b3c1a1321f7.wav,coughvid_data/266266f9-6705-4ad7-a24a-7b3c1a1321f7.wav,1.0
f2d57d35-d8f6-480d-bb64-58a5676ed09c,coughvid_data/f2d57d35-d8f6-480d-bb64-58a5676ed09c.wav,coughvid_data/f2d57d35-d8f6-480d-bb64-58a5676ed09c.wav,1.0
ae0ff134-0218-4d7e-804d-c48f57946de9,coughvid_data/ae0ff134-0218-4d7e-804d-c48f57946de9.wav,coughvid_data/ae0ff134-0218-4d7e-804d-c48f57946de9.wav,1.0
10cb01b7-efad-47f3-8ada-71b1a684a1fa,coughvid_data/10cb01b7-efad-47f3-8ada-71b1a684a1fa.wav,coughvid_data/10cb01b7-efad-47f3-8ada-71b1a684a1fa.wav,1.0
ac11a659-61ee-4583-a351-dedb675fcafc,coughvid_data/ac11a659-61ee-4583-a351-dedb675fcafc.wav,coughvid_data/ac11a659-61ee-4583-a351-dedb675fcafc.wav,0.0
a0845347-139b-4a91-a50e-59de7bed4867,coughvid_data/a0845347-139b-4a91-a50e-59de7bed4867.wav,coughvid_data/a0845347-139b-4a91-a50e-59de7bed4867.wav,1.0
4acfc873-f11a-4c14-830d-0125bd5d23e2,coughvid_data/4acfc873-f11a-4c14-830d-0125bd5d23e2.wav,coughvid_data/4acfc873-f11a-4c14-830d-0125bd5d23e2.wav,1.0
68e53237-994b-4864-9ec6-d777b352e38b,coughvid_data/68e53237-994b-4864-9ec6-d777b352e38b.wav,coughvid_data/68e53237-994b-4864-9ec6-d777b352e38b.wav,0.0
98d10e4e-f6fe-4a8e-9f0e-cb2864eb5ee9,coughvid_data/98d10e4e-f6fe-4a8e-9f0e-cb2864eb5ee9.wav,coughvid_data/98d10e4e-f6fe-4a8e-9f0e-cb2864eb5ee9.wav,1.0
c0b7bad0-2824-4289-96ae-698587a77127,coughvid_data/c0b7bad0-2824-4289-96ae-698587a77127.wav,coughvid_data/c0b7bad0-2824-4289-96ae-698587a77127.wav,0.0
12b61a60-3f47-4dab-8cb5-0e7bb4654d74,coughvid_data/12b61a60-3f47-4dab-8cb5-0e7bb4654d74.wav,coughvid_data/12b61a60-3f47-4dab-8cb5-0e7bb4654d74.wav,0.0
e547488f-2b71-45ca-8da2-d58e51f417a5,coughvid_data/e547488f-2b71-45ca-8da2-d58e51f417a5.wav,coughvid_data/e547488f-2b71-45ca-8da2-d58e51f417a5.wav,1.0
890c6f85-4c6f-4eae-8f87-bb89bf9e7985,coughvid_data/890c6f85-4c6f-4eae-8f87-bb89bf9e7985.wav,coughvid_data/890c6f85-4c6f-4eae-8f87-bb89bf9e7985.wav,0.0
66b1294e-0bfa-47a9-964e-264ec82117c5,coughvid_data/66b1294e-0bfa-47a9-964e-264ec82117c5.wav,coughvid_data/66b1294e-0bfa-47a9-964e-264ec82117c5.wav,0.0
2204baa4-e729-4614-aec3-1e98758666ea,coughvid_data/2204baa4-e729-4614-aec3-1e98758666ea.wav,coughvid_data/2204baa4-e729-4614-aec3-1e98758666ea.wav,1.0
8df88a8b-0b27-4194-9af5-5e577ef4d4d9,coughvid_data/8df88a8b-0b27-4194-9af5-5e577ef4d4d9.wav,coughvid_data/8df88a8b-0b27-4194-9af5-5e577ef4d4d9.wav,1.0
2a3d14e8-7c0f-45a8-af9e-5af8a765807a,coughvid_data/2a3d14e8-7c0f-45a8-af9e-5af8a765807a.wav,coughvid_data/2a3d14e8-7c0f-45a8-af9e-5af8a765807a.wav,1.0
56ce152a-91a7-4b77-90b9-7ee3ca5e02a8,coughvid_data/56ce152a-91a7-4b77-90b9-7ee3ca5e02a8.wav,coughvid_data/56ce152a-91a7-4b77-90b9-7ee3ca5e02a8.wav,0.0
7e4d10bc-a2cd-484b-a8dc-c5d0dea4f813,coughvid_data/7e4d10bc-a2cd-484b-a8dc-c5d0dea4f813.wav,coughvid_data/7e4d10bc-a2cd-484b-a8dc-c5d0dea4f813.wav,1.0
0103f56e-61fb-454c-ab76-1a4ac4d0c849,coughvid_data/0103f56e-61fb-454c-ab76-1a4ac4d0c849.wav,coughvid_data/0103f56e-61fb-454c-ab76-1a4ac4d0c849.wav,1.0
9353ee25-3abf-401b-9836-9fd423adfc34,coughvid_data/9353ee25-3abf-401b-9836-9fd423adfc34.wav,coughvid_data/9353ee25-3abf-401b-9836-9fd423adfc34.wav,0.0
a6c0de0a-8bc6-49a9-a769-55d5566a7f1c,coughvid_data/a6c0de0a-8bc6-49a9-a769-55d5566a7f1c.wav,coughvid_data/a6c0de0a-8bc6-49a9-a769-55d5566a7f1c.wav,0.0
fe9cec7b-426d-4a34-bf98-b0a07deab63a,coughvid_data/fe9cec7b-426d-4a34-bf98-b0a07deab63a.wav,coughvid_data/fe9cec7b-426d-4a34-bf98-b0a07deab63a.wav,1.0
76e36e56-f9ea-455a-a9b6-f51b7e34e178,coughvid_data/76e36e56-f9ea-455a-a9b6-f51b7e34e178.wav,coughvid_data/76e36e56-f9ea-455a-a9b6-f51b7e34e178.wav,0.0
e4dbc910-6a8f-4c8e-b482-3197f09707a7,coughvid_data/e4dbc910-6a8f-4c8e-b482-3197f09707a7.wav,coughvid_data/e4dbc910-6a8f-4c8e-b482-3197f09707a7.wav,0.0
2ec6bd78-1428-4d41-8872-80d56edfded7,coughvid_data/2ec6bd78-1428-4d41-8872-80d56edfded7.wav,coughvid_data/2ec6bd78-1428-4d41-8872-80d56edfded7.wav,1.0
25d5e8bc-0203-4909-aebb-00df700417b9,coughvid_data/25d5e8bc-0203-4909-aebb-00df700417b9.wav,coughvid_data/25d5e8bc-0203-4909-aebb-00df700417b9.wav,1.0
069326da-d290-435a-8ba9-01db55fdb2d7,coughvid_data/069326da-d290-435a-8ba9-01db55fdb2d7.wav,coughvid_data/069326da-d290-435a-8ba9-01db55fdb2d7.wav,1.0
5126525a-ecaa-4dfc-bde4-84ebca8f6e6d,coughvid_data/5126525a-ecaa-4dfc-bde4-84ebca8f6e6d.wav,coughvid_data/5126525a-ecaa-4dfc-bde4-84ebca8f6e6d.wav,1.0
f0f0ccf8-ec55-4a7c-bed3-d87865b3945d,coughvid_data/f0f0ccf8-ec55-4a7c-bed3-d87865b3945d.wav,coughvid_data/f0f0ccf8-ec55-4a7c-bed3-d87865b3945d.wav,1.0
1126cfc4-95d8-49e6-8d97-631ea0706137,coughvid_data/1126cfc4-95d8-49e6-8d97-631ea0706137.wav,coughvid_data/1126cfc4-95d8-49e6-8d97-631ea0706137.wav,1.0
dbd745c9-a033-4f67-b446-bad1bdf58e50,coughvid_data/dbd745c9-a033-4f67-b446-bad1bdf58e50.wav,coughvid_data/dbd745c9-a033-4f67-b446-bad1bdf58e50.wav,1.0
fb82125b-bb49-4d3c-8ead-87a15c65c498,coughvid_data/fb82125b-bb49-4d3c-8ead-87a15c65c498.wav,coughvid_data/fb82125b-bb49-4d3c-8ead-87a15c65c498.wav,1.0
422082af-914b-4be8-aeb9-113444ba12df,coughvid_data/422082af-914b-4be8-aeb9-113444ba12df.wav,coughvid_data/422082af-914b-4be8-aeb9-113444ba12df.wav,0.0
a76c4f92-4e8b-4dfd-a05b-a6f80e08c611,coughvid_data/a76c4f92-4e8b-4dfd-a05b-a6f80e08c611.wav,coughvid_data/a76c4f92-4e8b-4dfd-a05b-a6f80e08c611.wav,0.0
373960e2-5080-4253-ba5c-94a5ab482484,coughvid_data/373960e2-5080-4253-ba5c-94a5ab482484.wav,coughvid_data/373960e2-5080-4253-ba5c-94a5ab482484.wav,0.0
70178747-d2c1-44eb-9f76-9e79170404bc,coughvid_data/70178747-d2c1-44eb-9f76-9e79170404bc.wav,coughvid_data/70178747-d2c1-44eb-9f76-9e79170404bc.wav,1.0
22975528-762e-4bd7-9f73-a3da0b485cb4,coughvid_data/22975528-762e-4bd7-9f73-a3da0b485cb4.wav,coughvid_data/22975528-762e-4bd7-9f73-a3da0b485cb4.wav,1.0
45d48578-faaf-4381-bcd9-210c9c79dfd5,coughvid_data/45d48578-faaf-4381-bcd9-210c9c79dfd5.wav,coughvid_data/45d48578-faaf-4381-bcd9-210c9c79dfd5.wav,0.0
c1307551-fa7d-4939-9f6b-b673a2813066,coughvid_data/c1307551-fa7d-4939-9f6b-b673a2813066.wav,coughvid_data/c1307551-fa7d-4939-9f6b-b673a2813066.wav,1.0
cc79d12b-7f1d-4b42-93a3-09146f2c00f9,coughvid_data/cc79d12b-7f1d-4b42-93a3-09146f2c00f9.wav,coughvid_data/cc79d12b-7f1d-4b42-93a3-09146f2c00f9.wav,1.0
d351a29a-766c-4f20-bddb-9a93a6c35a09,coughvid_data/d351a29a-766c-4f20-bddb-9a93a6c35a09.wav,coughvid_data/d351a29a-766c-4f20-bddb-9a93a6c35a09.wav,1.0
09d80c58-329b-4b41-b115-f5ccc2700dd1,coughvid_data/09d80c58-329b-4b41-b115-f5ccc2700dd1.wav,coughvid_data/09d80c58-329b-4b41-b115-f5ccc2700dd1.wav,0.0
dd26fd38-5dc3-44ad-8749-528ea1449afc,coughvid_data/dd26fd38-5dc3-44ad-8749-528ea1449afc.wav,coughvid_data/dd26fd38-5dc3-44ad-8749-528ea1449afc.wav,1.0
b6c0d829-9b25-4b5c-8d17-2cd1f6987437,coughvid_data/b6c0d829-9b25-4b5c-8d17-2cd1f6987437.wav,coughvid_data/b6c0d829-9b25-4b5c-8d17-2cd1f6987437.wav,0.0
d6fad51d-5893-44e5-b732-d43828c86920,coughvid_data/d6fad51d-5893-44e5-b732-d43828c86920.wav,coughvid_data/d6fad51d-5893-44e5-b732-d43828c86920.wav,0.0
ddd3e809-a5ff-48de-992b-7bcde6c7290d,coughvid_data/ddd3e809-a5ff-48de-992b-7bcde6c7290d.wav,coughvid_data/ddd3e809-a5ff-48de-992b-7bcde6c7290d.wav,1.0
7b9def10-2d9d-4f26-8fea-005bb924342d,coughvid_data/7b9def10-2d9d-4f26-8fea-005bb924342d.wav,coughvid_data/7b9def10-2d9d-4f26-8fea-005bb924342d.wav,0.0
6ffcdee9-633c-42ba-9ac6-9a81f32f11f3,coughvid_data/6ffcdee9-633c-42ba-9ac6-9a81f32f11f3.wav,coughvid_data/6ffcdee9-633c-42ba-9ac6-9a81f32f11f3.wav,1.0
cc0f7098-a254-439c-9c1b-281ebc7a3ffa,coughvid_data/cc0f7098-a254-439c-9c1b-281ebc7a3ffa.wav,coughvid_data/cc0f7098-a254-439c-9c1b-281ebc7a3ffa.wav,0.0
29689fe7-2bb0-477f-b496-fa8c545ce039,coughvid_data/29689fe7-2bb0-477f-b496-fa8c545ce039.wav,coughvid_data/29689fe7-2bb0-477f-b496-fa8c545ce039.wav,1.0
88fa2702-473d-4169-aac7-aa06f42234f2,coughvid_data/88fa2702-473d-4169-aac7-aa06f42234f2.wav,coughvid_data/88fa2702-473d-4169-aac7-aa06f42234f2.wav,1.0
3bc2fce8-97b3-4351-bde6-ca82ca98418b,coughvid_data/3bc2fce8-97b3-4351-bde6-ca82ca98418b.wav,coughvid_data/3bc2fce8-97b3-4351-bde6-ca82ca98418b.wav,1.0
7be768c8-b05c-4551-be25-4fced676d432,coughvid_data/7be768c8-b05c-4551-be25-4fced676d432.wav,coughvid_data/7be768c8-b05c-4551-be25-4fced676d432.wav,1.0
0a102ef5-4ede-47c8-8d51-a813d7631eda,coughvid_data/0a102ef5-4ede-47c8-8d51-a813d7631eda.wav,coughvid_data/0a102ef5-4ede-47c8-8d51-a813d7631eda.wav,0.0
d8a4f50a-ea2f-44d5-bff6-839b0cfe9a24,coughvid_data/d8a4f50a-ea2f-44d5-bff6-839b0cfe9a24.wav,coughvid_data/d8a4f50a-ea2f-44d5-bff6-839b0cfe9a24.wav,0.0
0e93e293-f0c2-41bd-b83a-6ea80b2ec97d,coughvid_data/0e93e293-f0c2-41bd-b83a-6ea80b2ec97d.wav,coughvid_data/0e93e293-f0c2-41bd-b83a-6ea80b2ec97d.wav,1.0
92bda5c3-a203-481c-ac75-ba65ed1a4661,coughvid_data/92bda5c3-a203-481c-ac75-ba65ed1a4661.wav,coughvid_data/92bda5c3-a203-481c-ac75-ba65ed1a4661.wav,0.0
a5efb895-7358-4f44-b3ca-3e10103e1ac3,coughvid_data/a5efb895-7358-4f44-b3ca-3e10103e1ac3.wav,coughvid_data/a5efb895-7358-4f44-b3ca-3e10103e1ac3.wav,0.0
fa5f5bec-9dbe-4b09-a0fe-2f53b3d92fad,coughvid_data/fa5f5bec-9dbe-4b09-a0fe-2f53b3d92fad.wav,coughvid_data/fa5f5bec-9dbe-4b09-a0fe-2f53b3d92fad.wav,0.0
0afdb27b-217f-48bd-9559-01d7985aef26,coughvid_data/0afdb27b-217f-48bd-9559-01d7985aef26.wav,coughvid_data/0afdb27b-217f-48bd-9559-01d7985aef26.wav,0.0
88456ffa-246e-4b4f-a1c8-c8220aa960fd,coughvid_data/88456ffa-246e-4b4f-a1c8-c8220aa960fd.wav,coughvid_data/88456ffa-246e-4b4f-a1c8-c8220aa960fd.wav,0.0
b55dd282-87d5-4c52-a53c-a90bf8ebfa10,coughvid_data/b55dd282-87d5-4c52-a53c-a90bf8ebfa10.wav,coughvid_data/b55dd282-87d5-4c52-a53c-a90bf8ebfa10.wav,0.0
2f518c50-5ec2-4eec-8a51-bca32f72c9b6,coughvid_data/2f518c50-5ec2-4eec-8a51-bca32f72c9b6.wav,coughvid_data/2f518c50-5ec2-4eec-8a51-bca32f72c9b6.wav,0.0
4dbea821-0b9d-44cf-ac1e-08eb60497f43,coughvid_data/4dbea821-0b9d-44cf-ac1e-08eb60497f43.wav,coughvid_data/4dbea821-0b9d-44cf-ac1e-08eb60497f43.wav,1.0
ebe73d8d-a39b-42f8-9d86-fb040deb1a69,coughvid_data/ebe73d8d-a39b-42f8-9d86-fb040deb1a69.wav,coughvid_data/ebe73d8d-a39b-42f8-9d86-fb040deb1a69.wav,1.0
9127f9a3-f778-44fd-80bb-d2fb7d50f590,coughvid_data/9127f9a3-f778-44fd-80bb-d2fb7d50f590.wav,coughvid_data/9127f9a3-f778-44fd-80bb-d2fb7d50f590.wav,0.0
fc1e48fa-479f-4d11-86fe-a827aa3e0e06,coughvid_data/fc1e48fa-479f-4d11-86fe-a827aa3e0e06.wav,coughvid_data/fc1e48fa-479f-4d11-86fe-a827aa3e0e06.wav,0.0
1fbe0c34-88d6-440b-8c87-c4a057c3a559,coughvid_data/1fbe0c34-88d6-440b-8c87-c4a057c3a559.wav,coughvid_data/1fbe0c34-88d6-440b-8c87-c4a057c3a559.wav,0.0
872a67e1-8956-4eb8-9c71-eda25645c6a3,coughvid_data/872a67e1-8956-4eb8-9c71-eda25645c6a3.wav,coughvid_data/872a67e1-8956-4eb8-9c71-eda25645c6a3.wav,0.0
4a6db153-038f-4fea-8d60-38a0df7a87ba,coughvid_data/4a6db153-038f-4fea-8d60-38a0df7a87ba.wav,coughvid_data/4a6db153-038f-4fea-8d60-38a0df7a87ba.wav,0.0
0f9ee01a-cde3-4e80-9153-4fb7f6901ec7,coughvid_data/0f9ee01a-cde3-4e80-9153-4fb7f6901ec7.wav,coughvid_data/0f9ee01a-cde3-4e80-9153-4fb7f6901ec7.wav,0.0
bc3672b5-f462-4206-a0db-f80b006ac4c8,coughvid_data/bc3672b5-f462-4206-a0db-f80b006ac4c8.wav,coughvid_data/bc3672b5-f462-4206-a0db-f80b006ac4c8.wav,0.0
85db6766-03f9-4e84-b205-500cd2968a11,coughvid_data/85db6766-03f9-4e84-b205-500cd2968a11.wav,coughvid_data/85db6766-03f9-4e84-b205-500cd2968a11.wav,0.0
d701a713-9bb2-4b53-a882-8f76044ae96b,coughvid_data/d701a713-9bb2-4b53-a882-8f76044ae96b.wav,coughvid_data/d701a713-9bb2-4b53-a882-8f76044ae96b.wav,1.0
543d93f8-1d04-4ccc-9385-6d608ced55eb,coughvid_data/543d93f8-1d04-4ccc-9385-6d608ced55eb.wav,coughvid_data/543d93f8-1d04-4ccc-9385-6d608ced55eb.wav,0.0
09f69345-4a60-4110-a111-94d52d39091c,coughvid_data/09f69345-4a60-4110-a111-94d52d39091c.wav,coughvid_data/09f69345-4a60-4110-a111-94d52d39091c.wav,0.0
cf8f9111-5c81-4ae1-a19b-adcf949db3c8,coughvid_data/cf8f9111-5c81-4ae1-a19b-adcf949db3c8.wav,coughvid_data/cf8f9111-5c81-4ae1-a19b-adcf949db3c8.wav,0.0
0a5ed841-efb5-43ab-bf5e-6d9cc777607d,coughvid_data/0a5ed841-efb5-43ab-bf5e-6d9cc777607d.wav,coughvid_data/0a5ed841-efb5-43ab-bf5e-6d9cc777607d.wav,1.0
15fa105f-eac2-4f47-a050-b9d50cc43606,coughvid_data/15fa105f-eac2-4f47-a050-b9d50cc43606.wav,coughvid_data/15fa105f-eac2-4f47-a050-b9d50cc43606.wav,1.0
d3f4dee7-9b67-4e69-8341-da1f9511a80c,coughvid_data/d3f4dee7-9b67-4e69-8341-da1f9511a80c.wav,coughvid_data/d3f4dee7-9b67-4e69-8341-da1f9511a80c.wav,1.0
5703869f-8f78-4c4f-906a-a960df2defac,coughvid_data/5703869f-8f78-4c4f-906a-a960df2defac.wav,coughvid_data/5703869f-8f78-4c4f-906a-a960df2defac.wav,1.0
d083e174-8f63-4f8a-9d37-68d64d972592,coughvid_data/d083e174-8f63-4f8a-9d37-68d64d972592.wav,coughvid_data/d083e174-8f63-4f8a-9d37-68d64d972592.wav,1.0
2e1de661-471b-420e-9f81-d5ca24abf21d,coughvid_data/2e1de661-471b-420e-9f81-d5ca24abf21d.wav,coughvid_data/2e1de661-471b-420e-9f81-d5ca24abf21d.wav,1.0
73fc3670-c5a6-4e86-9176-9732ba9b316e,coughvid_data/73fc3670-c5a6-4e86-9176-9732ba9b316e.wav,coughvid_data/73fc3670-c5a6-4e86-9176-9732ba9b316e.wav,1.0
3088f1c9-420e-4dcc-8663-21787a7832ae,coughvid_data/3088f1c9-420e-4dcc-8663-21787a7832ae.wav,coughvid_data/3088f1c9-420e-4dcc-8663-21787a7832ae.wav,0.0
c73619c3-d999-4871-8e57-513ace8b457d,coughvid_data/c73619c3-d999-4871-8e57-513ace8b457d.wav,coughvid_data/c73619c3-d999-4871-8e57-513ace8b457d.wav,1.0
6f3c6ceb-ceff-467d-bc47-ae92a9fd0dff,coughvid_data/6f3c6ceb-ceff-467d-bc47-ae92a9fd0dff.wav,coughvid_data/6f3c6ceb-ceff-467d-bc47-ae92a9fd0dff.wav,0.0
38fcb5f2-96ba-4d11-9a46-989ab3572eaf,coughvid_data/38fcb5f2-96ba-4d11-9a46-989ab3572eaf.wav,coughvid_data/38fcb5f2-96ba-4d11-9a46-989ab3572eaf.wav,0.0
5a59a429-5369-4c63-813d-741a0f7a4314,coughvid_data/5a59a429-5369-4c63-813d-741a0f7a4314.wav,coughvid_data/5a59a429-5369-4c63-813d-741a0f7a4314.wav,1.0
1d0eab2e-26fd-45d9-b8f5-780bfd32f0f2,coughvid_data/1d0eab2e-26fd-45d9-b8f5-780bfd32f0f2.wav,coughvid_data/1d0eab2e-26fd-45d9-b8f5-780bfd32f0f2.wav,1.0
bfb7d83b-2c5e-49cc-89b8-c21bed052439,coughvid_data/bfb7d83b-2c5e-49cc-89b8-c21bed052439.wav,coughvid_data/bfb7d83b-2c5e-49cc-89b8-c21bed052439.wav,1.0
c7bdb2de-0f23-4ef7-94d6-a0466d132150,coughvid_data/c7bdb2de-0f23-4ef7-94d6-a0466d132150.wav,coughvid_data/c7bdb2de-0f23-4ef7-94d6-a0466d132150.wav,1.0
5344e65e-e79c-4780-90bc-2c133d77942b,coughvid_data/5344e65e-e79c-4780-90bc-2c133d77942b.wav,coughvid_data/5344e65e-e79c-4780-90bc-2c133d77942b.wav,0.0
25b1b7c0-f939-426a-bffa-ac64888a00b4,coughvid_data/25b1b7c0-f939-426a-bffa-ac64888a00b4.wav,coughvid_data/25b1b7c0-f939-426a-bffa-ac64888a00b4.wav,1.0
4e7e6a12-8b08-4169-abc3-24040641b86c,coughvid_data/4e7e6a12-8b08-4169-abc3-24040641b86c.wav,coughvid_data/4e7e6a12-8b08-4169-abc3-24040641b86c.wav,1.0
e501be77-192a-4ef4-8ecc-a3f270525c2a,coughvid_data/e501be77-192a-4ef4-8ecc-a3f270525c2a.wav,coughvid_data/e501be77-192a-4ef4-8ecc-a3f270525c2a.wav,1.0
42675c5d-bb87-4bc4-877b-9bb84796bb40,coughvid_data/42675c5d-bb87-4bc4-877b-9bb84796bb40.wav,coughvid_data/42675c5d-bb87-4bc4-877b-9bb84796bb40.wav,1.0
724ff070-52ab-48e8-8e85-f6431a9d2869,coughvid_data/724ff070-52ab-48e8-8e85-f6431a9d2869.wav,coughvid_data/724ff070-52ab-48e8-8e85-f6431a9d2869.wav,1.0
b427a365-d13d-41b3-992f-4102aa48d67f,coughvid_data/b427a365-d13d-41b3-992f-4102aa48d67f.wav,coughvid_data/b427a365-d13d-41b3-992f-4102aa48d67f.wav,0.0
2f671034-45f4-43dc-bb94-cda696e4c836,coughvid_data/2f671034-45f4-43dc-bb94-cda696e4c836.wav,coughvid_data/2f671034-45f4-43dc-bb94-cda696e4c836.wav,0.0
93d762e1-18fc-4c92-9336-17653c0f6695,coughvid_data/93d762e1-18fc-4c92-9336-17653c0f6695.wav,coughvid_data/93d762e1-18fc-4c92-9336-17653c0f6695.wav,0.0
cdd2132a-506c-48a4-960c-7c3613d1de03,coughvid_data/cdd2132a-506c-48a4-960c-7c3613d1de03.wav,coughvid_data/cdd2132a-506c-48a4-960c-7c3613d1de03.wav,0.0
66b4e50f-785d-45e5-9e2c-6037dcabf426,coughvid_data/66b4e50f-785d-45e5-9e2c-6037dcabf426.wav,coughvid_data/66b4e50f-785d-45e5-9e2c-6037dcabf426.wav,1.0
fe29fbf9-24ae-461f-a886-bfb9314baf4b,coughvid_data/fe29fbf9-24ae-461f-a886-bfb9314baf4b.wav,coughvid_data/fe29fbf9-24ae-461f-a886-bfb9314baf4b.wav,0.0
f7f28a44-94bd-4936-b0d4-95a1e96df11b,coughvid_data/f7f28a44-94bd-4936-b0d4-95a1e96df11b.wav,coughvid_data/f7f28a44-94bd-4936-b0d4-95a1e96df11b.wav,0.0
cbd83681-129c-44e1-ac1d-b321ad2ff521,coughvid_data/cbd83681-129c-44e1-ac1d-b321ad2ff521.wav,coughvid_data/cbd83681-129c-44e1-ac1d-b321ad2ff521.wav,1.0
594e7695-7f6d-4836-b2d2-9bb45728af0f,coughvid_data/594e7695-7f6d-4836-b2d2-9bb45728af0f.wav,coughvid_data/594e7695-7f6d-4836-b2d2-9bb45728af0f.wav,1.0
8b4fcd2f-9543-4350-868c-634f3726d1f3,coughvid_data/8b4fcd2f-9543-4350-868c-634f3726d1f3.wav,coughvid_data/8b4fcd2f-9543-4350-868c-634f3726d1f3.wav,0.0
fdfb0e89-8d60-45cc-b8a4-8ec8af69ddb3,coughvid_data/fdfb0e89-8d60-45cc-b8a4-8ec8af69ddb3.wav,coughvid_data/fdfb0e89-8d60-45cc-b8a4-8ec8af69ddb3.wav,0.0
77b99f73-8ef6-48b8-a0fb-bd1ed57e9984,coughvid_data/77b99f73-8ef6-48b8-a0fb-bd1ed57e9984.wav,coughvid_data/77b99f73-8ef6-48b8-a0fb-bd1ed57e9984.wav,0.0
540cc560-8943-4e98-9057-76749a70abdb,coughvid_data/540cc560-8943-4e98-9057-76749a70abdb.wav,coughvid_data/540cc560-8943-4e98-9057-76749a70abdb.wav,1.0
9dff6375-0cdf-4cf4-a72c-ec8102c7e207,coughvid_data/9dff6375-0cdf-4cf4-a72c-ec8102c7e207.wav,coughvid_data/9dff6375-0cdf-4cf4-a72c-ec8102c7e207.wav,1.0
e45c1f70-1f5a-45df-b997-b83cff1c12f9,coughvid_data/e45c1f70-1f5a-45df-b997-b83cff1c12f9.wav,coughvid_data/e45c1f70-1f5a-45df-b997-b83cff1c12f9.wav,1.0
783fca32-58a9-4b49-a766-4ebe6cacf647,coughvid_data/783fca32-58a9-4b49-a766-4ebe6cacf647.wav,coughvid_data/783fca32-58a9-4b49-a766-4ebe6cacf647.wav,1.0
9708d3e0-5d03-4e56-80a5-afe8929f0395,coughvid_data/9708d3e0-5d03-4e56-80a5-afe8929f0395.wav,coughvid_data/9708d3e0-5d03-4e56-80a5-afe8929f0395.wav,1.0
e58c5c8a-9939-42ee-b73a-4a4c8649c890,coughvid_data/e58c5c8a-9939-42ee-b73a-4a4c8649c890.wav,coughvid_data/e58c5c8a-9939-42ee-b73a-4a4c8649c890.wav,0.0
7e49cc6e-608a-431f-a275-ff65ab4348b4,coughvid_data/7e49cc6e-608a-431f-a275-ff65ab4348b4.wav,coughvid_data/7e49cc6e-608a-431f-a275-ff65ab4348b4.wav,1.0
b9e1e979-0dd2-49f5-befe-0c3ee814f763,coughvid_data/b9e1e979-0dd2-49f5-befe-0c3ee814f763.wav,coughvid_data/b9e1e979-0dd2-49f5-befe-0c3ee814f763.wav,0.0
61121d52-0be6-4491-b6fd-02848ed39b11,coughvid_data/61121d52-0be6-4491-b6fd-02848ed39b11.wav,coughvid_data/61121d52-0be6-4491-b6fd-02848ed39b11.wav,1.0
6c1f4450-c75f-48fb-aeb3-24b3671ee9f2,coughvid_data/6c1f4450-c75f-48fb-aeb3-24b3671ee9f2.wav,coughvid_data/6c1f4450-c75f-48fb-aeb3-24b3671ee9f2.wav,0.0
c9ddd23c-5421-4af2-bee7-1e1428caa7a2,coughvid_data/c9ddd23c-5421-4af2-bee7-1e1428caa7a2.wav,coughvid_data/c9ddd23c-5421-4af2-bee7-1e1428caa7a2.wav,0.0
f88f94dc-53f9-46a5-9108-cfdb18f8352c,coughvid_data/f88f94dc-53f9-46a5-9108-cfdb18f8352c.wav,coughvid_data/f88f94dc-53f9-46a5-9108-cfdb18f8352c.wav,1.0
636a7812-bedc-4c89-abb1-7d1f5958832f,coughvid_data/636a7812-bedc-4c89-abb1-7d1f5958832f.wav,coughvid_data/636a7812-bedc-4c89-abb1-7d1f5958832f.wav,1.0
2d1b8f9e-c822-4d29-8682-36041f2216e9,coughvid_data/2d1b8f9e-c822-4d29-8682-36041f2216e9.wav,coughvid_data/2d1b8f9e-c822-4d29-8682-36041f2216e9.wav,0.0
2df9d90f-7616-482f-ae5a-e0c8d3ee4289,coughvid_data/2df9d90f-7616-482f-ae5a-e0c8d3ee4289.wav,coughvid_data/2df9d90f-7616-482f-ae5a-e0c8d3ee4289.wav,1.0
8f131d1a-4f4b-43b5-a7c7-f7c70d0464e3,coughvid_data/8f131d1a-4f4b-43b5-a7c7-f7c70d0464e3.wav,coughvid_data/8f131d1a-4f4b-43b5-a7c7-f7c70d0464e3.wav,0.0
89c7a3c0-2281-4b6a-8e5e-83d96dfab73d,coughvid_data/89c7a3c0-2281-4b6a-8e5e-83d96dfab73d.wav,coughvid_data/89c7a3c0-2281-4b6a-8e5e-83d96dfab73d.wav,1.0
f283039a-5cf4-4c7b-afa7-da213cb59aeb,coughvid_data/f283039a-5cf4-4c7b-afa7-da213cb59aeb.wav,coughvid_data/f283039a-5cf4-4c7b-afa7-da213cb59aeb.wav,0.0
13bca866-236a-4e70-9e01-b6434c9f7539,coughvid_data/13bca866-236a-4e70-9e01-b6434c9f7539.wav,coughvid_data/13bca866-236a-4e70-9e01-b6434c9f7539.wav,0.0
65b8474c-afb8-4804-8b1f-1c5c03ed18fb,coughvid_data/65b8474c-afb8-4804-8b1f-1c5c03ed18fb.wav,coughvid_data/65b8474c-afb8-4804-8b1f-1c5c03ed18fb.wav,0.0
98c38777-08b7-48d1-9e82-a7718ee2cdaa,coughvid_data/98c38777-08b7-48d1-9e82-a7718ee2cdaa.wav,coughvid_data/98c38777-08b7-48d1-9e82-a7718ee2cdaa.wav,1.0
d485a1e9-f744-4e53-afba-634fa810b89d,coughvid_data/d485a1e9-f744-4e53-afba-634fa810b89d.wav,coughvid_data/d485a1e9-f744-4e53-afba-634fa810b89d.wav,0.0
72ff196f-3b4e-46ce-93e8-9783486e44f5,coughvid_data/72ff196f-3b4e-46ce-93e8-9783486e44f5.wav,coughvid_data/72ff196f-3b4e-46ce-93e8-9783486e44f5.wav,0.0
e369c2c3-3048-40a1-9411-d216d89827c5,coughvid_data/e369c2c3-3048-40a1-9411-d216d89827c5.wav,coughvid_data/e369c2c3-3048-40a1-9411-d216d89827c5.wav,0.0
7351c2df-00ec-44cc-91f4-5e1c4683fe31,coughvid_data/7351c2df-00ec-44cc-91f4-5e1c4683fe31.wav,coughvid_data/7351c2df-00ec-44cc-91f4-5e1c4683fe31.wav,0.0
0587279e-daf2-474e-b11c-c4c6e868c8a2,coughvid_data/0587279e-daf2-474e-b11c-c4c6e868c8a2.wav,coughvid_data/0587279e-daf2-474e-b11c-c4c6e868c8a2.wav,0.0
b4a1d780-98f7-4f5f-9383-017bcb9174f6,coughvid_data/b4a1d780-98f7-4f5f-9383-017bcb9174f6.wav,coughvid_data/b4a1d780-98f7-4f5f-9383-017bcb9174f6.wav,1.0
f1e92649-c6c3-4333-91d1-e775bb071a4d,coughvid_data/f1e92649-c6c3-4333-91d1-e775bb071a4d.wav,coughvid_data/f1e92649-c6c3-4333-91d1-e775bb071a4d.wav,1.0
b1414e2f-d722-4ff5-81f9-9f2983e1bdc6,coughvid_data/b1414e2f-d722-4ff5-81f9-9f2983e1bdc6.wav,coughvid_data/b1414e2f-d722-4ff5-81f9-9f2983e1bdc6.wav,1.0
b2279f72-d129-45b6-bea9-e7be596abe71,coughvid_data/b2279f72-d129-45b6-bea9-e7be596abe71.wav,coughvid_data/b2279f72-d129-45b6-bea9-e7be596abe71.wav,0.0
927ae69c-d4b6-484e-b651-7b76c9c1d9d5,coughvid_data/927ae69c-d4b6-484e-b651-7b76c9c1d9d5.wav,coughvid_data/927ae69c-d4b6-484e-b651-7b76c9c1d9d5.wav,1.0
679b4bec-7324-4c87-84f8-00185e3c9d7e,coughvid_data/679b4bec-7324-4c87-84f8-00185e3c9d7e.wav,coughvid_data/679b4bec-7324-4c87-84f8-00185e3c9d7e.wav,1.0
69adf8ef-98e1-4d6c-bcc0-77b224fdafbb,coughvid_data/69adf8ef-98e1-4d6c-bcc0-77b224fdafbb.wav,coughvid_data/69adf8ef-98e1-4d6c-bcc0-77b224fdafbb.wav,1.0
724ff11d-a3aa-4406-b207-d415d9abc60b,coughvid_data/724ff11d-a3aa-4406-b207-d415d9abc60b.wav,coughvid_data/724ff11d-a3aa-4406-b207-d415d9abc60b.wav,1.0
2d4e0feb-f205-4ad3-859a-ca3b9281cab9,coughvid_data/2d4e0feb-f205-4ad3-859a-ca3b9281cab9.wav,coughvid_data/2d4e0feb-f205-4ad3-859a-ca3b9281cab9.wav,1.0
a925ad8c-0207-4cb2-97ff-f44f2ff94a22,coughvid_data/a925ad8c-0207-4cb2-97ff-f44f2ff94a22.wav,coughvid_data/a925ad8c-0207-4cb2-97ff-f44f2ff94a22.wav,1.0
898ff12f-2e80-4678-b627-d555f6f8331e,coughvid_data/898ff12f-2e80-4678-b627-d555f6f8331e.wav,coughvid_data/898ff12f-2e80-4678-b627-d555f6f8331e.wav,0.0
2f2c71cd-142a-4323-aa9c-d99ce64a2be4,coughvid_data/2f2c71cd-142a-4323-aa9c-d99ce64a2be4.wav,coughvid_data/2f2c71cd-142a-4323-aa9c-d99ce64a2be4.wav,0.0
0629b197-b8c1-4b57-a48c-062a31563a03,coughvid_data/0629b197-b8c1-4b57-a48c-062a31563a03.wav,coughvid_data/0629b197-b8c1-4b57-a48c-062a31563a03.wav,0.0
b0eb9196-d6c9-4105-b8c8-c4df470869bf,coughvid_data/b0eb9196-d6c9-4105-b8c8-c4df470869bf.wav,coughvid_data/b0eb9196-d6c9-4105-b8c8-c4df470869bf.wav,0.0
eb0b4f47-3cd4-45eb-a0fd-262e56fd37d2,coughvid_data/eb0b4f47-3cd4-45eb-a0fd-262e56fd37d2.wav,coughvid_data/eb0b4f47-3cd4-45eb-a0fd-262e56fd37d2.wav,0.0
87886c9e-5213-47b7-9dc9-9f9fc254a462,coughvid_data/87886c9e-5213-47b7-9dc9-9f9fc254a462.wav,coughvid_data/87886c9e-5213-47b7-9dc9-9f9fc254a462.wav,1.0
5c16543a-35d0-415c-b68e-3d11e4a88fce,coughvid_data/5c16543a-35d0-415c-b68e-3d11e4a88fce.wav,coughvid_data/5c16543a-35d0-415c-b68e-3d11e4a88fce.wav,1.0
85dc97de-cb3a-4107-bbc2-5ea33c3c5f38,coughvid_data/85dc97de-cb3a-4107-bbc2-5ea33c3c5f38.wav,coughvid_data/85dc97de-cb3a-4107-bbc2-5ea33c3c5f38.wav,1.0
5f6cf762-842b-41bd-aa51-6ad8e61ae0c3,coughvid_data/5f6cf762-842b-41bd-aa51-6ad8e61ae0c3.wav,coughvid_data/5f6cf762-842b-41bd-aa51-6ad8e61ae0c3.wav,1.0
611f699b-b226-4eda-b827-0d6dd1a96217,coughvid_data/611f699b-b226-4eda-b827-0d6dd1a96217.wav,coughvid_data/611f699b-b226-4eda-b827-0d6dd1a96217.wav,0.0
2640a7b2-c69f-4c7c-986d-87b711559e22,coughvid_data/2640a7b2-c69f-4c7c-986d-87b711559e22.wav,coughvid_data/2640a7b2-c69f-4c7c-986d-87b711559e22.wav,0.0
be283dcf-8293-4968-a7ad-0490a2ac2e7b,coughvid_data/be283dcf-8293-4968-a7ad-0490a2ac2e7b.wav,coughvid_data/be283dcf-8293-4968-a7ad-0490a2ac2e7b.wav,0.0
1d8e94bb-c845-4f43-adad-09aeb2076233,coughvid_data/1d8e94bb-c845-4f43-adad-09aeb2076233.wav,coughvid_data/1d8e94bb-c845-4f43-adad-09aeb2076233.wav,1.0
38411153-569e-47b4-9b8f-a2f2786024ac,coughvid_data/38411153-569e-47b4-9b8f-a2f2786024ac.wav,coughvid_data/38411153-569e-47b4-9b8f-a2f2786024ac.wav,0.0
cf1341f2-a228-4c3c-9dc8-db81284a61ba,coughvid_data/cf1341f2-a228-4c3c-9dc8-db81284a61ba.wav,coughvid_data/cf1341f2-a228-4c3c-9dc8-db81284a61ba.wav,0.0
a945da5e-6d1a-4e46-9c94-eddce4dd61ef,coughvid_data/a945da5e-6d1a-4e46-9c94-eddce4dd61ef.wav,coughvid_data/a945da5e-6d1a-4e46-9c94-eddce4dd61ef.wav,0.0
e12be894-f2c5-4b25-9b08-5994daa4d0db,coughvid_data/e12be894-f2c5-4b25-9b08-5994daa4d0db.wav,coughvid_data/e12be894-f2c5-4b25-9b08-5994daa4d0db.wav,0.0
a46085da-cb1f-4b71-9747-d56beaf67a82,coughvid_data/a46085da-cb1f-4b71-9747-d56beaf67a82.wav,coughvid_data/a46085da-cb1f-4b71-9747-d56beaf67a82.wav,0.0
a5609d07-887a-4037-b011-b74afaabd9c7,coughvid_data/a5609d07-887a-4037-b011-b74afaabd9c7.wav,coughvid_data/a5609d07-887a-4037-b011-b74afaabd9c7.wav,1.0
f298d2ae-9f19-49b8-a150-33dd50a5a453,coughvid_data/f298d2ae-9f19-49b8-a150-33dd50a5a453.wav,coughvid_data/f298d2ae-9f19-49b8-a150-33dd50a5a453.wav,1.0
084c8a7b-90d7-4e93-8554-76bd7e863f40,coughvid_data/084c8a7b-90d7-4e93-8554-76bd7e863f40.wav,coughvid_data/084c8a7b-90d7-4e93-8554-76bd7e863f40.wav,0.0
0f5c263a-b219-498e-8c84-ec347af2e4cc,coughvid_data/0f5c263a-b219-498e-8c84-ec347af2e4cc.wav,coughvid_data/0f5c263a-b219-498e-8c84-ec347af2e4cc.wav,0.0
b3a2e6ad-5f3b-4a3e-880f-ee5cc06a02e3,coughvid_data/b3a2e6ad-5f3b-4a3e-880f-ee5cc06a02e3.wav,coughvid_data/b3a2e6ad-5f3b-4a3e-880f-ee5cc06a02e3.wav,0.0
87218c50-6046-4c92-9868-fbbc0a8cfc15,coughvid_data/87218c50-6046-4c92-9868-fbbc0a8cfc15.wav,coughvid_data/87218c50-6046-4c92-9868-fbbc0a8cfc15.wav,1.0
9e0e270e-f014-4823-8894-36d1ba9f02a0,coughvid_data/9e0e270e-f014-4823-8894-36d1ba9f02a0.wav,coughvid_data/9e0e270e-f014-4823-8894-36d1ba9f02a0.wav,0.0
9fee1edf-ec08-4a08-87f2-26b0ad8a8bc9,coughvid_data/9fee1edf-ec08-4a08-87f2-26b0ad8a8bc9.wav,coughvid_data/9fee1edf-ec08-4a08-87f2-26b0ad8a8bc9.wav,1.0
7fc93761-91f5-489b-b8be-d8d6251191da,coughvid_data/7fc93761-91f5-489b-b8be-d8d6251191da.wav,coughvid_data/7fc93761-91f5-489b-b8be-d8d6251191da.wav,1.0
adf16715-de2d-4711-9b1f-50aa3bedfcb7,coughvid_data/adf16715-de2d-4711-9b1f-50aa3bedfcb7.wav,coughvid_data/adf16715-de2d-4711-9b1f-50aa3bedfcb7.wav,0.0
dea52ae5-cb28-4926-a15e-9d1f0eb73115,coughvid_data/dea52ae5-cb28-4926-a15e-9d1f0eb73115.wav,coughvid_data/dea52ae5-cb28-4926-a15e-9d1f0eb73115.wav,0.0
6d408420-8d00-4fe5-83ad-4f8a365e1d88,coughvid_data/6d408420-8d00-4fe5-83ad-4f8a365e1d88.wav,coughvid_data/6d408420-8d00-4fe5-83ad-4f8a365e1d88.wav,1.0
f13bd277-82f8-44a0-8237-5e39d9bf5b73,coughvid_data/f13bd277-82f8-44a0-8237-5e39d9bf5b73.wav,coughvid_data/f13bd277-82f8-44a0-8237-5e39d9bf5b73.wav,0.0
a34c7587-535f-4c6d-9b9f-9f4521dfc78d,coughvid_data/a34c7587-535f-4c6d-9b9f-9f4521dfc78d.wav,coughvid_data/a34c7587-535f-4c6d-9b9f-9f4521dfc78d.wav,0.0
c8a0a435-d2fe-48ca-bae7-ade67ca85828,coughvid_data/c8a0a435-d2fe-48ca-bae7-ade67ca85828.wav,coughvid_data/c8a0a435-d2fe-48ca-bae7-ade67ca85828.wav,0.0
67648b8a-31f1-4ba9-9609-20068d8ebda1,coughvid_data/67648b8a-31f1-4ba9-9609-20068d8ebda1.wav,coughvid_data/67648b8a-31f1-4ba9-9609-20068d8ebda1.wav,0.0
e7ff562e-b6dd-4e6c-9e88-f7694700f429,coughvid_data/e7ff562e-b6dd-4e6c-9e88-f7694700f429.wav,coughvid_data/e7ff562e-b6dd-4e6c-9e88-f7694700f429.wav,0.0
3ae7453e-7297-466f-80ad-296aaa8bef55,coughvid_data/3ae7453e-7297-466f-80ad-296aaa8bef55.wav,coughvid_data/3ae7453e-7297-466f-80ad-296aaa8bef55.wav,0.0
8fb727a9-c3c9-4233-a9c9-dfc0a41516ee,coughvid_data/8fb727a9-c3c9-4233-a9c9-dfc0a41516ee.wav,coughvid_data/8fb727a9-c3c9-4233-a9c9-dfc0a41516ee.wav,1.0
6babd420-c9d1-4896-878c-770a15badbb5,coughvid_data/6babd420-c9d1-4896-878c-770a15badbb5.wav,coughvid_data/6babd420-c9d1-4896-878c-770a15badbb5.wav,0.0
c3740782-69df-4d8c-ad34-facb18c88c28,coughvid_data/c3740782-69df-4d8c-ad34-facb18c88c28.wav,coughvid_data/c3740782-69df-4d8c-ad34-facb18c88c28.wav,0.0
e6bfb3e2-257d-44df-ade4-fc000baab3e8,coughvid_data/e6bfb3e2-257d-44df-ade4-fc000baab3e8.wav,coughvid_data/e6bfb3e2-257d-44df-ade4-fc000baab3e8.wav,0.0
de5e9e9b-08ab-4962-8173-cdaee25fb7a0,coughvid_data/de5e9e9b-08ab-4962-8173-cdaee25fb7a0.wav,coughvid_data/de5e9e9b-08ab-4962-8173-cdaee25fb7a0.wav,0.0
9ebf6f35-91a8-4c33-84cb-fbeec8f2f557,coughvid_data/9ebf6f35-91a8-4c33-84cb-fbeec8f2f557.wav,coughvid_data/9ebf6f35-91a8-4c33-84cb-fbeec8f2f557.wav,1.0
739729ff-c52d-4f0f-aaa4-232fe360c287,coughvid_data/739729ff-c52d-4f0f-aaa4-232fe360c287.wav,coughvid_data/739729ff-c52d-4f0f-aaa4-232fe360c287.wav,1.0
e84454f0-c5a0-4447-a20e-661620e7623d,coughvid_data/e84454f0-c5a0-4447-a20e-661620e7623d.wav,coughvid_data/e84454f0-c5a0-4447-a20e-661620e7623d.wav,1.0
667cd554-e3dd-43f5-9c69-cec2fdcb4071,coughvid_data/667cd554-e3dd-43f5-9c69-cec2fdcb4071.wav,coughvid_data/667cd554-e3dd-43f5-9c69-cec2fdcb4071.wav,1.0
78c6037d-c6d7-42aa-9787-0482672a15dc,coughvid_data/78c6037d-c6d7-42aa-9787-0482672a15dc.wav,coughvid_data/78c6037d-c6d7-42aa-9787-0482672a15dc.wav,1.0
db6a3ffb-87a4-4363-a722-9b2043a35e48,coughvid_data/db6a3ffb-87a4-4363-a722-9b2043a35e48.wav,coughvid_data/db6a3ffb-87a4-4363-a722-9b2043a35e48.wav,0.0
97a875d0-d9d7-4fd1-91ab-5b73dfcd31ad,coughvid_data/97a875d0-d9d7-4fd1-91ab-5b73dfcd31ad.wav,coughvid_data/97a875d0-d9d7-4fd1-91ab-5b73dfcd31ad.wav,0.0
da96bd83-00d2-4ef5-bb85-a61582e63563,coughvid_data/da96bd83-00d2-4ef5-bb85-a61582e63563.wav,coughvid_data/da96bd83-00d2-4ef5-bb85-a61582e63563.wav,0.0
4069b357-75c2-4706-a9c8-d4e3b092fdae,coughvid_data/4069b357-75c2-4706-a9c8-d4e3b092fdae.wav,coughvid_data/4069b357-75c2-4706-a9c8-d4e3b092fdae.wav,1.0
5b9bc726-1e95-41cb-bfd7-d12b39f3cbfd,coughvid_data/5b9bc726-1e95-41cb-bfd7-d12b39f3cbfd.wav,coughvid_data/5b9bc726-1e95-41cb-bfd7-d12b39f3cbfd.wav,0.0
f1359dfb-2634-4b9d-9627-3704e369768a,coughvid_data/f1359dfb-2634-4b9d-9627-3704e369768a.wav,coughvid_data/f1359dfb-2634-4b9d-9627-3704e369768a.wav,1.0
248b2920-88f5-4427-9bc3-2b445ad8e1d6,coughvid_data/248b2920-88f5-4427-9bc3-2b445ad8e1d6.wav,coughvid_data/248b2920-88f5-4427-9bc3-2b445ad8e1d6.wav,0.0
2e0de46d-92da-4c83-8855-6d4313713bbb,coughvid_data/2e0de46d-92da-4c83-8855-6d4313713bbb.wav,coughvid_data/2e0de46d-92da-4c83-8855-6d4313713bbb.wav,0.0
3e41a46c-fe65-4403-a335-ba41ebf5fc46,coughvid_data/3e41a46c-fe65-4403-a335-ba41ebf5fc46.wav,coughvid_data/3e41a46c-fe65-4403-a335-ba41ebf5fc46.wav,1.0
e6429b27-6461-4e3d-946b-22f010e227e5,coughvid_data/e6429b27-6461-4e3d-946b-22f010e227e5.wav,coughvid_data/e6429b27-6461-4e3d-946b-22f010e227e5.wav,1.0
16bdbea9-5c1c-4a23-b454-171b5a09456d,coughvid_data/16bdbea9-5c1c-4a23-b454-171b5a09456d.wav,coughvid_data/16bdbea9-5c1c-4a23-b454-171b5a09456d.wav,0.0
2d812d83-74d5-48d3-8f5c-02630a2c61e0,coughvid_data/2d812d83-74d5-48d3-8f5c-02630a2c61e0.wav,coughvid_data/2d812d83-74d5-48d3-8f5c-02630a2c61e0.wav,0.0
fc14d0a3-5ff0-4a5a-b618-220ae4c4ade1,coughvid_data/fc14d0a3-5ff0-4a5a-b618-220ae4c4ade1.wav,coughvid_data/fc14d0a3-5ff0-4a5a-b618-220ae4c4ade1.wav,1.0
71a7cb76-103e-4df6-bb62-2a663f732064,coughvid_data/71a7cb76-103e-4df6-bb62-2a663f732064.wav,coughvid_data/71a7cb76-103e-4df6-bb62-2a663f732064.wav,0.0
5140189d-b865-4b1b-b9f3-f48d40e81f47,coughvid_data/5140189d-b865-4b1b-b9f3-f48d40e81f47.wav,coughvid_data/5140189d-b865-4b1b-b9f3-f48d40e81f47.wav,0.0
5c5a7244-a43c-4abf-bfe5-7f836f8ba269,coughvid_data/5c5a7244-a43c-4abf-bfe5-7f836f8ba269.wav,coughvid_data/5c5a7244-a43c-4abf-bfe5-7f836f8ba269.wav,1.0
2b149b3f-e3e4-4572-9341-da193b56ed60,coughvid_data/2b149b3f-e3e4-4572-9341-da193b56ed60.wav,coughvid_data/2b149b3f-e3e4-4572-9341-da193b56ed60.wav,1.0
cc544fd1-c5c3-4744-b44c-d7acb7921bb3,coughvid_data/cc544fd1-c5c3-4744-b44c-d7acb7921bb3.wav,coughvid_data/cc544fd1-c5c3-4744-b44c-d7acb7921bb3.wav,1.0
798703a0-4220-48cf-b3dd-25ea477191cd,coughvid_data/798703a0-4220-48cf-b3dd-25ea477191cd.wav,coughvid_data/798703a0-4220-48cf-b3dd-25ea477191cd.wav,1.0
d5cb53d7-f833-40da-a573-2fa28660f022,coughvid_data/d5cb53d7-f833-40da-a573-2fa28660f022.wav,coughvid_data/d5cb53d7-f833-40da-a573-2fa28660f022.wav,0.0
4d5bccba-aa55-4ce0-8715-32b94b933bef,coughvid_data/4d5bccba-aa55-4ce0-8715-32b94b933bef.wav,coughvid_data/4d5bccba-aa55-4ce0-8715-32b94b933bef.wav,1.0
3449851d-799e-404e-b143-58e852332948,coughvid_data/3449851d-799e-404e-b143-58e852332948.wav,coughvid_data/3449851d-799e-404e-b143-58e852332948.wav,1.0
7f3baaab-37c5-4545-832c-f7c5bdb1b844,coughvid_data/7f3baaab-37c5-4545-832c-f7c5bdb1b844.wav,coughvid_data/7f3baaab-37c5-4545-832c-f7c5bdb1b844.wav,0.0
fa5639fe-1c2b-4e39-a735-260543d5a1d7,coughvid_data/fa5639fe-1c2b-4e39-a735-260543d5a1d7.wav,coughvid_data/fa5639fe-1c2b-4e39-a735-260543d5a1d7.wav,1.0
88024607-e701-4a54-adeb-c4c1ecc282f4,coughvid_data/88024607-e701-4a54-adeb-c4c1ecc282f4.wav,coughvid_data/88024607-e701-4a54-adeb-c4c1ecc282f4.wav,1.0
044a7213-4ddc-4a80-bcf4-885a6de7b863,coughvid_data/044a7213-4ddc-4a80-bcf4-885a6de7b863.wav,coughvid_data/044a7213-4ddc-4a80-bcf4-885a6de7b863.wav,1.0
e18e7865-64c1-4511-ad86-e488dcc24240,coughvid_data/e18e7865-64c1-4511-ad86-e488dcc24240.wav,coughvid_data/e18e7865-64c1-4511-ad86-e488dcc24240.wav,1.0
f5be9782-0c13-4e20-b68f-12dd72efcd20,coughvid_data/f5be9782-0c13-4e20-b68f-12dd72efcd20.wav,coughvid_data/f5be9782-0c13-4e20-b68f-12dd72efcd20.wav,0.0
6cc200db-e499-4074-906e-8c335c298fcd,coughvid_data/6cc200db-e499-4074-906e-8c335c298fcd.wav,coughvid_data/6cc200db-e499-4074-906e-8c335c298fcd.wav,1.0
819b9bb4-fc99-47f4-9961-8c4ca47f183f,coughvid_data/819b9bb4-fc99-47f4-9961-8c4ca47f183f.wav,coughvid_data/819b9bb4-fc99-47f4-9961-8c4ca47f183f.wav,1.0
bc870224-06b4-4ddf-9da6-35deb7140c78,coughvid_data/bc870224-06b4-4ddf-9da6-35deb7140c78.wav,coughvid_data/bc870224-06b4-4ddf-9da6-35deb7140c78.wav,0.0
e33a2d20-1df2-48e1-95b9-5b6297ae9635,coughvid_data/e33a2d20-1df2-48e1-95b9-5b6297ae9635.wav,coughvid_data/e33a2d20-1df2-48e1-95b9-5b6297ae9635.wav,1.0
5fdfbf5f-b4db-42ad-8971-275b616bcc72,coughvid_data/5fdfbf5f-b4db-42ad-8971-275b616bcc72.wav,coughvid_data/5fdfbf5f-b4db-42ad-8971-275b616bcc72.wav,1.0
ffa13cb9-4944-4f21-8381-701a1bd84315,coughvid_data/ffa13cb9-4944-4f21-8381-701a1bd84315.wav,coughvid_data/ffa13cb9-4944-4f21-8381-701a1bd84315.wav,1.0
32540f3e-21d0-4a7c-adef-1d3fbf76e1c3,coughvid_data/32540f3e-21d0-4a7c-adef-1d3fbf76e1c3.wav,coughvid_data/32540f3e-21d0-4a7c-adef-1d3fbf76e1c3.wav,1.0
a860854b-f442-4c73-9ea6-391461c538be,coughvid_data/a860854b-f442-4c73-9ea6-391461c538be.wav,coughvid_data/a860854b-f442-4c73-9ea6-391461c538be.wav,0.0
0738b0e2-cce6-419d-a3e2-dec2fe5f6149,coughvid_data/0738b0e2-cce6-419d-a3e2-dec2fe5f6149.wav,coughvid_data/0738b0e2-cce6-419d-a3e2-dec2fe5f6149.wav,0.0
1cbe9222-2d70-44a2-a6c5-1095aa9b0e6d,coughvid_data/1cbe9222-2d70-44a2-a6c5-1095aa9b0e6d.wav,coughvid_data/1cbe9222-2d70-44a2-a6c5-1095aa9b0e6d.wav,0.0
2e5d473f-0537-4278-8add-dc217ae05548,coughvid_data/2e5d473f-0537-4278-8add-dc217ae05548.wav,coughvid_data/2e5d473f-0537-4278-8add-dc217ae05548.wav,1.0
f3507291-1f28-4280-b175-6bd0f1fba49a,coughvid_data/f3507291-1f28-4280-b175-6bd0f1fba49a.wav,coughvid_data/f3507291-1f28-4280-b175-6bd0f1fba49a.wav,0.0
3d86993e-7227-4b1c-9c60-59616185e202,coughvid_data/3d86993e-7227-4b1c-9c60-59616185e202.wav,coughvid_data/3d86993e-7227-4b1c-9c60-59616185e202.wav,0.0
68675016-965d-4ecd-832f-6d941a182671,coughvid_data/68675016-965d-4ecd-832f-6d941a182671.wav,coughvid_data/68675016-965d-4ecd-832f-6d941a182671.wav,1.0
d3415d60-4e07-457d-89e7-af89c457bec6,coughvid_data/d3415d60-4e07-457d-89e7-af89c457bec6.wav,coughvid_data/d3415d60-4e07-457d-89e7-af89c457bec6.wav,0.0
b8abf0ec-eb52-4093-a146-c1611e76892a,coughvid_data/b8abf0ec-eb52-4093-a146-c1611e76892a.wav,coughvid_data/b8abf0ec-eb52-4093-a146-c1611e76892a.wav,0.0
74d33247-658a-45ea-a641-5b736ee5498f,coughvid_data/74d33247-658a-45ea-a641-5b736ee5498f.wav,coughvid_data/74d33247-658a-45ea-a641-5b736ee5498f.wav,1.0
559f8525-d3f5-489b-8c6d-93298b04221c,coughvid_data/559f8525-d3f5-489b-8c6d-93298b04221c.wav,coughvid_data/559f8525-d3f5-489b-8c6d-93298b04221c.wav,0.0
823249fe-a97d-4393-82f9-aa5c5d872709,coughvid_data/823249fe-a97d-4393-82f9-aa5c5d872709.wav,coughvid_data/823249fe-a97d-4393-82f9-aa5c5d872709.wav,1.0
606e8a38-33d2-410d-ad68-f77947554895,coughvid_data/606e8a38-33d2-410d-ad68-f77947554895.wav,coughvid_data/606e8a38-33d2-410d-ad68-f77947554895.wav,1.0
1e79c65e-9b29-4b1e-beb6-553c7a7c5cbf,coughvid_data/1e79c65e-9b29-4b1e-beb6-553c7a7c5cbf.wav,coughvid_data/1e79c65e-9b29-4b1e-beb6-553c7a7c5cbf.wav,0.0
aec342ff-5fac-404e-957b-47fff91031f3,coughvid_data/aec342ff-5fac-404e-957b-47fff91031f3.wav,coughvid_data/aec342ff-5fac-404e-957b-47fff91031f3.wav,0.0
64c52b39-ae24-4423-bb47-81772a444bfe,coughvid_data/64c52b39-ae24-4423-bb47-81772a444bfe.wav,coughvid_data/64c52b39-ae24-4423-bb47-81772a444bfe.wav,1.0
bf3b1f8c-0f82-4096-a765-4a956d25c5f8,coughvid_data/bf3b1f8c-0f82-4096-a765-4a956d25c5f8.wav,coughvid_data/bf3b1f8c-0f82-4096-a765-4a956d25c5f8.wav,0.0
b7243bc5-47dd-4c72-b730-53683304c796,coughvid_data/b7243bc5-47dd-4c72-b730-53683304c796.wav,coughvid_data/b7243bc5-47dd-4c72-b730-53683304c796.wav,0.0
43122441-610c-4c83-acf6-e2092cb338f2,coughvid_data/43122441-610c-4c83-acf6-e2092cb338f2.wav,coughvid_data/43122441-610c-4c83-acf6-e2092cb338f2.wav,1.0
8740ab81-0aee-45ea-b241-f870f6243995,coughvid_data/8740ab81-0aee-45ea-b241-f870f6243995.wav,coughvid_data/8740ab81-0aee-45ea-b241-f870f6243995.wav,0.0
eebb2dd5-c468-48fd-ae00-adfbaba13050,coughvid_data/eebb2dd5-c468-48fd-ae00-adfbaba13050.wav,coughvid_data/eebb2dd5-c468-48fd-ae00-adfbaba13050.wav,1.0
03e648df-d318-4280-aeaa-47938036c54e,coughvid_data/03e648df-d318-4280-aeaa-47938036c54e.wav,coughvid_data/03e648df-d318-4280-aeaa-47938036c54e.wav,0.0
c4f44357-9475-43cc-9bcb-79ae2a3ed1a2,coughvid_data/c4f44357-9475-43cc-9bcb-79ae2a3ed1a2.wav,coughvid_data/c4f44357-9475-43cc-9bcb-79ae2a3ed1a2.wav,1.0
36a9d918-5d78-4371-854c-a7f296627f3f,coughvid_data/36a9d918-5d78-4371-854c-a7f296627f3f.wav,coughvid_data/36a9d918-5d78-4371-854c-a7f296627f3f.wav,1.0
98a8e0f0-969b-48e8-b36e-f7300ab398c7,coughvid_data/98a8e0f0-969b-48e8-b36e-f7300ab398c7.wav,coughvid_data/98a8e0f0-969b-48e8-b36e-f7300ab398c7.wav,1.0
a5e352b6-3f84-4374-9551-15e14383c27b,coughvid_data/a5e352b6-3f84-4374-9551-15e14383c27b.wav,coughvid_data/a5e352b6-3f84-4374-9551-15e14383c27b.wav,1.0
e37b1160-edfd-4a36-ada6-4df532660fb7,coughvid_data/e37b1160-edfd-4a36-ada6-4df532660fb7.wav,coughvid_data/e37b1160-edfd-4a36-ada6-4df532660fb7.wav,0.0
a1cf5288-88e9-4a7c-9126-12d5661937fe,coughvid_data/a1cf5288-88e9-4a7c-9126-12d5661937fe.wav,coughvid_data/a1cf5288-88e9-4a7c-9126-12d5661937fe.wav,1.0
353331ea-4c5c-4e41-baf5-2001729ce7e6,coughvid_data/353331ea-4c5c-4e41-baf5-2001729ce7e6.wav,coughvid_data/353331ea-4c5c-4e41-baf5-2001729ce7e6.wav,0.0
664e0f72-5eb8-4dea-af62-7a31782c87d8,coughvid_data/664e0f72-5eb8-4dea-af62-7a31782c87d8.wav,coughvid_data/664e0f72-5eb8-4dea-af62-7a31782c87d8.wav,1.0
f8b9dc25-3486-40ca-8e18-1671afd6f2b7,coughvid_data/f8b9dc25-3486-40ca-8e18-1671afd6f2b7.wav,coughvid_data/f8b9dc25-3486-40ca-8e18-1671afd6f2b7.wav,1.0
4375f206-82c0-4678-8f5d-d99c4c0f3a67,coughvid_data/4375f206-82c0-4678-8f5d-d99c4c0f3a67.wav,coughvid_data/4375f206-82c0-4678-8f5d-d99c4c0f3a67.wav,0.0
63eb7d7e-15ef-47f6-9361-fae38d5fcfca,coughvid_data/63eb7d7e-15ef-47f6-9361-fae38d5fcfca.wav,coughvid_data/63eb7d7e-15ef-47f6-9361-fae38d5fcfca.wav,0.0
a9aee8ca-6c56-4825-a86b-a29555dbbe83,coughvid_data/a9aee8ca-6c56-4825-a86b-a29555dbbe83.wav,coughvid_data/a9aee8ca-6c56-4825-a86b-a29555dbbe83.wav,0.0
cd22785c-1844-42fb-b42e-d25f92a9d942,coughvid_data/cd22785c-1844-42fb-b42e-d25f92a9d942.wav,coughvid_data/cd22785c-1844-42fb-b42e-d25f92a9d942.wav,0.0
c3cf6265-0bfd-44af-9d8e-a54892ba2be6,coughvid_data/c3cf6265-0bfd-44af-9d8e-a54892ba2be6.wav,coughvid_data/c3cf6265-0bfd-44af-9d8e-a54892ba2be6.wav,1.0
0a61247f-661b-4713-965a-941abed7df87,coughvid_data/0a61247f-661b-4713-965a-941abed7df87.wav,coughvid_data/0a61247f-661b-4713-965a-941abed7df87.wav,0.0
dd3ef8ab-28a6-437d-99dc-c9eb0c4fc0a4,coughvid_data/dd3ef8ab-28a6-437d-99dc-c9eb0c4fc0a4.wav,coughvid_data/dd3ef8ab-28a6-437d-99dc-c9eb0c4fc0a4.wav,1.0
05c96bfd-2284-41c1-b5e1-2d3cd7b10dff,coughvid_data/05c96bfd-2284-41c1-b5e1-2d3cd7b10dff.wav,coughvid_data/05c96bfd-2284-41c1-b5e1-2d3cd7b10dff.wav,0.0
64b41146-9c26-4169-b9e8-38b5211207af,coughvid_data/64b41146-9c26-4169-b9e8-38b5211207af.wav,coughvid_data/64b41146-9c26-4169-b9e8-38b5211207af.wav,0.0
1aff924a-5957-42bd-ba63-bf6334bd6f00,coughvid_data/1aff924a-5957-42bd-ba63-bf6334bd6f00.wav,coughvid_data/1aff924a-5957-42bd-ba63-bf6334bd6f00.wav,1.0
611e6287-ba3d-4300-837c-76f185566428,coughvid_data/611e6287-ba3d-4300-837c-76f185566428.wav,coughvid_data/611e6287-ba3d-4300-837c-76f185566428.wav,1.0
c0b7972d-c255-4232-be22-c73dc6ad1f67,coughvid_data/c0b7972d-c255-4232-be22-c73dc6ad1f67.wav,coughvid_data/c0b7972d-c255-4232-be22-c73dc6ad1f67.wav,1.0
f43b4798-a747-49d8-8dc6-6593c25a38cb,coughvid_data/f43b4798-a747-49d8-8dc6-6593c25a38cb.wav,coughvid_data/f43b4798-a747-49d8-8dc6-6593c25a38cb.wav,0.0
0ee014d2-f4ec-4ca6-82ec-41f34729a9cd,coughvid_data/0ee014d2-f4ec-4ca6-82ec-41f34729a9cd.wav,coughvid_data/0ee014d2-f4ec-4ca6-82ec-41f34729a9cd.wav,0.0
72fd8a04-1bea-412b-9b48-dbd140ce740b,coughvid_data/72fd8a04-1bea-412b-9b48-dbd140ce740b.wav,coughvid_data/72fd8a04-1bea-412b-9b48-dbd140ce740b.wav,0.0
3080d207-8309-4428-bf58-39ebe58819ed,coughvid_data/3080d207-8309-4428-bf58-39ebe58819ed.wav,coughvid_data/3080d207-8309-4428-bf58-39ebe58819ed.wav,1.0
fca1a83b-20a1-4b1c-ac55-eb8cc8591897,coughvid_data/fca1a83b-20a1-4b1c-ac55-eb8cc8591897.wav,coughvid_data/fca1a83b-20a1-4b1c-ac55-eb8cc8591897.wav,0.0
38c9a370-16d5-4e97-bc48-4771c8e0f18d,coughvid_data/38c9a370-16d5-4e97-bc48-4771c8e0f18d.wav,coughvid_data/38c9a370-16d5-4e97-bc48-4771c8e0f18d.wav,0.0
70d2bcb6-c5bf-4b93-bf89-74d6577f72ce,coughvid_data/70d2bcb6-c5bf-4b93-bf89-74d6577f72ce.wav,coughvid_data/70d2bcb6-c5bf-4b93-bf89-74d6577f72ce.wav,1.0
8b6596cf-4a27-4a07-bebd-a793b6770798,coughvid_data/8b6596cf-4a27-4a07-bebd-a793b6770798.wav,coughvid_data/8b6596cf-4a27-4a07-bebd-a793b6770798.wav,0.0
430a5b0e-f652-46a5-a89c-dfca291c0fe3,coughvid_data/430a5b0e-f652-46a5-a89c-dfca291c0fe3.wav,coughvid_data/430a5b0e-f652-46a5-a89c-dfca291c0fe3.wav,0.0
1d5c08fc-c775-4323-9705-a771dbf0670a,coughvid_data/1d5c08fc-c775-4323-9705-a771dbf0670a.wav,coughvid_data/1d5c08fc-c775-4323-9705-a771dbf0670a.wav,0.0
d13c8a03-40e6-4f72-ba81-34bdca70868e,coughvid_data/d13c8a03-40e6-4f72-ba81-34bdca70868e.wav,coughvid_data/d13c8a03-40e6-4f72-ba81-34bdca70868e.wav,0.0
0135dd4a-d367-4f31-bd42-6a6bb4bb5283,coughvid_data/0135dd4a-d367-4f31-bd42-6a6bb4bb5283.wav,coughvid_data/0135dd4a-d367-4f31-bd42-6a6bb4bb5283.wav,0.0
a2e874b3-cea6-405d-9f99-a35fde4d164d,coughvid_data/a2e874b3-cea6-405d-9f99-a35fde4d164d.wav,coughvid_data/a2e874b3-cea6-405d-9f99-a35fde4d164d.wav,1.0
cc563cbf-3bf7-45d2-ab06-8b21f8c7e52f,coughvid_data/cc563cbf-3bf7-45d2-ab06-8b21f8c7e52f.wav,coughvid_data/cc563cbf-3bf7-45d2-ab06-8b21f8c7e52f.wav,0.0
9793f2bf-dec0-458c-ac02-d790dc149f13,coughvid_data/9793f2bf-dec0-458c-ac02-d790dc149f13.wav,coughvid_data/9793f2bf-dec0-458c-ac02-d790dc149f13.wav,0.0
a3c060b5-c561-40cc-9eb7-85f4fe766664,coughvid_data/a3c060b5-c561-40cc-9eb7-85f4fe766664.wav,coughvid_data/a3c060b5-c561-40cc-9eb7-85f4fe766664.wav,1.0
2fa35624-7d05-4514-9c94-e504ba1dbe70,coughvid_data/2fa35624-7d05-4514-9c94-e504ba1dbe70.wav,coughvid_data/2fa35624-7d05-4514-9c94-e504ba1dbe70.wav,1.0
3917f716-87ad-441c-a83a-998c4f3da62b,coughvid_data/3917f716-87ad-441c-a83a-998c4f3da62b.wav,coughvid_data/3917f716-87ad-441c-a83a-998c4f3da62b.wav,0.0
fcf09cf5-3cb4-417f-a71c-8b6d1d917e4d,coughvid_data/fcf09cf5-3cb4-417f-a71c-8b6d1d917e4d.wav,coughvid_data/fcf09cf5-3cb4-417f-a71c-8b6d1d917e4d.wav,1.0
8715671a-cfc1-45d7-9f5b-ae3f938bb663,coughvid_data/8715671a-cfc1-45d7-9f5b-ae3f938bb663.wav,coughvid_data/8715671a-cfc1-45d7-9f5b-ae3f938bb663.wav,0.0
9ab8c806-116a-4ff4-bb7a-b118b0f3e0e2,coughvid_data/9ab8c806-116a-4ff4-bb7a-b118b0f3e0e2.wav,coughvid_data/9ab8c806-116a-4ff4-bb7a-b118b0f3e0e2.wav,1.0
35494227-2e7f-4c18-b944-8328d1a61ba5,coughvid_data/35494227-2e7f-4c18-b944-8328d1a61ba5.wav,coughvid_data/35494227-2e7f-4c18-b944-8328d1a61ba5.wav,0.0
64581661-b631-4bb2-b7c0-8e5612e8dd28,coughvid_data/64581661-b631-4bb2-b7c0-8e5612e8dd28.wav,coughvid_data/64581661-b631-4bb2-b7c0-8e5612e8dd28.wav,1.0
32f342e1-1007-4839-9d28-f639c830ff9a,coughvid_data/32f342e1-1007-4839-9d28-f639c830ff9a.wav,coughvid_data/32f342e1-1007-4839-9d28-f639c830ff9a.wav,0.0
0aec66e3-47a5-4f3f-bec6-ad38d090b219,coughvid_data/0aec66e3-47a5-4f3f-bec6-ad38d090b219.wav,coughvid_data/0aec66e3-47a5-4f3f-bec6-ad38d090b219.wav,1.0
d1936f98-7a51-4136-813a-068d1b0387d2,coughvid_data/d1936f98-7a51-4136-813a-068d1b0387d2.wav,coughvid_data/d1936f98-7a51-4136-813a-068d1b0387d2.wav,1.0
13e68fc5-ecfa-4256-b8f6-1331a446edb6,coughvid_data/13e68fc5-ecfa-4256-b8f6-1331a446edb6.wav,coughvid_data/13e68fc5-ecfa-4256-b8f6-1331a446edb6.wav,0.0
cae2bc52-d8fc-457a-9ddf-5d6c2a31c411,coughvid_data/cae2bc52-d8fc-457a-9ddf-5d6c2a31c411.wav,coughvid_data/cae2bc52-d8fc-457a-9ddf-5d6c2a31c411.wav,0.0
722bc153-37e7-4335-a0eb-5d01819f3fe0,coughvid_data/722bc153-37e7-4335-a0eb-5d01819f3fe0.wav,coughvid_data/722bc153-37e7-4335-a0eb-5d01819f3fe0.wav,0.0
61401102-3ed1-474c-8606-faa17b190e2d,coughvid_data/61401102-3ed1-474c-8606-faa17b190e2d.wav,coughvid_data/61401102-3ed1-474c-8606-faa17b190e2d.wav,1.0
9e841efc-02d8-4dda-905e-bfabe22ee9d1,coughvid_data/9e841efc-02d8-4dda-905e-bfabe22ee9d1.wav,coughvid_data/9e841efc-02d8-4dda-905e-bfabe22ee9d1.wav,0.0
f306dc18-11e2-4749-b515-182f5405d83a,coughvid_data/f306dc18-11e2-4749-b515-182f5405d83a.wav,coughvid_data/f306dc18-11e2-4749-b515-182f5405d83a.wav,0.0
09f6a482-0eca-482e-90ba-f45aba6bd694,coughvid_data/09f6a482-0eca-482e-90ba-f45aba6bd694.wav,coughvid_data/09f6a482-0eca-482e-90ba-f45aba6bd694.wav,1.0
3d4c0215-29ac-4dc5-b653-ec58e213fd7e,coughvid_data/3d4c0215-29ac-4dc5-b653-ec58e213fd7e.wav,coughvid_data/3d4c0215-29ac-4dc5-b653-ec58e213fd7e.wav,0.0
656f4000-90dd-4ab1-876e-ffa6ca42e952,coughvid_data/656f4000-90dd-4ab1-876e-ffa6ca42e952.wav,coughvid_data/656f4000-90dd-4ab1-876e-ffa6ca42e952.wav,0.0
792712f8-17a6-4e61-9d4f-85eceb56c911,coughvid_data/792712f8-17a6-4e61-9d4f-85eceb56c911.wav,coughvid_data/792712f8-17a6-4e61-9d4f-85eceb56c911.wav,1.0
71a41d5a-76f4-4bd0-8d96-2b515c122785,coughvid_data/71a41d5a-76f4-4bd0-8d96-2b515c122785.wav,coughvid_data/71a41d5a-76f4-4bd0-8d96-2b515c122785.wav,0.0
c48a44ee-52e3-4c11-9e36-703afb03e46a,coughvid_data/c48a44ee-52e3-4c11-9e36-703afb03e46a.wav,coughvid_data/c48a44ee-52e3-4c11-9e36-703afb03e46a.wav,0.0
8869d102-7b50-4b19-a27a-08b38169ddf3,coughvid_data/8869d102-7b50-4b19-a27a-08b38169ddf3.wav,coughvid_data/8869d102-7b50-4b19-a27a-08b38169ddf3.wav,1.0
824f5f53-3b32-491d-ab51-68262fe86039,coughvid_data/824f5f53-3b32-491d-ab51-68262fe86039.wav,coughvid_data/824f5f53-3b32-491d-ab51-68262fe86039.wav,1.0
c0d4c393-66c1-428e-9d4f-738a8b82519a,coughvid_data/c0d4c393-66c1-428e-9d4f-738a8b82519a.wav,coughvid_data/c0d4c393-66c1-428e-9d4f-738a8b82519a.wav,1.0
b96cc094-3491-448b-9f13-4bd41fcd2a25,coughvid_data/b96cc094-3491-448b-9f13-4bd41fcd2a25.wav,coughvid_data/b96cc094-3491-448b-9f13-4bd41fcd2a25.wav,0.0
e53681f9-2033-4cab-9590-7f24bbaf6287,coughvid_data/e53681f9-2033-4cab-9590-7f24bbaf6287.wav,coughvid_data/e53681f9-2033-4cab-9590-7f24bbaf6287.wav,0.0
9c60317c-154c-4b9c-bbc8-5cd6518f4656,coughvid_data/9c60317c-154c-4b9c-bbc8-5cd6518f4656.wav,coughvid_data/9c60317c-154c-4b9c-bbc8-5cd6518f4656.wav,1.0
aa0a09d9-b43e-4e5f-9381-a50b203f20d2,coughvid_data/aa0a09d9-b43e-4e5f-9381-a50b203f20d2.wav,coughvid_data/aa0a09d9-b43e-4e5f-9381-a50b203f20d2.wav,0.0
81fb6f2b-8d5f-4563-ae2c-f0995c740757,coughvid_data/81fb6f2b-8d5f-4563-ae2c-f0995c740757.wav,coughvid_data/81fb6f2b-8d5f-4563-ae2c-f0995c740757.wav,1.0
5d1cc1d1-1cb6-43d7-a886-15d6c9d9a51b,coughvid_data/5d1cc1d1-1cb6-43d7-a886-15d6c9d9a51b.wav,coughvid_data/5d1cc1d1-1cb6-43d7-a886-15d6c9d9a51b.wav,1.0
366bf468-8239-497f-95ca-88656de1fc58,coughvid_data/366bf468-8239-497f-95ca-88656de1fc58.wav,coughvid_data/366bf468-8239-497f-95ca-88656de1fc58.wav,0.0
c48f513a-c5da-4215-8bb1-369fcc5c169b,coughvid_data/c48f513a-c5da-4215-8bb1-369fcc5c169b.wav,coughvid_data/c48f513a-c5da-4215-8bb1-369fcc5c169b.wav,0.0
abb46fa9-c1b0-4268-be17-7719c46f3cc4,coughvid_data/abb46fa9-c1b0-4268-be17-7719c46f3cc4.wav,coughvid_data/abb46fa9-c1b0-4268-be17-7719c46f3cc4.wav,1.0
2a229a97-1a24-49db-a8be-92bb07c5f57e,coughvid_data/2a229a97-1a24-49db-a8be-92bb07c5f57e.wav,coughvid_data/2a229a97-1a24-49db-a8be-92bb07c5f57e.wav,1.0
c4c9eb63-f73c-4773-bf0f-986453f08347,coughvid_data/c4c9eb63-f73c-4773-bf0f-986453f08347.wav,coughvid_data/c4c9eb63-f73c-4773-bf0f-986453f08347.wav,0.0
2c7ac2ee-08e7-4824-8eb1-21140bde407a,coughvid_data/2c7ac2ee-08e7-4824-8eb1-21140bde407a.wav,coughvid_data/2c7ac2ee-08e7-4824-8eb1-21140bde407a.wav,0.0
62c0999f-cf39-4db3-be18-3db993861c63,coughvid_data/62c0999f-cf39-4db3-be18-3db993861c63.wav,coughvid_data/62c0999f-cf39-4db3-be18-3db993861c63.wav,1.0
b1dea582-3eab-4dba-b8da-301009ae600b,coughvid_data/b1dea582-3eab-4dba-b8da-301009ae600b.wav,coughvid_data/b1dea582-3eab-4dba-b8da-301009ae600b.wav,1.0
3eb8e16a-dad3-4583-9af0-072a851256f8,coughvid_data/3eb8e16a-dad3-4583-9af0-072a851256f8.wav,coughvid_data/3eb8e16a-dad3-4583-9af0-072a851256f8.wav,1.0
67ad3679-166d-4d4c-9d08-03b547a638f6,coughvid_data/67ad3679-166d-4d4c-9d08-03b547a638f6.wav,coughvid_data/67ad3679-166d-4d4c-9d08-03b547a638f6.wav,0.0
3a9200b1-7e6e-40e4-b11b-0233f622d4be,coughvid_data/3a9200b1-7e6e-40e4-b11b-0233f622d4be.wav,coughvid_data/3a9200b1-7e6e-40e4-b11b-0233f622d4be.wav,0.0
db67520a-022c-46c5-a800-aec9a87dce65,coughvid_data/db67520a-022c-46c5-a800-aec9a87dce65.wav,coughvid_data/db67520a-022c-46c5-a800-aec9a87dce65.wav,0.0
a2042146-750d-4572-a30e-59c1d3aaeefc,coughvid_data/a2042146-750d-4572-a30e-59c1d3aaeefc.wav,coughvid_data/a2042146-750d-4572-a30e-59c1d3aaeefc.wav,1.0
a2a8375b-c017-4bdd-b9c8-63a8516e8c51,coughvid_data/a2a8375b-c017-4bdd-b9c8-63a8516e8c51.wav,coughvid_data/a2a8375b-c017-4bdd-b9c8-63a8516e8c51.wav,0.0
698c3cc1-d021-4836-a884-78478b48e4bc,coughvid_data/698c3cc1-d021-4836-a884-78478b48e4bc.wav,coughvid_data/698c3cc1-d021-4836-a884-78478b48e4bc.wav,0.0
06e989e7-b76d-4a36-8c5c-c59ef0d9d663,coughvid_data/06e989e7-b76d-4a36-8c5c-c59ef0d9d663.wav,coughvid_data/06e989e7-b76d-4a36-8c5c-c59ef0d9d663.wav,1.0
9ecd48b3-e788-4a21-bb5e-eafebec2ad24,coughvid_data/9ecd48b3-e788-4a21-bb5e-eafebec2ad24.wav,coughvid_data/9ecd48b3-e788-4a21-bb5e-eafebec2ad24.wav,0.0
ecb48808-565d-4d73-bb57-76eadba52a34,coughvid_data/ecb48808-565d-4d73-bb57-76eadba52a34.wav,coughvid_data/ecb48808-565d-4d73-bb57-76eadba52a34.wav,0.0
ee9f1c14-37ee-4357-a00d-8b45f320c75b,coughvid_data/ee9f1c14-37ee-4357-a00d-8b45f320c75b.wav,coughvid_data/ee9f1c14-37ee-4357-a00d-8b45f320c75b.wav,1.0
46bd28de-f054-41a5-89d5-304ad3ea1246,coughvid_data/46bd28de-f054-41a5-89d5-304ad3ea1246.wav,coughvid_data/46bd28de-f054-41a5-89d5-304ad3ea1246.wav,0.0
9a927cb5-465b-48a3-a36d-6411f5878790,coughvid_data/9a927cb5-465b-48a3-a36d-6411f5878790.wav,coughvid_data/9a927cb5-465b-48a3-a36d-6411f5878790.wav,1.0
d4e4b900-939e-48e9-ad9f-bf9eee425303,coughvid_data/d4e4b900-939e-48e9-ad9f-bf9eee425303.wav,coughvid_data/d4e4b900-939e-48e9-ad9f-bf9eee425303.wav,1.0
6f83e468-bfb3-4599-bb37-41231d105e01,coughvid_data/6f83e468-bfb3-4599-bb37-41231d105e01.wav,coughvid_data/6f83e468-bfb3-4599-bb37-41231d105e01.wav,0.0
e3b00af8-6846-4927-84f2-226ad6b03c5b,coughvid_data/e3b00af8-6846-4927-84f2-226ad6b03c5b.wav,coughvid_data/e3b00af8-6846-4927-84f2-226ad6b03c5b.wav,1.0
2f9c11ff-368c-433a-9a14-4da80a7fc34d,coughvid_data/2f9c11ff-368c-433a-9a14-4da80a7fc34d.wav,coughvid_data/2f9c11ff-368c-433a-9a14-4da80a7fc34d.wav,1.0
2a3d201f-7c70-449c-adc5-50de728fccd0,coughvid_data/2a3d201f-7c70-449c-adc5-50de728fccd0.wav,coughvid_data/2a3d201f-7c70-449c-adc5-50de728fccd0.wav,0.0
88d0a6c9-f926-43a4-ac87-be4d22bbfc6e,coughvid_data/88d0a6c9-f926-43a4-ac87-be4d22bbfc6e.wav,coughvid_data/88d0a6c9-f926-43a4-ac87-be4d22bbfc6e.wav,0.0
95b710da-029d-4d37-94af-89c78f263710,coughvid_data/95b710da-029d-4d37-94af-89c78f263710.wav,coughvid_data/95b710da-029d-4d37-94af-89c78f263710.wav,0.0
cf1caff5-52db-4545-b3ef-263ad48897f2,coughvid_data/cf1caff5-52db-4545-b3ef-263ad48897f2.wav,coughvid_data/cf1caff5-52db-4545-b3ef-263ad48897f2.wav,0.0
8e0194d2-f961-49f0-b6dc-4b6f1fe60572,coughvid_data/8e0194d2-f961-49f0-b6dc-4b6f1fe60572.wav,coughvid_data/8e0194d2-f961-49f0-b6dc-4b6f1fe60572.wav,1.0
2a15de51-0945-4bf4-857d-f2a04c3043fc,coughvid_data/2a15de51-0945-4bf4-857d-f2a04c3043fc.wav,coughvid_data/2a15de51-0945-4bf4-857d-f2a04c3043fc.wav,0.0
71831805-4b17-4418-9560-86a14d032a0f,coughvid_data/71831805-4b17-4418-9560-86a14d032a0f.wav,coughvid_data/71831805-4b17-4418-9560-86a14d032a0f.wav,1.0
e0c631a6-5e7e-4f5a-8a07-d27f0ecbfb65,coughvid_data/e0c631a6-5e7e-4f5a-8a07-d27f0ecbfb65.wav,coughvid_data/e0c631a6-5e7e-4f5a-8a07-d27f0ecbfb65.wav,1.0
0af25dd0-60ec-4d0d-af93-b8157b89b146,coughvid_data/0af25dd0-60ec-4d0d-af93-b8157b89b146.wav,coughvid_data/0af25dd0-60ec-4d0d-af93-b8157b89b146.wav,1.0
5a3c254e-1eb7-47f3-a014-77c98decf526,coughvid_data/5a3c254e-1eb7-47f3-a014-77c98decf526.wav,coughvid_data/5a3c254e-1eb7-47f3-a014-77c98decf526.wav,1.0
459b4e4f-b3c2-4cbf-8298-403cf79058ae,coughvid_data/459b4e4f-b3c2-4cbf-8298-403cf79058ae.wav,coughvid_data/459b4e4f-b3c2-4cbf-8298-403cf79058ae.wav,1.0
0953491c-16a7-4d13-b768-cbe2cc9b2b25,coughvid_data/0953491c-16a7-4d13-b768-cbe2cc9b2b25.wav,coughvid_data/0953491c-16a7-4d13-b768-cbe2cc9b2b25.wav,0.0
38a8021f-371f-439c-8fb5-37431dbeca8c,coughvid_data/38a8021f-371f-439c-8fb5-37431dbeca8c.wav,coughvid_data/38a8021f-371f-439c-8fb5-37431dbeca8c.wav,1.0
2a893627-78ae-4490-95af-be84a7028d9a,coughvid_data/2a893627-78ae-4490-95af-be84a7028d9a.wav,coughvid_data/2a893627-78ae-4490-95af-be84a7028d9a.wav,0.0
c243e9d3-1c6b-46d6-bce2-7ba3837fa9e0,coughvid_data/c243e9d3-1c6b-46d6-bce2-7ba3837fa9e0.wav,coughvid_data/c243e9d3-1c6b-46d6-bce2-7ba3837fa9e0.wav,1.0
c5754971-b58c-4eab-98c7-a4c7878fe3a4,coughvid_data/c5754971-b58c-4eab-98c7-a4c7878fe3a4.wav,coughvid_data/c5754971-b58c-4eab-98c7-a4c7878fe3a4.wav,0.0
dd7ddb5f-13cf-41de-80ea-eb279dd9cb1b,coughvid_data/dd7ddb5f-13cf-41de-80ea-eb279dd9cb1b.wav,coughvid_data/dd7ddb5f-13cf-41de-80ea-eb279dd9cb1b.wav,0.0
04a70241-004c-4d40-9151-829edf4f9a24,coughvid_data/04a70241-004c-4d40-9151-829edf4f9a24.wav,coughvid_data/04a70241-004c-4d40-9151-829edf4f9a24.wav,1.0
78ca54e7-7c3b-4cf7-ba10-0a473641d0a6,coughvid_data/78ca54e7-7c3b-4cf7-ba10-0a473641d0a6.wav,coughvid_data/78ca54e7-7c3b-4cf7-ba10-0a473641d0a6.wav,1.0
636fbce6-496f-49b7-b982-5099f12bb812,coughvid_data/636fbce6-496f-49b7-b982-5099f12bb812.wav,coughvid_data/636fbce6-496f-49b7-b982-5099f12bb812.wav,0.0
5be6780b-21f0-406f-9660-6e069ef721a8,coughvid_data/5be6780b-21f0-406f-9660-6e069ef721a8.wav,coughvid_data/5be6780b-21f0-406f-9660-6e069ef721a8.wav,0.0
7c040af1-284b-4e36-a10c-d51eb1e76f6b,coughvid_data/7c040af1-284b-4e36-a10c-d51eb1e76f6b.wav,coughvid_data/7c040af1-284b-4e36-a10c-d51eb1e76f6b.wav,1.0
7d12bc5b-4a07-4118-9f2d-15791f4354b1,coughvid_data/7d12bc5b-4a07-4118-9f2d-15791f4354b1.wav,coughvid_data/7d12bc5b-4a07-4118-9f2d-15791f4354b1.wav,1.0
4349d8f0-9f63-45f6-abdd-148f6168dcd8,coughvid_data/4349d8f0-9f63-45f6-abdd-148f6168dcd8.wav,coughvid_data/4349d8f0-9f63-45f6-abdd-148f6168dcd8.wav,1.0
1b51c0bd-fdc5-46a5-a848-8a711740fb2e,coughvid_data/1b51c0bd-fdc5-46a5-a848-8a711740fb2e.wav,coughvid_data/1b51c0bd-fdc5-46a5-a848-8a711740fb2e.wav,0.0
47a2bafc-9ca9-48ce-87c4-d229367e9ddf,coughvid_data/47a2bafc-9ca9-48ce-87c4-d229367e9ddf.wav,coughvid_data/47a2bafc-9ca9-48ce-87c4-d229367e9ddf.wav,1.0
3c354808-676d-4157-a5e0-538f8fb5b1b8,coughvid_data/3c354808-676d-4157-a5e0-538f8fb5b1b8.wav,coughvid_data/3c354808-676d-4157-a5e0-538f8fb5b1b8.wav,0.0
6285fd30-4e30-43c0-aff4-2d5e2f6557a2,coughvid_data/6285fd30-4e30-43c0-aff4-2d5e2f6557a2.wav,coughvid_data/6285fd30-4e30-43c0-aff4-2d5e2f6557a2.wav,1.0
4c08e3a0-577e-42dd-9488-bc5d9e5f300a,coughvid_data/4c08e3a0-577e-42dd-9488-bc5d9e5f300a.wav,coughvid_data/4c08e3a0-577e-42dd-9488-bc5d9e5f300a.wav,1.0
34431a61-f36d-4888-8ce2-d118333f1b7f,coughvid_data/34431a61-f36d-4888-8ce2-d118333f1b7f.wav,coughvid_data/34431a61-f36d-4888-8ce2-d118333f1b7f.wav,0.0
cefdbe8f-6b2f-45a1-ad70-bedd81b4e678,coughvid_data/cefdbe8f-6b2f-45a1-ad70-bedd81b4e678.wav,coughvid_data/cefdbe8f-6b2f-45a1-ad70-bedd81b4e678.wav,0.0
34d527b7-5cf5-4c9f-8258-26ffd67938dc,coughvid_data/34d527b7-5cf5-4c9f-8258-26ffd67938dc.wav,coughvid_data/34d527b7-5cf5-4c9f-8258-26ffd67938dc.wav,0.0
9324895f-8ca8-4c27-af5a-5b064b7c2a75,coughvid_data/9324895f-8ca8-4c27-af5a-5b064b7c2a75.wav,coughvid_data/9324895f-8ca8-4c27-af5a-5b064b7c2a75.wav,1.0
1df65f40-2514-48f9-b69c-05ee20e340d4,coughvid_data/1df65f40-2514-48f9-b69c-05ee20e340d4.wav,coughvid_data/1df65f40-2514-48f9-b69c-05ee20e340d4.wav,0.0
a8008d0c-5ad1-4bfe-b4ac-1db9b6d75fe1,coughvid_data/a8008d0c-5ad1-4bfe-b4ac-1db9b6d75fe1.wav,coughvid_data/a8008d0c-5ad1-4bfe-b4ac-1db9b6d75fe1.wav,1.0
a1777ff9-3cb3-43ad-8c76-336c417cdc5c,coughvid_data/a1777ff9-3cb3-43ad-8c76-336c417cdc5c.wav,coughvid_data/a1777ff9-3cb3-43ad-8c76-336c417cdc5c.wav,1.0
39f116dd-7f91-412b-ad7b-034b447bbbe8,coughvid_data/39f116dd-7f91-412b-ad7b-034b447bbbe8.wav,coughvid_data/39f116dd-7f91-412b-ad7b-034b447bbbe8.wav,0.0
88756bbe-30aa-4d1c-af97-10619657d441,coughvid_data/88756bbe-30aa-4d1c-af97-10619657d441.wav,coughvid_data/88756bbe-30aa-4d1c-af97-10619657d441.wav,0.0
1cc2ba3a-b795-4902-8b64-cf1d8469c843,coughvid_data/1cc2ba3a-b795-4902-8b64-cf1d8469c843.wav,coughvid_data/1cc2ba3a-b795-4902-8b64-cf1d8469c843.wav,0.0
1cc4f496-320e-41c3-8d81-4b4dfaa55489,coughvid_data/1cc4f496-320e-41c3-8d81-4b4dfaa55489.wav,coughvid_data/1cc4f496-320e-41c3-8d81-4b4dfaa55489.wav,1.0
0dfa1560-9b26-4474-a9d9-d96c05424fbc,coughvid_data/0dfa1560-9b26-4474-a9d9-d96c05424fbc.wav,coughvid_data/0dfa1560-9b26-4474-a9d9-d96c05424fbc.wav,1.0
71777ad6-eb1d-4adf-bede-3cf07fd4d97d,coughvid_data/71777ad6-eb1d-4adf-bede-3cf07fd4d97d.wav,coughvid_data/71777ad6-eb1d-4adf-bede-3cf07fd4d97d.wav,1.0
bbfa398d-eff2-4b2d-b774-e815aefbcd54,coughvid_data/bbfa398d-eff2-4b2d-b774-e815aefbcd54.wav,coughvid_data/bbfa398d-eff2-4b2d-b774-e815aefbcd54.wav,0.0
d994f7f6-43cc-445b-8634-ff3c038ffd53,coughvid_data/d994f7f6-43cc-445b-8634-ff3c038ffd53.wav,coughvid_data/d994f7f6-43cc-445b-8634-ff3c038ffd53.wav,1.0
03017811-1838-4593-8d29-5b8804da6512,coughvid_data/03017811-1838-4593-8d29-5b8804da6512.wav,coughvid_data/03017811-1838-4593-8d29-5b8804da6512.wav,0.0
ae8abe7f-b8f3-4b19-97b5-80e5aab4b131,coughvid_data/ae8abe7f-b8f3-4b19-97b5-80e5aab4b131.wav,coughvid_data/ae8abe7f-b8f3-4b19-97b5-80e5aab4b131.wav,0.0
b8a6b80d-9241-4e16-ab61-dd392640c7e1,coughvid_data/b8a6b80d-9241-4e16-ab61-dd392640c7e1.wav,coughvid_data/b8a6b80d-9241-4e16-ab61-dd392640c7e1.wav,1.0
e76cd39e-dc9e-428e-8a33-3da4c030f1d7,coughvid_data/e76cd39e-dc9e-428e-8a33-3da4c030f1d7.wav,coughvid_data/e76cd39e-dc9e-428e-8a33-3da4c030f1d7.wav,1.0
490bf965-4acc-47c3-bf6f-8d50d8e45d95,coughvid_data/490bf965-4acc-47c3-bf6f-8d50d8e45d95.wav,coughvid_data/490bf965-4acc-47c3-bf6f-8d50d8e45d95.wav,1.0
7e2bcee6-d393-4eb4-84e8-7ae240d145b7,coughvid_data/7e2bcee6-d393-4eb4-84e8-7ae240d145b7.wav,coughvid_data/7e2bcee6-d393-4eb4-84e8-7ae240d145b7.wav,1.0
d21cbda6-1fce-437c-bba1-ffc360106226,coughvid_data/d21cbda6-1fce-437c-bba1-ffc360106226.wav,coughvid_data/d21cbda6-1fce-437c-bba1-ffc360106226.wav,0.0
6bc8a1f3-ccdd-474d-abe0-38b03bcdd74d,coughvid_data/6bc8a1f3-ccdd-474d-abe0-38b03bcdd74d.wav,coughvid_data/6bc8a1f3-ccdd-474d-abe0-38b03bcdd74d.wav,0.0
d0790526-243c-4d74-bbf0-f540136620e5,coughvid_data/d0790526-243c-4d74-bbf0-f540136620e5.wav,coughvid_data/d0790526-243c-4d74-bbf0-f540136620e5.wav,1.0
e3a3766b-6f4a-4c72-a35e-fddb96113795,coughvid_data/e3a3766b-6f4a-4c72-a35e-fddb96113795.wav,coughvid_data/e3a3766b-6f4a-4c72-a35e-fddb96113795.wav,1.0
0d28f774-d9e5-4def-9684-828487688d59,coughvid_data/0d28f774-d9e5-4def-9684-828487688d59.wav,coughvid_data/0d28f774-d9e5-4def-9684-828487688d59.wav,1.0
0d9599ab-b403-4042-8ae1-aec7cdd2b145,coughvid_data/0d9599ab-b403-4042-8ae1-aec7cdd2b145.wav,coughvid_data/0d9599ab-b403-4042-8ae1-aec7cdd2b145.wav,1.0
232235f7-07b7-46fe-a442-6184b0dca3cd,coughvid_data/232235f7-07b7-46fe-a442-6184b0dca3cd.wav,coughvid_data/232235f7-07b7-46fe-a442-6184b0dca3cd.wav,0.0
f9a755a3-600f-436a-a23a-b7a65a03b183,coughvid_data/f9a755a3-600f-436a-a23a-b7a65a03b183.wav,coughvid_data/f9a755a3-600f-436a-a23a-b7a65a03b183.wav,0.0
afc03f34-32ad-47ce-975c-0fe6be68bcec,coughvid_data/afc03f34-32ad-47ce-975c-0fe6be68bcec.wav,coughvid_data/afc03f34-32ad-47ce-975c-0fe6be68bcec.wav,1.0
c9a3a4f4-c471-47b5-8910-84f5f995a8e8,coughvid_data/c9a3a4f4-c471-47b5-8910-84f5f995a8e8.wav,coughvid_data/c9a3a4f4-c471-47b5-8910-84f5f995a8e8.wav,0.0
43168d12-17d0-43a1-a1c1-bb9be23fd441,coughvid_data/43168d12-17d0-43a1-a1c1-bb9be23fd441.wav,coughvid_data/43168d12-17d0-43a1-a1c1-bb9be23fd441.wav,1.0
7166999f-bf2f-4d41-99b8-89d41e8cc9c1,coughvid_data/7166999f-bf2f-4d41-99b8-89d41e8cc9c1.wav,coughvid_data/7166999f-bf2f-4d41-99b8-89d41e8cc9c1.wav,0.0
cce1d2cc-0c32-4dc3-bdf8-67c330c8758d,coughvid_data/cce1d2cc-0c32-4dc3-bdf8-67c330c8758d.wav,coughvid_data/cce1d2cc-0c32-4dc3-bdf8-67c330c8758d.wav,1.0
b4701e2e-a83d-404f-9056-6eb1f4224195,coughvid_data/b4701e2e-a83d-404f-9056-6eb1f4224195.wav,coughvid_data/b4701e2e-a83d-404f-9056-6eb1f4224195.wav,0.0
f784899f-c888-4eaa-908a-db9696bcbf82,coughvid_data/f784899f-c888-4eaa-908a-db9696bcbf82.wav,coughvid_data/f784899f-c888-4eaa-908a-db9696bcbf82.wav,0.0
e705a2e3-d60c-41b4-a7b8-6362d49e0a47,coughvid_data/e705a2e3-d60c-41b4-a7b8-6362d49e0a47.wav,coughvid_data/e705a2e3-d60c-41b4-a7b8-6362d49e0a47.wav,0.0
9eb38664-0947-455a-954e-3d5415f22134,coughvid_data/9eb38664-0947-455a-954e-3d5415f22134.wav,coughvid_data/9eb38664-0947-455a-954e-3d5415f22134.wav,1.0
7ec2baa2-2927-491a-917e-112424ca705a,coughvid_data/7ec2baa2-2927-491a-917e-112424ca705a.wav,coughvid_data/7ec2baa2-2927-491a-917e-112424ca705a.wav,0.0
b4a07061-8a88-4e27-9c10-71c652803565,coughvid_data/b4a07061-8a88-4e27-9c10-71c652803565.wav,coughvid_data/b4a07061-8a88-4e27-9c10-71c652803565.wav,1.0
2119c740-f1c6-4079-b808-071b3906a43d,coughvid_data/2119c740-f1c6-4079-b808-071b3906a43d.wav,coughvid_data/2119c740-f1c6-4079-b808-071b3906a43d.wav,1.0
da5ae706-3cab-4f61-84d5-0d30be8be7f6,coughvid_data/da5ae706-3cab-4f61-84d5-0d30be8be7f6.wav,coughvid_data/da5ae706-3cab-4f61-84d5-0d30be8be7f6.wav,0.0
f7a17de9-f9ec-4fcf-a88f-1bf4cf1c8ebf,coughvid_data/f7a17de9-f9ec-4fcf-a88f-1bf4cf1c8ebf.wav,coughvid_data/f7a17de9-f9ec-4fcf-a88f-1bf4cf1c8ebf.wav,0.0
06632a5b-1179-48b1-8607-af2df9db6482,coughvid_data/06632a5b-1179-48b1-8607-af2df9db6482.wav,coughvid_data/06632a5b-1179-48b1-8607-af2df9db6482.wav,0.0
f1ae1aac-7b38-4d59-9471-07201d99b691,coughvid_data/f1ae1aac-7b38-4d59-9471-07201d99b691.wav,coughvid_data/f1ae1aac-7b38-4d59-9471-07201d99b691.wav,1.0
1c2574a9-f81e-405b-90f7-e18e525bc7e4,coughvid_data/1c2574a9-f81e-405b-90f7-e18e525bc7e4.wav,coughvid_data/1c2574a9-f81e-405b-90f7-e18e525bc7e4.wav,0.0
16a13465-b614-40bd-bf1c-048f30f68fa6,coughvid_data/16a13465-b614-40bd-bf1c-048f30f68fa6.wav,coughvid_data/16a13465-b614-40bd-bf1c-048f30f68fa6.wav,0.0
828b50ce-89eb-4e82-b9d1-28390e4ebe95,coughvid_data/828b50ce-89eb-4e82-b9d1-28390e4ebe95.wav,coughvid_data/828b50ce-89eb-4e82-b9d1-28390e4ebe95.wav,1.0
3006f30e-3478-45b7-b27f-01e38adc931e,coughvid_data/3006f30e-3478-45b7-b27f-01e38adc931e.wav,coughvid_data/3006f30e-3478-45b7-b27f-01e38adc931e.wav,1.0
fbbdc217-c33e-4c96-adaa-394e7853582f,coughvid_data/fbbdc217-c33e-4c96-adaa-394e7853582f.wav,coughvid_data/fbbdc217-c33e-4c96-adaa-394e7853582f.wav,1.0
b7df89ab-4c7c-450e-8632-fab606f6c9eb,coughvid_data/b7df89ab-4c7c-450e-8632-fab606f6c9eb.wav,coughvid_data/b7df89ab-4c7c-450e-8632-fab606f6c9eb.wav,1.0
349f908e-f29d-473c-962e-72c6ea5cdbaa,coughvid_data/349f908e-f29d-473c-962e-72c6ea5cdbaa.wav,coughvid_data/349f908e-f29d-473c-962e-72c6ea5cdbaa.wav,1.0
144af6f3-50e9-4622-b2b7-9a41256b492b,coughvid_data/144af6f3-50e9-4622-b2b7-9a41256b492b.wav,coughvid_data/144af6f3-50e9-4622-b2b7-9a41256b492b.wav,1.0
eab053b6-302e-46b9-8891-9587691c0dcc,coughvid_data/eab053b6-302e-46b9-8891-9587691c0dcc.wav,coughvid_data/eab053b6-302e-46b9-8891-9587691c0dcc.wav,1.0
f4869536-8407-43d8-a81c-70758944dd30,coughvid_data/f4869536-8407-43d8-a81c-70758944dd30.wav,coughvid_data/f4869536-8407-43d8-a81c-70758944dd30.wav,0.0
f165ba2a-71e8-43ec-bf6a-ba2acca40d4d,coughvid_data/f165ba2a-71e8-43ec-bf6a-ba2acca40d4d.wav,coughvid_data/f165ba2a-71e8-43ec-bf6a-ba2acca40d4d.wav,1.0
3010c6bb-d355-4d9c-a57e-0825690e492d,coughvid_data/3010c6bb-d355-4d9c-a57e-0825690e492d.wav,coughvid_data/3010c6bb-d355-4d9c-a57e-0825690e492d.wav,1.0
d305187d-eefe-4868-a211-a514627cf1fe,coughvid_data/d305187d-eefe-4868-a211-a514627cf1fe.wav,coughvid_data/d305187d-eefe-4868-a211-a514627cf1fe.wav,1.0
41d73d3b-afbc-48c0-b904-31df3a12b90b,coughvid_data/41d73d3b-afbc-48c0-b904-31df3a12b90b.wav,coughvid_data/41d73d3b-afbc-48c0-b904-31df3a12b90b.wav,1.0
2b47d929-8ad4-4fdc-8671-80e30b142f2d,coughvid_data/2b47d929-8ad4-4fdc-8671-80e30b142f2d.wav,coughvid_data/2b47d929-8ad4-4fdc-8671-80e30b142f2d.wav,1.0
dc69e861-ea5e-4a38-97cc-8ecf2d65d242,coughvid_data/dc69e861-ea5e-4a38-97cc-8ecf2d65d242.wav,coughvid_data/dc69e861-ea5e-4a38-97cc-8ecf2d65d242.wav,1.0
03a6d625-5b66-405a-9e09-f99ed2c42d41,coughvid_data/03a6d625-5b66-405a-9e09-f99ed2c42d41.wav,coughvid_data/03a6d625-5b66-405a-9e09-f99ed2c42d41.wav,1.0
fb8ea05a-e6fc-4083-bfb9-a045fbe89413,coughvid_data/fb8ea05a-e6fc-4083-bfb9-a045fbe89413.wav,coughvid_data/fb8ea05a-e6fc-4083-bfb9-a045fbe89413.wav,1.0
6e3053dc-65a6-4e62-8981-fa6e78a7ecc6,coughvid_data/6e3053dc-65a6-4e62-8981-fa6e78a7ecc6.wav,coughvid_data/6e3053dc-65a6-4e62-8981-fa6e78a7ecc6.wav,1.0
78983a8c-5737-4693-bfd1-e7d9274cac15,coughvid_data/78983a8c-5737-4693-bfd1-e7d9274cac15.wav,coughvid_data/78983a8c-5737-4693-bfd1-e7d9274cac15.wav,0.0
a6417792-0dfe-46da-b820-3c047f15ad9a,coughvid_data/a6417792-0dfe-46da-b820-3c047f15ad9a.wav,coughvid_data/a6417792-0dfe-46da-b820-3c047f15ad9a.wav,1.0
0ff759b9-5711-406d-a7a1-1d40ffc14317,coughvid_data/0ff759b9-5711-406d-a7a1-1d40ffc14317.wav,coughvid_data/0ff759b9-5711-406d-a7a1-1d40ffc14317.wav,1.0
c50d7512-d024-42a6-9db4-2c763245e92a,coughvid_data/c50d7512-d024-42a6-9db4-2c763245e92a.wav,coughvid_data/c50d7512-d024-42a6-9db4-2c763245e92a.wav,0.0
44646a83-6a3e-4e78-a17e-d39840ce5720,coughvid_data/44646a83-6a3e-4e78-a17e-d39840ce5720.wav,coughvid_data/44646a83-6a3e-4e78-a17e-d39840ce5720.wav,0.0
87d0ab74-0b42-480b-b968-31b80b9f0e96,coughvid_data/87d0ab74-0b42-480b-b968-31b80b9f0e96.wav,coughvid_data/87d0ab74-0b42-480b-b968-31b80b9f0e96.wav,0.0
b491e80b-9465-4a03-ad7f-288af67d48d6,coughvid_data/b491e80b-9465-4a03-ad7f-288af67d48d6.wav,coughvid_data/b491e80b-9465-4a03-ad7f-288af67d48d6.wav,0.0
e07e35fb-b1b7-4a49-9d31-c3fe0bae68ca,coughvid_data/e07e35fb-b1b7-4a49-9d31-c3fe0bae68ca.wav,coughvid_data/e07e35fb-b1b7-4a49-9d31-c3fe0bae68ca.wav,1.0
034aa6d3-6673-47a1-a319-325aa9be44a2,coughvid_data/034aa6d3-6673-47a1-a319-325aa9be44a2.wav,coughvid_data/034aa6d3-6673-47a1-a319-325aa9be44a2.wav,1.0
bdc824a7-562d-4022-ba66-bd9f5fae5eca,coughvid_data/bdc824a7-562d-4022-ba66-bd9f5fae5eca.wav,coughvid_data/bdc824a7-562d-4022-ba66-bd9f5fae5eca.wav,0.0
81008766-d85d-4586-b041-31790306ad7e,coughvid_data/81008766-d85d-4586-b041-31790306ad7e.wav,coughvid_data/81008766-d85d-4586-b041-31790306ad7e.wav,1.0
a9d0ee9e-3acc-42d7-8f11-b6d897d293b1,coughvid_data/a9d0ee9e-3acc-42d7-8f11-b6d897d293b1.wav,coughvid_data/a9d0ee9e-3acc-42d7-8f11-b6d897d293b1.wav,0.0
9235c603-3817-4c3e-b0a5-4624f1293282,coughvid_data/9235c603-3817-4c3e-b0a5-4624f1293282.wav,coughvid_data/9235c603-3817-4c3e-b0a5-4624f1293282.wav,1.0
662c986e-8a98-49eb-b723-3081bb625c9b,coughvid_data/662c986e-8a98-49eb-b723-3081bb625c9b.wav,coughvid_data/662c986e-8a98-49eb-b723-3081bb625c9b.wav,0.0
c9448f6f-23ee-468c-973d-7160cf6d67ce,coughvid_data/c9448f6f-23ee-468c-973d-7160cf6d67ce.wav,coughvid_data/c9448f6f-23ee-468c-973d-7160cf6d67ce.wav,1.0
21d38edd-6df9-4315-a2b3-1c376d2669c9,coughvid_data/21d38edd-6df9-4315-a2b3-1c376d2669c9.wav,coughvid_data/21d38edd-6df9-4315-a2b3-1c376d2669c9.wav,1.0
801ed087-5bcd-46ce-b699-2a8d129d5fb9,coughvid_data/801ed087-5bcd-46ce-b699-2a8d129d5fb9.wav,coughvid_data/801ed087-5bcd-46ce-b699-2a8d129d5fb9.wav,0.0
14341e6c-45aa-4c6a-ac48-a26b46daf756,coughvid_data/14341e6c-45aa-4c6a-ac48-a26b46daf756.wav,coughvid_data/14341e6c-45aa-4c6a-ac48-a26b46daf756.wav,0.0
ad6644a4-51a3-4e4c-a340-de0603f259b8,coughvid_data/ad6644a4-51a3-4e4c-a340-de0603f259b8.wav,coughvid_data/ad6644a4-51a3-4e4c-a340-de0603f259b8.wav,1.0
a2bb04a7-430d-4554-8bf6-b323889370af,coughvid_data/a2bb04a7-430d-4554-8bf6-b323889370af.wav,coughvid_data/a2bb04a7-430d-4554-8bf6-b323889370af.wav,1.0
b65f2358-62f0-4678-b421-466e6f906704,coughvid_data/b65f2358-62f0-4678-b421-466e6f906704.wav,coughvid_data/b65f2358-62f0-4678-b421-466e6f906704.wav,0.0
33a2d6f8-da51-4de6-9293-771e879b6352,coughvid_data/33a2d6f8-da51-4de6-9293-771e879b6352.wav,coughvid_data/33a2d6f8-da51-4de6-9293-771e879b6352.wav,1.0
b85b1740-e5d1-4fac-9749-54acdbbc1b97,coughvid_data/b85b1740-e5d1-4fac-9749-54acdbbc1b97.wav,coughvid_data/b85b1740-e5d1-4fac-9749-54acdbbc1b97.wav,1.0
65b3a922-a446-4f4d-9c82-050df1e78548,coughvid_data/65b3a922-a446-4f4d-9c82-050df1e78548.wav,coughvid_data/65b3a922-a446-4f4d-9c82-050df1e78548.wav,0.0
a4cc4680-8bb6-4646-b9cf-d77a4e8ada21,coughvid_data/a4cc4680-8bb6-4646-b9cf-d77a4e8ada21.wav,coughvid_data/a4cc4680-8bb6-4646-b9cf-d77a4e8ada21.wav,1.0
b82971e2-8d16-46e6-b1a8-3a494edb8f6b,coughvid_data/b82971e2-8d16-46e6-b1a8-3a494edb8f6b.wav,coughvid_data/b82971e2-8d16-46e6-b1a8-3a494edb8f6b.wav,0.0
9033c0d9-33ce-4471-803b-32e055d53b7f,coughvid_data/9033c0d9-33ce-4471-803b-32e055d53b7f.wav,coughvid_data/9033c0d9-33ce-4471-803b-32e055d53b7f.wav,1.0
40b1910e-4944-49e1-8ac5-59e3486923eb,coughvid_data/40b1910e-4944-49e1-8ac5-59e3486923eb.wav,coughvid_data/40b1910e-4944-49e1-8ac5-59e3486923eb.wav,0.0
f9dd0931-616e-426c-85cb-c431ddf06e7d,coughvid_data/f9dd0931-616e-426c-85cb-c431ddf06e7d.wav,coughvid_data/f9dd0931-616e-426c-85cb-c431ddf06e7d.wav,1.0
a0b3a153-a90c-4194-922c-59fed479c757,coughvid_data/a0b3a153-a90c-4194-922c-59fed479c757.wav,coughvid_data/a0b3a153-a90c-4194-922c-59fed479c757.wav,1.0
24b746a2-e046-4492-9e0d-c5b44cc67e2d,coughvid_data/24b746a2-e046-4492-9e0d-c5b44cc67e2d.wav,coughvid_data/24b746a2-e046-4492-9e0d-c5b44cc67e2d.wav,1.0
28da0136-412b-47d4-993c-bbac9ff7e684,coughvid_data/28da0136-412b-47d4-993c-bbac9ff7e684.wav,coughvid_data/28da0136-412b-47d4-993c-bbac9ff7e684.wav,1.0
dbb9e359-bb0a-457c-abe5-c4871c32e738,coughvid_data/dbb9e359-bb0a-457c-abe5-c4871c32e738.wav,coughvid_data/dbb9e359-bb0a-457c-abe5-c4871c32e738.wav,0.0
5ef04e23-3b28-4a2a-9b46-b3a604c6030a,coughvid_data/5ef04e23-3b28-4a2a-9b46-b3a604c6030a.wav,coughvid_data/5ef04e23-3b28-4a2a-9b46-b3a604c6030a.wav,0.0
c5d736d4-8791-4d3e-ae89-e45a554cbf93,coughvid_data/c5d736d4-8791-4d3e-ae89-e45a554cbf93.wav,coughvid_data/c5d736d4-8791-4d3e-ae89-e45a554cbf93.wav,0.0
821f8448-26e5-4f74-acbf-e5d5058eaa93,coughvid_data/821f8448-26e5-4f74-acbf-e5d5058eaa93.wav,coughvid_data/821f8448-26e5-4f74-acbf-e5d5058eaa93.wav,1.0
ab91c595-2111-4acf-8af1-b4049dbf08b0,coughvid_data/ab91c595-2111-4acf-8af1-b4049dbf08b0.wav,coughvid_data/ab91c595-2111-4acf-8af1-b4049dbf08b0.wav,0.0
ff7e2187-5000-4c12-a401-48c786ef9c8c,coughvid_data/ff7e2187-5000-4c12-a401-48c786ef9c8c.wav,coughvid_data/ff7e2187-5000-4c12-a401-48c786ef9c8c.wav,1.0
f4c3714c-c8d7-4c56-9453-7cbea8d0ad3a,coughvid_data/f4c3714c-c8d7-4c56-9453-7cbea8d0ad3a.wav,coughvid_data/f4c3714c-c8d7-4c56-9453-7cbea8d0ad3a.wav,0.0
c3b9dca7-67eb-4438-b6aa-dd6b2aca1432,coughvid_data/c3b9dca7-67eb-4438-b6aa-dd6b2aca1432.wav,coughvid_data/c3b9dca7-67eb-4438-b6aa-dd6b2aca1432.wav,1.0
b1808750-c27d-4d63-9df5-04fa68706275,coughvid_data/b1808750-c27d-4d63-9df5-04fa68706275.wav,coughvid_data/b1808750-c27d-4d63-9df5-04fa68706275.wav,0.0
82810ad0-b69b-465b-83ed-8d2c82344b8d,coughvid_data/82810ad0-b69b-465b-83ed-8d2c82344b8d.wav,coughvid_data/82810ad0-b69b-465b-83ed-8d2c82344b8d.wav,1.0
e6dc345e-3288-491b-a1a1-bd2f05585147,coughvid_data/e6dc345e-3288-491b-a1a1-bd2f05585147.wav,coughvid_data/e6dc345e-3288-491b-a1a1-bd2f05585147.wav,1.0
2e5ab77f-2365-4396-8eb5-480ebce9beb8,coughvid_data/2e5ab77f-2365-4396-8eb5-480ebce9beb8.wav,coughvid_data/2e5ab77f-2365-4396-8eb5-480ebce9beb8.wav,1.0
5db526da-1c32-4653-9abe-750d39cb77a7,coughvid_data/5db526da-1c32-4653-9abe-750d39cb77a7.wav,coughvid_data/5db526da-1c32-4653-9abe-750d39cb77a7.wav,1.0
ff549f73-854b-4254-b2d9-ca3d2c76d880,coughvid_data/ff549f73-854b-4254-b2d9-ca3d2c76d880.wav,coughvid_data/ff549f73-854b-4254-b2d9-ca3d2c76d880.wav,1.0
d037aca5-7fce-402a-871e-d25601a69a8c,coughvid_data/d037aca5-7fce-402a-871e-d25601a69a8c.wav,coughvid_data/d037aca5-7fce-402a-871e-d25601a69a8c.wav,1.0
b8152bac-ba7e-4e27-9b16-dc3d028d4296,coughvid_data/b8152bac-ba7e-4e27-9b16-dc3d028d4296.wav,coughvid_data/b8152bac-ba7e-4e27-9b16-dc3d028d4296.wav,0.0
69c44430-9160-4bea-85c8-c9f0ccca3605,coughvid_data/69c44430-9160-4bea-85c8-c9f0ccca3605.wav,coughvid_data/69c44430-9160-4bea-85c8-c9f0ccca3605.wav,0.0
2f7f0c1b-782b-4b90-9f0b-ed60edfeab89,coughvid_data/2f7f0c1b-782b-4b90-9f0b-ed60edfeab89.wav,coughvid_data/2f7f0c1b-782b-4b90-9f0b-ed60edfeab89.wav,1.0
657a29d4-f8c0-4cbb-af0f-928768d1b212,coughvid_data/657a29d4-f8c0-4cbb-af0f-928768d1b212.wav,coughvid_data/657a29d4-f8c0-4cbb-af0f-928768d1b212.wav,0.0
9428ee02-24f7-4804-9160-9c555a20ed67,coughvid_data/9428ee02-24f7-4804-9160-9c555a20ed67.wav,coughvid_data/9428ee02-24f7-4804-9160-9c555a20ed67.wav,0.0
c0c08c2b-8106-4b57-aee4-551f288a9623,coughvid_data/c0c08c2b-8106-4b57-aee4-551f288a9623.wav,coughvid_data/c0c08c2b-8106-4b57-aee4-551f288a9623.wav,1.0
00273cdf-ed90-4105-84ec-0c88d52f1dc0,coughvid_data/00273cdf-ed90-4105-84ec-0c88d52f1dc0.wav,coughvid_data/00273cdf-ed90-4105-84ec-0c88d52f1dc0.wav,0.0
68d486de-d526-4abe-bbd8-692ac6b97505,coughvid_data/68d486de-d526-4abe-bbd8-692ac6b97505.wav,coughvid_data/68d486de-d526-4abe-bbd8-692ac6b97505.wav,1.0
52a5d07c-1f7a-45c4-ad49-bae3bfb32b08,coughvid_data/52a5d07c-1f7a-45c4-ad49-bae3bfb32b08.wav,coughvid_data/52a5d07c-1f7a-45c4-ad49-bae3bfb32b08.wav,0.0
d5ae5e7b-39e8-42fc-99b5-99a481a62e3e,coughvid_data/d5ae5e7b-39e8-42fc-99b5-99a481a62e3e.wav,coughvid_data/d5ae5e7b-39e8-42fc-99b5-99a481a62e3e.wav,0.0
48aac1b2-829d-4cf1-b164-7fd38eba728b,coughvid_data/48aac1b2-829d-4cf1-b164-7fd38eba728b.wav,coughvid_data/48aac1b2-829d-4cf1-b164-7fd38eba728b.wav,1.0
c7231471-4879-4a07-817f-37d9705369e3,coughvid_data/c7231471-4879-4a07-817f-37d9705369e3.wav,coughvid_data/c7231471-4879-4a07-817f-37d9705369e3.wav,1.0
b263ad00-66dd-4f95-a1a6-668bb3015715,coughvid_data/b263ad00-66dd-4f95-a1a6-668bb3015715.wav,coughvid_data/b263ad00-66dd-4f95-a1a6-668bb3015715.wav,0.0
02a24fb6-7eef-49ee-ac01-87139e2b3752,coughvid_data/02a24fb6-7eef-49ee-ac01-87139e2b3752.wav,coughvid_data/02a24fb6-7eef-49ee-ac01-87139e2b3752.wav,0.0
58288661-b293-4cd2-b625-af5f2672acfc,coughvid_data/58288661-b293-4cd2-b625-af5f2672acfc.wav,coughvid_data/58288661-b293-4cd2-b625-af5f2672acfc.wav,0.0
4d552033-9509-4d8f-bb0e-b25d34837c6a,coughvid_data/4d552033-9509-4d8f-bb0e-b25d34837c6a.wav,coughvid_data/4d552033-9509-4d8f-bb0e-b25d34837c6a.wav,1.0
586eb2b4-568e-4439-a814-edc1223287b0,coughvid_data/586eb2b4-568e-4439-a814-edc1223287b0.wav,coughvid_data/586eb2b4-568e-4439-a814-edc1223287b0.wav,1.0
214749e0-acf3-4e43-be0a-15273e872dc3,coughvid_data/214749e0-acf3-4e43-be0a-15273e872dc3.wav,coughvid_data/214749e0-acf3-4e43-be0a-15273e872dc3.wav,1.0
f0d0af17-6d22-46e9-896c-11aea7d23817,coughvid_data/f0d0af17-6d22-46e9-896c-11aea7d23817.wav,coughvid_data/f0d0af17-6d22-46e9-896c-11aea7d23817.wav,0.0
c4a6dca1-4b29-4a14-8c91-e89e5b7aa586,coughvid_data/c4a6dca1-4b29-4a14-8c91-e89e5b7aa586.wav,coughvid_data/c4a6dca1-4b29-4a14-8c91-e89e5b7aa586.wav,1.0
9e6d88da-2a85-4c86-a606-e66d83bf7550,coughvid_data/9e6d88da-2a85-4c86-a606-e66d83bf7550.wav,coughvid_data/9e6d88da-2a85-4c86-a606-e66d83bf7550.wav,1.0
49557f83-32f3-413a-8304-3eca4a9c79d4,coughvid_data/49557f83-32f3-413a-8304-3eca4a9c79d4.wav,coughvid_data/49557f83-32f3-413a-8304-3eca4a9c79d4.wav,0.0
a7e8279d-1b4c-49cf-b66b-cb257bea3e1a,coughvid_data/a7e8279d-1b4c-49cf-b66b-cb257bea3e1a.wav,coughvid_data/a7e8279d-1b4c-49cf-b66b-cb257bea3e1a.wav,1.0
1a62cf3e-46c0-4b82-86a9-7818a66c4ccb,coughvid_data/1a62cf3e-46c0-4b82-86a9-7818a66c4ccb.wav,coughvid_data/1a62cf3e-46c0-4b82-86a9-7818a66c4ccb.wav,1.0
2a746b1c-c51b-4c5f-baca-8c4edb821854,coughvid_data/2a746b1c-c51b-4c5f-baca-8c4edb821854.wav,coughvid_data/2a746b1c-c51b-4c5f-baca-8c4edb821854.wav,0.0
738dc3d2-0455-4638-9193-21be56a7a964,coughvid_data/738dc3d2-0455-4638-9193-21be56a7a964.wav,coughvid_data/738dc3d2-0455-4638-9193-21be56a7a964.wav,1.0
f6c6271d-7f30-4167-a90a-4689d2385b25,coughvid_data/f6c6271d-7f30-4167-a90a-4689d2385b25.wav,coughvid_data/f6c6271d-7f30-4167-a90a-4689d2385b25.wav,0.0
f35d3ff9-c6d2-48ec-a0fa-122a2ddfa811,coughvid_data/f35d3ff9-c6d2-48ec-a0fa-122a2ddfa811.wav,coughvid_data/f35d3ff9-c6d2-48ec-a0fa-122a2ddfa811.wav,1.0
5f233cc9-1111-4934-9f97-58ba1f97e85d,coughvid_data/5f233cc9-1111-4934-9f97-58ba1f97e85d.wav,coughvid_data/5f233cc9-1111-4934-9f97-58ba1f97e85d.wav,1.0
10b0f1cf-9c94-4ece-92fa-207f102e34dd,coughvid_data/10b0f1cf-9c94-4ece-92fa-207f102e34dd.wav,coughvid_data/10b0f1cf-9c94-4ece-92fa-207f102e34dd.wav,0.0
3e675e18-9565-4ad3-b43b-3cc1b5e86dce,coughvid_data/3e675e18-9565-4ad3-b43b-3cc1b5e86dce.wav,coughvid_data/3e675e18-9565-4ad3-b43b-3cc1b5e86dce.wav,1.0
30e1dd29-2e20-491e-89c3-5bfdff3895d3,coughvid_data/30e1dd29-2e20-491e-89c3-5bfdff3895d3.wav,coughvid_data/30e1dd29-2e20-491e-89c3-5bfdff3895d3.wav,1.0
cea4c0dc-2635-4df9-bd21-226cf43d9207,coughvid_data/cea4c0dc-2635-4df9-bd21-226cf43d9207.wav,coughvid_data/cea4c0dc-2635-4df9-bd21-226cf43d9207.wav,1.0
b444b09e-25d2-4d58-8ab2-20d95eb97e70,coughvid_data/b444b09e-25d2-4d58-8ab2-20d95eb97e70.wav,coughvid_data/b444b09e-25d2-4d58-8ab2-20d95eb97e70.wav,1.0
c1f0ac22-0da8-483b-8107-41dbea91ebcb,coughvid_data/c1f0ac22-0da8-483b-8107-41dbea91ebcb.wav,coughvid_data/c1f0ac22-0da8-483b-8107-41dbea91ebcb.wav,1.0
fa2c1276-2880-43e2-bea6-75db18717179,coughvid_data/fa2c1276-2880-43e2-bea6-75db18717179.wav,coughvid_data/fa2c1276-2880-43e2-bea6-75db18717179.wav,1.0
58fdeaf5-45af-401a-b13c-4da518105de6,coughvid_data/58fdeaf5-45af-401a-b13c-4da518105de6.wav,coughvid_data/58fdeaf5-45af-401a-b13c-4da518105de6.wav,0.0
bf28b9cf-a43a-4a9f-b29b-2127dbc96e36,coughvid_data/bf28b9cf-a43a-4a9f-b29b-2127dbc96e36.wav,coughvid_data/bf28b9cf-a43a-4a9f-b29b-2127dbc96e36.wav,1.0
350bc76f-e95c-4567-9505-8b0ef898df1e,coughvid_data/350bc76f-e95c-4567-9505-8b0ef898df1e.wav,coughvid_data/350bc76f-e95c-4567-9505-8b0ef898df1e.wav,1.0
bb2d8327-23cb-4654-8297-b93616c39eff,coughvid_data/bb2d8327-23cb-4654-8297-b93616c39eff.wav,coughvid_data/bb2d8327-23cb-4654-8297-b93616c39eff.wav,0.0
83556686-9961-4f9e-a960-680260d02634,coughvid_data/83556686-9961-4f9e-a960-680260d02634.wav,coughvid_data/83556686-9961-4f9e-a960-680260d02634.wav,1.0
8c37bfcc-adc3-4774-b5f8-c8d1b1e7c003,coughvid_data/8c37bfcc-adc3-4774-b5f8-c8d1b1e7c003.wav,coughvid_data/8c37bfcc-adc3-4774-b5f8-c8d1b1e7c003.wav,0.0
ed9c3844-27e7-4ef8-92da-aad329e830ec,coughvid_data/ed9c3844-27e7-4ef8-92da-aad329e830ec.wav,coughvid_data/ed9c3844-27e7-4ef8-92da-aad329e830ec.wav,0.0
0648ae90-f159-4ea2-a0b8-ed965d27c72b,coughvid_data/0648ae90-f159-4ea2-a0b8-ed965d27c72b.wav,coughvid_data/0648ae90-f159-4ea2-a0b8-ed965d27c72b.wav,1.0
f7f6d33c-110a-403f-b97c-facca6cdeeb0,coughvid_data/f7f6d33c-110a-403f-b97c-facca6cdeeb0.wav,coughvid_data/f7f6d33c-110a-403f-b97c-facca6cdeeb0.wav,1.0
338ffa66-a7e2-488a-b5a9-d7b808731922,coughvid_data/338ffa66-a7e2-488a-b5a9-d7b808731922.wav,coughvid_data/338ffa66-a7e2-488a-b5a9-d7b808731922.wav,1.0
724fadb8-2511-4621-a203-8b34a002e4f1,coughvid_data/724fadb8-2511-4621-a203-8b34a002e4f1.wav,coughvid_data/724fadb8-2511-4621-a203-8b34a002e4f1.wav,1.0
159c098b-ec97-45cf-aeb7-ff389a98d95c,coughvid_data/159c098b-ec97-45cf-aeb7-ff389a98d95c.wav,coughvid_data/159c098b-ec97-45cf-aeb7-ff389a98d95c.wav,1.0
636ec47d-78e9-494b-99fb-5e98d59ffe9e,coughvid_data/636ec47d-78e9-494b-99fb-5e98d59ffe9e.wav,coughvid_data/636ec47d-78e9-494b-99fb-5e98d59ffe9e.wav,1.0
daf91e0d-f0f0-4807-83a6-fa5500435974,coughvid_data/daf91e0d-f0f0-4807-83a6-fa5500435974.wav,coughvid_data/daf91e0d-f0f0-4807-83a6-fa5500435974.wav,0.0
73b66308-db19-4c2f-91eb-be547d52bba9,coughvid_data/73b66308-db19-4c2f-91eb-be547d52bba9.wav,coughvid_data/73b66308-db19-4c2f-91eb-be547d52bba9.wav,0.0
1357788c-fd94-45ff-b31d-da0cda859731,coughvid_data/1357788c-fd94-45ff-b31d-da0cda859731.wav,coughvid_data/1357788c-fd94-45ff-b31d-da0cda859731.wav,1.0
f726017d-5728-4e32-bfc5-a460c3923226,coughvid_data/f726017d-5728-4e32-bfc5-a460c3923226.wav,coughvid_data/f726017d-5728-4e32-bfc5-a460c3923226.wav,0.0
41446df9-b07a-48f2-8af0-8c73ab7a8322,coughvid_data/41446df9-b07a-48f2-8af0-8c73ab7a8322.wav,coughvid_data/41446df9-b07a-48f2-8af0-8c73ab7a8322.wav,0.0
6d2b1e9a-5f89-47de-8b9f-f042afc56260,coughvid_data/6d2b1e9a-5f89-47de-8b9f-f042afc56260.wav,coughvid_data/6d2b1e9a-5f89-47de-8b9f-f042afc56260.wav,0.0
a7ab2151-bfa6-46d5-8a19-aa01082b8e9f,coughvid_data/a7ab2151-bfa6-46d5-8a19-aa01082b8e9f.wav,coughvid_data/a7ab2151-bfa6-46d5-8a19-aa01082b8e9f.wav,0.0
e26d3883-7910-4761-9f5c-1e313a8e962c,coughvid_data/e26d3883-7910-4761-9f5c-1e313a8e962c.wav,coughvid_data/e26d3883-7910-4761-9f5c-1e313a8e962c.wav,1.0
c9e1226d-ba0f-456f-98ac-96cde927ad49,coughvid_data/c9e1226d-ba0f-456f-98ac-96cde927ad49.wav,coughvid_data/c9e1226d-ba0f-456f-98ac-96cde927ad49.wav,1.0
851d3141-589e-4a63-a81f-837b85585ee7,coughvid_data/851d3141-589e-4a63-a81f-837b85585ee7.wav,coughvid_data/851d3141-589e-4a63-a81f-837b85585ee7.wav,1.0
f8155187-50be-4701-8f49-9d9b21bf32e9,coughvid_data/f8155187-50be-4701-8f49-9d9b21bf32e9.wav,coughvid_data/f8155187-50be-4701-8f49-9d9b21bf32e9.wav,1.0
191ea838-13a6-4e9a-be83-89cec0aee26a,coughvid_data/191ea838-13a6-4e9a-be83-89cec0aee26a.wav,coughvid_data/191ea838-13a6-4e9a-be83-89cec0aee26a.wav,0.0
3807babb-ce3e-48f9-8eb7-6ad7137e1443,coughvid_data/3807babb-ce3e-48f9-8eb7-6ad7137e1443.wav,coughvid_data/3807babb-ce3e-48f9-8eb7-6ad7137e1443.wav,1.0
39460774-2d87-4c17-9015-5ca9d6328744,coughvid_data/39460774-2d87-4c17-9015-5ca9d6328744.wav,coughvid_data/39460774-2d87-4c17-9015-5ca9d6328744.wav,1.0
49c2b19b-9897-4929-9998-e9b4e0217af8,coughvid_data/49c2b19b-9897-4929-9998-e9b4e0217af8.wav,coughvid_data/49c2b19b-9897-4929-9998-e9b4e0217af8.wav,1.0
6a53993b-aaee-4db3-8402-adc70ffa73a1,coughvid_data/6a53993b-aaee-4db3-8402-adc70ffa73a1.wav,coughvid_data/6a53993b-aaee-4db3-8402-adc70ffa73a1.wav,1.0
cc3c4362-a30c-4049-8950-793dd2944c48,coughvid_data/cc3c4362-a30c-4049-8950-793dd2944c48.wav,coughvid_data/cc3c4362-a30c-4049-8950-793dd2944c48.wav,1.0
bd6242cc-7b5b-49f7-ab0f-47b152559c02,coughvid_data/bd6242cc-7b5b-49f7-ab0f-47b152559c02.wav,coughvid_data/bd6242cc-7b5b-49f7-ab0f-47b152559c02.wav,0.0
d95720de-126d-4748-a7b9-26a3a42fd1e6,coughvid_data/d95720de-126d-4748-a7b9-26a3a42fd1e6.wav,coughvid_data/d95720de-126d-4748-a7b9-26a3a42fd1e6.wav,0.0
e8527a0e-96c9-4026-96c2-3b3a3508f3ee,coughvid_data/e8527a0e-96c9-4026-96c2-3b3a3508f3ee.wav,coughvid_data/e8527a0e-96c9-4026-96c2-3b3a3508f3ee.wav,1.0
6cfe710d-b3fe-4d8c-8d51-b9219ff23c5e,coughvid_data/6cfe710d-b3fe-4d8c-8d51-b9219ff23c5e.wav,coughvid_data/6cfe710d-b3fe-4d8c-8d51-b9219ff23c5e.wav,1.0
df142b8c-e25a-4ce7-ba8f-9243b17dd30a,coughvid_data/df142b8c-e25a-4ce7-ba8f-9243b17dd30a.wav,coughvid_data/df142b8c-e25a-4ce7-ba8f-9243b17dd30a.wav,1.0
ff4a6db6-8149-4bfc-84f1-53473ecd1be4,coughvid_data/ff4a6db6-8149-4bfc-84f1-53473ecd1be4.wav,coughvid_data/ff4a6db6-8149-4bfc-84f1-53473ecd1be4.wav,0.0
cbfa1656-384b-40a6-a258-8d8ea73cb784,coughvid_data/cbfa1656-384b-40a6-a258-8d8ea73cb784.wav,coughvid_data/cbfa1656-384b-40a6-a258-8d8ea73cb784.wav,1.0
d5e63dbc-41b2-4d06-a387-64e806cf7233,coughvid_data/d5e63dbc-41b2-4d06-a387-64e806cf7233.wav,coughvid_data/d5e63dbc-41b2-4d06-a387-64e806cf7233.wav,0.0
43298143-1004-44ef-889f-10ba9dc9d51f,coughvid_data/43298143-1004-44ef-889f-10ba9dc9d51f.wav,coughvid_data/43298143-1004-44ef-889f-10ba9dc9d51f.wav,1.0
a0c985fb-8078-4185-9596-d6714a3599b0,coughvid_data/a0c985fb-8078-4185-9596-d6714a3599b0.wav,coughvid_data/a0c985fb-8078-4185-9596-d6714a3599b0.wav,1.0
c717d6f8-e672-4ca1-84f3-7fcb437e87e1,coughvid_data/c717d6f8-e672-4ca1-84f3-7fcb437e87e1.wav,coughvid_data/c717d6f8-e672-4ca1-84f3-7fcb437e87e1.wav,1.0
ee206580-e47e-444d-8ea3-5ddd33ef3883,coughvid_data/ee206580-e47e-444d-8ea3-5ddd33ef3883.wav,coughvid_data/ee206580-e47e-444d-8ea3-5ddd33ef3883.wav,1.0
d122b446-4ec1-457a-b51e-00e1a0e79fa8,coughvid_data/d122b446-4ec1-457a-b51e-00e1a0e79fa8.wav,coughvid_data/d122b446-4ec1-457a-b51e-00e1a0e79fa8.wav,0.0
21f44aaf-84f3-45d4-9b66-4809ff8dfd45,coughvid_data/21f44aaf-84f3-45d4-9b66-4809ff8dfd45.wav,coughvid_data/21f44aaf-84f3-45d4-9b66-4809ff8dfd45.wav,1.0
00f4a67a-bdce-484d-b38c-e73c84799074,coughvid_data/00f4a67a-bdce-484d-b38c-e73c84799074.wav,coughvid_data/00f4a67a-bdce-484d-b38c-e73c84799074.wav,0.0
e1796d8d-b440-4e69-a4be-15869baf42ac,coughvid_data/e1796d8d-b440-4e69-a4be-15869baf42ac.wav,coughvid_data/e1796d8d-b440-4e69-a4be-15869baf42ac.wav,1.0
515b4a9c-a0ef-4e00-bc1c-93bb20f22520,coughvid_data/515b4a9c-a0ef-4e00-bc1c-93bb20f22520.wav,coughvid_data/515b4a9c-a0ef-4e00-bc1c-93bb20f22520.wav,0.0
8b86dfa6-a6bd-4d8b-8b18-8bd22acd4607,coughvid_data/8b86dfa6-a6bd-4d8b-8b18-8bd22acd4607.wav,coughvid_data/8b86dfa6-a6bd-4d8b-8b18-8bd22acd4607.wav,0.0
172e4f12-542e-4152-b3e6-a3285c489753,coughvid_data/172e4f12-542e-4152-b3e6-a3285c489753.wav,coughvid_data/172e4f12-542e-4152-b3e6-a3285c489753.wav,1.0
276c2052-09a0-40ee-9c24-0cd7e749023e,coughvid_data/276c2052-09a0-40ee-9c24-0cd7e749023e.wav,coughvid_data/276c2052-09a0-40ee-9c24-0cd7e749023e.wav,0.0
7117d4b9-940c-4281-8f97-c6575621cf44,coughvid_data/7117d4b9-940c-4281-8f97-c6575621cf44.wav,coughvid_data/7117d4b9-940c-4281-8f97-c6575621cf44.wav,1.0
3b5d9955-12cf-46ea-8c3d-b119694145b1,coughvid_data/3b5d9955-12cf-46ea-8c3d-b119694145b1.wav,coughvid_data/3b5d9955-12cf-46ea-8c3d-b119694145b1.wav,1.0
042bc0d7-a5c7-4898-a5a7-0ccaa37af420,coughvid_data/042bc0d7-a5c7-4898-a5a7-0ccaa37af420.wav,coughvid_data/042bc0d7-a5c7-4898-a5a7-0ccaa37af420.wav,0.0
e2bfe8fd-2a5e-4953-9b3a-ffa89b0b6bb4,coughvid_data/e2bfe8fd-2a5e-4953-9b3a-ffa89b0b6bb4.wav,coughvid_data/e2bfe8fd-2a5e-4953-9b3a-ffa89b0b6bb4.wav,1.0
af4cacfc-6e28-4501-96c7-381fd4b195ba,coughvid_data/af4cacfc-6e28-4501-96c7-381fd4b195ba.wav,coughvid_data/af4cacfc-6e28-4501-96c7-381fd4b195ba.wav,1.0
e25fbf25-2747-4d1f-9bc8-12a38d0c6d3f,coughvid_data/e25fbf25-2747-4d1f-9bc8-12a38d0c6d3f.wav,coughvid_data/e25fbf25-2747-4d1f-9bc8-12a38d0c6d3f.wav,0.0
2f33f0cf-aa0c-4ca0-a9fc-19a27d4a6d6c,coughvid_data/2f33f0cf-aa0c-4ca0-a9fc-19a27d4a6d6c.wav,coughvid_data/2f33f0cf-aa0c-4ca0-a9fc-19a27d4a6d6c.wav,0.0
e810f836-0e11-45f6-9fd8-a3daba530fe9,coughvid_data/e810f836-0e11-45f6-9fd8-a3daba530fe9.wav,coughvid_data/e810f836-0e11-45f6-9fd8-a3daba530fe9.wav,1.0
e37006d0-a512-4408-a80e-cbcdab415d3b,coughvid_data/e37006d0-a512-4408-a80e-cbcdab415d3b.wav,coughvid_data/e37006d0-a512-4408-a80e-cbcdab415d3b.wav,1.0
2ead7803-f9c7-4591-8451-a889c9b6367b,coughvid_data/2ead7803-f9c7-4591-8451-a889c9b6367b.wav,coughvid_data/2ead7803-f9c7-4591-8451-a889c9b6367b.wav,1.0
a9ba01d9-f57b-4d33-ab7a-9c5cdd5f2f60,coughvid_data/a9ba01d9-f57b-4d33-ab7a-9c5cdd5f2f60.wav,coughvid_data/a9ba01d9-f57b-4d33-ab7a-9c5cdd5f2f60.wav,0.0
e304161b-2aac-4baf-8bd2-7c637420f4bc,coughvid_data/e304161b-2aac-4baf-8bd2-7c637420f4bc.wav,coughvid_data/e304161b-2aac-4baf-8bd2-7c637420f4bc.wav,0.0
e4c81c73-c785-4e2d-8233-655f89f9230a,coughvid_data/e4c81c73-c785-4e2d-8233-655f89f9230a.wav,coughvid_data/e4c81c73-c785-4e2d-8233-655f89f9230a.wav,1.0
ac61896b-a199-4400-9844-4beac7532d1c,coughvid_data/ac61896b-a199-4400-9844-4beac7532d1c.wav,coughvid_data/ac61896b-a199-4400-9844-4beac7532d1c.wav,0.0
ead5e251-d3b8-4f1a-843e-54df23888b79,coughvid_data/ead5e251-d3b8-4f1a-843e-54df23888b79.wav,coughvid_data/ead5e251-d3b8-4f1a-843e-54df23888b79.wav,0.0
6eb75b70-c3f1-473a-b6d7-d339d0f8726b,coughvid_data/6eb75b70-c3f1-473a-b6d7-d339d0f8726b.wav,coughvid_data/6eb75b70-c3f1-473a-b6d7-d339d0f8726b.wav,1.0
0ed846f2-5ce3-4f7f-9f60-b0258ab2047e,coughvid_data/0ed846f2-5ce3-4f7f-9f60-b0258ab2047e.wav,coughvid_data/0ed846f2-5ce3-4f7f-9f60-b0258ab2047e.wav,0.0
7117304a-e59b-42c9-bea9-3c6f17b0d30e,coughvid_data/7117304a-e59b-42c9-bea9-3c6f17b0d30e.wav,coughvid_data/7117304a-e59b-42c9-bea9-3c6f17b0d30e.wav,1.0
5decfe1d-4f91-4fec-b4b1-1d3452ff6940,coughvid_data/5decfe1d-4f91-4fec-b4b1-1d3452ff6940.wav,coughvid_data/5decfe1d-4f91-4fec-b4b1-1d3452ff6940.wav,0.0
812c6317-062b-45b7-a16c-d21752cc97cc,coughvid_data/812c6317-062b-45b7-a16c-d21752cc97cc.wav,coughvid_data/812c6317-062b-45b7-a16c-d21752cc97cc.wav,0.0
052fc88d-aa01-4422-85fd-f0ddebb8bd95,coughvid_data/052fc88d-aa01-4422-85fd-f0ddebb8bd95.wav,coughvid_data/052fc88d-aa01-4422-85fd-f0ddebb8bd95.wav,1.0
ac50590f-6d1b-46be-8c0f-a995c8af7087,coughvid_data/ac50590f-6d1b-46be-8c0f-a995c8af7087.wav,coughvid_data/ac50590f-6d1b-46be-8c0f-a995c8af7087.wav,0.0
435a88da-7fbd-4e53-a65c-2a76320dd8f3,coughvid_data/435a88da-7fbd-4e53-a65c-2a76320dd8f3.wav,coughvid_data/435a88da-7fbd-4e53-a65c-2a76320dd8f3.wav,0.0
d8607179-2777-414b-a55e-035933e9a96c,coughvid_data/d8607179-2777-414b-a55e-035933e9a96c.wav,coughvid_data/d8607179-2777-414b-a55e-035933e9a96c.wav,1.0
8e53179c-cff5-4dff-bec8-a78e38f79b67,coughvid_data/8e53179c-cff5-4dff-bec8-a78e38f79b67.wav,coughvid_data/8e53179c-cff5-4dff-bec8-a78e38f79b67.wav,1.0
f38e9992-31e4-4801-917b-7cc04f977061,coughvid_data/f38e9992-31e4-4801-917b-7cc04f977061.wav,coughvid_data/f38e9992-31e4-4801-917b-7cc04f977061.wav,1.0
ab499046-2683-4a2d-8749-b229018df945,coughvid_data/ab499046-2683-4a2d-8749-b229018df945.wav,coughvid_data/ab499046-2683-4a2d-8749-b229018df945.wav,1.0
87c456f8-4023-4053-ad91-997c6e7eb98c,coughvid_data/87c456f8-4023-4053-ad91-997c6e7eb98c.wav,coughvid_data/87c456f8-4023-4053-ad91-997c6e7eb98c.wav,0.0
1b2c13c5-bbc2-4aa1-99b5-82f91efb7c67,coughvid_data/1b2c13c5-bbc2-4aa1-99b5-82f91efb7c67.wav,coughvid_data/1b2c13c5-bbc2-4aa1-99b5-82f91efb7c67.wav,1.0
e0bde951-4791-47de-97c5-b9d92c88a81e,coughvid_data/e0bde951-4791-47de-97c5-b9d92c88a81e.wav,coughvid_data/e0bde951-4791-47de-97c5-b9d92c88a81e.wav,1.0
779c6a72-6813-4254-8c55-7b0937eeebde,coughvid_data/779c6a72-6813-4254-8c55-7b0937eeebde.wav,coughvid_data/779c6a72-6813-4254-8c55-7b0937eeebde.wav,1.0
b6025ae7-f68f-4de5-988a-8331d1847393,coughvid_data/b6025ae7-f68f-4de5-988a-8331d1847393.wav,coughvid_data/b6025ae7-f68f-4de5-988a-8331d1847393.wav,0.0
acafeba1-00a6-4db2-a8df-ba11b11d4d71,coughvid_data/acafeba1-00a6-4db2-a8df-ba11b11d4d71.wav,coughvid_data/acafeba1-00a6-4db2-a8df-ba11b11d4d71.wav,0.0
755dc2d0-7265-4d86-ba9e-849ce4c312d9,coughvid_data/755dc2d0-7265-4d86-ba9e-849ce4c312d9.wav,coughvid_data/755dc2d0-7265-4d86-ba9e-849ce4c312d9.wav,0.0
2f8da798-1050-4ced-a45b-910541c43c3c,coughvid_data/2f8da798-1050-4ced-a45b-910541c43c3c.wav,coughvid_data/2f8da798-1050-4ced-a45b-910541c43c3c.wav,1.0
2ec6700b-8058-4bb5-aa5a-80dbb9b7a445,coughvid_data/2ec6700b-8058-4bb5-aa5a-80dbb9b7a445.wav,coughvid_data/2ec6700b-8058-4bb5-aa5a-80dbb9b7a445.wav,1.0
c70264c2-b8db-4179-9e70-92538f8a853b,coughvid_data/c70264c2-b8db-4179-9e70-92538f8a853b.wav,coughvid_data/c70264c2-b8db-4179-9e70-92538f8a853b.wav,1.0
bf4ca169-aab4-466f-8e14-63631e0b3ea0,coughvid_data/bf4ca169-aab4-466f-8e14-63631e0b3ea0.wav,coughvid_data/bf4ca169-aab4-466f-8e14-63631e0b3ea0.wav,1.0
6134de43-b7dd-4955-989c-f30b195089dd,coughvid_data/6134de43-b7dd-4955-989c-f30b195089dd.wav,coughvid_data/6134de43-b7dd-4955-989c-f30b195089dd.wav,1.0
f15f3c2f-d28c-4b2f-86ed-9fcd81b144dd,coughvid_data/f15f3c2f-d28c-4b2f-86ed-9fcd81b144dd.wav,coughvid_data/f15f3c2f-d28c-4b2f-86ed-9fcd81b144dd.wav,1.0
99c49eb4-1941-4172-bb9a-ada9c8bc8e7b,coughvid_data/99c49eb4-1941-4172-bb9a-ada9c8bc8e7b.wav,coughvid_data/99c49eb4-1941-4172-bb9a-ada9c8bc8e7b.wav,1.0
b2037a7c-3480-4b52-93b7-970c185209b7,coughvid_data/b2037a7c-3480-4b52-93b7-970c185209b7.wav,coughvid_data/b2037a7c-3480-4b52-93b7-970c185209b7.wav,1.0
5afdb210-4732-42b1-8b2b-097a4ff7b7eb,coughvid_data/5afdb210-4732-42b1-8b2b-097a4ff7b7eb.wav,coughvid_data/5afdb210-4732-42b1-8b2b-097a4ff7b7eb.wav,1.0
2bcc1031-937f-46b2-af1d-fd593a0b5d39,coughvid_data/2bcc1031-937f-46b2-af1d-fd593a0b5d39.wav,coughvid_data/2bcc1031-937f-46b2-af1d-fd593a0b5d39.wav,1.0
0cb72725-4166-475d-99a2-5e4e269c1eea,coughvid_data/0cb72725-4166-475d-99a2-5e4e269c1eea.wav,coughvid_data/0cb72725-4166-475d-99a2-5e4e269c1eea.wav,1.0
4b234c1a-58ab-4d43-8497-c66a2015a0ed,coughvid_data/4b234c1a-58ab-4d43-8497-c66a2015a0ed.wav,coughvid_data/4b234c1a-58ab-4d43-8497-c66a2015a0ed.wav,0.0
a3c59c5a-4381-4cf6-9f2b-b790534c2728,coughvid_data/a3c59c5a-4381-4cf6-9f2b-b790534c2728.wav,coughvid_data/a3c59c5a-4381-4cf6-9f2b-b790534c2728.wav,1.0
1e433c5b-da17-477b-ba3c-d20c7eb968ec,coughvid_data/1e433c5b-da17-477b-ba3c-d20c7eb968ec.wav,coughvid_data/1e433c5b-da17-477b-ba3c-d20c7eb968ec.wav,1.0
9a7aa7cc-cd9f-44dd-954d-66dbf354a0df,coughvid_data/9a7aa7cc-cd9f-44dd-954d-66dbf354a0df.wav,coughvid_data/9a7aa7cc-cd9f-44dd-954d-66dbf354a0df.wav,1.0
840b37fb-7a3f-4dbb-92e0-ec3064540a17,coughvid_data/840b37fb-7a3f-4dbb-92e0-ec3064540a17.wav,coughvid_data/840b37fb-7a3f-4dbb-92e0-ec3064540a17.wav,0.0
39b2e68a-446f-4d6e-a34a-2bf8c97f54c1,coughvid_data/39b2e68a-446f-4d6e-a34a-2bf8c97f54c1.wav,coughvid_data/39b2e68a-446f-4d6e-a34a-2bf8c97f54c1.wav,1.0
e59a38e1-84d5-4443-b73d-21e6ea2d4c1a,coughvid_data/e59a38e1-84d5-4443-b73d-21e6ea2d4c1a.wav,coughvid_data/e59a38e1-84d5-4443-b73d-21e6ea2d4c1a.wav,0.0
3a938d25-e39e-4781-bce3-3f1891a00482,coughvid_data/3a938d25-e39e-4781-bce3-3f1891a00482.wav,coughvid_data/3a938d25-e39e-4781-bce3-3f1891a00482.wav,0.0
b99996b4-83aa-4a67-953c-55ddff82978d,coughvid_data/b99996b4-83aa-4a67-953c-55ddff82978d.wav,coughvid_data/b99996b4-83aa-4a67-953c-55ddff82978d.wav,1.0
b3caafa0-e61d-447f-983d-3f927d18446f,coughvid_data/b3caafa0-e61d-447f-983d-3f927d18446f.wav,coughvid_data/b3caafa0-e61d-447f-983d-3f927d18446f.wav,1.0
f4afac81-1d70-4694-b7bf-f995b9034a56,coughvid_data/f4afac81-1d70-4694-b7bf-f995b9034a56.wav,coughvid_data/f4afac81-1d70-4694-b7bf-f995b9034a56.wav,0.0
ca550039-8cbf-4b37-8e04-9cd99669479a,coughvid_data/ca550039-8cbf-4b37-8e04-9cd99669479a.wav,coughvid_data/ca550039-8cbf-4b37-8e04-9cd99669479a.wav,1.0
ef746feb-9fb6-4656-8354-c636aeb95dd1,coughvid_data/ef746feb-9fb6-4656-8354-c636aeb95dd1.wav,coughvid_data/ef746feb-9fb6-4656-8354-c636aeb95dd1.wav,1.0
08018d35-e337-406f-99c9-5832197bba18,coughvid_data/08018d35-e337-406f-99c9-5832197bba18.wav,coughvid_data/08018d35-e337-406f-99c9-5832197bba18.wav,1.0
22cb791b-2eba-480f-9eb3-69018bd25a04,coughvid_data/22cb791b-2eba-480f-9eb3-69018bd25a04.wav,coughvid_data/22cb791b-2eba-480f-9eb3-69018bd25a04.wav,1.0
847271bd-085f-4327-a68f-f1bc3727c739,coughvid_data/847271bd-085f-4327-a68f-f1bc3727c739.wav,coughvid_data/847271bd-085f-4327-a68f-f1bc3727c739.wav,1.0
63ffef1d-3e6e-4c3f-bafc-95f4fef722a3,coughvid_data/63ffef1d-3e6e-4c3f-bafc-95f4fef722a3.wav,coughvid_data/63ffef1d-3e6e-4c3f-bafc-95f4fef722a3.wav,1.0
963d6f80-f7e3-4f25-ab4d-3344be758524,coughvid_data/963d6f80-f7e3-4f25-ab4d-3344be758524.wav,coughvid_data/963d6f80-f7e3-4f25-ab4d-3344be758524.wav,1.0
bc86f85c-0b5d-48cf-9c7c-08712e4c21c2,coughvid_data/bc86f85c-0b5d-48cf-9c7c-08712e4c21c2.wav,coughvid_data/bc86f85c-0b5d-48cf-9c7c-08712e4c21c2.wav,1.0
fd701007-5279-4c88-bed2-a34fe93cd781,coughvid_data/fd701007-5279-4c88-bed2-a34fe93cd781.wav,coughvid_data/fd701007-5279-4c88-bed2-a34fe93cd781.wav,0.0
6843ace1-aec8-44cd-9007-74ef6a2239ad,coughvid_data/6843ace1-aec8-44cd-9007-74ef6a2239ad.wav,coughvid_data/6843ace1-aec8-44cd-9007-74ef6a2239ad.wav,1.0
457c65fd-5e28-41a6-be36-039a0d569972,coughvid_data/457c65fd-5e28-41a6-be36-039a0d569972.wav,coughvid_data/457c65fd-5e28-41a6-be36-039a0d569972.wav,0.0
85ea6e10-1d60-4d28-9166-9d04a1a8030f,coughvid_data/85ea6e10-1d60-4d28-9166-9d04a1a8030f.wav,coughvid_data/85ea6e10-1d60-4d28-9166-9d04a1a8030f.wav,0.0
5f58d52c-cba3-4f98-83f8-6769aa5bb1a0,coughvid_data/5f58d52c-cba3-4f98-83f8-6769aa5bb1a0.wav,coughvid_data/5f58d52c-cba3-4f98-83f8-6769aa5bb1a0.wav,0.0
027656f4-a35e-4e62-b7ab-98600952c0a0,coughvid_data/027656f4-a35e-4e62-b7ab-98600952c0a0.wav,coughvid_data/027656f4-a35e-4e62-b7ab-98600952c0a0.wav,0.0
d951091a-dff6-439e-92b9-5c53283800a7,coughvid_data/d951091a-dff6-439e-92b9-5c53283800a7.wav,coughvid_data/d951091a-dff6-439e-92b9-5c53283800a7.wav,0.0
c81e1537-7d39-4eee-94f4-7c39b8a8771d,coughvid_data/c81e1537-7d39-4eee-94f4-7c39b8a8771d.wav,coughvid_data/c81e1537-7d39-4eee-94f4-7c39b8a8771d.wav,0.0
acd5ce56-688d-434b-b693-f798c830dac6,coughvid_data/acd5ce56-688d-434b-b693-f798c830dac6.wav,coughvid_data/acd5ce56-688d-434b-b693-f798c830dac6.wav,0.0
664729c2-18aa-41cd-9419-77544bdf4e35,coughvid_data/664729c2-18aa-41cd-9419-77544bdf4e35.wav,coughvid_data/664729c2-18aa-41cd-9419-77544bdf4e35.wav,1.0
283c7b44-a854-45f1-ba1b-3c4457f9a79b,coughvid_data/283c7b44-a854-45f1-ba1b-3c4457f9a79b.wav,coughvid_data/283c7b44-a854-45f1-ba1b-3c4457f9a79b.wav,1.0
45bb4c42-6caa-429f-ac2a-e8e80f4d372e,coughvid_data/45bb4c42-6caa-429f-ac2a-e8e80f4d372e.wav,coughvid_data/45bb4c42-6caa-429f-ac2a-e8e80f4d372e.wav,0.0
f7bdbe37-e5a7-4ea5-a6c2-6b1c5a066695,coughvid_data/f7bdbe37-e5a7-4ea5-a6c2-6b1c5a066695.wav,coughvid_data/f7bdbe37-e5a7-4ea5-a6c2-6b1c5a066695.wav,1.0
5907f543-ff86-43ba-b78f-ce7272286c2e,coughvid_data/5907f543-ff86-43ba-b78f-ce7272286c2e.wav,coughvid_data/5907f543-ff86-43ba-b78f-ce7272286c2e.wav,0.0
05e45cc5-76b2-46d8-b260-93a7e6da9229,coughvid_data/05e45cc5-76b2-46d8-b260-93a7e6da9229.wav,coughvid_data/05e45cc5-76b2-46d8-b260-93a7e6da9229.wav,1.0
72af1dd5-618e-47f2-a11f-f3a61d9b396f,coughvid_data/72af1dd5-618e-47f2-a11f-f3a61d9b396f.wav,coughvid_data/72af1dd5-618e-47f2-a11f-f3a61d9b396f.wav,1.0
07ff4319-4b1c-4913-a69b-291482cb142a,coughvid_data/07ff4319-4b1c-4913-a69b-291482cb142a.wav,coughvid_data/07ff4319-4b1c-4913-a69b-291482cb142a.wav,1.0
69101dc9-dfd5-43b5-b063-54a2e634e021,coughvid_data/69101dc9-dfd5-43b5-b063-54a2e634e021.wav,coughvid_data/69101dc9-dfd5-43b5-b063-54a2e634e021.wav,1.0
72d63484-d2e3-4db1-81d9-d8d7ac678374,coughvid_data/72d63484-d2e3-4db1-81d9-d8d7ac678374.wav,coughvid_data/72d63484-d2e3-4db1-81d9-d8d7ac678374.wav,0.0
5bae630a-f270-4738-88f2-50a7db0e7877,coughvid_data/5bae630a-f270-4738-88f2-50a7db0e7877.wav,coughvid_data/5bae630a-f270-4738-88f2-50a7db0e7877.wav,0.0
e37e3365-e829-4eb6-bc52-96ea284f085d,coughvid_data/e37e3365-e829-4eb6-bc52-96ea284f085d.wav,coughvid_data/e37e3365-e829-4eb6-bc52-96ea284f085d.wav,1.0
871bb16b-2b71-4250-a2fe-1e1edd0c581c,coughvid_data/871bb16b-2b71-4250-a2fe-1e1edd0c581c.wav,coughvid_data/871bb16b-2b71-4250-a2fe-1e1edd0c581c.wav,1.0
98712f27-9ada-4b1d-a046-456636ad8536,coughvid_data/98712f27-9ada-4b1d-a046-456636ad8536.wav,coughvid_data/98712f27-9ada-4b1d-a046-456636ad8536.wav,0.0
933f439b-50fe-4273-9ede-e204b35cb712,coughvid_data/933f439b-50fe-4273-9ede-e204b35cb712.wav,coughvid_data/933f439b-50fe-4273-9ede-e204b35cb712.wav,1.0
08f05aa0-7c3d-40be-a8ae-ab6bc6d41be3,coughvid_data/08f05aa0-7c3d-40be-a8ae-ab6bc6d41be3.wav,coughvid_data/08f05aa0-7c3d-40be-a8ae-ab6bc6d41be3.wav,1.0
146144cb-ba2e-41fe-aed4-75835f0f268f,coughvid_data/146144cb-ba2e-41fe-aed4-75835f0f268f.wav,coughvid_data/146144cb-ba2e-41fe-aed4-75835f0f268f.wav,1.0
df9ae8aa-2e36-4779-9cc7-da144be12559,coughvid_data/df9ae8aa-2e36-4779-9cc7-da144be12559.wav,coughvid_data/df9ae8aa-2e36-4779-9cc7-da144be12559.wav,0.0
90f28d1b-16c3-48b6-9fc8-423da4b43f91,coughvid_data/90f28d1b-16c3-48b6-9fc8-423da4b43f91.wav,coughvid_data/90f28d1b-16c3-48b6-9fc8-423da4b43f91.wav,1.0
2297f45e-97f7-451e-9db2-a3cb16f5971b,coughvid_data/2297f45e-97f7-451e-9db2-a3cb16f5971b.wav,coughvid_data/2297f45e-97f7-451e-9db2-a3cb16f5971b.wav,1.0
7ec2a91b-0ed1-4e08-8015-11023dc96e95,coughvid_data/7ec2a91b-0ed1-4e08-8015-11023dc96e95.wav,coughvid_data/7ec2a91b-0ed1-4e08-8015-11023dc96e95.wav,0.0
6379829f-09df-4e4e-a518-d88393c16533,coughvid_data/6379829f-09df-4e4e-a518-d88393c16533.wav,coughvid_data/6379829f-09df-4e4e-a518-d88393c16533.wav,1.0
55c1a5f4-9af4-415b-9619-f706cc3d4528,coughvid_data/55c1a5f4-9af4-415b-9619-f706cc3d4528.wav,coughvid_data/55c1a5f4-9af4-415b-9619-f706cc3d4528.wav,1.0
f46c5215-8097-4891-bbd4-d4ac017c224c,coughvid_data/f46c5215-8097-4891-bbd4-d4ac017c224c.wav,coughvid_data/f46c5215-8097-4891-bbd4-d4ac017c224c.wav,1.0
6872c98d-ea51-42a7-a0e9-d62046b138db,coughvid_data/6872c98d-ea51-42a7-a0e9-d62046b138db.wav,coughvid_data/6872c98d-ea51-42a7-a0e9-d62046b138db.wav,1.0
9bc3a1bc-86e2-4be7-8a28-6f9fb63ea92a,coughvid_data/9bc3a1bc-86e2-4be7-8a28-6f9fb63ea92a.wav,coughvid_data/9bc3a1bc-86e2-4be7-8a28-6f9fb63ea92a.wav,1.0
564878c5-dc7a-4ffb-9f16-7be200797daf,coughvid_data/564878c5-dc7a-4ffb-9f16-7be200797daf.wav,coughvid_data/564878c5-dc7a-4ffb-9f16-7be200797daf.wav,0.0
33c2958c-170f-4df7-bf12-989e2d042b3b,coughvid_data/33c2958c-170f-4df7-bf12-989e2d042b3b.wav,coughvid_data/33c2958c-170f-4df7-bf12-989e2d042b3b.wav,1.0
2fdfca3c-e144-4b50-b02b-122e017364e5,coughvid_data/2fdfca3c-e144-4b50-b02b-122e017364e5.wav,coughvid_data/2fdfca3c-e144-4b50-b02b-122e017364e5.wav,0.0
6a9c5eba-f324-4b71-a7ee-e9a00d11c746,coughvid_data/6a9c5eba-f324-4b71-a7ee-e9a00d11c746.wav,coughvid_data/6a9c5eba-f324-4b71-a7ee-e9a00d11c746.wav,0.0
260481de-a2ee-42d8-aaaf-b316979c17de,coughvid_data/260481de-a2ee-42d8-aaaf-b316979c17de.wav,coughvid_data/260481de-a2ee-42d8-aaaf-b316979c17de.wav,0.0
a3531baa-d667-4ed5-bb5d-f64b0856a29c,coughvid_data/a3531baa-d667-4ed5-bb5d-f64b0856a29c.wav,coughvid_data/a3531baa-d667-4ed5-bb5d-f64b0856a29c.wav,0.0
9413e882-8b10-434d-9541-e9dd53aaa30d,coughvid_data/9413e882-8b10-434d-9541-e9dd53aaa30d.wav,coughvid_data/9413e882-8b10-434d-9541-e9dd53aaa30d.wav,0.0
f31e917a-8dbc-4e84-90f7-690a2189327c,coughvid_data/f31e917a-8dbc-4e84-90f7-690a2189327c.wav,coughvid_data/f31e917a-8dbc-4e84-90f7-690a2189327c.wav,0.0
5a6da70d-1721-407b-a185-19885e30ba0b,coughvid_data/5a6da70d-1721-407b-a185-19885e30ba0b.wav,coughvid_data/5a6da70d-1721-407b-a185-19885e30ba0b.wav,0.0
4623b2dd-98b8-4883-a201-9204b3853976,coughvid_data/4623b2dd-98b8-4883-a201-9204b3853976.wav,coughvid_data/4623b2dd-98b8-4883-a201-9204b3853976.wav,0.0
3adb1759-ff55-451d-861c-3f3eede19fd8,coughvid_data/3adb1759-ff55-451d-861c-3f3eede19fd8.wav,coughvid_data/3adb1759-ff55-451d-861c-3f3eede19fd8.wav,0.0
32606c74-5d0b-4071-9465-fa221b674669,coughvid_data/32606c74-5d0b-4071-9465-fa221b674669.wav,coughvid_data/32606c74-5d0b-4071-9465-fa221b674669.wav,1.0
13809f9d-3aab-4112-8abd-aec1f7d3f15f,coughvid_data/13809f9d-3aab-4112-8abd-aec1f7d3f15f.wav,coughvid_data/13809f9d-3aab-4112-8abd-aec1f7d3f15f.wav,0.0
7d116c5b-8bc3-440f-bb17-eb2c589a5b26,coughvid_data/7d116c5b-8bc3-440f-bb17-eb2c589a5b26.wav,coughvid_data/7d116c5b-8bc3-440f-bb17-eb2c589a5b26.wav,0.0
a3f6dc5e-e139-4c9c-b784-d803f45e90ef,coughvid_data/a3f6dc5e-e139-4c9c-b784-d803f45e90ef.wav,coughvid_data/a3f6dc5e-e139-4c9c-b784-d803f45e90ef.wav,1.0
b9b2116f-7111-42cd-833d-ede8c18b7cbd,coughvid_data/b9b2116f-7111-42cd-833d-ede8c18b7cbd.wav,coughvid_data/b9b2116f-7111-42cd-833d-ede8c18b7cbd.wav,0.0
0bd8feb8-2ed1-4fab-b240-c9699cadb67b,coughvid_data/0bd8feb8-2ed1-4fab-b240-c9699cadb67b.wav,coughvid_data/0bd8feb8-2ed1-4fab-b240-c9699cadb67b.wav,0.0
8874d16b-e1f0-424b-b478-d50a72dadcdb,coughvid_data/8874d16b-e1f0-424b-b478-d50a72dadcdb.wav,coughvid_data/8874d16b-e1f0-424b-b478-d50a72dadcdb.wav,1.0
afee3f11-7fef-409b-b624-522a8e1e865f,coughvid_data/afee3f11-7fef-409b-b624-522a8e1e865f.wav,coughvid_data/afee3f11-7fef-409b-b624-522a8e1e865f.wav,1.0
23d4e58d-c7e4-44d9-9f34-9889a6121f6c,coughvid_data/23d4e58d-c7e4-44d9-9f34-9889a6121f6c.wav,coughvid_data/23d4e58d-c7e4-44d9-9f34-9889a6121f6c.wav,0.0
21b5e67c-ebf1-44b9-af07-98fa9e9e2416,coughvid_data/21b5e67c-ebf1-44b9-af07-98fa9e9e2416.wav,coughvid_data/21b5e67c-ebf1-44b9-af07-98fa9e9e2416.wav,0.0
ee82b8a5-39ed-41da-a927-7be42bb86ec7,coughvid_data/ee82b8a5-39ed-41da-a927-7be42bb86ec7.wav,coughvid_data/ee82b8a5-39ed-41da-a927-7be42bb86ec7.wav,1.0
ff3a9572-ce3f-45e3-8284-df1be3111f9c,coughvid_data/ff3a9572-ce3f-45e3-8284-df1be3111f9c.wav,coughvid_data/ff3a9572-ce3f-45e3-8284-df1be3111f9c.wav,0.0
a35298c8-7145-4e9f-9291-cb5de535692d,coughvid_data/a35298c8-7145-4e9f-9291-cb5de535692d.wav,coughvid_data/a35298c8-7145-4e9f-9291-cb5de535692d.wav,1.0
3805f4d4-b822-4716-bfcf-08d4706794e8,coughvid_data/3805f4d4-b822-4716-bfcf-08d4706794e8.wav,coughvid_data/3805f4d4-b822-4716-bfcf-08d4706794e8.wav,0.0
669f42a2-9898-47b7-80e8-cf06deec8b01,coughvid_data/669f42a2-9898-47b7-80e8-cf06deec8b01.wav,coughvid_data/669f42a2-9898-47b7-80e8-cf06deec8b01.wav,0.0
647f8188-3b86-4a4c-a507-7d750eee5e50,coughvid_data/647f8188-3b86-4a4c-a507-7d750eee5e50.wav,coughvid_data/647f8188-3b86-4a4c-a507-7d750eee5e50.wav,0.0
13fcfeb8-7c13-4753-b191-60a2cc9e3ab0,coughvid_data/13fcfeb8-7c13-4753-b191-60a2cc9e3ab0.wav,coughvid_data/13fcfeb8-7c13-4753-b191-60a2cc9e3ab0.wav,1.0
60856641-c9ff-4ced-98a1-e91eb42dcb24,coughvid_data/60856641-c9ff-4ced-98a1-e91eb42dcb24.wav,coughvid_data/60856641-c9ff-4ced-98a1-e91eb42dcb24.wav,0.0
3fe070e7-f0b7-4961-8993-06c3705a2c74,coughvid_data/3fe070e7-f0b7-4961-8993-06c3705a2c74.wav,coughvid_data/3fe070e7-f0b7-4961-8993-06c3705a2c74.wav,0.0
de56597b-1229-4fd0-9781-c46681b35bb7,coughvid_data/de56597b-1229-4fd0-9781-c46681b35bb7.wav,coughvid_data/de56597b-1229-4fd0-9781-c46681b35bb7.wav,1.0
6208f70a-1cd0-4428-a68e-b3db1bc8abf7,coughvid_data/6208f70a-1cd0-4428-a68e-b3db1bc8abf7.wav,coughvid_data/6208f70a-1cd0-4428-a68e-b3db1bc8abf7.wav,1.0
c9aec158-7687-4673-8603-f40ac4ef25ca,coughvid_data/c9aec158-7687-4673-8603-f40ac4ef25ca.wav,coughvid_data/c9aec158-7687-4673-8603-f40ac4ef25ca.wav,1.0
173abfd6-cfc6-407e-b0fe-8799492d017e,coughvid_data/173abfd6-cfc6-407e-b0fe-8799492d017e.wav,coughvid_data/173abfd6-cfc6-407e-b0fe-8799492d017e.wav,0.0
05f1e301-619c-412e-8dee-8ebbadba6f12,coughvid_data/05f1e301-619c-412e-8dee-8ebbadba6f12.wav,coughvid_data/05f1e301-619c-412e-8dee-8ebbadba6f12.wav,0.0
fd5089a0-9fe7-4217-8f43-ab997896add3,coughvid_data/fd5089a0-9fe7-4217-8f43-ab997896add3.wav,coughvid_data/fd5089a0-9fe7-4217-8f43-ab997896add3.wav,1.0
a56db83e-d4fa-4729-ae3d-b2479aa2ec21,coughvid_data/a56db83e-d4fa-4729-ae3d-b2479aa2ec21.wav,coughvid_data/a56db83e-d4fa-4729-ae3d-b2479aa2ec21.wav,0.0
5786f296-ddde-4994-a98d-4d5687e92fda,coughvid_data/5786f296-ddde-4994-a98d-4d5687e92fda.wav,coughvid_data/5786f296-ddde-4994-a98d-4d5687e92fda.wav,0.0
d95447d6-707b-44be-abea-78d6e8bf66b8,coughvid_data/d95447d6-707b-44be-abea-78d6e8bf66b8.wav,coughvid_data/d95447d6-707b-44be-abea-78d6e8bf66b8.wav,0.0
5c185b75-c69b-4d1a-864a-d4934345f139,coughvid_data/5c185b75-c69b-4d1a-864a-d4934345f139.wav,coughvid_data/5c185b75-c69b-4d1a-864a-d4934345f139.wav,1.0
db044a11-1d57-4365-8364-1f73f5fb1bdf,coughvid_data/db044a11-1d57-4365-8364-1f73f5fb1bdf.wav,coughvid_data/db044a11-1d57-4365-8364-1f73f5fb1bdf.wav,1.0
9ecde756-5183-4151-aa11-f89f00045c3a,coughvid_data/9ecde756-5183-4151-aa11-f89f00045c3a.wav,coughvid_data/9ecde756-5183-4151-aa11-f89f00045c3a.wav,0.0
20c1ffd6-3a76-4408-86a2-d424e3123bdf,coughvid_data/20c1ffd6-3a76-4408-86a2-d424e3123bdf.wav,coughvid_data/20c1ffd6-3a76-4408-86a2-d424e3123bdf.wav,1.0
70bd76c5-bfc6-4a4d-9942-47588699c714,coughvid_data/70bd76c5-bfc6-4a4d-9942-47588699c714.wav,coughvid_data/70bd76c5-bfc6-4a4d-9942-47588699c714.wav,1.0
6595aafd-97cb-4c90-b305-af56a4f94b96,coughvid_data/6595aafd-97cb-4c90-b305-af56a4f94b96.wav,coughvid_data/6595aafd-97cb-4c90-b305-af56a4f94b96.wav,0.0
2680fdf6-af9a-4128-8eed-7441e30038a9,coughvid_data/2680fdf6-af9a-4128-8eed-7441e30038a9.wav,coughvid_data/2680fdf6-af9a-4128-8eed-7441e30038a9.wav,0.0
0f087b41-6e63-467c-a227-d92e47790a52,coughvid_data/0f087b41-6e63-467c-a227-d92e47790a52.wav,coughvid_data/0f087b41-6e63-467c-a227-d92e47790a52.wav,0.0
34003660-80f6-48dc-9aa3-a013601de384,coughvid_data/34003660-80f6-48dc-9aa3-a013601de384.wav,coughvid_data/34003660-80f6-48dc-9aa3-a013601de384.wav,1.0
33cabe90-525d-46bc-b371-d962c7c9e512,coughvid_data/33cabe90-525d-46bc-b371-d962c7c9e512.wav,coughvid_data/33cabe90-525d-46bc-b371-d962c7c9e512.wav,1.0
d5fb0a94-3660-4f83-b1ba-a9164e662200,coughvid_data/d5fb0a94-3660-4f83-b1ba-a9164e662200.wav,coughvid_data/d5fb0a94-3660-4f83-b1ba-a9164e662200.wav,0.0
ce127967-7608-4fb9-95f1-52750af4c080,coughvid_data/ce127967-7608-4fb9-95f1-52750af4c080.wav,coughvid_data/ce127967-7608-4fb9-95f1-52750af4c080.wav,0.0
4b46da7b-b391-45f6-925a-9aa31eb5b58a,coughvid_data/4b46da7b-b391-45f6-925a-9aa31eb5b58a.wav,coughvid_data/4b46da7b-b391-45f6-925a-9aa31eb5b58a.wav,1.0
12974c46-6f2e-4eae-981b-ce737e1d5e2b,coughvid_data/12974c46-6f2e-4eae-981b-ce737e1d5e2b.wav,coughvid_data/12974c46-6f2e-4eae-981b-ce737e1d5e2b.wav,0.0
87cb9c68-017e-4791-bca3-648a13ee3372,coughvid_data/87cb9c68-017e-4791-bca3-648a13ee3372.wav,coughvid_data/87cb9c68-017e-4791-bca3-648a13ee3372.wav,1.0
82beb7b8-25c3-464d-8542-b4b042786d7e,coughvid_data/82beb7b8-25c3-464d-8542-b4b042786d7e.wav,coughvid_data/82beb7b8-25c3-464d-8542-b4b042786d7e.wav,1.0
39cd0f61-e300-4e3b-a13b-0184538855c5,coughvid_data/39cd0f61-e300-4e3b-a13b-0184538855c5.wav,coughvid_data/39cd0f61-e300-4e3b-a13b-0184538855c5.wav,1.0
73c5291c-dfc5-4089-a8b6-c2aa1d5c45a4,coughvid_data/73c5291c-dfc5-4089-a8b6-c2aa1d5c45a4.wav,coughvid_data/73c5291c-dfc5-4089-a8b6-c2aa1d5c45a4.wav,0.0
ef4b6a97-ea03-4595-9f75-5c65389575a6,coughvid_data/ef4b6a97-ea03-4595-9f75-5c65389575a6.wav,coughvid_data/ef4b6a97-ea03-4595-9f75-5c65389575a6.wav,0.0
3f144fa4-5335-4726-93b8-2b4c1b2ed3f0,coughvid_data/3f144fa4-5335-4726-93b8-2b4c1b2ed3f0.wav,coughvid_data/3f144fa4-5335-4726-93b8-2b4c1b2ed3f0.wav,1.0
92b229ba-e8ee-46d5-9d35-7565c4265e75,coughvid_data/92b229ba-e8ee-46d5-9d35-7565c4265e75.wav,coughvid_data/92b229ba-e8ee-46d5-9d35-7565c4265e75.wav,0.0
141fc2b1-c66a-4747-903a-558d2f573f5e,coughvid_data/141fc2b1-c66a-4747-903a-558d2f573f5e.wav,coughvid_data/141fc2b1-c66a-4747-903a-558d2f573f5e.wav,1.0
8016f5c6-1849-4060-94d0-ff495dbea03a,coughvid_data/8016f5c6-1849-4060-94d0-ff495dbea03a.wav,coughvid_data/8016f5c6-1849-4060-94d0-ff495dbea03a.wav,1.0
abc767b9-3c85-4efc-8636-0547d2d52f96,coughvid_data/abc767b9-3c85-4efc-8636-0547d2d52f96.wav,coughvid_data/abc767b9-3c85-4efc-8636-0547d2d52f96.wav,1.0
54759903-74ab-4b6f-8534-f5cee2d27a39,coughvid_data/54759903-74ab-4b6f-8534-f5cee2d27a39.wav,coughvid_data/54759903-74ab-4b6f-8534-f5cee2d27a39.wav,0.0
b9d99213-e6c5-423f-9543-aeaf04b69138,coughvid_data/b9d99213-e6c5-423f-9543-aeaf04b69138.wav,coughvid_data/b9d99213-e6c5-423f-9543-aeaf04b69138.wav,0.0
b72d309f-a9b8-4815-86c1-ac642f3dc5f9,coughvid_data/b72d309f-a9b8-4815-86c1-ac642f3dc5f9.wav,coughvid_data/b72d309f-a9b8-4815-86c1-ac642f3dc5f9.wav,1.0
339c9824-9076-4ea4-b8ff-5ae4be6782ad,coughvid_data/339c9824-9076-4ea4-b8ff-5ae4be6782ad.wav,coughvid_data/339c9824-9076-4ea4-b8ff-5ae4be6782ad.wav,1.0
1cb73de3-156f-4203-83f1-d6c5f38e07e0,coughvid_data/1cb73de3-156f-4203-83f1-d6c5f38e07e0.wav,coughvid_data/1cb73de3-156f-4203-83f1-d6c5f38e07e0.wav,0.0
a25625cd-bd39-43b6-b0ce-ca64d519a3c8,coughvid_data/a25625cd-bd39-43b6-b0ce-ca64d519a3c8.wav,coughvid_data/a25625cd-bd39-43b6-b0ce-ca64d519a3c8.wav,0.0
d94ee617-6576-4364-8685-0001fe42bc79,coughvid_data/d94ee617-6576-4364-8685-0001fe42bc79.wav,coughvid_data/d94ee617-6576-4364-8685-0001fe42bc79.wav,1.0
5450b0a4-747c-4961-a22c-cf6c32b621dd,coughvid_data/5450b0a4-747c-4961-a22c-cf6c32b621dd.wav,coughvid_data/5450b0a4-747c-4961-a22c-cf6c32b621dd.wav,1.0
0c5cb34f-c2f1-4608-ac11-123751cf34f5,coughvid_data/0c5cb34f-c2f1-4608-ac11-123751cf34f5.wav,coughvid_data/0c5cb34f-c2f1-4608-ac11-123751cf34f5.wav,1.0
c4393c6c-412f-4f55-b417-9325337295c1,coughvid_data/c4393c6c-412f-4f55-b417-9325337295c1.wav,coughvid_data/c4393c6c-412f-4f55-b417-9325337295c1.wav,1.0
bff87c99-0a61-48e9-b0db-53e52fd793e8,coughvid_data/bff87c99-0a61-48e9-b0db-53e52fd793e8.wav,coughvid_data/bff87c99-0a61-48e9-b0db-53e52fd793e8.wav,0.0
491c7887-7b24-465c-8166-412dec6aaab4,coughvid_data/491c7887-7b24-465c-8166-412dec6aaab4.wav,coughvid_data/491c7887-7b24-465c-8166-412dec6aaab4.wav,1.0
3ebf0dec-26d1-4c21-95e6-b8aa7d0bc77a,coughvid_data/3ebf0dec-26d1-4c21-95e6-b8aa7d0bc77a.wav,coughvid_data/3ebf0dec-26d1-4c21-95e6-b8aa7d0bc77a.wav,1.0
aadeab9f-6d15-4bce-af9b-a199e41a5014,coughvid_data/aadeab9f-6d15-4bce-af9b-a199e41a5014.wav,coughvid_data/aadeab9f-6d15-4bce-af9b-a199e41a5014.wav,0.0
7147b3e7-3822-4ab0-8271-46d84618d7f8,coughvid_data/7147b3e7-3822-4ab0-8271-46d84618d7f8.wav,coughvid_data/7147b3e7-3822-4ab0-8271-46d84618d7f8.wav,1.0
4028c543-e016-4581-b693-52a0f39deda7,coughvid_data/4028c543-e016-4581-b693-52a0f39deda7.wav,coughvid_data/4028c543-e016-4581-b693-52a0f39deda7.wav,0.0
19b43ac5-2667-427a-8b3e-9582a7810402,coughvid_data/19b43ac5-2667-427a-8b3e-9582a7810402.wav,coughvid_data/19b43ac5-2667-427a-8b3e-9582a7810402.wav,0.0
0d7a7303-fe03-40d5-85a0-fae7ece97702,coughvid_data/0d7a7303-fe03-40d5-85a0-fae7ece97702.wav,coughvid_data/0d7a7303-fe03-40d5-85a0-fae7ece97702.wav,1.0
b9a9ef5d-675f-4fc9-ac0a-cb0dec581649,coughvid_data/b9a9ef5d-675f-4fc9-ac0a-cb0dec581649.wav,coughvid_data/b9a9ef5d-675f-4fc9-ac0a-cb0dec581649.wav,1.0
73a908c3-d556-4320-bea5-3ca3653b080e,coughvid_data/73a908c3-d556-4320-bea5-3ca3653b080e.wav,coughvid_data/73a908c3-d556-4320-bea5-3ca3653b080e.wav,0.0
e8f45f08-6e1d-4c06-ae96-ce9fe43c91d1,coughvid_data/e8f45f08-6e1d-4c06-ae96-ce9fe43c91d1.wav,coughvid_data/e8f45f08-6e1d-4c06-ae96-ce9fe43c91d1.wav,0.0
e6ba12b4-ffd4-4dab-9f5c-e0c5d042c5d3,coughvid_data/e6ba12b4-ffd4-4dab-9f5c-e0c5d042c5d3.wav,coughvid_data/e6ba12b4-ffd4-4dab-9f5c-e0c5d042c5d3.wav,1.0
3e340f8f-a554-4997-bb46-6f4f61a248ea,coughvid_data/3e340f8f-a554-4997-bb46-6f4f61a248ea.wav,coughvid_data/3e340f8f-a554-4997-bb46-6f4f61a248ea.wav,0.0
b4468748-e64e-43e2-9b91-d33d6c3f50c5,coughvid_data/b4468748-e64e-43e2-9b91-d33d6c3f50c5.wav,coughvid_data/b4468748-e64e-43e2-9b91-d33d6c3f50c5.wav,1.0
c9f148fd-e743-46bc-ae21-6d7c2d84cd40,coughvid_data/c9f148fd-e743-46bc-ae21-6d7c2d84cd40.wav,coughvid_data/c9f148fd-e743-46bc-ae21-6d7c2d84cd40.wav,0.0
ab27b681-d095-47d5-834e-31630018415b,coughvid_data/ab27b681-d095-47d5-834e-31630018415b.wav,coughvid_data/ab27b681-d095-47d5-834e-31630018415b.wav,1.0
df04e88c-9bbe-462f-bdb7-a980cbbd36db,coughvid_data/df04e88c-9bbe-462f-bdb7-a980cbbd36db.wav,coughvid_data/df04e88c-9bbe-462f-bdb7-a980cbbd36db.wav,1.0
7141462a-0091-433b-86b3-5afebcf33f5d,coughvid_data/7141462a-0091-433b-86b3-5afebcf33f5d.wav,coughvid_data/7141462a-0091-433b-86b3-5afebcf33f5d.wav,0.0
2d1d8b3f-4bfc-4bbd-b32e-1a033cba4cdb,coughvid_data/2d1d8b3f-4bfc-4bbd-b32e-1a033cba4cdb.wav,coughvid_data/2d1d8b3f-4bfc-4bbd-b32e-1a033cba4cdb.wav,0.0
2e704da6-e753-49cc-81da-b5030b5d8be9,coughvid_data/2e704da6-e753-49cc-81da-b5030b5d8be9.wav,coughvid_data/2e704da6-e753-49cc-81da-b5030b5d8be9.wav,0.0
56aba5f9-72ee-48bc-b435-716cfe0e54f3,coughvid_data/56aba5f9-72ee-48bc-b435-716cfe0e54f3.wav,coughvid_data/56aba5f9-72ee-48bc-b435-716cfe0e54f3.wav,0.0
01e2d3bf-89e2-495b-8ffa-ded94475b730,coughvid_data/01e2d3bf-89e2-495b-8ffa-ded94475b730.wav,coughvid_data/01e2d3bf-89e2-495b-8ffa-ded94475b730.wav,1.0
aae2e6da-3bac-4923-ac32-970b7aa4d2e7,coughvid_data/aae2e6da-3bac-4923-ac32-970b7aa4d2e7.wav,coughvid_data/aae2e6da-3bac-4923-ac32-970b7aa4d2e7.wav,0.0
5117f87f-8b9b-4458-b888-cc822c9bcbd5,coughvid_data/5117f87f-8b9b-4458-b888-cc822c9bcbd5.wav,coughvid_data/5117f87f-8b9b-4458-b888-cc822c9bcbd5.wav,1.0
13c5aa1a-5d66-48cb-9f34-d3cf362d86a7,coughvid_data/13c5aa1a-5d66-48cb-9f34-d3cf362d86a7.wav,coughvid_data/13c5aa1a-5d66-48cb-9f34-d3cf362d86a7.wav,0.0
8bca5df5-5abe-4453-bd96-6de92fc14ed5,coughvid_data/8bca5df5-5abe-4453-bd96-6de92fc14ed5.wav,coughvid_data/8bca5df5-5abe-4453-bd96-6de92fc14ed5.wav,1.0
9778129f-1a89-4232-9779-bf904fdafe5f,coughvid_data/9778129f-1a89-4232-9779-bf904fdafe5f.wav,coughvid_data/9778129f-1a89-4232-9779-bf904fdafe5f.wav,1.0
deaddfa6-ac89-461c-ab08-c531e2a296cd,coughvid_data/deaddfa6-ac89-461c-ab08-c531e2a296cd.wav,coughvid_data/deaddfa6-ac89-461c-ab08-c531e2a296cd.wav,1.0
508f4d72-a6f1-42dc-8fe8-10152953ebbb,coughvid_data/508f4d72-a6f1-42dc-8fe8-10152953ebbb.wav,coughvid_data/508f4d72-a6f1-42dc-8fe8-10152953ebbb.wav,0.0
b2ab5793-d329-4599-a55f-c2172fcfb94a,coughvid_data/b2ab5793-d329-4599-a55f-c2172fcfb94a.wav,coughvid_data/b2ab5793-d329-4599-a55f-c2172fcfb94a.wav,0.0
8c22a427-f9cb-42b9-83e9-86580121f063,coughvid_data/8c22a427-f9cb-42b9-83e9-86580121f063.wav,coughvid_data/8c22a427-f9cb-42b9-83e9-86580121f063.wav,1.0
3e48d239-b9e7-4dc1-b95a-4decd73e6dc2,coughvid_data/3e48d239-b9e7-4dc1-b95a-4decd73e6dc2.wav,coughvid_data/3e48d239-b9e7-4dc1-b95a-4decd73e6dc2.wav,0.0
1d7c1be1-d9eb-4005-9529-a6692cfdf7e3,coughvid_data/1d7c1be1-d9eb-4005-9529-a6692cfdf7e3.wav,coughvid_data/1d7c1be1-d9eb-4005-9529-a6692cfdf7e3.wav,1.0
fe9b4a39-c1ec-4969-819d-4c7768eee9b2,coughvid_data/fe9b4a39-c1ec-4969-819d-4c7768eee9b2.wav,coughvid_data/fe9b4a39-c1ec-4969-819d-4c7768eee9b2.wav,0.0
fe37dffc-9e18-4c14-ab3f-51d7c68c7f7d,coughvid_data/fe37dffc-9e18-4c14-ab3f-51d7c68c7f7d.wav,coughvid_data/fe37dffc-9e18-4c14-ab3f-51d7c68c7f7d.wav,0.0
179ba1a9-c17f-4711-948c-40a9484c884b,coughvid_data/179ba1a9-c17f-4711-948c-40a9484c884b.wav,coughvid_data/179ba1a9-c17f-4711-948c-40a9484c884b.wav,0.0
209f2ead-ce08-4686-8669-743013f32018,coughvid_data/209f2ead-ce08-4686-8669-743013f32018.wav,coughvid_data/209f2ead-ce08-4686-8669-743013f32018.wav,1.0
1937fa44-6d12-44db-9d36-9535a3a4cfd3,coughvid_data/1937fa44-6d12-44db-9d36-9535a3a4cfd3.wav,coughvid_data/1937fa44-6d12-44db-9d36-9535a3a4cfd3.wav,0.0
62643f31-a576-4279-907a-37382b40d1ab,coughvid_data/62643f31-a576-4279-907a-37382b40d1ab.wav,coughvid_data/62643f31-a576-4279-907a-37382b40d1ab.wav,0.0
fa22e1cf-4c6e-46ec-8a51-e64bb042bb5d,coughvid_data/fa22e1cf-4c6e-46ec-8a51-e64bb042bb5d.wav,coughvid_data/fa22e1cf-4c6e-46ec-8a51-e64bb042bb5d.wav,0.0
43e2f411-ed9b-4c70-8661-094f77e0d335,coughvid_data/43e2f411-ed9b-4c70-8661-094f77e0d335.wav,coughvid_data/43e2f411-ed9b-4c70-8661-094f77e0d335.wav,1.0
a21c1413-afe7-49cd-ba2a-550592d75984,coughvid_data/a21c1413-afe7-49cd-ba2a-550592d75984.wav,coughvid_data/a21c1413-afe7-49cd-ba2a-550592d75984.wav,0.0
d4b42a37-98b0-4bc2-91e3-3315e36a6d3b,coughvid_data/d4b42a37-98b0-4bc2-91e3-3315e36a6d3b.wav,coughvid_data/d4b42a37-98b0-4bc2-91e3-3315e36a6d3b.wav,1.0
aa391cb0-278a-4e99-9772-0e62573b8ff3,coughvid_data/aa391cb0-278a-4e99-9772-0e62573b8ff3.wav,coughvid_data/aa391cb0-278a-4e99-9772-0e62573b8ff3.wav,0.0
0e989f65-989f-4b9a-beb7-f56e2e8ac468,coughvid_data/0e989f65-989f-4b9a-beb7-f56e2e8ac468.wav,coughvid_data/0e989f65-989f-4b9a-beb7-f56e2e8ac468.wav,0.0
66f49cf0-60b0-42dc-a21c-de5df2011fde,coughvid_data/66f49cf0-60b0-42dc-a21c-de5df2011fde.wav,coughvid_data/66f49cf0-60b0-42dc-a21c-de5df2011fde.wav,0.0
f7c87d44-4ef1-4e99-864e-b6eb77a14943,coughvid_data/f7c87d44-4ef1-4e99-864e-b6eb77a14943.wav,coughvid_data/f7c87d44-4ef1-4e99-864e-b6eb77a14943.wav,1.0
da9400b0-573e-4f50-a799-dd4993e8326b,coughvid_data/da9400b0-573e-4f50-a799-dd4993e8326b.wav,coughvid_data/da9400b0-573e-4f50-a799-dd4993e8326b.wav,1.0
4fcf0262-b38d-438e-8253-c4f45d20071d,coughvid_data/4fcf0262-b38d-438e-8253-c4f45d20071d.wav,coughvid_data/4fcf0262-b38d-438e-8253-c4f45d20071d.wav,1.0
c21d160b-9232-4536-b210-72c285a31f1f,coughvid_data/c21d160b-9232-4536-b210-72c285a31f1f.wav,coughvid_data/c21d160b-9232-4536-b210-72c285a31f1f.wav,0.0
138b6a71-6ffc-44fa-9eee-d6c3a99a7d90,coughvid_data/138b6a71-6ffc-44fa-9eee-d6c3a99a7d90.wav,coughvid_data/138b6a71-6ffc-44fa-9eee-d6c3a99a7d90.wav,0.0
2f42e6dd-5338-43c8-9191-1a5cb4c50d3e,coughvid_data/2f42e6dd-5338-43c8-9191-1a5cb4c50d3e.wav,coughvid_data/2f42e6dd-5338-43c8-9191-1a5cb4c50d3e.wav,1.0
4ba2d6ee-b9fc-4d86-a9ae-a514ea0d1962,coughvid_data/4ba2d6ee-b9fc-4d86-a9ae-a514ea0d1962.wav,coughvid_data/4ba2d6ee-b9fc-4d86-a9ae-a514ea0d1962.wav,1.0
f9688164-8d99-47e1-b582-2acd283855eb,coughvid_data/f9688164-8d99-47e1-b582-2acd283855eb.wav,coughvid_data/f9688164-8d99-47e1-b582-2acd283855eb.wav,0.0
9a1767b2-a159-49d0-992e-e2fc410c4363,coughvid_data/9a1767b2-a159-49d0-992e-e2fc410c4363.wav,coughvid_data/9a1767b2-a159-49d0-992e-e2fc410c4363.wav,0.0
15a76022-8c40-4cca-b0a0-58f067bcf674,coughvid_data/15a76022-8c40-4cca-b0a0-58f067bcf674.wav,coughvid_data/15a76022-8c40-4cca-b0a0-58f067bcf674.wav,0.0
64f84fee-604a-4ef3-ad41-3749657aff28,coughvid_data/64f84fee-604a-4ef3-ad41-3749657aff28.wav,coughvid_data/64f84fee-604a-4ef3-ad41-3749657aff28.wav,1.0
1fed644e-a83a-44e8-9da4-ce8d9887f70f,coughvid_data/1fed644e-a83a-44e8-9da4-ce8d9887f70f.wav,coughvid_data/1fed644e-a83a-44e8-9da4-ce8d9887f70f.wav,0.0
ebdec77d-fc75-40ba-bdc3-2c82bb8a410e,coughvid_data/ebdec77d-fc75-40ba-bdc3-2c82bb8a410e.wav,coughvid_data/ebdec77d-fc75-40ba-bdc3-2c82bb8a410e.wav,1.0
05fb57ae-be1b-4879-9bf4-f7fe7493f20c,coughvid_data/05fb57ae-be1b-4879-9bf4-f7fe7493f20c.wav,coughvid_data/05fb57ae-be1b-4879-9bf4-f7fe7493f20c.wav,1.0
b689a94c-70d7-4fec-a237-b5ded63ca518,coughvid_data/b689a94c-70d7-4fec-a237-b5ded63ca518.wav,coughvid_data/b689a94c-70d7-4fec-a237-b5ded63ca518.wav,1.0
d0d91fc8-3884-482e-a6f7-f73fbb6154e3,coughvid_data/d0d91fc8-3884-482e-a6f7-f73fbb6154e3.wav,coughvid_data/d0d91fc8-3884-482e-a6f7-f73fbb6154e3.wav,1.0
0ad50dd1-46d4-4a99-a156-2c95a1c094d8,coughvid_data/0ad50dd1-46d4-4a99-a156-2c95a1c094d8.wav,coughvid_data/0ad50dd1-46d4-4a99-a156-2c95a1c094d8.wav,1.0
b6dcbac1-a13d-4ed5-8b43-730111be9f76,coughvid_data/b6dcbac1-a13d-4ed5-8b43-730111be9f76.wav,coughvid_data/b6dcbac1-a13d-4ed5-8b43-730111be9f76.wav,0.0
f88f7666-62f1-42b2-8300-86616db94942,coughvid_data/f88f7666-62f1-42b2-8300-86616db94942.wav,coughvid_data/f88f7666-62f1-42b2-8300-86616db94942.wav,1.0
652fb475-0ab2-4d25-874d-21fd06fe160b,coughvid_data/652fb475-0ab2-4d25-874d-21fd06fe160b.wav,coughvid_data/652fb475-0ab2-4d25-874d-21fd06fe160b.wav,1.0
8a9823a5-deb6-4eed-8ed1-dcae048ca5a7,coughvid_data/8a9823a5-deb6-4eed-8ed1-dcae048ca5a7.wav,coughvid_data/8a9823a5-deb6-4eed-8ed1-dcae048ca5a7.wav,0.0
bb79e00b-2706-43cf-86c2-a1c20392d407,coughvid_data/bb79e00b-2706-43cf-86c2-a1c20392d407.wav,coughvid_data/bb79e00b-2706-43cf-86c2-a1c20392d407.wav,1.0
b08f353c-1ab9-4369-8332-6cf01ef3f0d8,coughvid_data/b08f353c-1ab9-4369-8332-6cf01ef3f0d8.wav,coughvid_data/b08f353c-1ab9-4369-8332-6cf01ef3f0d8.wav,1.0
a9f2fbd6-26e3-49ad-b256-83801d5be193,coughvid_data/a9f2fbd6-26e3-49ad-b256-83801d5be193.wav,coughvid_data/a9f2fbd6-26e3-49ad-b256-83801d5be193.wav,1.0
2aee71a2-d37f-4039-ba35-5b14b9545908,coughvid_data/2aee71a2-d37f-4039-ba35-5b14b9545908.wav,coughvid_data/2aee71a2-d37f-4039-ba35-5b14b9545908.wav,1.0
e42eecdf-8e59-4f62-b890-b4a6d1990111,coughvid_data/e42eecdf-8e59-4f62-b890-b4a6d1990111.wav,coughvid_data/e42eecdf-8e59-4f62-b890-b4a6d1990111.wav,1.0
96537bfa-6b42-47b6-b4ee-ac3c7f823fb4,coughvid_data/96537bfa-6b42-47b6-b4ee-ac3c7f823fb4.wav,coughvid_data/96537bfa-6b42-47b6-b4ee-ac3c7f823fb4.wav,0.0
faf64569-a18c-4518-b784-9d4f96ff3bd1,coughvid_data/faf64569-a18c-4518-b784-9d4f96ff3bd1.wav,coughvid_data/faf64569-a18c-4518-b784-9d4f96ff3bd1.wav,0.0
498af8fb-04ed-4df6-aa15-22710f82db8e,coughvid_data/498af8fb-04ed-4df6-aa15-22710f82db8e.wav,coughvid_data/498af8fb-04ed-4df6-aa15-22710f82db8e.wav,0.0
3da4aabe-980b-4d47-b8f5-9eac44575330,coughvid_data/3da4aabe-980b-4d47-b8f5-9eac44575330.wav,coughvid_data/3da4aabe-980b-4d47-b8f5-9eac44575330.wav,0.0
3ecfeae9-b083-45f3-b67c-f4a797e5fc93,coughvid_data/3ecfeae9-b083-45f3-b67c-f4a797e5fc93.wav,coughvid_data/3ecfeae9-b083-45f3-b67c-f4a797e5fc93.wav,0.0
541da1c0-19f8-4791-a9dd-073fb60881cd,coughvid_data/541da1c0-19f8-4791-a9dd-073fb60881cd.wav,coughvid_data/541da1c0-19f8-4791-a9dd-073fb60881cd.wav,1.0
8821aa7c-d607-4f91-9f65-c0ae324aedd1,coughvid_data/8821aa7c-d607-4f91-9f65-c0ae324aedd1.wav,coughvid_data/8821aa7c-d607-4f91-9f65-c0ae324aedd1.wav,0.0
8af821f5-d39b-435b-94bf-21f69f63c7a0,coughvid_data/8af821f5-d39b-435b-94bf-21f69f63c7a0.wav,coughvid_data/8af821f5-d39b-435b-94bf-21f69f63c7a0.wav,1.0
6302b516-0789-4d08-bb68-3d05fabf2a7a,coughvid_data/6302b516-0789-4d08-bb68-3d05fabf2a7a.wav,coughvid_data/6302b516-0789-4d08-bb68-3d05fabf2a7a.wav,1.0
e47dee79-07f3-4a2d-8ea6-98bc4ed23262,coughvid_data/e47dee79-07f3-4a2d-8ea6-98bc4ed23262.wav,coughvid_data/e47dee79-07f3-4a2d-8ea6-98bc4ed23262.wav,1.0
ce8bba3c-5ac9-4559-af3e-9ce759e930fa,coughvid_data/ce8bba3c-5ac9-4559-af3e-9ce759e930fa.wav,coughvid_data/ce8bba3c-5ac9-4559-af3e-9ce759e930fa.wav,1.0
98c7fecb-26f5-4ff5-a3b5-b090948ad2fa,coughvid_data/98c7fecb-26f5-4ff5-a3b5-b090948ad2fa.wav,coughvid_data/98c7fecb-26f5-4ff5-a3b5-b090948ad2fa.wav,0.0
a76ac993-e0b9-4a10-a9af-88d7ab382fb5,coughvid_data/a76ac993-e0b9-4a10-a9af-88d7ab382fb5.wav,coughvid_data/a76ac993-e0b9-4a10-a9af-88d7ab382fb5.wav,1.0
97f19c02-d8b0-4cfd-89da-41b0fdab1c5b,coughvid_data/97f19c02-d8b0-4cfd-89da-41b0fdab1c5b.wav,coughvid_data/97f19c02-d8b0-4cfd-89da-41b0fdab1c5b.wav,1.0
90406831-3bec-4592-a3e5-f485658c9d95,coughvid_data/90406831-3bec-4592-a3e5-f485658c9d95.wav,coughvid_data/90406831-3bec-4592-a3e5-f485658c9d95.wav,1.0
4db85bd4-cc45-465c-b807-a62f5635887d,coughvid_data/4db85bd4-cc45-465c-b807-a62f5635887d.wav,coughvid_data/4db85bd4-cc45-465c-b807-a62f5635887d.wav,1.0
e87e14c9-8b65-45f5-93ea-c10868b6d87d,coughvid_data/e87e14c9-8b65-45f5-93ea-c10868b6d87d.wav,coughvid_data/e87e14c9-8b65-45f5-93ea-c10868b6d87d.wav,1.0
02aa80ef-a83b-477f-b01d-575651364b22,coughvid_data/02aa80ef-a83b-477f-b01d-575651364b22.wav,coughvid_data/02aa80ef-a83b-477f-b01d-575651364b22.wav,1.0
fd8baa75-b404-4d2a-9738-bf95afc8fbf0,coughvid_data/fd8baa75-b404-4d2a-9738-bf95afc8fbf0.wav,coughvid_data/fd8baa75-b404-4d2a-9738-bf95afc8fbf0.wav,1.0
5a742135-b985-4192-866b-a82301a0ddba,coughvid_data/5a742135-b985-4192-866b-a82301a0ddba.wav,coughvid_data/5a742135-b985-4192-866b-a82301a0ddba.wav,0.0
9821da28-7655-4736-abf8-4c89582e407f,coughvid_data/9821da28-7655-4736-abf8-4c89582e407f.wav,coughvid_data/9821da28-7655-4736-abf8-4c89582e407f.wav,1.0
3decfd39-f5a8-4e41-af6b-1fb89825f57f,coughvid_data/3decfd39-f5a8-4e41-af6b-1fb89825f57f.wav,coughvid_data/3decfd39-f5a8-4e41-af6b-1fb89825f57f.wav,0.0
2e77e6bc-941c-4077-b527-c2131b3e3ffe,coughvid_data/2e77e6bc-941c-4077-b527-c2131b3e3ffe.wav,coughvid_data/2e77e6bc-941c-4077-b527-c2131b3e3ffe.wav,1.0
8c070414-d2b7-4577-91a4-4ccc9f833636,coughvid_data/8c070414-d2b7-4577-91a4-4ccc9f833636.wav,coughvid_data/8c070414-d2b7-4577-91a4-4ccc9f833636.wav,1.0
533553f6-ddb3-4d32-b1b1-97ac826b9e0c,coughvid_data/533553f6-ddb3-4d32-b1b1-97ac826b9e0c.wav,coughvid_data/533553f6-ddb3-4d32-b1b1-97ac826b9e0c.wav,0.0
4bd1ce50-0148-497c-940e-0b49d63afef8,coughvid_data/4bd1ce50-0148-497c-940e-0b49d63afef8.wav,coughvid_data/4bd1ce50-0148-497c-940e-0b49d63afef8.wav,1.0
a8fa9200-3de2-4d1b-9986-e875b85f8a04,coughvid_data/a8fa9200-3de2-4d1b-9986-e875b85f8a04.wav,coughvid_data/a8fa9200-3de2-4d1b-9986-e875b85f8a04.wav,1.0
dfdd5aec-8ef6-485a-a739-90fb23921f2f,coughvid_data/dfdd5aec-8ef6-485a-a739-90fb23921f2f.wav,coughvid_data/dfdd5aec-8ef6-485a-a739-90fb23921f2f.wav,0.0
995c65b0-7af5-4c3f-bac5-9405749f6f59,coughvid_data/995c65b0-7af5-4c3f-bac5-9405749f6f59.wav,coughvid_data/995c65b0-7af5-4c3f-bac5-9405749f6f59.wav,1.0
e796cd70-ad1f-45c6-bcd7-73ab13b4bbde,coughvid_data/e796cd70-ad1f-45c6-bcd7-73ab13b4bbde.wav,coughvid_data/e796cd70-ad1f-45c6-bcd7-73ab13b4bbde.wav,1.0
e380ff9c-9ade-43c8-a9c1-c10b5e214543,coughvid_data/e380ff9c-9ade-43c8-a9c1-c10b5e214543.wav,coughvid_data/e380ff9c-9ade-43c8-a9c1-c10b5e214543.wav,0.0
3ad61f08-80f1-4576-ae32-f383e46dbe53,coughvid_data/3ad61f08-80f1-4576-ae32-f383e46dbe53.wav,coughvid_data/3ad61f08-80f1-4576-ae32-f383e46dbe53.wav,1.0
64cc5ee6-64c7-4d70-8878-cac808fb6d70,coughvid_data/64cc5ee6-64c7-4d70-8878-cac808fb6d70.wav,coughvid_data/64cc5ee6-64c7-4d70-8878-cac808fb6d70.wav,1.0
a0b2c39c-8a24-4984-aa0f-009f13a700c5,coughvid_data/a0b2c39c-8a24-4984-aa0f-009f13a700c5.wav,coughvid_data/a0b2c39c-8a24-4984-aa0f-009f13a700c5.wav,1.0
1e7cca25-88d5-4923-b36f-16cd70ca6641,coughvid_data/1e7cca25-88d5-4923-b36f-16cd70ca6641.wav,coughvid_data/1e7cca25-88d5-4923-b36f-16cd70ca6641.wav,1.0
83f5a0c2-7179-4944-b07d-192cdde4dbde,coughvid_data/83f5a0c2-7179-4944-b07d-192cdde4dbde.wav,coughvid_data/83f5a0c2-7179-4944-b07d-192cdde4dbde.wav,0.0
5630a122-f6a1-444c-9286-7b2dd536bae1,coughvid_data/5630a122-f6a1-444c-9286-7b2dd536bae1.wav,coughvid_data/5630a122-f6a1-444c-9286-7b2dd536bae1.wav,1.0
450ae1f5-1fbb-41f7-9a93-8c755cfaf46c,coughvid_data/450ae1f5-1fbb-41f7-9a93-8c755cfaf46c.wav,coughvid_data/450ae1f5-1fbb-41f7-9a93-8c755cfaf46c.wav,0.0
47f9c07b-bf3c-4fbc-a79f-2c0cda93f18e,coughvid_data/47f9c07b-bf3c-4fbc-a79f-2c0cda93f18e.wav,coughvid_data/47f9c07b-bf3c-4fbc-a79f-2c0cda93f18e.wav,0.0
f5d4e46f-38d8-4614-be78-2346d7099684,coughvid_data/f5d4e46f-38d8-4614-be78-2346d7099684.wav,coughvid_data/f5d4e46f-38d8-4614-be78-2346d7099684.wav,1.0
95c2af6d-4ed8-4626-88d0-27515a452ffe,coughvid_data/95c2af6d-4ed8-4626-88d0-27515a452ffe.wav,coughvid_data/95c2af6d-4ed8-4626-88d0-27515a452ffe.wav,1.0
5ef338ff-645f-4d67-8432-af4407c47a48,coughvid_data/5ef338ff-645f-4d67-8432-af4407c47a48.wav,coughvid_data/5ef338ff-645f-4d67-8432-af4407c47a48.wav,0.0
20b55391-2a53-44f1-b78e-8d1bb413f52e,coughvid_data/20b55391-2a53-44f1-b78e-8d1bb413f52e.wav,coughvid_data/20b55391-2a53-44f1-b78e-8d1bb413f52e.wav,1.0
31060a1c-8cfb-41f0-aa48-d9220e10e0f3,coughvid_data/31060a1c-8cfb-41f0-aa48-d9220e10e0f3.wav,coughvid_data/31060a1c-8cfb-41f0-aa48-d9220e10e0f3.wav,0.0
f3cce6a9-8a0b-418f-8cff-3e3eeb56a783,coughvid_data/f3cce6a9-8a0b-418f-8cff-3e3eeb56a783.wav,coughvid_data/f3cce6a9-8a0b-418f-8cff-3e3eeb56a783.wav,0.0
80fb2ca1-2153-4435-872d-87c5c93965bb,coughvid_data/80fb2ca1-2153-4435-872d-87c5c93965bb.wav,coughvid_data/80fb2ca1-2153-4435-872d-87c5c93965bb.wav,1.0
970abe6c-c23e-45e5-9283-473abd9d240f,coughvid_data/970abe6c-c23e-45e5-9283-473abd9d240f.wav,coughvid_data/970abe6c-c23e-45e5-9283-473abd9d240f.wav,1.0
39accc2e-5453-42fc-96c1-dae036c8b950,coughvid_data/39accc2e-5453-42fc-96c1-dae036c8b950.wav,coughvid_data/39accc2e-5453-42fc-96c1-dae036c8b950.wav,0.0
b6042fab-3011-4575-a85b-42694766adba,coughvid_data/b6042fab-3011-4575-a85b-42694766adba.wav,coughvid_data/b6042fab-3011-4575-a85b-42694766adba.wav,1.0
85df909f-e711-42cf-af0b-9519e15e9b4a,coughvid_data/85df909f-e711-42cf-af0b-9519e15e9b4a.wav,coughvid_data/85df909f-e711-42cf-af0b-9519e15e9b4a.wav,1.0
8614864e-7153-4a14-a2cd-67cafaa5491e,coughvid_data/8614864e-7153-4a14-a2cd-67cafaa5491e.wav,coughvid_data/8614864e-7153-4a14-a2cd-67cafaa5491e.wav,0.0
7756dd7f-1359-4d35-aa55-2d6dc13605f7,coughvid_data/7756dd7f-1359-4d35-aa55-2d6dc13605f7.wav,coughvid_data/7756dd7f-1359-4d35-aa55-2d6dc13605f7.wav,0.0
7bb6a605-97c6-4b4d-bc5b-0b6b5a7ef4dc,coughvid_data/7bb6a605-97c6-4b4d-bc5b-0b6b5a7ef4dc.wav,coughvid_data/7bb6a605-97c6-4b4d-bc5b-0b6b5a7ef4dc.wav,0.0
a25fd880-c122-4fd2-aa8d-e3fcb6d693c8,coughvid_data/a25fd880-c122-4fd2-aa8d-e3fcb6d693c8.wav,coughvid_data/a25fd880-c122-4fd2-aa8d-e3fcb6d693c8.wav,1.0
2ea4ce90-b051-4a6f-ad0a-01ce92e8b708,coughvid_data/2ea4ce90-b051-4a6f-ad0a-01ce92e8b708.wav,coughvid_data/2ea4ce90-b051-4a6f-ad0a-01ce92e8b708.wav,0.0
7e51bd4b-f189-40c2-bc19-e96ca474d7b8,coughvid_data/7e51bd4b-f189-40c2-bc19-e96ca474d7b8.wav,coughvid_data/7e51bd4b-f189-40c2-bc19-e96ca474d7b8.wav,1.0
27c2cc15-dd1e-455a-8bca-59794d2fe98f,coughvid_data/27c2cc15-dd1e-455a-8bca-59794d2fe98f.wav,coughvid_data/27c2cc15-dd1e-455a-8bca-59794d2fe98f.wav,1.0
eadcc4dd-54c3-4840-9210-f688df3cb55c,coughvid_data/eadcc4dd-54c3-4840-9210-f688df3cb55c.wav,coughvid_data/eadcc4dd-54c3-4840-9210-f688df3cb55c.wav,1.0
32ba514c-b6e5-45a5-a62d-a4555084e3ed,coughvid_data/32ba514c-b6e5-45a5-a62d-a4555084e3ed.wav,coughvid_data/32ba514c-b6e5-45a5-a62d-a4555084e3ed.wav,1.0
dc6e78a8-f64a-4745-9aeb-268603ea90e5,coughvid_data/dc6e78a8-f64a-4745-9aeb-268603ea90e5.wav,coughvid_data/dc6e78a8-f64a-4745-9aeb-268603ea90e5.wav,0.0
84ba3502-25af-4819-bd79-8a6da516a098,coughvid_data/84ba3502-25af-4819-bd79-8a6da516a098.wav,coughvid_data/84ba3502-25af-4819-bd79-8a6da516a098.wav,0.0
a193325b-6164-43c7-8c3a-ac979c3bbcaf,coughvid_data/a193325b-6164-43c7-8c3a-ac979c3bbcaf.wav,coughvid_data/a193325b-6164-43c7-8c3a-ac979c3bbcaf.wav,0.0
c9dcc861-d5ac-4400-86f5-d7b5f0420a2e,coughvid_data/c9dcc861-d5ac-4400-86f5-d7b5f0420a2e.wav,coughvid_data/c9dcc861-d5ac-4400-86f5-d7b5f0420a2e.wav,0.0
3b836238-3a41-4326-803b-a705b201d1f2,coughvid_data/3b836238-3a41-4326-803b-a705b201d1f2.wav,coughvid_data/3b836238-3a41-4326-803b-a705b201d1f2.wav,1.0
f3771057-f3da-42dc-a9fd-435a0153f6b0,coughvid_data/f3771057-f3da-42dc-a9fd-435a0153f6b0.wav,coughvid_data/f3771057-f3da-42dc-a9fd-435a0153f6b0.wav,1.0
bd2778b5-c82c-436f-a0f5-4e3209c6eed7,coughvid_data/bd2778b5-c82c-436f-a0f5-4e3209c6eed7.wav,coughvid_data/bd2778b5-c82c-436f-a0f5-4e3209c6eed7.wav,0.0
159b851c-7dd3-409d-9989-d88c2ec46d28,coughvid_data/159b851c-7dd3-409d-9989-d88c2ec46d28.wav,coughvid_data/159b851c-7dd3-409d-9989-d88c2ec46d28.wav,1.0
1ed0d5f2-e1b8-41d9-a975-5f5494f961fb,coughvid_data/1ed0d5f2-e1b8-41d9-a975-5f5494f961fb.wav,coughvid_data/1ed0d5f2-e1b8-41d9-a975-5f5494f961fb.wav,0.0
6f8af1b2-641b-43db-95d5-7f765b36e840,coughvid_data/6f8af1b2-641b-43db-95d5-7f765b36e840.wav,coughvid_data/6f8af1b2-641b-43db-95d5-7f765b36e840.wav,1.0
fbbcfc0f-786e-4954-9cc1-ccf21f06dac1,coughvid_data/fbbcfc0f-786e-4954-9cc1-ccf21f06dac1.wav,coughvid_data/fbbcfc0f-786e-4954-9cc1-ccf21f06dac1.wav,1.0
42b539ea-e79b-44be-9120-547092983cef,coughvid_data/42b539ea-e79b-44be-9120-547092983cef.wav,coughvid_data/42b539ea-e79b-44be-9120-547092983cef.wav,1.0
04174778-75d8-4a11-b599-59fb55ce19db,coughvid_data/04174778-75d8-4a11-b599-59fb55ce19db.wav,coughvid_data/04174778-75d8-4a11-b599-59fb55ce19db.wav,0.0
3543be30-3274-4c52-b148-d2d13c1548f2,coughvid_data/3543be30-3274-4c52-b148-d2d13c1548f2.wav,coughvid_data/3543be30-3274-4c52-b148-d2d13c1548f2.wav,1.0
1da83eed-ff3a-4584-a623-8152080bde71,coughvid_data/1da83eed-ff3a-4584-a623-8152080bde71.wav,coughvid_data/1da83eed-ff3a-4584-a623-8152080bde71.wav,0.0
e1eb27c0-9d15-4f4f-87d8-318c8f433e08,coughvid_data/e1eb27c0-9d15-4f4f-87d8-318c8f433e08.wav,coughvid_data/e1eb27c0-9d15-4f4f-87d8-318c8f433e08.wav,0.0
5908484c-5560-4573-bcd4-8c99c54f6317,coughvid_data/5908484c-5560-4573-bcd4-8c99c54f6317.wav,coughvid_data/5908484c-5560-4573-bcd4-8c99c54f6317.wav,0.0
df9c1dfe-867b-4326-ba31-c8fdfa8ece0e,coughvid_data/df9c1dfe-867b-4326-ba31-c8fdfa8ece0e.wav,coughvid_data/df9c1dfe-867b-4326-ba31-c8fdfa8ece0e.wav,1.0
2639edec-71d9-44e7-a82c-0a905bf60299,coughvid_data/2639edec-71d9-44e7-a82c-0a905bf60299.wav,coughvid_data/2639edec-71d9-44e7-a82c-0a905bf60299.wav,1.0
ec08f214-cb2d-4a42-b0ec-30a2136013e1,coughvid_data/ec08f214-cb2d-4a42-b0ec-30a2136013e1.wav,coughvid_data/ec08f214-cb2d-4a42-b0ec-30a2136013e1.wav,1.0
49fa8526-596b-4b5a-a495-f394765ae2e1,coughvid_data/49fa8526-596b-4b5a-a495-f394765ae2e1.wav,coughvid_data/49fa8526-596b-4b5a-a495-f394765ae2e1.wav,0.0
5dc33ac1-3794-41d3-88b1-d958ff71c6c0,coughvid_data/5dc33ac1-3794-41d3-88b1-d958ff71c6c0.wav,coughvid_data/5dc33ac1-3794-41d3-88b1-d958ff71c6c0.wav,1.0
0b95927c-201d-4967-8c25-615130d82a3d,coughvid_data/0b95927c-201d-4967-8c25-615130d82a3d.wav,coughvid_data/0b95927c-201d-4967-8c25-615130d82a3d.wav,1.0
d817742f-efbc-4bc4-aec0-ce46ffdc9b75,coughvid_data/d817742f-efbc-4bc4-aec0-ce46ffdc9b75.wav,coughvid_data/d817742f-efbc-4bc4-aec0-ce46ffdc9b75.wav,0.0
49c459d4-f439-4808-bd7e-9d39530f20b9,coughvid_data/49c459d4-f439-4808-bd7e-9d39530f20b9.wav,coughvid_data/49c459d4-f439-4808-bd7e-9d39530f20b9.wav,1.0
07bd3353-49b4-4bf7-8bbd-c2c891f5a0f2,coughvid_data/07bd3353-49b4-4bf7-8bbd-c2c891f5a0f2.wav,coughvid_data/07bd3353-49b4-4bf7-8bbd-c2c891f5a0f2.wav,0.0
9282d54a-abcd-4484-9a6f-9bdee695dc67,coughvid_data/9282d54a-abcd-4484-9a6f-9bdee695dc67.wav,coughvid_data/9282d54a-abcd-4484-9a6f-9bdee695dc67.wav,1.0
dcdeac52-d7da-416a-b954-1b9c7021d17b,coughvid_data/dcdeac52-d7da-416a-b954-1b9c7021d17b.wav,coughvid_data/dcdeac52-d7da-416a-b954-1b9c7021d17b.wav,0.0
983d7e7d-7e21-43a3-8b5b-801374c6b529,coughvid_data/983d7e7d-7e21-43a3-8b5b-801374c6b529.wav,coughvid_data/983d7e7d-7e21-43a3-8b5b-801374c6b529.wav,1.0
0d32d370-6dd0-458a-a575-b989008ede5a,coughvid_data/0d32d370-6dd0-458a-a575-b989008ede5a.wav,coughvid_data/0d32d370-6dd0-458a-a575-b989008ede5a.wav,1.0
1f2aa62b-8fb2-4c70-b1b3-8c5fabd436a1,coughvid_data/1f2aa62b-8fb2-4c70-b1b3-8c5fabd436a1.wav,coughvid_data/1f2aa62b-8fb2-4c70-b1b3-8c5fabd436a1.wav,0.0
ea86641c-dc3f-44f6-8dbb-06ce8ef90bfa,coughvid_data/ea86641c-dc3f-44f6-8dbb-06ce8ef90bfa.wav,coughvid_data/ea86641c-dc3f-44f6-8dbb-06ce8ef90bfa.wav,0.0
cd5d0388-c624-47b7-89a2-ab6deb383717,coughvid_data/cd5d0388-c624-47b7-89a2-ab6deb383717.wav,coughvid_data/cd5d0388-c624-47b7-89a2-ab6deb383717.wav,0.0
8c512d32-cd9f-4a31-bd1d-7eb5563b7b29,coughvid_data/8c512d32-cd9f-4a31-bd1d-7eb5563b7b29.wav,coughvid_data/8c512d32-cd9f-4a31-bd1d-7eb5563b7b29.wav,0.0
bba5da1d-281c-4dc6-8136-d4bbffa1faba,coughvid_data/bba5da1d-281c-4dc6-8136-d4bbffa1faba.wav,coughvid_data/bba5da1d-281c-4dc6-8136-d4bbffa1faba.wav,1.0
8bd2a5d8-c4e9-4c6a-b891-7ce838ddc3a2,coughvid_data/8bd2a5d8-c4e9-4c6a-b891-7ce838ddc3a2.wav,coughvid_data/8bd2a5d8-c4e9-4c6a-b891-7ce838ddc3a2.wav,0.0
1eff6dde-1550-42a8-89f3-968af39d25df,coughvid_data/1eff6dde-1550-42a8-89f3-968af39d25df.wav,coughvid_data/1eff6dde-1550-42a8-89f3-968af39d25df.wav,1.0
880a1a0d-5588-47b6-b504-1a1c4a0f0deb,coughvid_data/880a1a0d-5588-47b6-b504-1a1c4a0f0deb.wav,coughvid_data/880a1a0d-5588-47b6-b504-1a1c4a0f0deb.wav,0.0
55add438-3154-4e6c-aa9b-4a1f5395f4a3,coughvid_data/55add438-3154-4e6c-aa9b-4a1f5395f4a3.wav,coughvid_data/55add438-3154-4e6c-aa9b-4a1f5395f4a3.wav,0.0
ce98cf4f-aa0f-466f-b2c1-b64c5322fab2,coughvid_data/ce98cf4f-aa0f-466f-b2c1-b64c5322fab2.wav,coughvid_data/ce98cf4f-aa0f-466f-b2c1-b64c5322fab2.wav,1.0
3951f2b6-88a3-4419-a191-774fb50b918f,coughvid_data/3951f2b6-88a3-4419-a191-774fb50b918f.wav,coughvid_data/3951f2b6-88a3-4419-a191-774fb50b918f.wav,1.0
9210717d-05e6-40ef-b491-20001999a9eb,coughvid_data/9210717d-05e6-40ef-b491-20001999a9eb.wav,coughvid_data/9210717d-05e6-40ef-b491-20001999a9eb.wav,1.0
eff7d663-67fd-430b-8195-ac83b36a2638,coughvid_data/eff7d663-67fd-430b-8195-ac83b36a2638.wav,coughvid_data/eff7d663-67fd-430b-8195-ac83b36a2638.wav,1.0
d60a6f39-5f31-4cba-ac1b-4744c59ddeeb,coughvid_data/d60a6f39-5f31-4cba-ac1b-4744c59ddeeb.wav,coughvid_data/d60a6f39-5f31-4cba-ac1b-4744c59ddeeb.wav,0.0
544e1727-c5d9-42a2-b6be-d0d9beee62ca,coughvid_data/544e1727-c5d9-42a2-b6be-d0d9beee62ca.wav,coughvid_data/544e1727-c5d9-42a2-b6be-d0d9beee62ca.wav,0.0
98583073-e397-469e-8460-298a008a9806,coughvid_data/98583073-e397-469e-8460-298a008a9806.wav,coughvid_data/98583073-e397-469e-8460-298a008a9806.wav,0.0
cee20b3f-0b12-4f5e-9df1-212d50770af0,coughvid_data/cee20b3f-0b12-4f5e-9df1-212d50770af0.wav,coughvid_data/cee20b3f-0b12-4f5e-9df1-212d50770af0.wav,0.0
fb0efa4a-e4db-4895-93cc-fde322dd8c5e,coughvid_data/fb0efa4a-e4db-4895-93cc-fde322dd8c5e.wav,coughvid_data/fb0efa4a-e4db-4895-93cc-fde322dd8c5e.wav,0.0
b7da66b1-8bf8-4878-ae0e-6926f63da423,coughvid_data/b7da66b1-8bf8-4878-ae0e-6926f63da423.wav,coughvid_data/b7da66b1-8bf8-4878-ae0e-6926f63da423.wav,1.0
a4e3180a-b79e-402e-ad0e-4cab65cbcce3,coughvid_data/a4e3180a-b79e-402e-ad0e-4cab65cbcce3.wav,coughvid_data/a4e3180a-b79e-402e-ad0e-4cab65cbcce3.wav,0.0
8c671b99-16ff-4f47-b9c0-979163996cba,coughvid_data/8c671b99-16ff-4f47-b9c0-979163996cba.wav,coughvid_data/8c671b99-16ff-4f47-b9c0-979163996cba.wav,0.0
908024d7-aaea-4376-8830-54ecdd6f89f2,coughvid_data/908024d7-aaea-4376-8830-54ecdd6f89f2.wav,coughvid_data/908024d7-aaea-4376-8830-54ecdd6f89f2.wav,0.0
a241b033-3001-409a-9485-392195a6e650,coughvid_data/a241b033-3001-409a-9485-392195a6e650.wav,coughvid_data/a241b033-3001-409a-9485-392195a6e650.wav,0.0
2ec7bf7a-3b7f-4c65-ac3a-c3db445aa2f3,coughvid_data/2ec7bf7a-3b7f-4c65-ac3a-c3db445aa2f3.wav,coughvid_data/2ec7bf7a-3b7f-4c65-ac3a-c3db445aa2f3.wav,1.0
c8e83242-7ab8-4506-b2f3-74e3fc0dc016,coughvid_data/c8e83242-7ab8-4506-b2f3-74e3fc0dc016.wav,coughvid_data/c8e83242-7ab8-4506-b2f3-74e3fc0dc016.wav,1.0
d180820b-8ec3-4c4c-af58-a048dea208f0,coughvid_data/d180820b-8ec3-4c4c-af58-a048dea208f0.wav,coughvid_data/d180820b-8ec3-4c4c-af58-a048dea208f0.wav,1.0
322c9ea9-9a1e-4112-8666-23235b9977e4,coughvid_data/322c9ea9-9a1e-4112-8666-23235b9977e4.wav,coughvid_data/322c9ea9-9a1e-4112-8666-23235b9977e4.wav,1.0
0c56a842-e40b-4144-92c4-7d5a6a92b74d,coughvid_data/0c56a842-e40b-4144-92c4-7d5a6a92b74d.wav,coughvid_data/0c56a842-e40b-4144-92c4-7d5a6a92b74d.wav,0.0
d9cf8322-5d45-4327-95cc-0526844f2033,coughvid_data/d9cf8322-5d45-4327-95cc-0526844f2033.wav,coughvid_data/d9cf8322-5d45-4327-95cc-0526844f2033.wav,0.0
1f2baa98-3785-40d8-8cf0-ce91353b41c6,coughvid_data/1f2baa98-3785-40d8-8cf0-ce91353b41c6.wav,coughvid_data/1f2baa98-3785-40d8-8cf0-ce91353b41c6.wav,0.0
cf84438f-03a4-4a3e-90e7-2c8ae2370426,coughvid_data/cf84438f-03a4-4a3e-90e7-2c8ae2370426.wav,coughvid_data/cf84438f-03a4-4a3e-90e7-2c8ae2370426.wav,1.0
c529eb06-4710-414c-b4cf-efc748287c92,coughvid_data/c529eb06-4710-414c-b4cf-efc748287c92.wav,coughvid_data/c529eb06-4710-414c-b4cf-efc748287c92.wav,0.0
a5fa8c76-d33f-491e-a515-f64ceb00a016,coughvid_data/a5fa8c76-d33f-491e-a515-f64ceb00a016.wav,coughvid_data/a5fa8c76-d33f-491e-a515-f64ceb00a016.wav,1.0
0392fe28-aa22-4e1d-ba14-0c6f5fed03f0,coughvid_data/0392fe28-aa22-4e1d-ba14-0c6f5fed03f0.wav,coughvid_data/0392fe28-aa22-4e1d-ba14-0c6f5fed03f0.wav,1.0
3370d5eb-4cc5-4c65-987b-ebc9ac8caf5b,coughvid_data/3370d5eb-4cc5-4c65-987b-ebc9ac8caf5b.wav,coughvid_data/3370d5eb-4cc5-4c65-987b-ebc9ac8caf5b.wav,1.0
baeccca1-2fa3-4b6d-a99b-03ebd334f90e,coughvid_data/baeccca1-2fa3-4b6d-a99b-03ebd334f90e.wav,coughvid_data/baeccca1-2fa3-4b6d-a99b-03ebd334f90e.wav,1.0
5becba20-80e0-4bba-a1de-8c93b90d1fa5,coughvid_data/5becba20-80e0-4bba-a1de-8c93b90d1fa5.wav,coughvid_data/5becba20-80e0-4bba-a1de-8c93b90d1fa5.wav,1.0
7a3bc37c-7fba-4907-9d88-89d7736af025,coughvid_data/7a3bc37c-7fba-4907-9d88-89d7736af025.wav,coughvid_data/7a3bc37c-7fba-4907-9d88-89d7736af025.wav,0.0
f5d1d24e-13ed-46f6-9f68-516ae92414b7,coughvid_data/f5d1d24e-13ed-46f6-9f68-516ae92414b7.wav,coughvid_data/f5d1d24e-13ed-46f6-9f68-516ae92414b7.wav,1.0
f7dcfaaa-a03b-4d62-955b-15c4a6b8e461,coughvid_data/f7dcfaaa-a03b-4d62-955b-15c4a6b8e461.wav,coughvid_data/f7dcfaaa-a03b-4d62-955b-15c4a6b8e461.wav,0.0
cf97b7f8-de05-47f8-8a3c-d3ec1672d25f,coughvid_data/cf97b7f8-de05-47f8-8a3c-d3ec1672d25f.wav,coughvid_data/cf97b7f8-de05-47f8-8a3c-d3ec1672d25f.wav,1.0
be7e7539-c8c7-4ebb-ba74-38a471d99769,coughvid_data/be7e7539-c8c7-4ebb-ba74-38a471d99769.wav,coughvid_data/be7e7539-c8c7-4ebb-ba74-38a471d99769.wav,0.0
d181566a-0c5a-4572-b0b8-15271e2f306f,coughvid_data/d181566a-0c5a-4572-b0b8-15271e2f306f.wav,coughvid_data/d181566a-0c5a-4572-b0b8-15271e2f306f.wav,1.0
1fe79a36-5e5d-4649-9d19-be660fbfb3b4,coughvid_data/1fe79a36-5e5d-4649-9d19-be660fbfb3b4.wav,coughvid_data/1fe79a36-5e5d-4649-9d19-be660fbfb3b4.wav,1.0
56c9072e-e82c-4a00-acf1-a490b412f50b,coughvid_data/56c9072e-e82c-4a00-acf1-a490b412f50b.wav,coughvid_data/56c9072e-e82c-4a00-acf1-a490b412f50b.wav,1.0
64908128-cc23-4a01-b5ed-8694c8b5e71a,coughvid_data/64908128-cc23-4a01-b5ed-8694c8b5e71a.wav,coughvid_data/64908128-cc23-4a01-b5ed-8694c8b5e71a.wav,0.0
0c2c73ef-6e9d-4374-ac33-974d02911189,coughvid_data/0c2c73ef-6e9d-4374-ac33-974d02911189.wav,coughvid_data/0c2c73ef-6e9d-4374-ac33-974d02911189.wav,0.0
81bfd435-ee8d-4aef-8702-38c25b7cf4d8,coughvid_data/81bfd435-ee8d-4aef-8702-38c25b7cf4d8.wav,coughvid_data/81bfd435-ee8d-4aef-8702-38c25b7cf4d8.wav,0.0
404dab5b-f5a4-453c-a774-a9965bee8204,coughvid_data/404dab5b-f5a4-453c-a774-a9965bee8204.wav,coughvid_data/404dab5b-f5a4-453c-a774-a9965bee8204.wav,1.0
dc22b2f2-957d-4c5c-b866-42f80dd5ef29,coughvid_data/dc22b2f2-957d-4c5c-b866-42f80dd5ef29.wav,coughvid_data/dc22b2f2-957d-4c5c-b866-42f80dd5ef29.wav,1.0
8fe71a3d-5d8b-49f6-a2c7-c4981733815c,coughvid_data/8fe71a3d-5d8b-49f6-a2c7-c4981733815c.wav,coughvid_data/8fe71a3d-5d8b-49f6-a2c7-c4981733815c.wav,0.0
9e5e6520-3831-4fcf-8476-04d54fc7919d,coughvid_data/9e5e6520-3831-4fcf-8476-04d54fc7919d.wav,coughvid_data/9e5e6520-3831-4fcf-8476-04d54fc7919d.wav,1.0
8acc3f66-dba7-4eab-abc1-20a285c1f4ff,coughvid_data/8acc3f66-dba7-4eab-abc1-20a285c1f4ff.wav,coughvid_data/8acc3f66-dba7-4eab-abc1-20a285c1f4ff.wav,1.0
8c9a9252-478b-42fc-82e6-3280cfa7d913,coughvid_data/8c9a9252-478b-42fc-82e6-3280cfa7d913.wav,coughvid_data/8c9a9252-478b-42fc-82e6-3280cfa7d913.wav,0.0
5bce8aec-a3f0-470b-b3a7-fc5d7d87ac08,coughvid_data/5bce8aec-a3f0-470b-b3a7-fc5d7d87ac08.wav,coughvid_data/5bce8aec-a3f0-470b-b3a7-fc5d7d87ac08.wav,1.0
8967ab40-2fa8-46c5-aabe-7cd3e4a858d2,coughvid_data/8967ab40-2fa8-46c5-aabe-7cd3e4a858d2.wav,coughvid_data/8967ab40-2fa8-46c5-aabe-7cd3e4a858d2.wav,1.0
81ec9566-60bb-4cc2-819d-06fad37dd324,coughvid_data/81ec9566-60bb-4cc2-819d-06fad37dd324.wav,coughvid_data/81ec9566-60bb-4cc2-819d-06fad37dd324.wav,1.0
28387356-0c2a-48c2-89d7-de0f45f57bb9,coughvid_data/28387356-0c2a-48c2-89d7-de0f45f57bb9.wav,coughvid_data/28387356-0c2a-48c2-89d7-de0f45f57bb9.wav,1.0
af783891-89cd-4636-aba6-d13fc8862e0d,coughvid_data/af783891-89cd-4636-aba6-d13fc8862e0d.wav,coughvid_data/af783891-89cd-4636-aba6-d13fc8862e0d.wav,1.0
8a097871-46dc-4380-842d-914e36b87690,coughvid_data/8a097871-46dc-4380-842d-914e36b87690.wav,coughvid_data/8a097871-46dc-4380-842d-914e36b87690.wav,1.0
ef5a116f-fc01-43c4-901b-53accf660c8a,coughvid_data/ef5a116f-fc01-43c4-901b-53accf660c8a.wav,coughvid_data/ef5a116f-fc01-43c4-901b-53accf660c8a.wav,1.0
2ddbc682-d91b-4019-a71f-8c2716217791,coughvid_data/2ddbc682-d91b-4019-a71f-8c2716217791.wav,coughvid_data/2ddbc682-d91b-4019-a71f-8c2716217791.wav,0.0
882a3037-5b68-422c-9049-471162deca58,coughvid_data/882a3037-5b68-422c-9049-471162deca58.wav,coughvid_data/882a3037-5b68-422c-9049-471162deca58.wav,0.0
39cc5ffa-8f82-462f-9820-860a958d55af,coughvid_data/39cc5ffa-8f82-462f-9820-860a958d55af.wav,coughvid_data/39cc5ffa-8f82-462f-9820-860a958d55af.wav,0.0
a43fb8c0-829f-43c7-b0fa-3dfc2ac7cac5,coughvid_data/a43fb8c0-829f-43c7-b0fa-3dfc2ac7cac5.wav,coughvid_data/a43fb8c0-829f-43c7-b0fa-3dfc2ac7cac5.wav,1.0
84fa115c-4fef-4a65-ac46-2e9340c0e84c,coughvid_data/84fa115c-4fef-4a65-ac46-2e9340c0e84c.wav,coughvid_data/84fa115c-4fef-4a65-ac46-2e9340c0e84c.wav,0.0
c27d2dec-437d-46bd-b56e-90bc5774e856,coughvid_data/c27d2dec-437d-46bd-b56e-90bc5774e856.wav,coughvid_data/c27d2dec-437d-46bd-b56e-90bc5774e856.wav,0.0
eb62c8cc-b11a-40c6-b7cc-5049516bbcf9,coughvid_data/eb62c8cc-b11a-40c6-b7cc-5049516bbcf9.wav,coughvid_data/eb62c8cc-b11a-40c6-b7cc-5049516bbcf9.wav,0.0
da8e8a69-f253-4e82-bb52-2cf9a4142f86,coughvid_data/da8e8a69-f253-4e82-bb52-2cf9a4142f86.wav,coughvid_data/da8e8a69-f253-4e82-bb52-2cf9a4142f86.wav,1.0
d16cae0f-7eeb-455a-96dc-51b45e72c733,coughvid_data/d16cae0f-7eeb-455a-96dc-51b45e72c733.wav,coughvid_data/d16cae0f-7eeb-455a-96dc-51b45e72c733.wav,0.0
37ac823b-4e39-4e85-a6c1-5e1e79979a13,coughvid_data/37ac823b-4e39-4e85-a6c1-5e1e79979a13.wav,coughvid_data/37ac823b-4e39-4e85-a6c1-5e1e79979a13.wav,1.0
6c864f5a-5ebc-41d1-a187-f145ea925abf,coughvid_data/6c864f5a-5ebc-41d1-a187-f145ea925abf.wav,coughvid_data/6c864f5a-5ebc-41d1-a187-f145ea925abf.wav,1.0
dece12ed-fed3-4525-9915-407460a858b9,coughvid_data/dece12ed-fed3-4525-9915-407460a858b9.wav,coughvid_data/dece12ed-fed3-4525-9915-407460a858b9.wav,0.0
329e2f8d-fa19-46e7-9927-ef213be6a558,coughvid_data/329e2f8d-fa19-46e7-9927-ef213be6a558.wav,coughvid_data/329e2f8d-fa19-46e7-9927-ef213be6a558.wav,0.0
7f96d2de-8cc8-41bd-834d-b731b23facde,coughvid_data/7f96d2de-8cc8-41bd-834d-b731b23facde.wav,coughvid_data/7f96d2de-8cc8-41bd-834d-b731b23facde.wav,0.0
76e4b211-4bb0-4408-b26c-01ca5a786f57,coughvid_data/76e4b211-4bb0-4408-b26c-01ca5a786f57.wav,coughvid_data/76e4b211-4bb0-4408-b26c-01ca5a786f57.wav,1.0
92d5b616-f6e1-40f7-a411-cd16f0b96d94,coughvid_data/92d5b616-f6e1-40f7-a411-cd16f0b96d94.wav,coughvid_data/92d5b616-f6e1-40f7-a411-cd16f0b96d94.wav,1.0
bff46d09-6aae-4d5b-8c33-b7a6eec54c9f,coughvid_data/bff46d09-6aae-4d5b-8c33-b7a6eec54c9f.wav,coughvid_data/bff46d09-6aae-4d5b-8c33-b7a6eec54c9f.wav,1.0
de7b422a-c5cb-4b9a-9bbd-1c4545ead02c,coughvid_data/de7b422a-c5cb-4b9a-9bbd-1c4545ead02c.wav,coughvid_data/de7b422a-c5cb-4b9a-9bbd-1c4545ead02c.wav,1.0
07725e13-714a-43b7-816c-c29ec6e6d300,coughvid_data/07725e13-714a-43b7-816c-c29ec6e6d300.wav,coughvid_data/07725e13-714a-43b7-816c-c29ec6e6d300.wav,0.0
3e5c6df7-1588-4736-9cce-66a6b4708e2b,coughvid_data/3e5c6df7-1588-4736-9cce-66a6b4708e2b.wav,coughvid_data/3e5c6df7-1588-4736-9cce-66a6b4708e2b.wav,0.0
8bbce34c-7324-4a0b-b395-8f4fc2def061,coughvid_data/8bbce34c-7324-4a0b-b395-8f4fc2def061.wav,coughvid_data/8bbce34c-7324-4a0b-b395-8f4fc2def061.wav,0.0
bc2e5074-b95c-4f48-a706-4b172b5af014,coughvid_data/bc2e5074-b95c-4f48-a706-4b172b5af014.wav,coughvid_data/bc2e5074-b95c-4f48-a706-4b172b5af014.wav,0.0
f3e4334c-8a93-42f8-a261-5525ba4d431e,coughvid_data/f3e4334c-8a93-42f8-a261-5525ba4d431e.wav,coughvid_data/f3e4334c-8a93-42f8-a261-5525ba4d431e.wav,0.0
3cbd8ba3-7534-478f-904b-1c32eaed41d5,coughvid_data/3cbd8ba3-7534-478f-904b-1c32eaed41d5.wav,coughvid_data/3cbd8ba3-7534-478f-904b-1c32eaed41d5.wav,0.0
d025c079-0ff0-4922-b8d0-21a1dddcfdf4,coughvid_data/d025c079-0ff0-4922-b8d0-21a1dddcfdf4.wav,coughvid_data/d025c079-0ff0-4922-b8d0-21a1dddcfdf4.wav,0.0
93cd32ad-480e-4b10-8b2c-80eab474a8b8,coughvid_data/93cd32ad-480e-4b10-8b2c-80eab474a8b8.wav,coughvid_data/93cd32ad-480e-4b10-8b2c-80eab474a8b8.wav,0.0
73861269-8c31-4535-a788-0eaf87fb493e,coughvid_data/73861269-8c31-4535-a788-0eaf87fb493e.wav,coughvid_data/73861269-8c31-4535-a788-0eaf87fb493e.wav,0.0
805ca917-8545-4be1-90b5-d53e58f81c41,coughvid_data/805ca917-8545-4be1-90b5-d53e58f81c41.wav,coughvid_data/805ca917-8545-4be1-90b5-d53e58f81c41.wav,0.0
fb116eea-daad-41d0-a053-1797d52b7af9,coughvid_data/fb116eea-daad-41d0-a053-1797d52b7af9.wav,coughvid_data/fb116eea-daad-41d0-a053-1797d52b7af9.wav,0.0
2840b42e-fdea-4309-bd03-d037c549b1b8,coughvid_data/2840b42e-fdea-4309-bd03-d037c549b1b8.wav,coughvid_data/2840b42e-fdea-4309-bd03-d037c549b1b8.wav,1.0
1796e9dd-2cd1-4cce-b17f-f3ca743e54c5,coughvid_data/1796e9dd-2cd1-4cce-b17f-f3ca743e54c5.wav,coughvid_data/1796e9dd-2cd1-4cce-b17f-f3ca743e54c5.wav,1.0
22129ffe-8f9f-4663-8cea-14a6c0301f33,coughvid_data/22129ffe-8f9f-4663-8cea-14a6c0301f33.wav,coughvid_data/22129ffe-8f9f-4663-8cea-14a6c0301f33.wav,1.0
5ac60a58-ed8d-4b77-8338-fbefe993ad6e,coughvid_data/5ac60a58-ed8d-4b77-8338-fbefe993ad6e.wav,coughvid_data/5ac60a58-ed8d-4b77-8338-fbefe993ad6e.wav,1.0
52d87eb2-0ef6-4da5-80b7-5db3617fef3c,coughvid_data/52d87eb2-0ef6-4da5-80b7-5db3617fef3c.wav,coughvid_data/52d87eb2-0ef6-4da5-80b7-5db3617fef3c.wav,0.0
75e439f5-54c2-4f63-8958-2ae83a056ffb,coughvid_data/75e439f5-54c2-4f63-8958-2ae83a056ffb.wav,coughvid_data/75e439f5-54c2-4f63-8958-2ae83a056ffb.wav,1.0
94438c78-da09-4437-9a60-ce2224e2f438,coughvid_data/94438c78-da09-4437-9a60-ce2224e2f438.wav,coughvid_data/94438c78-da09-4437-9a60-ce2224e2f438.wav,1.0
f5368377-0c5a-4e0b-b570-84bb80ba8cb3,coughvid_data/f5368377-0c5a-4e0b-b570-84bb80ba8cb3.wav,coughvid_data/f5368377-0c5a-4e0b-b570-84bb80ba8cb3.wav,0.0
a8a89d91-6e08-4313-a5b7-0aaef7370280,coughvid_data/a8a89d91-6e08-4313-a5b7-0aaef7370280.wav,coughvid_data/a8a89d91-6e08-4313-a5b7-0aaef7370280.wav,1.0
460d4016-9901-44d2-9466-c86ecc3278d2,coughvid_data/460d4016-9901-44d2-9466-c86ecc3278d2.wav,coughvid_data/460d4016-9901-44d2-9466-c86ecc3278d2.wav,0.0
fc0a661c-ac51-4eba-8a8c-af97d5c8668a,coughvid_data/fc0a661c-ac51-4eba-8a8c-af97d5c8668a.wav,coughvid_data/fc0a661c-ac51-4eba-8a8c-af97d5c8668a.wav,0.0
90a1436e-2756-4f70-a458-b580f78315b3,coughvid_data/90a1436e-2756-4f70-a458-b580f78315b3.wav,coughvid_data/90a1436e-2756-4f70-a458-b580f78315b3.wav,0.0
2994b855-f374-449f-a813-742c8dd8767b,coughvid_data/2994b855-f374-449f-a813-742c8dd8767b.wav,coughvid_data/2994b855-f374-449f-a813-742c8dd8767b.wav,0.0
84b7a985-1ad1-4b7c-9774-d62371afee68,coughvid_data/84b7a985-1ad1-4b7c-9774-d62371afee68.wav,coughvid_data/84b7a985-1ad1-4b7c-9774-d62371afee68.wav,0.0
cf7f8667-7a28-46c7-8407-015b48351d5a,coughvid_data/cf7f8667-7a28-46c7-8407-015b48351d5a.wav,coughvid_data/cf7f8667-7a28-46c7-8407-015b48351d5a.wav,0.0
d4974245-1dc0-4843-a7f0-db77fd6b85ec,coughvid_data/d4974245-1dc0-4843-a7f0-db77fd6b85ec.wav,coughvid_data/d4974245-1dc0-4843-a7f0-db77fd6b85ec.wav,0.0
942a7fe0-5d26-405a-b412-1e18071efbf2,coughvid_data/942a7fe0-5d26-405a-b412-1e18071efbf2.wav,coughvid_data/942a7fe0-5d26-405a-b412-1e18071efbf2.wav,1.0
7eee19df-1c9f-4c21-a05e-f2454a2c3342,coughvid_data/7eee19df-1c9f-4c21-a05e-f2454a2c3342.wav,coughvid_data/7eee19df-1c9f-4c21-a05e-f2454a2c3342.wav,0.0
7f796fc4-89d2-4858-8994-3c2cc72097b6,coughvid_data/7f796fc4-89d2-4858-8994-3c2cc72097b6.wav,coughvid_data/7f796fc4-89d2-4858-8994-3c2cc72097b6.wav,1.0
ae1121b1-30c1-457a-abe0-0894ee35e5b4,coughvid_data/ae1121b1-30c1-457a-abe0-0894ee35e5b4.wav,coughvid_data/ae1121b1-30c1-457a-abe0-0894ee35e5b4.wav,1.0
671eaeae-1a24-4c37-81e6-31ea90b4b607,coughvid_data/671eaeae-1a24-4c37-81e6-31ea90b4b607.wav,coughvid_data/671eaeae-1a24-4c37-81e6-31ea90b4b607.wav,1.0
57ae59f0-0ace-46b9-b3b5-0eea2bc15750,coughvid_data/57ae59f0-0ace-46b9-b3b5-0eea2bc15750.wav,coughvid_data/57ae59f0-0ace-46b9-b3b5-0eea2bc15750.wav,1.0
484f99bb-2356-4c37-a667-4b74822637ed,coughvid_data/484f99bb-2356-4c37-a667-4b74822637ed.wav,coughvid_data/484f99bb-2356-4c37-a667-4b74822637ed.wav,1.0
2ef71a71-16c7-41a0-a491-795578d4bd9f,coughvid_data/2ef71a71-16c7-41a0-a491-795578d4bd9f.wav,coughvid_data/2ef71a71-16c7-41a0-a491-795578d4bd9f.wav,0.0
6b7399f7-0811-4764-8777-009d9e117c1b,coughvid_data/6b7399f7-0811-4764-8777-009d9e117c1b.wav,coughvid_data/6b7399f7-0811-4764-8777-009d9e117c1b.wav,1.0
8f71d0b4-c179-44a9-afb5-cc85047aca9d,coughvid_data/8f71d0b4-c179-44a9-afb5-cc85047aca9d.wav,coughvid_data/8f71d0b4-c179-44a9-afb5-cc85047aca9d.wav,1.0
fd478905-6f91-4350-ac33-0204f4b5ff97,coughvid_data/fd478905-6f91-4350-ac33-0204f4b5ff97.wav,coughvid_data/fd478905-6f91-4350-ac33-0204f4b5ff97.wav,0.0
c3cec81d-ff60-4b2b-a3ba-9ff86f268ea2,coughvid_data/c3cec81d-ff60-4b2b-a3ba-9ff86f268ea2.wav,coughvid_data/c3cec81d-ff60-4b2b-a3ba-9ff86f268ea2.wav,1.0
0efe8bf2-b0f6-4bc5-bf97-845bece2862f,coughvid_data/0efe8bf2-b0f6-4bc5-bf97-845bece2862f.wav,coughvid_data/0efe8bf2-b0f6-4bc5-bf97-845bece2862f.wav,0.0
f14621a9-1911-4d4e-a752-09eb0d7ecc12,coughvid_data/f14621a9-1911-4d4e-a752-09eb0d7ecc12.wav,coughvid_data/f14621a9-1911-4d4e-a752-09eb0d7ecc12.wav,0.0
b6c07ded-853d-41e0-a5d4-a2b9ef5ef849,coughvid_data/b6c07ded-853d-41e0-a5d4-a2b9ef5ef849.wav,coughvid_data/b6c07ded-853d-41e0-a5d4-a2b9ef5ef849.wav,1.0
0fb4cce5-c702-4403-9468-a407618b215f,coughvid_data/0fb4cce5-c702-4403-9468-a407618b215f.wav,coughvid_data/0fb4cce5-c702-4403-9468-a407618b215f.wav,1.0
025519ad-0a49-4a52-a06d-1529eaf3de39,coughvid_data/025519ad-0a49-4a52-a06d-1529eaf3de39.wav,coughvid_data/025519ad-0a49-4a52-a06d-1529eaf3de39.wav,1.0
a6bc1490-07f4-41d2-9c76-1d55f148f814,coughvid_data/a6bc1490-07f4-41d2-9c76-1d55f148f814.wav,coughvid_data/a6bc1490-07f4-41d2-9c76-1d55f148f814.wav,0.0
8bc15b61-a258-4e16-82ba-49c7f276b733,coughvid_data/8bc15b61-a258-4e16-82ba-49c7f276b733.wav,coughvid_data/8bc15b61-a258-4e16-82ba-49c7f276b733.wav,0.0
136689b5-36d9-4253-9331-64eaf63b2c10,coughvid_data/136689b5-36d9-4253-9331-64eaf63b2c10.wav,coughvid_data/136689b5-36d9-4253-9331-64eaf63b2c10.wav,0.0
246a4b5d-b461-4457-8731-6715a1eb4d85,coughvid_data/246a4b5d-b461-4457-8731-6715a1eb4d85.wav,coughvid_data/246a4b5d-b461-4457-8731-6715a1eb4d85.wav,0.0
fd8986fc-693b-4bea-b26d-c35612a37f2c,coughvid_data/fd8986fc-693b-4bea-b26d-c35612a37f2c.wav,coughvid_data/fd8986fc-693b-4bea-b26d-c35612a37f2c.wav,0.0
024cdc20-6630-406d-835b-4b0eb85fc8c0,coughvid_data/024cdc20-6630-406d-835b-4b0eb85fc8c0.wav,coughvid_data/024cdc20-6630-406d-835b-4b0eb85fc8c0.wav,1.0
6b265018-98b7-4e61-934a-74b2b0bebce9,coughvid_data/6b265018-98b7-4e61-934a-74b2b0bebce9.wav,coughvid_data/6b265018-98b7-4e61-934a-74b2b0bebce9.wav,1.0
a6738ce5-b5b3-4f1b-87b0-535415341369,coughvid_data/a6738ce5-b5b3-4f1b-87b0-535415341369.wav,coughvid_data/a6738ce5-b5b3-4f1b-87b0-535415341369.wav,1.0
e4407591-f872-46e8-ba60-f007daa6da4a,coughvid_data/e4407591-f872-46e8-ba60-f007daa6da4a.wav,coughvid_data/e4407591-f872-46e8-ba60-f007daa6da4a.wav,1.0
a60e1682-1dda-4bc7-ab05-8e881a8b867a,coughvid_data/a60e1682-1dda-4bc7-ab05-8e881a8b867a.wav,coughvid_data/a60e1682-1dda-4bc7-ab05-8e881a8b867a.wav,1.0
5ec7b81f-0243-493c-8f69-99261e05218b,coughvid_data/5ec7b81f-0243-493c-8f69-99261e05218b.wav,coughvid_data/5ec7b81f-0243-493c-8f69-99261e05218b.wav,1.0
897bbb5a-4c30-44b5-acba-2b80628f1c4e,coughvid_data/897bbb5a-4c30-44b5-acba-2b80628f1c4e.wav,coughvid_data/897bbb5a-4c30-44b5-acba-2b80628f1c4e.wav,0.0
d79ab008-36df-4a03-88a2-f4ce20ffd02e,coughvid_data/d79ab008-36df-4a03-88a2-f4ce20ffd02e.wav,coughvid_data/d79ab008-36df-4a03-88a2-f4ce20ffd02e.wav,1.0
b28a6912-0ff9-4aaa-9988-70f0bb9c9e4c,coughvid_data/b28a6912-0ff9-4aaa-9988-70f0bb9c9e4c.wav,coughvid_data/b28a6912-0ff9-4aaa-9988-70f0bb9c9e4c.wav,0.0
f96f2932-aa02-4798-b634-eafc7f064a4c,coughvid_data/f96f2932-aa02-4798-b634-eafc7f064a4c.wav,coughvid_data/f96f2932-aa02-4798-b634-eafc7f064a4c.wav,1.0
0a86795d-0149-4881-877b-5d60911cc057,coughvid_data/0a86795d-0149-4881-877b-5d60911cc057.wav,coughvid_data/0a86795d-0149-4881-877b-5d60911cc057.wav,0.0
25696cd8-b382-47da-8368-938963130673,coughvid_data/25696cd8-b382-47da-8368-938963130673.wav,coughvid_data/25696cd8-b382-47da-8368-938963130673.wav,0.0
aeeb1d92-98ee-4310-bce5-50b3e52e66b6,coughvid_data/aeeb1d92-98ee-4310-bce5-50b3e52e66b6.wav,coughvid_data/aeeb1d92-98ee-4310-bce5-50b3e52e66b6.wav,1.0
e7fd315c-5124-4c23-82a8-a3f4e55e1b29,coughvid_data/e7fd315c-5124-4c23-82a8-a3f4e55e1b29.wav,coughvid_data/e7fd315c-5124-4c23-82a8-a3f4e55e1b29.wav,0.0
5b0be374-28d0-4a16-b010-0c18a460a7d4,coughvid_data/5b0be374-28d0-4a16-b010-0c18a460a7d4.wav,coughvid_data/5b0be374-28d0-4a16-b010-0c18a460a7d4.wav,1.0
f5cc7bb5-e55f-4dab-81e1-bff5a3bcd4af,coughvid_data/f5cc7bb5-e55f-4dab-81e1-bff5a3bcd4af.wav,coughvid_data/f5cc7bb5-e55f-4dab-81e1-bff5a3bcd4af.wav,1.0
a8ec35e4-f1cf-40f9-b666-185196a5146b,coughvid_data/a8ec35e4-f1cf-40f9-b666-185196a5146b.wav,coughvid_data/a8ec35e4-f1cf-40f9-b666-185196a5146b.wav,1.0
415d2754-6584-4308-b619-d50482a87ff6,coughvid_data/415d2754-6584-4308-b619-d50482a87ff6.wav,coughvid_data/415d2754-6584-4308-b619-d50482a87ff6.wav,1.0
763daa74-2f14-4de4-9c3d-9b9b0347da58,coughvid_data/763daa74-2f14-4de4-9c3d-9b9b0347da58.wav,coughvid_data/763daa74-2f14-4de4-9c3d-9b9b0347da58.wav,1.0
39ab1e31-5954-4fb8-b613-7af2b569e298,coughvid_data/39ab1e31-5954-4fb8-b613-7af2b569e298.wav,coughvid_data/39ab1e31-5954-4fb8-b613-7af2b569e298.wav,1.0
3b3e57ea-100f-4013-9d0b-d4b5345749d7,coughvid_data/3b3e57ea-100f-4013-9d0b-d4b5345749d7.wav,coughvid_data/3b3e57ea-100f-4013-9d0b-d4b5345749d7.wav,1.0
71d3ba33-0b40-49b7-83f4-a07d112ed5b3,coughvid_data/71d3ba33-0b40-49b7-83f4-a07d112ed5b3.wav,coughvid_data/71d3ba33-0b40-49b7-83f4-a07d112ed5b3.wav,1.0
e722f42e-5058-4535-aab8-0b9c3fee2013,coughvid_data/e722f42e-5058-4535-aab8-0b9c3fee2013.wav,coughvid_data/e722f42e-5058-4535-aab8-0b9c3fee2013.wav,0.0
56c766fb-a7d8-42b9-96ff-80e137779d2a,coughvid_data/56c766fb-a7d8-42b9-96ff-80e137779d2a.wav,coughvid_data/56c766fb-a7d8-42b9-96ff-80e137779d2a.wav,0.0
33d70bec-ee86-46c1-a0f0-fcb03ba67fd7,coughvid_data/33d70bec-ee86-46c1-a0f0-fcb03ba67fd7.wav,coughvid_data/33d70bec-ee86-46c1-a0f0-fcb03ba67fd7.wav,0.0
c7c581b6-88c7-4402-a3d0-7db53022aeda,coughvid_data/c7c581b6-88c7-4402-a3d0-7db53022aeda.wav,coughvid_data/c7c581b6-88c7-4402-a3d0-7db53022aeda.wav,0.0
b66f495c-23e0-4d75-bc88-bc4b1f8a79d9,coughvid_data/b66f495c-23e0-4d75-bc88-bc4b1f8a79d9.wav,coughvid_data/b66f495c-23e0-4d75-bc88-bc4b1f8a79d9.wav,0.0
29da951d-745e-4eb2-a518-a243b0faac99,coughvid_data/29da951d-745e-4eb2-a518-a243b0faac99.wav,coughvid_data/29da951d-745e-4eb2-a518-a243b0faac99.wav,1.0
ef2e663d-14e8-4474-9ff3-f918ed7b5376,coughvid_data/ef2e663d-14e8-4474-9ff3-f918ed7b5376.wav,coughvid_data/ef2e663d-14e8-4474-9ff3-f918ed7b5376.wav,0.0
2a0a64ee-1750-451e-b52b-35fcf87ed005,coughvid_data/2a0a64ee-1750-451e-b52b-35fcf87ed005.wav,coughvid_data/2a0a64ee-1750-451e-b52b-35fcf87ed005.wav,1.0
542d2d6e-2572-432c-b298-a48688dd59d9,coughvid_data/542d2d6e-2572-432c-b298-a48688dd59d9.wav,coughvid_data/542d2d6e-2572-432c-b298-a48688dd59d9.wav,0.0
3c8e3e5a-d6f1-44c1-9b24-6686735ea2cc,coughvid_data/3c8e3e5a-d6f1-44c1-9b24-6686735ea2cc.wav,coughvid_data/3c8e3e5a-d6f1-44c1-9b24-6686735ea2cc.wav,0.0
3794c8e9-6024-4cef-ac55-7fa11d251977,coughvid_data/3794c8e9-6024-4cef-ac55-7fa11d251977.wav,coughvid_data/3794c8e9-6024-4cef-ac55-7fa11d251977.wav,0.0
cd3e5e6e-768a-4e9b-ba69-feff98ee6f79,coughvid_data/cd3e5e6e-768a-4e9b-ba69-feff98ee6f79.wav,coughvid_data/cd3e5e6e-768a-4e9b-ba69-feff98ee6f79.wav,1.0
dd45e3af-7d81-4db2-be9e-19faec5c7333,coughvid_data/dd45e3af-7d81-4db2-be9e-19faec5c7333.wav,coughvid_data/dd45e3af-7d81-4db2-be9e-19faec5c7333.wav,1.0
5f869c77-12a8-4af3-a140-c47e31b97030,coughvid_data/5f869c77-12a8-4af3-a140-c47e31b97030.wav,coughvid_data/5f869c77-12a8-4af3-a140-c47e31b97030.wav,1.0
30e33d31-b97e-42fb-9b6a-25b6b88f8cee,coughvid_data/30e33d31-b97e-42fb-9b6a-25b6b88f8cee.wav,coughvid_data/30e33d31-b97e-42fb-9b6a-25b6b88f8cee.wav,0.0
9d99f648-ba56-41d3-ad1f-647f56bea0fc,coughvid_data/9d99f648-ba56-41d3-ad1f-647f56bea0fc.wav,coughvid_data/9d99f648-ba56-41d3-ad1f-647f56bea0fc.wav,1.0
cee25a22-9017-4f44-9f20-f764def0181f,coughvid_data/cee25a22-9017-4f44-9f20-f764def0181f.wav,coughvid_data/cee25a22-9017-4f44-9f20-f764def0181f.wav,0.0
1a496dea-1bd3-412e-af9e-09799afcad72,coughvid_data/1a496dea-1bd3-412e-af9e-09799afcad72.wav,coughvid_data/1a496dea-1bd3-412e-af9e-09799afcad72.wav,1.0
7e50178b-b44a-4f6f-a70b-989b2e766d5e,coughvid_data/7e50178b-b44a-4f6f-a70b-989b2e766d5e.wav,coughvid_data/7e50178b-b44a-4f6f-a70b-989b2e766d5e.wav,0.0
ba21cefd-7209-47e8-87ff-e12e3d0ed4dc,coughvid_data/ba21cefd-7209-47e8-87ff-e12e3d0ed4dc.wav,coughvid_data/ba21cefd-7209-47e8-87ff-e12e3d0ed4dc.wav,1.0
9c3ab361-a336-4975-b8e6-e59c476180a8,coughvid_data/9c3ab361-a336-4975-b8e6-e59c476180a8.wav,coughvid_data/9c3ab361-a336-4975-b8e6-e59c476180a8.wav,1.0
678e269e-4340-4b56-ab4f-8b5240535463,coughvid_data/678e269e-4340-4b56-ab4f-8b5240535463.wav,coughvid_data/678e269e-4340-4b56-ab4f-8b5240535463.wav,1.0
736c75a3-5c00-48ee-bf7b-a6571d16332a,coughvid_data/736c75a3-5c00-48ee-bf7b-a6571d16332a.wav,coughvid_data/736c75a3-5c00-48ee-bf7b-a6571d16332a.wav,1.0
04072756-d782-4880-ae30-3c1057484993,coughvid_data/04072756-d782-4880-ae30-3c1057484993.wav,coughvid_data/04072756-d782-4880-ae30-3c1057484993.wav,1.0
bed17bfe-d49d-44a1-a3d1-40ae3249ec52,coughvid_data/bed17bfe-d49d-44a1-a3d1-40ae3249ec52.wav,coughvid_data/bed17bfe-d49d-44a1-a3d1-40ae3249ec52.wav,1.0
e0712f6f-23da-47ce-9773-7a6ab62e9c96,coughvid_data/e0712f6f-23da-47ce-9773-7a6ab62e9c96.wav,coughvid_data/e0712f6f-23da-47ce-9773-7a6ab62e9c96.wav,0.0
e50dd687-dd3f-45c9-bdb5-79252163f736,coughvid_data/e50dd687-dd3f-45c9-bdb5-79252163f736.wav,coughvid_data/e50dd687-dd3f-45c9-bdb5-79252163f736.wav,1.0
a1389436-c112-475e-ba35-3cf8e663267e,coughvid_data/a1389436-c112-475e-ba35-3cf8e663267e.wav,coughvid_data/a1389436-c112-475e-ba35-3cf8e663267e.wav,1.0
6d7bcae6-82fd-406c-b113-8b404a1ed999,coughvid_data/6d7bcae6-82fd-406c-b113-8b404a1ed999.wav,coughvid_data/6d7bcae6-82fd-406c-b113-8b404a1ed999.wav,0.0
96f48215-18a5-4fd5-8bc9-82ef92695298,coughvid_data/96f48215-18a5-4fd5-8bc9-82ef92695298.wav,coughvid_data/96f48215-18a5-4fd5-8bc9-82ef92695298.wav,1.0
77676b62-fd2f-428d-9e10-2e5505d0da99,coughvid_data/77676b62-fd2f-428d-9e10-2e5505d0da99.wav,coughvid_data/77676b62-fd2f-428d-9e10-2e5505d0da99.wav,1.0
86ffa452-28b6-4a82-a86c-49639c1a8289,coughvid_data/86ffa452-28b6-4a82-a86c-49639c1a8289.wav,coughvid_data/86ffa452-28b6-4a82-a86c-49639c1a8289.wav,1.0
39c5b15b-4aaa-4719-b2c5-890591b7a4d7,coughvid_data/39c5b15b-4aaa-4719-b2c5-890591b7a4d7.wav,coughvid_data/39c5b15b-4aaa-4719-b2c5-890591b7a4d7.wav,0.0
4c7d32a9-1dbf-4292-89ec-784566daa796,coughvid_data/4c7d32a9-1dbf-4292-89ec-784566daa796.wav,coughvid_data/4c7d32a9-1dbf-4292-89ec-784566daa796.wav,0.0
ad6aaff5-5ec8-4696-9d23-c1ea21272737,coughvid_data/ad6aaff5-5ec8-4696-9d23-c1ea21272737.wav,coughvid_data/ad6aaff5-5ec8-4696-9d23-c1ea21272737.wav,1.0
ce37a457-88f8-4fdf-8099-362fefa4dd2f,coughvid_data/ce37a457-88f8-4fdf-8099-362fefa4dd2f.wav,coughvid_data/ce37a457-88f8-4fdf-8099-362fefa4dd2f.wav,0.0
1b1caac9-c0b1-4ab4-a873-a87fec40355a,coughvid_data/1b1caac9-c0b1-4ab4-a873-a87fec40355a.wav,coughvid_data/1b1caac9-c0b1-4ab4-a873-a87fec40355a.wav,1.0
e7eaf977-5172-4dea-b4f3-7cada84aea30,coughvid_data/e7eaf977-5172-4dea-b4f3-7cada84aea30.wav,coughvid_data/e7eaf977-5172-4dea-b4f3-7cada84aea30.wav,0.0
c445b796-2484-41f9-8f1d-cdf6ada2c7b1,coughvid_data/c445b796-2484-41f9-8f1d-cdf6ada2c7b1.wav,coughvid_data/c445b796-2484-41f9-8f1d-cdf6ada2c7b1.wav,1.0
e65023b2-90e2-4ff2-b79d-1af0803bd936,coughvid_data/e65023b2-90e2-4ff2-b79d-1af0803bd936.wav,coughvid_data/e65023b2-90e2-4ff2-b79d-1af0803bd936.wav,0.0
55645288-5bfc-43b4-808a-449678438122,coughvid_data/55645288-5bfc-43b4-808a-449678438122.wav,coughvid_data/55645288-5bfc-43b4-808a-449678438122.wav,1.0
fe6ea5bf-df92-45c3-86b4-777b0a27b77a,coughvid_data/fe6ea5bf-df92-45c3-86b4-777b0a27b77a.wav,coughvid_data/fe6ea5bf-df92-45c3-86b4-777b0a27b77a.wav,0.0
2141bff3-f3b1-4cfb-8c8a-159e115ba642,coughvid_data/2141bff3-f3b1-4cfb-8c8a-159e115ba642.wav,coughvid_data/2141bff3-f3b1-4cfb-8c8a-159e115ba642.wav,1.0
2a2aff9c-0d99-4285-8cda-3d567cbc00ef,coughvid_data/2a2aff9c-0d99-4285-8cda-3d567cbc00ef.wav,coughvid_data/2a2aff9c-0d99-4285-8cda-3d567cbc00ef.wav,0.0
5e5bbcfe-9901-4fd8-9be7-d51ea7251cbe,coughvid_data/5e5bbcfe-9901-4fd8-9be7-d51ea7251cbe.wav,coughvid_data/5e5bbcfe-9901-4fd8-9be7-d51ea7251cbe.wav,1.0
e45bc234-c65c-4b2a-aab8-2ff216467f4d,coughvid_data/e45bc234-c65c-4b2a-aab8-2ff216467f4d.wav,coughvid_data/e45bc234-c65c-4b2a-aab8-2ff216467f4d.wav,0.0
dbcc6cfe-045c-4b9f-b890-23f598a9e6f2,coughvid_data/dbcc6cfe-045c-4b9f-b890-23f598a9e6f2.wav,coughvid_data/dbcc6cfe-045c-4b9f-b890-23f598a9e6f2.wav,1.0
5057d4df-d317-4dc8-8418-cd8283617d2c,coughvid_data/5057d4df-d317-4dc8-8418-cd8283617d2c.wav,coughvid_data/5057d4df-d317-4dc8-8418-cd8283617d2c.wav,0.0
615269dd-e12b-4ffd-88cb-2f67dc840302,coughvid_data/615269dd-e12b-4ffd-88cb-2f67dc840302.wav,coughvid_data/615269dd-e12b-4ffd-88cb-2f67dc840302.wav,0.0
25f24718-13ca-4477-9067-8c0e62d682a0,coughvid_data/25f24718-13ca-4477-9067-8c0e62d682a0.wav,coughvid_data/25f24718-13ca-4477-9067-8c0e62d682a0.wav,0.0
66b18f36-c181-4fe3-8bdc-a730f0a31d25,coughvid_data/66b18f36-c181-4fe3-8bdc-a730f0a31d25.wav,coughvid_data/66b18f36-c181-4fe3-8bdc-a730f0a31d25.wav,0.0
8da6b852-32ea-4b20-a4b8-0b355ea3172d,coughvid_data/8da6b852-32ea-4b20-a4b8-0b355ea3172d.wav,coughvid_data/8da6b852-32ea-4b20-a4b8-0b355ea3172d.wav,0.0
e4b07c35-cd42-47fb-a5cb-f6dbca745d6b,coughvid_data/e4b07c35-cd42-47fb-a5cb-f6dbca745d6b.wav,coughvid_data/e4b07c35-cd42-47fb-a5cb-f6dbca745d6b.wav,0.0
b65016fa-d89f-49c5-a959-75efcbba5fd3,coughvid_data/b65016fa-d89f-49c5-a959-75efcbba5fd3.wav,coughvid_data/b65016fa-d89f-49c5-a959-75efcbba5fd3.wav,1.0
397682b7-7438-46e9-8acc-bce76d78a366,coughvid_data/397682b7-7438-46e9-8acc-bce76d78a366.wav,coughvid_data/397682b7-7438-46e9-8acc-bce76d78a366.wav,0.0
01208e5c-5338-4f1b-b8c6-41c049e40d90,coughvid_data/01208e5c-5338-4f1b-b8c6-41c049e40d90.wav,coughvid_data/01208e5c-5338-4f1b-b8c6-41c049e40d90.wav,1.0
7441ef6b-ec30-475a-b852-d6d75d2a3178,coughvid_data/7441ef6b-ec30-475a-b852-d6d75d2a3178.wav,coughvid_data/7441ef6b-ec30-475a-b852-d6d75d2a3178.wav,0.0
eedb1489-a918-4cdc-a871-223c4dc71693,coughvid_data/eedb1489-a918-4cdc-a871-223c4dc71693.wav,coughvid_data/eedb1489-a918-4cdc-a871-223c4dc71693.wav,0.0
35aab094-6891-49d1-85ce-addd51fc0460,coughvid_data/35aab094-6891-49d1-85ce-addd51fc0460.wav,coughvid_data/35aab094-6891-49d1-85ce-addd51fc0460.wav,0.0
79327978-b9dc-44cf-8497-0adc7d4e3bbe,coughvid_data/79327978-b9dc-44cf-8497-0adc7d4e3bbe.wav,coughvid_data/79327978-b9dc-44cf-8497-0adc7d4e3bbe.wav,0.0
3fc408b4-cccc-40a8-8a47-b3cf2b6c436d,coughvid_data/3fc408b4-cccc-40a8-8a47-b3cf2b6c436d.wav,coughvid_data/3fc408b4-cccc-40a8-8a47-b3cf2b6c436d.wav,1.0
cfd55c17-072f-4b26-a6d3-2812d1d84acc,coughvid_data/cfd55c17-072f-4b26-a6d3-2812d1d84acc.wav,coughvid_data/cfd55c17-072f-4b26-a6d3-2812d1d84acc.wav,0.0
10cc0a58-4dd3-41ae-a12a-ca28102c8688,coughvid_data/10cc0a58-4dd3-41ae-a12a-ca28102c8688.wav,coughvid_data/10cc0a58-4dd3-41ae-a12a-ca28102c8688.wav,0.0
0dd89e69-4b46-4940-a5fd-c3474739c79f,coughvid_data/0dd89e69-4b46-4940-a5fd-c3474739c79f.wav,coughvid_data/0dd89e69-4b46-4940-a5fd-c3474739c79f.wav,1.0
4e41b4e2-2ac0-4b66-bcbe-f970adb6f651,coughvid_data/4e41b4e2-2ac0-4b66-bcbe-f970adb6f651.wav,coughvid_data/4e41b4e2-2ac0-4b66-bcbe-f970adb6f651.wav,1.0
6b8aed12-3e6a-4a04-9851-64506a589325,coughvid_data/6b8aed12-3e6a-4a04-9851-64506a589325.wav,coughvid_data/6b8aed12-3e6a-4a04-9851-64506a589325.wav,0.0
36165df5-aeef-41c1-a4a8-5b74395c51c5,coughvid_data/36165df5-aeef-41c1-a4a8-5b74395c51c5.wav,coughvid_data/36165df5-aeef-41c1-a4a8-5b74395c51c5.wav,1.0
248acb98-7a1b-4fa5-ae54-e18bfcb1a1da,coughvid_data/248acb98-7a1b-4fa5-ae54-e18bfcb1a1da.wav,coughvid_data/248acb98-7a1b-4fa5-ae54-e18bfcb1a1da.wav,1.0
e06d425c-dd5a-4e17-9d12-83a07a49af2f,coughvid_data/e06d425c-dd5a-4e17-9d12-83a07a49af2f.wav,coughvid_data/e06d425c-dd5a-4e17-9d12-83a07a49af2f.wav,0.0
42d0c5a6-d9b9-41af-af0a-ddc835558488,coughvid_data/42d0c5a6-d9b9-41af-af0a-ddc835558488.wav,coughvid_data/42d0c5a6-d9b9-41af-af0a-ddc835558488.wav,0.0
b54df7b6-c651-40e7-a80d-c0955f1abaa9,coughvid_data/b54df7b6-c651-40e7-a80d-c0955f1abaa9.wav,coughvid_data/b54df7b6-c651-40e7-a80d-c0955f1abaa9.wav,1.0
895545fd-801f-4708-a087-23a4787801db,coughvid_data/895545fd-801f-4708-a087-23a4787801db.wav,coughvid_data/895545fd-801f-4708-a087-23a4787801db.wav,1.0
46879ad8-00f1-4461-a7c0-7da3c33afba7,coughvid_data/46879ad8-00f1-4461-a7c0-7da3c33afba7.wav,coughvid_data/46879ad8-00f1-4461-a7c0-7da3c33afba7.wav,1.0
e823d8a4-c2e0-4553-ac2e-ec4d1e669b25,coughvid_data/e823d8a4-c2e0-4553-ac2e-ec4d1e669b25.wav,coughvid_data/e823d8a4-c2e0-4553-ac2e-ec4d1e669b25.wav,1.0
7d7f06a4-443a-4e8a-bc4a-f7ec8e3755ce,coughvid_data/7d7f06a4-443a-4e8a-bc4a-f7ec8e3755ce.wav,coughvid_data/7d7f06a4-443a-4e8a-bc4a-f7ec8e3755ce.wav,1.0
bf90d487-3e04-4a9a-8af1-7554813c0933,coughvid_data/bf90d487-3e04-4a9a-8af1-7554813c0933.wav,coughvid_data/bf90d487-3e04-4a9a-8af1-7554813c0933.wav,1.0
022cf32f-2f28-42b9-ad22-00660537eb01,coughvid_data/022cf32f-2f28-42b9-ad22-00660537eb01.wav,coughvid_data/022cf32f-2f28-42b9-ad22-00660537eb01.wav,0.0
bde5054a-0b8e-4624-88d1-22cba186b012,coughvid_data/bde5054a-0b8e-4624-88d1-22cba186b012.wav,coughvid_data/bde5054a-0b8e-4624-88d1-22cba186b012.wav,0.0
8673fbc5-4890-4f3f-807a-b3d3d95c11d7,coughvid_data/8673fbc5-4890-4f3f-807a-b3d3d95c11d7.wav,coughvid_data/8673fbc5-4890-4f3f-807a-b3d3d95c11d7.wav,1.0
1ad48c8c-4981-4d7b-ab6c-59987e6cf405,coughvid_data/1ad48c8c-4981-4d7b-ab6c-59987e6cf405.wav,coughvid_data/1ad48c8c-4981-4d7b-ab6c-59987e6cf405.wav,1.0
536b7fb7-a83a-4048-8c59-ace60a5449c2,coughvid_data/536b7fb7-a83a-4048-8c59-ace60a5449c2.wav,coughvid_data/536b7fb7-a83a-4048-8c59-ace60a5449c2.wav,0.0
f40052bf-1398-4b40-b07c-eab69700fbc1,coughvid_data/f40052bf-1398-4b40-b07c-eab69700fbc1.wav,coughvid_data/f40052bf-1398-4b40-b07c-eab69700fbc1.wav,1.0
69765b95-a98d-4dae-b5f4-7338f6d5982d,coughvid_data/69765b95-a98d-4dae-b5f4-7338f6d5982d.wav,coughvid_data/69765b95-a98d-4dae-b5f4-7338f6d5982d.wav,0.0
cf5cd8ca-484a-4ddd-ac5c-fed10d6ef23a,coughvid_data/cf5cd8ca-484a-4ddd-ac5c-fed10d6ef23a.wav,coughvid_data/cf5cd8ca-484a-4ddd-ac5c-fed10d6ef23a.wav,0.0
9612bc84-7714-486f-8042-a7a09f08af22,coughvid_data/9612bc84-7714-486f-8042-a7a09f08af22.wav,coughvid_data/9612bc84-7714-486f-8042-a7a09f08af22.wav,0.0
71a0aade-a301-4233-90e9-de1e47e46441,coughvid_data/71a0aade-a301-4233-90e9-de1e47e46441.wav,coughvid_data/71a0aade-a301-4233-90e9-de1e47e46441.wav,1.0
786370f1-29dc-4c4a-8bc0-1b7abcfbbb58,coughvid_data/786370f1-29dc-4c4a-8bc0-1b7abcfbbb58.wav,coughvid_data/786370f1-29dc-4c4a-8bc0-1b7abcfbbb58.wav,0.0
dbfc2589-2a94-4022-a58c-bae30bc702ee,coughvid_data/dbfc2589-2a94-4022-a58c-bae30bc702ee.wav,coughvid_data/dbfc2589-2a94-4022-a58c-bae30bc702ee.wav,0.0
9965cc84-c1e4-4632-83bd-badd08393357,coughvid_data/9965cc84-c1e4-4632-83bd-badd08393357.wav,coughvid_data/9965cc84-c1e4-4632-83bd-badd08393357.wav,0.0
0b3ec87b-b882-4a57-9cae-b391ccb360e4,coughvid_data/0b3ec87b-b882-4a57-9cae-b391ccb360e4.wav,coughvid_data/0b3ec87b-b882-4a57-9cae-b391ccb360e4.wav,1.0
b69f06b9-4fc4-44ed-bff3-ba99cfa04b82,coughvid_data/b69f06b9-4fc4-44ed-bff3-ba99cfa04b82.wav,coughvid_data/b69f06b9-4fc4-44ed-bff3-ba99cfa04b82.wav,0.0
11f2a916-e3d5-4c8a-a339-d1d3e1c5f4d3,coughvid_data/11f2a916-e3d5-4c8a-a339-d1d3e1c5f4d3.wav,coughvid_data/11f2a916-e3d5-4c8a-a339-d1d3e1c5f4d3.wav,1.0
fd2abe59-773a-46cf-953b-f2151b793880,coughvid_data/fd2abe59-773a-46cf-953b-f2151b793880.wav,coughvid_data/fd2abe59-773a-46cf-953b-f2151b793880.wav,1.0
b52c4544-b5ed-46af-8eb6-2886b8aece12,coughvid_data/b52c4544-b5ed-46af-8eb6-2886b8aece12.wav,coughvid_data/b52c4544-b5ed-46af-8eb6-2886b8aece12.wav,1.0
230bc15a-fa73-414f-b875-e6b3eefdc52e,coughvid_data/230bc15a-fa73-414f-b875-e6b3eefdc52e.wav,coughvid_data/230bc15a-fa73-414f-b875-e6b3eefdc52e.wav,1.0
c10b2cb4-3e8f-4332-b64c-9dd4ee435e9a,coughvid_data/c10b2cb4-3e8f-4332-b64c-9dd4ee435e9a.wav,coughvid_data/c10b2cb4-3e8f-4332-b64c-9dd4ee435e9a.wav,0.0
b4cb0e7d-ee40-4088-8e82-21a910caa86a,coughvid_data/b4cb0e7d-ee40-4088-8e82-21a910caa86a.wav,coughvid_data/b4cb0e7d-ee40-4088-8e82-21a910caa86a.wav,1.0
05448e18-d176-42a9-aa7e-33f1711911f7,coughvid_data/05448e18-d176-42a9-aa7e-33f1711911f7.wav,coughvid_data/05448e18-d176-42a9-aa7e-33f1711911f7.wav,0.0
bd90553c-399a-47e4-a0db-136eca44ffd8,coughvid_data/bd90553c-399a-47e4-a0db-136eca44ffd8.wav,coughvid_data/bd90553c-399a-47e4-a0db-136eca44ffd8.wav,0.0
2eb3d755-5213-499d-a250-7fe26cd24d60,coughvid_data/2eb3d755-5213-499d-a250-7fe26cd24d60.wav,coughvid_data/2eb3d755-5213-499d-a250-7fe26cd24d60.wav,1.0
77b9db74-5261-4a13-b495-4ad15345f68f,coughvid_data/77b9db74-5261-4a13-b495-4ad15345f68f.wav,coughvid_data/77b9db74-5261-4a13-b495-4ad15345f68f.wav,1.0
223b30cf-a142-46b3-9f4a-b790352eaf93,coughvid_data/223b30cf-a142-46b3-9f4a-b790352eaf93.wav,coughvid_data/223b30cf-a142-46b3-9f4a-b790352eaf93.wav,1.0
50702b10-4886-47f9-b10f-d3b3f2b84498,coughvid_data/50702b10-4886-47f9-b10f-d3b3f2b84498.wav,coughvid_data/50702b10-4886-47f9-b10f-d3b3f2b84498.wav,1.0
e650a816-f532-4478-8aad-2bc23758ab54,coughvid_data/e650a816-f532-4478-8aad-2bc23758ab54.wav,coughvid_data/e650a816-f532-4478-8aad-2bc23758ab54.wav,1.0
79a3d5dc-1a84-4ffb-800e-0019fc107bda,coughvid_data/79a3d5dc-1a84-4ffb-800e-0019fc107bda.wav,coughvid_data/79a3d5dc-1a84-4ffb-800e-0019fc107bda.wav,0.0
bc27716f-98a6-48ab-aaab-28706e1bd3b6,coughvid_data/bc27716f-98a6-48ab-aaab-28706e1bd3b6.wav,coughvid_data/bc27716f-98a6-48ab-aaab-28706e1bd3b6.wav,1.0
19f011e6-8717-4038-898c-5d42b4c12de6,coughvid_data/19f011e6-8717-4038-898c-5d42b4c12de6.wav,coughvid_data/19f011e6-8717-4038-898c-5d42b4c12de6.wav,1.0
2b0c4256-8828-4bde-8b31-b8710bde5443,coughvid_data/2b0c4256-8828-4bde-8b31-b8710bde5443.wav,coughvid_data/2b0c4256-8828-4bde-8b31-b8710bde5443.wav,0.0
ca149393-69fc-4f2b-b001-2f11b0182075,coughvid_data/ca149393-69fc-4f2b-b001-2f11b0182075.wav,coughvid_data/ca149393-69fc-4f2b-b001-2f11b0182075.wav,1.0
ce4dc882-ecf6-46e7-ab4b-ea5e050b2369,coughvid_data/ce4dc882-ecf6-46e7-ab4b-ea5e050b2369.wav,coughvid_data/ce4dc882-ecf6-46e7-ab4b-ea5e050b2369.wav,0.0
9abbefdf-314c-4c3d-89c3-fc5db6818e11,coughvid_data/9abbefdf-314c-4c3d-89c3-fc5db6818e11.wav,coughvid_data/9abbefdf-314c-4c3d-89c3-fc5db6818e11.wav,1.0
e6c2fdb2-5814-4d50-a846-14f08a34f2fa,coughvid_data/e6c2fdb2-5814-4d50-a846-14f08a34f2fa.wav,coughvid_data/e6c2fdb2-5814-4d50-a846-14f08a34f2fa.wav,0.0
8c1053fe-c173-4b89-a9ee-9f0f5c8d87a0,coughvid_data/8c1053fe-c173-4b89-a9ee-9f0f5c8d87a0.wav,coughvid_data/8c1053fe-c173-4b89-a9ee-9f0f5c8d87a0.wav,1.0
1ed2fad7-20c4-4c6b-8c1c-3317dc63b3cc,coughvid_data/1ed2fad7-20c4-4c6b-8c1c-3317dc63b3cc.wav,coughvid_data/1ed2fad7-20c4-4c6b-8c1c-3317dc63b3cc.wav,1.0
f89f4f59-ccbb-4cc5-9661-2f227290d047,coughvid_data/f89f4f59-ccbb-4cc5-9661-2f227290d047.wav,coughvid_data/f89f4f59-ccbb-4cc5-9661-2f227290d047.wav,0.0
56950280-2486-436a-b1ce-0ff232ecd2b1,coughvid_data/56950280-2486-436a-b1ce-0ff232ecd2b1.wav,coughvid_data/56950280-2486-436a-b1ce-0ff232ecd2b1.wav,1.0
3c561ae4-40c8-4546-955e-022c5b637e83,coughvid_data/3c561ae4-40c8-4546-955e-022c5b637e83.wav,coughvid_data/3c561ae4-40c8-4546-955e-022c5b637e83.wav,0.0
57ef611a-123f-4459-bbe7-371f2e85b538,coughvid_data/57ef611a-123f-4459-bbe7-371f2e85b538.wav,coughvid_data/57ef611a-123f-4459-bbe7-371f2e85b538.wav,1.0
19148add-25da-4c47-b1f7-a585401ca0b6,coughvid_data/19148add-25da-4c47-b1f7-a585401ca0b6.wav,coughvid_data/19148add-25da-4c47-b1f7-a585401ca0b6.wav,0.0
49d0a23f-8633-4eec-9c1f-b71e7d9f1f49,coughvid_data/49d0a23f-8633-4eec-9c1f-b71e7d9f1f49.wav,coughvid_data/49d0a23f-8633-4eec-9c1f-b71e7d9f1f49.wav,0.0
26c85178-d112-4398-b77c-e2be741ca1d1,coughvid_data/26c85178-d112-4398-b77c-e2be741ca1d1.wav,coughvid_data/26c85178-d112-4398-b77c-e2be741ca1d1.wav,0.0
05fb304c-6c7c-4170-9b7c-b5dac79c091f,coughvid_data/05fb304c-6c7c-4170-9b7c-b5dac79c091f.wav,coughvid_data/05fb304c-6c7c-4170-9b7c-b5dac79c091f.wav,1.0
6bddda51-132f-4fc5-ae44-529302d74295,coughvid_data/6bddda51-132f-4fc5-ae44-529302d74295.wav,coughvid_data/6bddda51-132f-4fc5-ae44-529302d74295.wav,0.0
b1960005-c896-4f71-9134-6c553f582d8f,coughvid_data/b1960005-c896-4f71-9134-6c553f582d8f.wav,coughvid_data/b1960005-c896-4f71-9134-6c553f582d8f.wav,0.0
aebd219b-f4e6-4784-a958-c9159c2e6003,coughvid_data/aebd219b-f4e6-4784-a958-c9159c2e6003.wav,coughvid_data/aebd219b-f4e6-4784-a958-c9159c2e6003.wav,0.0
9c0385e7-cf75-4bec-b927-49b5f890c6cb,coughvid_data/9c0385e7-cf75-4bec-b927-49b5f890c6cb.wav,coughvid_data/9c0385e7-cf75-4bec-b927-49b5f890c6cb.wav,0.0
968b697f-a5e7-4239-a911-c7384f6c3af3,coughvid_data/968b697f-a5e7-4239-a911-c7384f6c3af3.wav,coughvid_data/968b697f-a5e7-4239-a911-c7384f6c3af3.wav,0.0
67fefc5e-7bbe-4ae8-b5bc-8b690379028f,coughvid_data/67fefc5e-7bbe-4ae8-b5bc-8b690379028f.wav,coughvid_data/67fefc5e-7bbe-4ae8-b5bc-8b690379028f.wav,1.0
7e274cd1-7ec7-4b7e-b14e-afda34a0c06c,coughvid_data/7e274cd1-7ec7-4b7e-b14e-afda34a0c06c.wav,coughvid_data/7e274cd1-7ec7-4b7e-b14e-afda34a0c06c.wav,1.0
a1a732f1-f2e7-4654-a0f1-ad2975259287,coughvid_data/a1a732f1-f2e7-4654-a0f1-ad2975259287.wav,coughvid_data/a1a732f1-f2e7-4654-a0f1-ad2975259287.wav,1.0
982a12aa-e32f-42a8-8f62-0079d0362b20,coughvid_data/982a12aa-e32f-42a8-8f62-0079d0362b20.wav,coughvid_data/982a12aa-e32f-42a8-8f62-0079d0362b20.wav,1.0
70ea091c-4b90-44b4-bf4c-49e13e7f06b7,coughvid_data/70ea091c-4b90-44b4-bf4c-49e13e7f06b7.wav,coughvid_data/70ea091c-4b90-44b4-bf4c-49e13e7f06b7.wav,0.0
2c2734a6-e37a-4716-bb0c-9236410b4220,coughvid_data/2c2734a6-e37a-4716-bb0c-9236410b4220.wav,coughvid_data/2c2734a6-e37a-4716-bb0c-9236410b4220.wav,0.0
c4204b7f-e673-499b-8d8e-d6c7b95e04b4,coughvid_data/c4204b7f-e673-499b-8d8e-d6c7b95e04b4.wav,coughvid_data/c4204b7f-e673-499b-8d8e-d6c7b95e04b4.wav,1.0
87abbea8-6765-4487-b95b-0eae7ef46271,coughvid_data/87abbea8-6765-4487-b95b-0eae7ef46271.wav,coughvid_data/87abbea8-6765-4487-b95b-0eae7ef46271.wav,1.0
1ea6921d-bc11-4103-8d1e-3057db1791de,coughvid_data/1ea6921d-bc11-4103-8d1e-3057db1791de.wav,coughvid_data/1ea6921d-bc11-4103-8d1e-3057db1791de.wav,0.0
05c425eb-06da-4f7b-940e-73beba2894d0,coughvid_data/05c425eb-06da-4f7b-940e-73beba2894d0.wav,coughvid_data/05c425eb-06da-4f7b-940e-73beba2894d0.wav,0.0
c7f5277f-fad9-46ff-ad09-ca575ec7f702,coughvid_data/c7f5277f-fad9-46ff-ad09-ca575ec7f702.wav,coughvid_data/c7f5277f-fad9-46ff-ad09-ca575ec7f702.wav,0.0
94db6ea8-42c1-40f8-acf4-57f8ea894c3f,coughvid_data/94db6ea8-42c1-40f8-acf4-57f8ea894c3f.wav,coughvid_data/94db6ea8-42c1-40f8-acf4-57f8ea894c3f.wav,0.0
4c08d0fa-e52f-4e57-a69e-f66153d0a7c1,coughvid_data/4c08d0fa-e52f-4e57-a69e-f66153d0a7c1.wav,coughvid_data/4c08d0fa-e52f-4e57-a69e-f66153d0a7c1.wav,1.0
773b02aa-e8c2-4d30-9966-968da57ffc89,coughvid_data/773b02aa-e8c2-4d30-9966-968da57ffc89.wav,coughvid_data/773b02aa-e8c2-4d30-9966-968da57ffc89.wav,0.0
2fc8bdd5-5565-4ad3-93d9-8a238b7b8be3,coughvid_data/2fc8bdd5-5565-4ad3-93d9-8a238b7b8be3.wav,coughvid_data/2fc8bdd5-5565-4ad3-93d9-8a238b7b8be3.wav,0.0
44b27f52-da3d-4157-bc41-be4e87df978c,coughvid_data/44b27f52-da3d-4157-bc41-be4e87df978c.wav,coughvid_data/44b27f52-da3d-4157-bc41-be4e87df978c.wav,1.0
6350ea20-d15b-4c33-9155-713c2f7a0354,coughvid_data/6350ea20-d15b-4c33-9155-713c2f7a0354.wav,coughvid_data/6350ea20-d15b-4c33-9155-713c2f7a0354.wav,1.0
5772c958-ecf9-40b9-9cdf-f2f4a157faa2,coughvid_data/5772c958-ecf9-40b9-9cdf-f2f4a157faa2.wav,coughvid_data/5772c958-ecf9-40b9-9cdf-f2f4a157faa2.wav,0.0
09126c08-5214-4723-94f1-7b654464eac0,coughvid_data/09126c08-5214-4723-94f1-7b654464eac0.wav,coughvid_data/09126c08-5214-4723-94f1-7b654464eac0.wav,1.0
8c99d160-9a9d-49fc-81d1-df6eecd48e94,coughvid_data/8c99d160-9a9d-49fc-81d1-df6eecd48e94.wav,coughvid_data/8c99d160-9a9d-49fc-81d1-df6eecd48e94.wav,1.0
d5c0a62a-789f-4077-9572-27bf9eaf09a4,coughvid_data/d5c0a62a-789f-4077-9572-27bf9eaf09a4.wav,coughvid_data/d5c0a62a-789f-4077-9572-27bf9eaf09a4.wav,0.0
ecd74e33-1842-4e8a-b4cd-4c0c627a55ff,coughvid_data/ecd74e33-1842-4e8a-b4cd-4c0c627a55ff.wav,coughvid_data/ecd74e33-1842-4e8a-b4cd-4c0c627a55ff.wav,1.0
120e6cbb-dff8-48c1-ae81-6d94106a7997,coughvid_data/120e6cbb-dff8-48c1-ae81-6d94106a7997.wav,coughvid_data/120e6cbb-dff8-48c1-ae81-6d94106a7997.wav,0.0
3b48b97c-6806-4957-84ae-e39a9c88e7de,coughvid_data/3b48b97c-6806-4957-84ae-e39a9c88e7de.wav,coughvid_data/3b48b97c-6806-4957-84ae-e39a9c88e7de.wav,1.0
36a31985-3039-422f-bad1-a8b98ba1d533,coughvid_data/36a31985-3039-422f-bad1-a8b98ba1d533.wav,coughvid_data/36a31985-3039-422f-bad1-a8b98ba1d533.wav,1.0
3ee8bfb5-a1d4-46c6-9b1c-3052af9bdedf,coughvid_data/3ee8bfb5-a1d4-46c6-9b1c-3052af9bdedf.wav,coughvid_data/3ee8bfb5-a1d4-46c6-9b1c-3052af9bdedf.wav,1.0
fa10e081-247a-4421-94bf-eca63846c1be,coughvid_data/fa10e081-247a-4421-94bf-eca63846c1be.wav,coughvid_data/fa10e081-247a-4421-94bf-eca63846c1be.wav,0.0
725c9664-6e22-4927-8abc-fb83d85739e1,coughvid_data/725c9664-6e22-4927-8abc-fb83d85739e1.wav,coughvid_data/725c9664-6e22-4927-8abc-fb83d85739e1.wav,1.0
eb76e0a3-9b3d-4318-b2ab-f514d579eb7b,coughvid_data/eb76e0a3-9b3d-4318-b2ab-f514d579eb7b.wav,coughvid_data/eb76e0a3-9b3d-4318-b2ab-f514d579eb7b.wav,0.0
611acacd-8312-48a5-954a-de97c572b8f6,coughvid_data/611acacd-8312-48a5-954a-de97c572b8f6.wav,coughvid_data/611acacd-8312-48a5-954a-de97c572b8f6.wav,0.0
9aa2ce0e-ff1a-420c-ac60-f090cb69b041,coughvid_data/9aa2ce0e-ff1a-420c-ac60-f090cb69b041.wav,coughvid_data/9aa2ce0e-ff1a-420c-ac60-f090cb69b041.wav,1.0
87d99bda-e516-4887-87ab-0e49f93fadbd,coughvid_data/87d99bda-e516-4887-87ab-0e49f93fadbd.wav,coughvid_data/87d99bda-e516-4887-87ab-0e49f93fadbd.wav,0.0
2269aeca-cac9-4151-8120-fd55a7912805,coughvid_data/2269aeca-cac9-4151-8120-fd55a7912805.wav,coughvid_data/2269aeca-cac9-4151-8120-fd55a7912805.wav,1.0
b889f381-b330-4095-8a3b-b1a0d29942ba,coughvid_data/b889f381-b330-4095-8a3b-b1a0d29942ba.wav,coughvid_data/b889f381-b330-4095-8a3b-b1a0d29942ba.wav,0.0
5c53c446-4d42-4dcf-9a2a-3c8c4a7682e1,coughvid_data/5c53c446-4d42-4dcf-9a2a-3c8c4a7682e1.wav,coughvid_data/5c53c446-4d42-4dcf-9a2a-3c8c4a7682e1.wav,1.0
43419820-0fab-4407-9897-860351e3c168,coughvid_data/43419820-0fab-4407-9897-860351e3c168.wav,coughvid_data/43419820-0fab-4407-9897-860351e3c168.wav,1.0
12fbe38c-5459-4efb-8314-7262fcdc9a8e,coughvid_data/12fbe38c-5459-4efb-8314-7262fcdc9a8e.wav,coughvid_data/12fbe38c-5459-4efb-8314-7262fcdc9a8e.wav,1.0
3c0efb34-6a14-4b8f-b759-b6e8f2a3c479,coughvid_data/3c0efb34-6a14-4b8f-b759-b6e8f2a3c479.wav,coughvid_data/3c0efb34-6a14-4b8f-b759-b6e8f2a3c479.wav,1.0
58e9caff-7f28-4323-a558-c5c1c55b38d7,coughvid_data/58e9caff-7f28-4323-a558-c5c1c55b38d7.wav,coughvid_data/58e9caff-7f28-4323-a558-c5c1c55b38d7.wav,1.0
5ca1bc7d-df5e-4b22-b4b4-53efd14eab8b,coughvid_data/5ca1bc7d-df5e-4b22-b4b4-53efd14eab8b.wav,coughvid_data/5ca1bc7d-df5e-4b22-b4b4-53efd14eab8b.wav,0.0
a8f8ea03-1d75-4d58-8952-381b02c03d6e,coughvid_data/a8f8ea03-1d75-4d58-8952-381b02c03d6e.wav,coughvid_data/a8f8ea03-1d75-4d58-8952-381b02c03d6e.wav,0.0
15db6a07-ea9c-40f2-991c-e1e4affbff27,coughvid_data/15db6a07-ea9c-40f2-991c-e1e4affbff27.wav,coughvid_data/15db6a07-ea9c-40f2-991c-e1e4affbff27.wav,0.0
a3c17df2-1751-488e-9b84-6621f14ab9b3,coughvid_data/a3c17df2-1751-488e-9b84-6621f14ab9b3.wav,coughvid_data/a3c17df2-1751-488e-9b84-6621f14ab9b3.wav,0.0
efa2975f-582a-4dec-b916-e58183362402,coughvid_data/efa2975f-582a-4dec-b916-e58183362402.wav,coughvid_data/efa2975f-582a-4dec-b916-e58183362402.wav,0.0
d68d880a-f576-45fc-b127-3c61937cd2df,coughvid_data/d68d880a-f576-45fc-b127-3c61937cd2df.wav,coughvid_data/d68d880a-f576-45fc-b127-3c61937cd2df.wav,1.0
e7e6514f-c919-4b6d-bd8d-e8d5dd401bd0,coughvid_data/e7e6514f-c919-4b6d-bd8d-e8d5dd401bd0.wav,coughvid_data/e7e6514f-c919-4b6d-bd8d-e8d5dd401bd0.wav,1.0
924c9f16-cdd1-49ac-a4e8-d3f82d37eebe,coughvid_data/924c9f16-cdd1-49ac-a4e8-d3f82d37eebe.wav,coughvid_data/924c9f16-cdd1-49ac-a4e8-d3f82d37eebe.wav,0.0
5eac8b38-d523-4214-9d2e-38f92ae90923,coughvid_data/5eac8b38-d523-4214-9d2e-38f92ae90923.wav,coughvid_data/5eac8b38-d523-4214-9d2e-38f92ae90923.wav,0.0
9f224ece-80de-4156-8a9c-fe1acd28175c,coughvid_data/9f224ece-80de-4156-8a9c-fe1acd28175c.wav,coughvid_data/9f224ece-80de-4156-8a9c-fe1acd28175c.wav,0.0
b9877779-b944-4895-b0fd-17d04957ffa1,coughvid_data/b9877779-b944-4895-b0fd-17d04957ffa1.wav,coughvid_data/b9877779-b944-4895-b0fd-17d04957ffa1.wav,0.0
0933baf0-16b4-458e-b4a4-118e60cdb55c,coughvid_data/0933baf0-16b4-458e-b4a4-118e60cdb55c.wav,coughvid_data/0933baf0-16b4-458e-b4a4-118e60cdb55c.wav,1.0
198f3500-da31-4e16-aa93-05e56a62eea2,coughvid_data/198f3500-da31-4e16-aa93-05e56a62eea2.wav,coughvid_data/198f3500-da31-4e16-aa93-05e56a62eea2.wav,1.0
408817b5-bd76-496d-9997-19cd7d36c45e,coughvid_data/408817b5-bd76-496d-9997-19cd7d36c45e.wav,coughvid_data/408817b5-bd76-496d-9997-19cd7d36c45e.wav,1.0
700c690e-2315-4ecd-a115-92c393e1e281,coughvid_data/700c690e-2315-4ecd-a115-92c393e1e281.wav,coughvid_data/700c690e-2315-4ecd-a115-92c393e1e281.wav,0.0
ab817cce-e813-4e3a-8cdb-b2a242afab9b,coughvid_data/ab817cce-e813-4e3a-8cdb-b2a242afab9b.wav,coughvid_data/ab817cce-e813-4e3a-8cdb-b2a242afab9b.wav,0.0
25455cdf-f410-45b4-a007-f4b3f0092cfe,coughvid_data/25455cdf-f410-45b4-a007-f4b3f0092cfe.wav,coughvid_data/25455cdf-f410-45b4-a007-f4b3f0092cfe.wav,1.0
d651c12b-69b0-431b-9409-8289d9a62226,coughvid_data/d651c12b-69b0-431b-9409-8289d9a62226.wav,coughvid_data/d651c12b-69b0-431b-9409-8289d9a62226.wav,1.0
f8b96f3f-b1a3-47cf-8f76-8885acbf7369,coughvid_data/f8b96f3f-b1a3-47cf-8f76-8885acbf7369.wav,coughvid_data/f8b96f3f-b1a3-47cf-8f76-8885acbf7369.wav,1.0
8e8bec76-6275-476b-9493-35b07ec6df2e,coughvid_data/8e8bec76-6275-476b-9493-35b07ec6df2e.wav,coughvid_data/8e8bec76-6275-476b-9493-35b07ec6df2e.wav,0.0
bd758bfc-d940-46db-90a9-8318612e68eb,coughvid_data/bd758bfc-d940-46db-90a9-8318612e68eb.wav,coughvid_data/bd758bfc-d940-46db-90a9-8318612e68eb.wav,1.0
7af2297b-d0d7-46e7-aec0-d12980dd117d,coughvid_data/7af2297b-d0d7-46e7-aec0-d12980dd117d.wav,coughvid_data/7af2297b-d0d7-46e7-aec0-d12980dd117d.wav,0.0
5b1fe389-04d8-466f-804a-b591e9b6d265,coughvid_data/5b1fe389-04d8-466f-804a-b591e9b6d265.wav,coughvid_data/5b1fe389-04d8-466f-804a-b591e9b6d265.wav,0.0
69d2f7b5-0557-41b0-91f5-016acdce89fb,coughvid_data/69d2f7b5-0557-41b0-91f5-016acdce89fb.wav,coughvid_data/69d2f7b5-0557-41b0-91f5-016acdce89fb.wav,1.0
b1151e38-2dac-4920-90f6-2ea9bf2f74f2,coughvid_data/b1151e38-2dac-4920-90f6-2ea9bf2f74f2.wav,coughvid_data/b1151e38-2dac-4920-90f6-2ea9bf2f74f2.wav,1.0
dcfcd49e-b823-448b-b80d-d53eaa4a60c3,coughvid_data/dcfcd49e-b823-448b-b80d-d53eaa4a60c3.wav,coughvid_data/dcfcd49e-b823-448b-b80d-d53eaa4a60c3.wav,1.0
b59d5ded-f23e-4d2d-8ead-7c17dfa5b690,coughvid_data/b59d5ded-f23e-4d2d-8ead-7c17dfa5b690.wav,coughvid_data/b59d5ded-f23e-4d2d-8ead-7c17dfa5b690.wav,0.0
55bf4f50-9f15-4d0e-8933-c80ad1951599,coughvid_data/55bf4f50-9f15-4d0e-8933-c80ad1951599.wav,coughvid_data/55bf4f50-9f15-4d0e-8933-c80ad1951599.wav,0.0
66213a90-39cc-45e5-b4eb-bed823eefad3,coughvid_data/66213a90-39cc-45e5-b4eb-bed823eefad3.wav,coughvid_data/66213a90-39cc-45e5-b4eb-bed823eefad3.wav,0.0
50d8a1d8-68f9-4bb4-8772-9b670f4e7245,coughvid_data/50d8a1d8-68f9-4bb4-8772-9b670f4e7245.wav,coughvid_data/50d8a1d8-68f9-4bb4-8772-9b670f4e7245.wav,1.0
e4714f0e-c191-42dc-9928-78da49129e16,coughvid_data/e4714f0e-c191-42dc-9928-78da49129e16.wav,coughvid_data/e4714f0e-c191-42dc-9928-78da49129e16.wav,1.0
f46e2733-fa94-4e29-8144-435333b7eba9,coughvid_data/f46e2733-fa94-4e29-8144-435333b7eba9.wav,coughvid_data/f46e2733-fa94-4e29-8144-435333b7eba9.wav,1.0
70f31a44-3744-416e-b568-4544c3dd311f,coughvid_data/70f31a44-3744-416e-b568-4544c3dd311f.wav,coughvid_data/70f31a44-3744-416e-b568-4544c3dd311f.wav,0.0
5d870e5c-eb77-46f0-91ef-dff99fd810f5,coughvid_data/5d870e5c-eb77-46f0-91ef-dff99fd810f5.wav,coughvid_data/5d870e5c-eb77-46f0-91ef-dff99fd810f5.wav,1.0
c3ec0021-a87d-4fc9-b3fd-db3747cc89af,coughvid_data/c3ec0021-a87d-4fc9-b3fd-db3747cc89af.wav,coughvid_data/c3ec0021-a87d-4fc9-b3fd-db3747cc89af.wav,1.0
4c90f14a-7aa2-4169-a2e4-bfe1db02717a,coughvid_data/4c90f14a-7aa2-4169-a2e4-bfe1db02717a.wav,coughvid_data/4c90f14a-7aa2-4169-a2e4-bfe1db02717a.wav,1.0
5ecd83b1-8a11-48e2-8a40-6c23db878d5b,coughvid_data/5ecd83b1-8a11-48e2-8a40-6c23db878d5b.wav,coughvid_data/5ecd83b1-8a11-48e2-8a40-6c23db878d5b.wav,0.0
18320374-5a6e-49ac-939a-160119b963f6,coughvid_data/18320374-5a6e-49ac-939a-160119b963f6.wav,coughvid_data/18320374-5a6e-49ac-939a-160119b963f6.wav,1.0
5ea4cc47-f645-48b7-a006-b8348c3e4b32,coughvid_data/5ea4cc47-f645-48b7-a006-b8348c3e4b32.wav,coughvid_data/5ea4cc47-f645-48b7-a006-b8348c3e4b32.wav,0.0
ca670280-f035-4eae-9d5d-91eb36294e83,coughvid_data/ca670280-f035-4eae-9d5d-91eb36294e83.wav,coughvid_data/ca670280-f035-4eae-9d5d-91eb36294e83.wav,0.0
bed70f24-2c60-43d7-bb35-5e1bbfbfcda3,coughvid_data/bed70f24-2c60-43d7-bb35-5e1bbfbfcda3.wav,coughvid_data/bed70f24-2c60-43d7-bb35-5e1bbfbfcda3.wav,1.0
9611e1bb-f7b6-4912-add5-c8a4e5ad92ca,coughvid_data/9611e1bb-f7b6-4912-add5-c8a4e5ad92ca.wav,coughvid_data/9611e1bb-f7b6-4912-add5-c8a4e5ad92ca.wav,1.0
60514e7a-ab73-4600-83f7-cc3cb3562853,coughvid_data/60514e7a-ab73-4600-83f7-cc3cb3562853.wav,coughvid_data/60514e7a-ab73-4600-83f7-cc3cb3562853.wav,1.0
3247e75c-cf60-4401-a50d-d55aa0b74be6,coughvid_data/3247e75c-cf60-4401-a50d-d55aa0b74be6.wav,coughvid_data/3247e75c-cf60-4401-a50d-d55aa0b74be6.wav,1.0
73d70382-92f6-4a5c-bf50-7f0b1e751ead,coughvid_data/73d70382-92f6-4a5c-bf50-7f0b1e751ead.wav,coughvid_data/73d70382-92f6-4a5c-bf50-7f0b1e751ead.wav,1.0
6cca7f0d-b403-4f10-a67e-56d27c6ad8f6,coughvid_data/6cca7f0d-b403-4f10-a67e-56d27c6ad8f6.wav,coughvid_data/6cca7f0d-b403-4f10-a67e-56d27c6ad8f6.wav,0.0
9e94c033-0f94-4ca2-8169-eecff2894a0a,coughvid_data/9e94c033-0f94-4ca2-8169-eecff2894a0a.wav,coughvid_data/9e94c033-0f94-4ca2-8169-eecff2894a0a.wav,1.0
0ed7d17b-29ff-4a74-bd74-61a3cac4d677,coughvid_data/0ed7d17b-29ff-4a74-bd74-61a3cac4d677.wav,coughvid_data/0ed7d17b-29ff-4a74-bd74-61a3cac4d677.wav,0.0
5790906b-44f0-4b59-8052-1f3d7927decd,coughvid_data/5790906b-44f0-4b59-8052-1f3d7927decd.wav,coughvid_data/5790906b-44f0-4b59-8052-1f3d7927decd.wav,1.0
b6a6e427-0f20-49e7-825d-e160b460272a,coughvid_data/b6a6e427-0f20-49e7-825d-e160b460272a.wav,coughvid_data/b6a6e427-0f20-49e7-825d-e160b460272a.wav,0.0
ee4216b9-0114-427b-b6bb-065b511254dc,coughvid_data/ee4216b9-0114-427b-b6bb-065b511254dc.wav,coughvid_data/ee4216b9-0114-427b-b6bb-065b511254dc.wav,0.0
ae20ca3f-5853-4e28-ad4a-b0e7ca114c57,coughvid_data/ae20ca3f-5853-4e28-ad4a-b0e7ca114c57.wav,coughvid_data/ae20ca3f-5853-4e28-ad4a-b0e7ca114c57.wav,0.0
6c839af7-68be-4dad-9a52-8e6171225f62,coughvid_data/6c839af7-68be-4dad-9a52-8e6171225f62.wav,coughvid_data/6c839af7-68be-4dad-9a52-8e6171225f62.wav,1.0
5a4cb432-854d-4cda-bdad-00199c687b10,coughvid_data/5a4cb432-854d-4cda-bdad-00199c687b10.wav,coughvid_data/5a4cb432-854d-4cda-bdad-00199c687b10.wav,1.0
1ceb5164-10f1-46b9-933c-bda2119580cf,coughvid_data/1ceb5164-10f1-46b9-933c-bda2119580cf.wav,coughvid_data/1ceb5164-10f1-46b9-933c-bda2119580cf.wav,1.0
2e545247-dcca-40ca-9442-8ec199ea8d90,coughvid_data/2e545247-dcca-40ca-9442-8ec199ea8d90.wav,coughvid_data/2e545247-dcca-40ca-9442-8ec199ea8d90.wav,1.0
757288bc-4795-435a-846e-aaa9830b700c,coughvid_data/757288bc-4795-435a-846e-aaa9830b700c.wav,coughvid_data/757288bc-4795-435a-846e-aaa9830b700c.wav,0.0
b334d0a6-30f7-4968-af5d-0eea2e8daa42,coughvid_data/b334d0a6-30f7-4968-af5d-0eea2e8daa42.wav,coughvid_data/b334d0a6-30f7-4968-af5d-0eea2e8daa42.wav,0.0
98615a88-4b91-4e35-9f7c-c2406c11960f,coughvid_data/98615a88-4b91-4e35-9f7c-c2406c11960f.wav,coughvid_data/98615a88-4b91-4e35-9f7c-c2406c11960f.wav,0.0
4d2a41ea-c169-4ca9-ac1a-8e8e7f2daa71,coughvid_data/4d2a41ea-c169-4ca9-ac1a-8e8e7f2daa71.wav,coughvid_data/4d2a41ea-c169-4ca9-ac1a-8e8e7f2daa71.wav,0.0
35a775ca-bef6-48e9-b80d-fb4187a663a0,coughvid_data/35a775ca-bef6-48e9-b80d-fb4187a663a0.wav,coughvid_data/35a775ca-bef6-48e9-b80d-fb4187a663a0.wav,1.0
ca8e4867-52f0-4796-bdc1-273d316beb68,coughvid_data/ca8e4867-52f0-4796-bdc1-273d316beb68.wav,coughvid_data/ca8e4867-52f0-4796-bdc1-273d316beb68.wav,0.0
aee6a84c-30b5-4fca-9fdd-0386f543696b,coughvid_data/aee6a84c-30b5-4fca-9fdd-0386f543696b.wav,coughvid_data/aee6a84c-30b5-4fca-9fdd-0386f543696b.wav,1.0
920ae37e-af2e-4e43-a80e-2150a66db6b1,coughvid_data/920ae37e-af2e-4e43-a80e-2150a66db6b1.wav,coughvid_data/920ae37e-af2e-4e43-a80e-2150a66db6b1.wav,1.0
4d5d6505-de13-4eee-891a-9a4aed34e681,coughvid_data/4d5d6505-de13-4eee-891a-9a4aed34e681.wav,coughvid_data/4d5d6505-de13-4eee-891a-9a4aed34e681.wav,0.0
7519ecb6-6444-4b21-8e8a-e1fbc0d3d673,coughvid_data/7519ecb6-6444-4b21-8e8a-e1fbc0d3d673.wav,coughvid_data/7519ecb6-6444-4b21-8e8a-e1fbc0d3d673.wav,0.0
3c5e4c19-4748-4ea1-a83c-9427726092fa,coughvid_data/3c5e4c19-4748-4ea1-a83c-9427726092fa.wav,coughvid_data/3c5e4c19-4748-4ea1-a83c-9427726092fa.wav,0.0
5788bd3d-e3f3-45c5-9fec-0e8866595f4c,coughvid_data/5788bd3d-e3f3-45c5-9fec-0e8866595f4c.wav,coughvid_data/5788bd3d-e3f3-45c5-9fec-0e8866595f4c.wav,1.0
170b6b61-2b3a-422a-ba0c-835a4fded987,coughvid_data/170b6b61-2b3a-422a-ba0c-835a4fded987.wav,coughvid_data/170b6b61-2b3a-422a-ba0c-835a4fded987.wav,0.0
d009cf2d-59a1-4e33-8071-22f5018bd098,coughvid_data/d009cf2d-59a1-4e33-8071-22f5018bd098.wav,coughvid_data/d009cf2d-59a1-4e33-8071-22f5018bd098.wav,1.0
26f83470-67f3-4dc5-b536-f07135ea9357,coughvid_data/26f83470-67f3-4dc5-b536-f07135ea9357.wav,coughvid_data/26f83470-67f3-4dc5-b536-f07135ea9357.wav,0.0
e41f762a-b7aa-4369-b39d-d258d960ca0d,coughvid_data/e41f762a-b7aa-4369-b39d-d258d960ca0d.wav,coughvid_data/e41f762a-b7aa-4369-b39d-d258d960ca0d.wav,0.0
47858bbe-6a15-41ec-9f56-feee02c10585,coughvid_data/47858bbe-6a15-41ec-9f56-feee02c10585.wav,coughvid_data/47858bbe-6a15-41ec-9f56-feee02c10585.wav,1.0
85d4a299-e210-4e79-bcc0-3f559676dec7,coughvid_data/85d4a299-e210-4e79-bcc0-3f559676dec7.wav,coughvid_data/85d4a299-e210-4e79-bcc0-3f559676dec7.wav,1.0
e43c3146-c4ad-480f-81c3-a4e652095e2d,coughvid_data/e43c3146-c4ad-480f-81c3-a4e652095e2d.wav,coughvid_data/e43c3146-c4ad-480f-81c3-a4e652095e2d.wav,1.0
2a3e518e-9f91-4973-94d3-7969a269c6ab,coughvid_data/2a3e518e-9f91-4973-94d3-7969a269c6ab.wav,coughvid_data/2a3e518e-9f91-4973-94d3-7969a269c6ab.wav,1.0
024cbe41-7932-40ed-a9d3-67c174658637,coughvid_data/024cbe41-7932-40ed-a9d3-67c174658637.wav,coughvid_data/024cbe41-7932-40ed-a9d3-67c174658637.wav,1.0
6518d325-528d-4df0-bbc1-1bfcc0ead6b2,coughvid_data/6518d325-528d-4df0-bbc1-1bfcc0ead6b2.wav,coughvid_data/6518d325-528d-4df0-bbc1-1bfcc0ead6b2.wav,0.0
93870197-8e9a-47a2-a6f2-06291570a12f,coughvid_data/93870197-8e9a-47a2-a6f2-06291570a12f.wav,coughvid_data/93870197-8e9a-47a2-a6f2-06291570a12f.wav,0.0
d2139de0-a40e-4cf5-924b-afd6de0e880b,coughvid_data/d2139de0-a40e-4cf5-924b-afd6de0e880b.wav,coughvid_data/d2139de0-a40e-4cf5-924b-afd6de0e880b.wav,0.0
ebdb39d5-3d3b-4c16-b34b-ef8f798f97c3,coughvid_data/ebdb39d5-3d3b-4c16-b34b-ef8f798f97c3.wav,coughvid_data/ebdb39d5-3d3b-4c16-b34b-ef8f798f97c3.wav,1.0
aca3bc1d-c1d0-460e-94fd-7fa9547b7bc0,coughvid_data/aca3bc1d-c1d0-460e-94fd-7fa9547b7bc0.wav,coughvid_data/aca3bc1d-c1d0-460e-94fd-7fa9547b7bc0.wav,0.0
ca81325c-1dc0-49ad-94cf-0b7d5b7f3a4a,coughvid_data/ca81325c-1dc0-49ad-94cf-0b7d5b7f3a4a.wav,coughvid_data/ca81325c-1dc0-49ad-94cf-0b7d5b7f3a4a.wav,1.0
c1af8365-f2c6-450b-9e38-20ba204f7f3d,coughvid_data/c1af8365-f2c6-450b-9e38-20ba204f7f3d.wav,coughvid_data/c1af8365-f2c6-450b-9e38-20ba204f7f3d.wav,0.0
96834d10-49fa-49df-8efc-e9f818ee75ea,coughvid_data/96834d10-49fa-49df-8efc-e9f818ee75ea.wav,coughvid_data/96834d10-49fa-49df-8efc-e9f818ee75ea.wav,1.0
023f2af6-a212-49fd-9edc-df30b3923733,coughvid_data/023f2af6-a212-49fd-9edc-df30b3923733.wav,coughvid_data/023f2af6-a212-49fd-9edc-df30b3923733.wav,0.0
95e825de-9053-4eb4-8835-de3642383536,coughvid_data/95e825de-9053-4eb4-8835-de3642383536.wav,coughvid_data/95e825de-9053-4eb4-8835-de3642383536.wav,0.0
b0d2401f-9bde-4d59-aabf-89ebd5b77cac,coughvid_data/b0d2401f-9bde-4d59-aabf-89ebd5b77cac.wav,coughvid_data/b0d2401f-9bde-4d59-aabf-89ebd5b77cac.wav,0.0
9c4d4c8e-d7f2-4013-9272-7e9cbd42afc6,coughvid_data/9c4d4c8e-d7f2-4013-9272-7e9cbd42afc6.wav,coughvid_data/9c4d4c8e-d7f2-4013-9272-7e9cbd42afc6.wav,1.0
2ab799d5-2fc4-494c-9c5f-ffa06152d4f9,coughvid_data/2ab799d5-2fc4-494c-9c5f-ffa06152d4f9.wav,coughvid_data/2ab799d5-2fc4-494c-9c5f-ffa06152d4f9.wav,1.0
11e56038-f174-4005-822d-2004fcf55230,coughvid_data/11e56038-f174-4005-822d-2004fcf55230.wav,coughvid_data/11e56038-f174-4005-822d-2004fcf55230.wav,1.0
a970a72d-b107-4ec2-b6b5-f28d9998a9d0,coughvid_data/a970a72d-b107-4ec2-b6b5-f28d9998a9d0.wav,coughvid_data/a970a72d-b107-4ec2-b6b5-f28d9998a9d0.wav,1.0
14044d67-999b-426a-bebf-902881b9db4d,coughvid_data/14044d67-999b-426a-bebf-902881b9db4d.wav,coughvid_data/14044d67-999b-426a-bebf-902881b9db4d.wav,0.0
373fb4c1-18c1-45bf-ab2d-c3a628a8a9c1,coughvid_data/373fb4c1-18c1-45bf-ab2d-c3a628a8a9c1.wav,coughvid_data/373fb4c1-18c1-45bf-ab2d-c3a628a8a9c1.wav,1.0
c7b6a42d-8b92-478d-a40a-e5928ff89f0e,coughvid_data/c7b6a42d-8b92-478d-a40a-e5928ff89f0e.wav,coughvid_data/c7b6a42d-8b92-478d-a40a-e5928ff89f0e.wav,0.0
de67d064-eff4-40c4-ab46-b115d0691e1f,coughvid_data/de67d064-eff4-40c4-ab46-b115d0691e1f.wav,coughvid_data/de67d064-eff4-40c4-ab46-b115d0691e1f.wav,1.0
9d2f38d7-99a3-4c71-bd70-38c964be1124,coughvid_data/9d2f38d7-99a3-4c71-bd70-38c964be1124.wav,coughvid_data/9d2f38d7-99a3-4c71-bd70-38c964be1124.wav,1.0
59c563ac-fb60-488e-b254-29e26a5a6643,coughvid_data/59c563ac-fb60-488e-b254-29e26a5a6643.wav,coughvid_data/59c563ac-fb60-488e-b254-29e26a5a6643.wav,1.0
2e184484-60e8-48f8-aed8-503ac57aedea,coughvid_data/2e184484-60e8-48f8-aed8-503ac57aedea.wav,coughvid_data/2e184484-60e8-48f8-aed8-503ac57aedea.wav,1.0
22105fd3-71b0-4888-aa9a-e6e1fae0f7dc,coughvid_data/22105fd3-71b0-4888-aa9a-e6e1fae0f7dc.wav,coughvid_data/22105fd3-71b0-4888-aa9a-e6e1fae0f7dc.wav,0.0
f28a061a-2a17-438a-8f9c-ce2685fe40a4,coughvid_data/f28a061a-2a17-438a-8f9c-ce2685fe40a4.wav,coughvid_data/f28a061a-2a17-438a-8f9c-ce2685fe40a4.wav,1.0
9d9aee43-9968-4f7e-b8ff-d5e32aef30a4,coughvid_data/9d9aee43-9968-4f7e-b8ff-d5e32aef30a4.wav,coughvid_data/9d9aee43-9968-4f7e-b8ff-d5e32aef30a4.wav,0.0
23509668-24f2-41a5-9df0-5393552203f4,coughvid_data/23509668-24f2-41a5-9df0-5393552203f4.wav,coughvid_data/23509668-24f2-41a5-9df0-5393552203f4.wav,1.0
9c7e5c7b-7869-4d4d-b100-80eb723ea09b,coughvid_data/9c7e5c7b-7869-4d4d-b100-80eb723ea09b.wav,coughvid_data/9c7e5c7b-7869-4d4d-b100-80eb723ea09b.wav,1.0
4edbfad6-d683-4cb4-b3f1-11066c8e5e48,coughvid_data/4edbfad6-d683-4cb4-b3f1-11066c8e5e48.wav,coughvid_data/4edbfad6-d683-4cb4-b3f1-11066c8e5e48.wav,1.0
c716e8d1-64e6-4782-ac59-af0e04266e1a,coughvid_data/c716e8d1-64e6-4782-ac59-af0e04266e1a.wav,coughvid_data/c716e8d1-64e6-4782-ac59-af0e04266e1a.wav,0.0
44c8174c-1b9f-4b89-ada0-c447fd22e87a,coughvid_data/44c8174c-1b9f-4b89-ada0-c447fd22e87a.wav,coughvid_data/44c8174c-1b9f-4b89-ada0-c447fd22e87a.wav,1.0
7ac234f7-2a9f-436f-b7f8-41d372d1a67a,coughvid_data/7ac234f7-2a9f-436f-b7f8-41d372d1a67a.wav,coughvid_data/7ac234f7-2a9f-436f-b7f8-41d372d1a67a.wav,0.0
c0fab538-5a79-4e41-9d99-a5f408d56937,coughvid_data/c0fab538-5a79-4e41-9d99-a5f408d56937.wav,coughvid_data/c0fab538-5a79-4e41-9d99-a5f408d56937.wav,0.0
683eb450-b752-451c-99b8-e120e44963ae,coughvid_data/683eb450-b752-451c-99b8-e120e44963ae.wav,coughvid_data/683eb450-b752-451c-99b8-e120e44963ae.wav,1.0
56c355dd-6d9d-4588-a0bb-06f3fb2e6167,coughvid_data/56c355dd-6d9d-4588-a0bb-06f3fb2e6167.wav,coughvid_data/56c355dd-6d9d-4588-a0bb-06f3fb2e6167.wav,0.0
1e583ffa-c2a6-472f-97a8-c641af5eac03,coughvid_data/1e583ffa-c2a6-472f-97a8-c641af5eac03.wav,coughvid_data/1e583ffa-c2a6-472f-97a8-c641af5eac03.wav,1.0
cbdc556e-00ac-4b49-bd4a-5ac204cd322c,coughvid_data/cbdc556e-00ac-4b49-bd4a-5ac204cd322c.wav,coughvid_data/cbdc556e-00ac-4b49-bd4a-5ac204cd322c.wav,1.0
8a3058b7-c1ec-43d8-ae17-f1c72da07a21,coughvid_data/8a3058b7-c1ec-43d8-ae17-f1c72da07a21.wav,coughvid_data/8a3058b7-c1ec-43d8-ae17-f1c72da07a21.wav,1.0
b7825dc8-a17f-4171-863b-2c0b346cfcd0,coughvid_data/b7825dc8-a17f-4171-863b-2c0b346cfcd0.wav,coughvid_data/b7825dc8-a17f-4171-863b-2c0b346cfcd0.wav,1.0
79560bee-ffa3-4954-b5d0-e7e3e6a9a885,coughvid_data/79560bee-ffa3-4954-b5d0-e7e3e6a9a885.wav,coughvid_data/79560bee-ffa3-4954-b5d0-e7e3e6a9a885.wav,0.0
8da1870f-5040-40e4-be24-026b3594d4c6,coughvid_data/8da1870f-5040-40e4-be24-026b3594d4c6.wav,coughvid_data/8da1870f-5040-40e4-be24-026b3594d4c6.wav,1.0
91e022f3-28fb-47eb-833d-ddf2240547a2,coughvid_data/91e022f3-28fb-47eb-833d-ddf2240547a2.wav,coughvid_data/91e022f3-28fb-47eb-833d-ddf2240547a2.wav,1.0
9810b72b-79ca-474b-9b66-41079f892c79,coughvid_data/9810b72b-79ca-474b-9b66-41079f892c79.wav,coughvid_data/9810b72b-79ca-474b-9b66-41079f892c79.wav,1.0
8229c046-cf48-4b06-8e4d-71b29c6a0865,coughvid_data/8229c046-cf48-4b06-8e4d-71b29c6a0865.wav,coughvid_data/8229c046-cf48-4b06-8e4d-71b29c6a0865.wav,0.0
5c5d7cf8-eec9-479b-adbe-3a9f1e65ef8b,coughvid_data/5c5d7cf8-eec9-479b-adbe-3a9f1e65ef8b.wav,coughvid_data/5c5d7cf8-eec9-479b-adbe-3a9f1e65ef8b.wav,1.0
772770b9-14fd-4747-b171-bb82bbca10da,coughvid_data/772770b9-14fd-4747-b171-bb82bbca10da.wav,coughvid_data/772770b9-14fd-4747-b171-bb82bbca10da.wav,1.0
b625959f-b924-4944-8420-53f708bff2c1,coughvid_data/b625959f-b924-4944-8420-53f708bff2c1.wav,coughvid_data/b625959f-b924-4944-8420-53f708bff2c1.wav,1.0
bb0cec9a-d821-4095-8100-64081b7dbab4,coughvid_data/bb0cec9a-d821-4095-8100-64081b7dbab4.wav,coughvid_data/bb0cec9a-d821-4095-8100-64081b7dbab4.wav,0.0
89803194-e3b3-45cb-be7f-bd86e0979d8a,coughvid_data/89803194-e3b3-45cb-be7f-bd86e0979d8a.wav,coughvid_data/89803194-e3b3-45cb-be7f-bd86e0979d8a.wav,1.0
229f2f2a-56ac-4319-a350-922b2a7a31b0,coughvid_data/229f2f2a-56ac-4319-a350-922b2a7a31b0.wav,coughvid_data/229f2f2a-56ac-4319-a350-922b2a7a31b0.wav,0.0
b88dd4d4-8cd2-4058-83f6-34d4b184ab83,coughvid_data/b88dd4d4-8cd2-4058-83f6-34d4b184ab83.wav,coughvid_data/b88dd4d4-8cd2-4058-83f6-34d4b184ab83.wav,0.0
17b68f3a-7dbb-41b3-9b1b-78bb8dda7609,coughvid_data/17b68f3a-7dbb-41b3-9b1b-78bb8dda7609.wav,coughvid_data/17b68f3a-7dbb-41b3-9b1b-78bb8dda7609.wav,1.0
94aa05d6-0d81-484e-969c-7b45c6584ae6,coughvid_data/94aa05d6-0d81-484e-969c-7b45c6584ae6.wav,coughvid_data/94aa05d6-0d81-484e-969c-7b45c6584ae6.wav,1.0
af11f0c1-9a52-4355-b840-dc3b8011eb9e,coughvid_data/af11f0c1-9a52-4355-b840-dc3b8011eb9e.wav,coughvid_data/af11f0c1-9a52-4355-b840-dc3b8011eb9e.wav,0.0
0ef3c0bc-56c3-44da-bea0-dc31a158414a,coughvid_data/0ef3c0bc-56c3-44da-bea0-dc31a158414a.wav,coughvid_data/0ef3c0bc-56c3-44da-bea0-dc31a158414a.wav,1.0
d0efde60-8341-4917-ba43-a2fa7b5e3eba,coughvid_data/d0efde60-8341-4917-ba43-a2fa7b5e3eba.wav,coughvid_data/d0efde60-8341-4917-ba43-a2fa7b5e3eba.wav,1.0
8ecc45d1-578d-4a2b-97a1-791001818eb6,coughvid_data/8ecc45d1-578d-4a2b-97a1-791001818eb6.wav,coughvid_data/8ecc45d1-578d-4a2b-97a1-791001818eb6.wav,0.0
149ecc67-2616-4f72-bfde-a9ee5d6f7be4,coughvid_data/149ecc67-2616-4f72-bfde-a9ee5d6f7be4.wav,coughvid_data/149ecc67-2616-4f72-bfde-a9ee5d6f7be4.wav,0.0
170ec385-033a-448d-9fb6-7451af45892e,coughvid_data/170ec385-033a-448d-9fb6-7451af45892e.wav,coughvid_data/170ec385-033a-448d-9fb6-7451af45892e.wav,0.0
45b8ce8d-35fb-4e83-821a-ade641fa48d8,coughvid_data/45b8ce8d-35fb-4e83-821a-ade641fa48d8.wav,coughvid_data/45b8ce8d-35fb-4e83-821a-ade641fa48d8.wav,0.0
2e2511b8-1ec7-426b-afa2-22a2dea1692d,coughvid_data/2e2511b8-1ec7-426b-afa2-22a2dea1692d.wav,coughvid_data/2e2511b8-1ec7-426b-afa2-22a2dea1692d.wav,1.0
d5acf30c-ff8f-4464-a43b-16529ea74942,coughvid_data/d5acf30c-ff8f-4464-a43b-16529ea74942.wav,coughvid_data/d5acf30c-ff8f-4464-a43b-16529ea74942.wav,0.0
7667763a-3a74-4a29-b5f3-67b626922e05,coughvid_data/7667763a-3a74-4a29-b5f3-67b626922e05.wav,coughvid_data/7667763a-3a74-4a29-b5f3-67b626922e05.wav,1.0
d811665d-6205-460a-bccc-5752f486cf88,coughvid_data/d811665d-6205-460a-bccc-5752f486cf88.wav,coughvid_data/d811665d-6205-460a-bccc-5752f486cf88.wav,0.0
667de276-e872-4fa4-a7e6-65461284554b,coughvid_data/667de276-e872-4fa4-a7e6-65461284554b.wav,coughvid_data/667de276-e872-4fa4-a7e6-65461284554b.wav,1.0
8c4a4546-60fe-4447-937e-0ee61f0afa6d,coughvid_data/8c4a4546-60fe-4447-937e-0ee61f0afa6d.wav,coughvid_data/8c4a4546-60fe-4447-937e-0ee61f0afa6d.wav,0.0
e059321e-ecf7-445d-a7b2-3023a41a0f31,coughvid_data/e059321e-ecf7-445d-a7b2-3023a41a0f31.wav,coughvid_data/e059321e-ecf7-445d-a7b2-3023a41a0f31.wav,1.0
301e6493-33f7-4579-bac4-a677a8d4ef26,coughvid_data/301e6493-33f7-4579-bac4-a677a8d4ef26.wav,coughvid_data/301e6493-33f7-4579-bac4-a677a8d4ef26.wav,1.0
a934247e-c84a-46eb-95a5-7cc868403633,coughvid_data/a934247e-c84a-46eb-95a5-7cc868403633.wav,coughvid_data/a934247e-c84a-46eb-95a5-7cc868403633.wav,1.0
f9571339-8645-4d28-8750-11dcf19de78d,coughvid_data/f9571339-8645-4d28-8750-11dcf19de78d.wav,coughvid_data/f9571339-8645-4d28-8750-11dcf19de78d.wav,1.0
0bb03964-c1fd-48f5-82af-3c1fcfe3777c,coughvid_data/0bb03964-c1fd-48f5-82af-3c1fcfe3777c.wav,coughvid_data/0bb03964-c1fd-48f5-82af-3c1fcfe3777c.wav,0.0
cf48a20c-1669-460f-ba67-4fabb59d39c1,coughvid_data/cf48a20c-1669-460f-ba67-4fabb59d39c1.wav,coughvid_data/cf48a20c-1669-460f-ba67-4fabb59d39c1.wav,0.0
a4bc4b25-81e4-46ce-8550-fc8222eec45f,coughvid_data/a4bc4b25-81e4-46ce-8550-fc8222eec45f.wav,coughvid_data/a4bc4b25-81e4-46ce-8550-fc8222eec45f.wav,1.0
33bd0849-d470-456c-b291-32995b895617,coughvid_data/33bd0849-d470-456c-b291-32995b895617.wav,coughvid_data/33bd0849-d470-456c-b291-32995b895617.wav,1.0
233a3d32-c1b1-45f2-a0c2-12f7ab97141b,coughvid_data/233a3d32-c1b1-45f2-a0c2-12f7ab97141b.wav,coughvid_data/233a3d32-c1b1-45f2-a0c2-12f7ab97141b.wav,0.0
4730e1f6-1156-4864-ba28-2a241ecfec76,coughvid_data/4730e1f6-1156-4864-ba28-2a241ecfec76.wav,coughvid_data/4730e1f6-1156-4864-ba28-2a241ecfec76.wav,0.0
3a647a48-064e-4d78-be74-09cd17a33447,coughvid_data/3a647a48-064e-4d78-be74-09cd17a33447.wav,coughvid_data/3a647a48-064e-4d78-be74-09cd17a33447.wav,0.0
fd0260ad-a934-4da1-aea1-d4779007e7d3,coughvid_data/fd0260ad-a934-4da1-aea1-d4779007e7d3.wav,coughvid_data/fd0260ad-a934-4da1-aea1-d4779007e7d3.wav,0.0
c24f477b-1d15-45d4-ab22-3a626f6bc8b9,coughvid_data/c24f477b-1d15-45d4-ab22-3a626f6bc8b9.wav,coughvid_data/c24f477b-1d15-45d4-ab22-3a626f6bc8b9.wav,0.0
ef918c75-bfc6-4171-8af3-42554ff5bf96,coughvid_data/ef918c75-bfc6-4171-8af3-42554ff5bf96.wav,coughvid_data/ef918c75-bfc6-4171-8af3-42554ff5bf96.wav,0.0
bd6d96f4-9dd3-48a4-9889-d24cef5161f2,coughvid_data/bd6d96f4-9dd3-48a4-9889-d24cef5161f2.wav,coughvid_data/bd6d96f4-9dd3-48a4-9889-d24cef5161f2.wav,0.0
b38a7bee-64e2-42a2-8d6a-731ca73ba1c2,coughvid_data/b38a7bee-64e2-42a2-8d6a-731ca73ba1c2.wav,coughvid_data/b38a7bee-64e2-42a2-8d6a-731ca73ba1c2.wav,0.0
9539266e-f376-4354-bac8-49d0ab6388ad,coughvid_data/9539266e-f376-4354-bac8-49d0ab6388ad.wav,coughvid_data/9539266e-f376-4354-bac8-49d0ab6388ad.wav,1.0
ce8ccb5f-c7a3-48e1-839a-a9c4cd71ab3a,coughvid_data/ce8ccb5f-c7a3-48e1-839a-a9c4cd71ab3a.wav,coughvid_data/ce8ccb5f-c7a3-48e1-839a-a9c4cd71ab3a.wav,1.0
f9a73dc7-95c6-4e96-9f48-e9d3d9db818b,coughvid_data/f9a73dc7-95c6-4e96-9f48-e9d3d9db818b.wav,coughvid_data/f9a73dc7-95c6-4e96-9f48-e9d3d9db818b.wav,1.0
a6dae76d-27e1-467a-a5f3-f6a0c184ec5b,coughvid_data/a6dae76d-27e1-467a-a5f3-f6a0c184ec5b.wav,coughvid_data/a6dae76d-27e1-467a-a5f3-f6a0c184ec5b.wav,1.0
91b12087-7d01-4dd2-9362-f35c4c3745c1,coughvid_data/91b12087-7d01-4dd2-9362-f35c4c3745c1.wav,coughvid_data/91b12087-7d01-4dd2-9362-f35c4c3745c1.wav,1.0
5fcee69f-a3e3-44ed-98c7-6bf2577237b9,coughvid_data/5fcee69f-a3e3-44ed-98c7-6bf2577237b9.wav,coughvid_data/5fcee69f-a3e3-44ed-98c7-6bf2577237b9.wav,1.0
e8f9178e-30b1-45b8-bde1-b4f00c4b4883,coughvid_data/e8f9178e-30b1-45b8-bde1-b4f00c4b4883.wav,coughvid_data/e8f9178e-30b1-45b8-bde1-b4f00c4b4883.wav,1.0
7a0a5bb5-193c-4a6a-80cb-b14818978e75,coughvid_data/7a0a5bb5-193c-4a6a-80cb-b14818978e75.wav,coughvid_data/7a0a5bb5-193c-4a6a-80cb-b14818978e75.wav,0.0
44c16fe2-1d25-4964-b32d-61ce832599c1,coughvid_data/44c16fe2-1d25-4964-b32d-61ce832599c1.wav,coughvid_data/44c16fe2-1d25-4964-b32d-61ce832599c1.wav,1.0
e35ac5d8-4623-44ed-ab17-562dc8356b47,coughvid_data/e35ac5d8-4623-44ed-ab17-562dc8356b47.wav,coughvid_data/e35ac5d8-4623-44ed-ab17-562dc8356b47.wav,0.0
9d056563-e592-497e-bd37-0b3189b732de,coughvid_data/9d056563-e592-497e-bd37-0b3189b732de.wav,coughvid_data/9d056563-e592-497e-bd37-0b3189b732de.wav,0.0
dbbea4bb-dbc2-41d4-8962-0e11ff5e9407,coughvid_data/dbbea4bb-dbc2-41d4-8962-0e11ff5e9407.wav,coughvid_data/dbbea4bb-dbc2-41d4-8962-0e11ff5e9407.wav,0.0
38dd2f7c-6148-4b18-9213-7e1d21c81c9a,coughvid_data/38dd2f7c-6148-4b18-9213-7e1d21c81c9a.wav,coughvid_data/38dd2f7c-6148-4b18-9213-7e1d21c81c9a.wav,1.0
9d5bd21b-1c52-4359-a7cc-f05786579c67,coughvid_data/9d5bd21b-1c52-4359-a7cc-f05786579c67.wav,coughvid_data/9d5bd21b-1c52-4359-a7cc-f05786579c67.wav,0.0
4bad2877-594c-4a30-ac0f-9824ded35dba,coughvid_data/4bad2877-594c-4a30-ac0f-9824ded35dba.wav,coughvid_data/4bad2877-594c-4a30-ac0f-9824ded35dba.wav,1.0
d4df6dd2-f0b3-4478-8838-40c2af8e2089,coughvid_data/d4df6dd2-f0b3-4478-8838-40c2af8e2089.wav,coughvid_data/d4df6dd2-f0b3-4478-8838-40c2af8e2089.wav,0.0
15caa959-3831-4a48-9bec-b296ade327a2,coughvid_data/15caa959-3831-4a48-9bec-b296ade327a2.wav,coughvid_data/15caa959-3831-4a48-9bec-b296ade327a2.wav,0.0
e1f38647-5d78-4980-ad61-c59de3724cf6,coughvid_data/e1f38647-5d78-4980-ad61-c59de3724cf6.wav,coughvid_data/e1f38647-5d78-4980-ad61-c59de3724cf6.wav,1.0
f3c9eddd-9b16-4072-90ee-6134e9ea514c,coughvid_data/f3c9eddd-9b16-4072-90ee-6134e9ea514c.wav,coughvid_data/f3c9eddd-9b16-4072-90ee-6134e9ea514c.wav,0.0
1d4ecbc7-1568-422d-8c48-1a8cc961d059,coughvid_data/1d4ecbc7-1568-422d-8c48-1a8cc961d059.wav,coughvid_data/1d4ecbc7-1568-422d-8c48-1a8cc961d059.wav,0.0
67af5fd9-a9a0-4ca7-a08b-c8dc63ab130d,coughvid_data/67af5fd9-a9a0-4ca7-a08b-c8dc63ab130d.wav,coughvid_data/67af5fd9-a9a0-4ca7-a08b-c8dc63ab130d.wav,0.0
7ae45fd7-a8ff-4260-a135-5c96d8decbd7,coughvid_data/7ae45fd7-a8ff-4260-a135-5c96d8decbd7.wav,coughvid_data/7ae45fd7-a8ff-4260-a135-5c96d8decbd7.wav,1.0
75ecea2a-c88b-440b-a5cf-c5831d987b35,coughvid_data/75ecea2a-c88b-440b-a5cf-c5831d987b35.wav,coughvid_data/75ecea2a-c88b-440b-a5cf-c5831d987b35.wav,0.0
419470c0-ac14-47b6-b501-779151edf891,coughvid_data/419470c0-ac14-47b6-b501-779151edf891.wav,coughvid_data/419470c0-ac14-47b6-b501-779151edf891.wav,1.0
f0354b5b-5336-466b-b267-6173295a4e46,coughvid_data/f0354b5b-5336-466b-b267-6173295a4e46.wav,coughvid_data/f0354b5b-5336-466b-b267-6173295a4e46.wav,0.0
8a2ab2e6-be94-4519-8d3a-3b30de30869b,coughvid_data/8a2ab2e6-be94-4519-8d3a-3b30de30869b.wav,coughvid_data/8a2ab2e6-be94-4519-8d3a-3b30de30869b.wav,1.0
db23f56f-b23f-46e5-b7f8-32537e8600e4,coughvid_data/db23f56f-b23f-46e5-b7f8-32537e8600e4.wav,coughvid_data/db23f56f-b23f-46e5-b7f8-32537e8600e4.wav,1.0
28c5b723-e757-4f01-afa5-514f8a85604b,coughvid_data/28c5b723-e757-4f01-afa5-514f8a85604b.wav,coughvid_data/28c5b723-e757-4f01-afa5-514f8a85604b.wav,0.0
7cd52aa3-c509-44f5-8bf1-f6792d687654,coughvid_data/7cd52aa3-c509-44f5-8bf1-f6792d687654.wav,coughvid_data/7cd52aa3-c509-44f5-8bf1-f6792d687654.wav,1.0
bc19a993-ac30-4501-b881-5bc864c5fb46,coughvid_data/bc19a993-ac30-4501-b881-5bc864c5fb46.wav,coughvid_data/bc19a993-ac30-4501-b881-5bc864c5fb46.wav,0.0
b77b2389-fb65-452f-9dd1-e02c36557ab7,coughvid_data/b77b2389-fb65-452f-9dd1-e02c36557ab7.wav,coughvid_data/b77b2389-fb65-452f-9dd1-e02c36557ab7.wav,0.0
d658e590-c2ef-4853-9faa-d1e86d11c18a,coughvid_data/d658e590-c2ef-4853-9faa-d1e86d11c18a.wav,coughvid_data/d658e590-c2ef-4853-9faa-d1e86d11c18a.wav,0.0
2d81eb8b-6222-42c3-b350-14699adc172b,coughvid_data/2d81eb8b-6222-42c3-b350-14699adc172b.wav,coughvid_data/2d81eb8b-6222-42c3-b350-14699adc172b.wav,1.0
c6fb2de6-86a6-4704-b267-11c0031431f2,coughvid_data/c6fb2de6-86a6-4704-b267-11c0031431f2.wav,coughvid_data/c6fb2de6-86a6-4704-b267-11c0031431f2.wav,1.0
b4a3a734-77cc-4fdb-a920-33ae6fd16d09,coughvid_data/b4a3a734-77cc-4fdb-a920-33ae6fd16d09.wav,coughvid_data/b4a3a734-77cc-4fdb-a920-33ae6fd16d09.wav,1.0
2d945d23-990e-4f00-91a6-b4de59fcb2a6,coughvid_data/2d945d23-990e-4f00-91a6-b4de59fcb2a6.wav,coughvid_data/2d945d23-990e-4f00-91a6-b4de59fcb2a6.wav,1.0
9157bffb-2454-4a86-9163-91820e9d1dcb,coughvid_data/9157bffb-2454-4a86-9163-91820e9d1dcb.wav,coughvid_data/9157bffb-2454-4a86-9163-91820e9d1dcb.wav,0.0
7714f05e-ec57-465a-8891-392a2044052a,coughvid_data/7714f05e-ec57-465a-8891-392a2044052a.wav,coughvid_data/7714f05e-ec57-465a-8891-392a2044052a.wav,1.0
5387b432-037d-4a5b-a757-af298fef7026,coughvid_data/5387b432-037d-4a5b-a757-af298fef7026.wav,coughvid_data/5387b432-037d-4a5b-a757-af298fef7026.wav,0.0
60c69eb6-cd3c-4458-bc70-a874bee8f852,coughvid_data/60c69eb6-cd3c-4458-bc70-a874bee8f852.wav,coughvid_data/60c69eb6-cd3c-4458-bc70-a874bee8f852.wav,1.0
688f5e2c-14e7-4a59-8c6c-7d85dee1361a,coughvid_data/688f5e2c-14e7-4a59-8c6c-7d85dee1361a.wav,coughvid_data/688f5e2c-14e7-4a59-8c6c-7d85dee1361a.wav,1.0
83ce3521-adb6-4711-bbe3-853c5b9346c7,coughvid_data/83ce3521-adb6-4711-bbe3-853c5b9346c7.wav,coughvid_data/83ce3521-adb6-4711-bbe3-853c5b9346c7.wav,0.0
2974b8ef-49f1-4390-a974-758104bd9f02,coughvid_data/2974b8ef-49f1-4390-a974-758104bd9f02.wav,coughvid_data/2974b8ef-49f1-4390-a974-758104bd9f02.wav,1.0
9c0824d0-5d04-4852-9fa6-c387db6792c5,coughvid_data/9c0824d0-5d04-4852-9fa6-c387db6792c5.wav,coughvid_data/9c0824d0-5d04-4852-9fa6-c387db6792c5.wav,1.0
c41c3f03-b3bc-45b1-86fa-e9689888a1d1,coughvid_data/c41c3f03-b3bc-45b1-86fa-e9689888a1d1.wav,coughvid_data/c41c3f03-b3bc-45b1-86fa-e9689888a1d1.wav,0.0
5bc812d2-0ed9-4d7c-bdc4-ab8be21d343a,coughvid_data/5bc812d2-0ed9-4d7c-bdc4-ab8be21d343a.wav,coughvid_data/5bc812d2-0ed9-4d7c-bdc4-ab8be21d343a.wav,1.0
7f44a78c-9bbc-411d-a0b8-f3b734647832,coughvid_data/7f44a78c-9bbc-411d-a0b8-f3b734647832.wav,coughvid_data/7f44a78c-9bbc-411d-a0b8-f3b734647832.wav,1.0
1b5767c7-327d-41be-af92-af2e829c75db,coughvid_data/1b5767c7-327d-41be-af92-af2e829c75db.wav,coughvid_data/1b5767c7-327d-41be-af92-af2e829c75db.wav,0.0
b6ef338b-f21e-4820-a540-30d33d004c14,coughvid_data/b6ef338b-f21e-4820-a540-30d33d004c14.wav,coughvid_data/b6ef338b-f21e-4820-a540-30d33d004c14.wav,0.0
832aa633-65a7-4ba3-8d35-387e68a11aa6,coughvid_data/832aa633-65a7-4ba3-8d35-387e68a11aa6.wav,coughvid_data/832aa633-65a7-4ba3-8d35-387e68a11aa6.wav,1.0
5e3129e8-284a-481e-bdb4-871726aef199,coughvid_data/5e3129e8-284a-481e-bdb4-871726aef199.wav,coughvid_data/5e3129e8-284a-481e-bdb4-871726aef199.wav,0.0
c7c15891-d8dc-46be-8188-6a0452986512,coughvid_data/c7c15891-d8dc-46be-8188-6a0452986512.wav,coughvid_data/c7c15891-d8dc-46be-8188-6a0452986512.wav,0.0
67f61e58-3df6-4d96-9c81-24f3fecf56dd,coughvid_data/67f61e58-3df6-4d96-9c81-24f3fecf56dd.wav,coughvid_data/67f61e58-3df6-4d96-9c81-24f3fecf56dd.wav,1.0
5d16fd24-59d9-49e7-9d50-28b0f9448048,coughvid_data/5d16fd24-59d9-49e7-9d50-28b0f9448048.wav,coughvid_data/5d16fd24-59d9-49e7-9d50-28b0f9448048.wav,1.0
b19186fe-139d-4167-8b52-fe188ab05e4e,coughvid_data/b19186fe-139d-4167-8b52-fe188ab05e4e.wav,coughvid_data/b19186fe-139d-4167-8b52-fe188ab05e4e.wav,1.0
47f1a3a6-d595-41b0-976e-b87f5ff8deea,coughvid_data/47f1a3a6-d595-41b0-976e-b87f5ff8deea.wav,coughvid_data/47f1a3a6-d595-41b0-976e-b87f5ff8deea.wav,1.0
529a996c-e517-4b8a-bd4f-7075ad1e8408,coughvid_data/529a996c-e517-4b8a-bd4f-7075ad1e8408.wav,coughvid_data/529a996c-e517-4b8a-bd4f-7075ad1e8408.wav,1.0
b302565d-ba48-44ae-acf1-e2306492a217,coughvid_data/b302565d-ba48-44ae-acf1-e2306492a217.wav,coughvid_data/b302565d-ba48-44ae-acf1-e2306492a217.wav,1.0
8ff8e67d-d443-44d6-ba87-3c0d8bfdfcbd,coughvid_data/8ff8e67d-d443-44d6-ba87-3c0d8bfdfcbd.wav,coughvid_data/8ff8e67d-d443-44d6-ba87-3c0d8bfdfcbd.wav,1.0
d37e8f0f-169d-4313-be42-7ad4664118c9,coughvid_data/d37e8f0f-169d-4313-be42-7ad4664118c9.wav,coughvid_data/d37e8f0f-169d-4313-be42-7ad4664118c9.wav,0.0
d9ca274e-7742-4d83-b608-a6017cb0f32d,coughvid_data/d9ca274e-7742-4d83-b608-a6017cb0f32d.wav,coughvid_data/d9ca274e-7742-4d83-b608-a6017cb0f32d.wav,1.0
8cbbcbdb-bf02-4d06-96e7-8960b9bdc44c,coughvid_data/8cbbcbdb-bf02-4d06-96e7-8960b9bdc44c.wav,coughvid_data/8cbbcbdb-bf02-4d06-96e7-8960b9bdc44c.wav,1.0
bb655d19-7ca3-469e-842d-2e00d3f21ac5,coughvid_data/bb655d19-7ca3-469e-842d-2e00d3f21ac5.wav,coughvid_data/bb655d19-7ca3-469e-842d-2e00d3f21ac5.wav,1.0
d28b3177-fb81-4080-974b-aaf5a9c8a84e,coughvid_data/d28b3177-fb81-4080-974b-aaf5a9c8a84e.wav,coughvid_data/d28b3177-fb81-4080-974b-aaf5a9c8a84e.wav,1.0
445299e3-00a9-434d-82c6-e9901b3d026a,coughvid_data/445299e3-00a9-434d-82c6-e9901b3d026a.wav,coughvid_data/445299e3-00a9-434d-82c6-e9901b3d026a.wav,1.0
b5377aef-24d7-4763-b781-1a5f368544f8,coughvid_data/b5377aef-24d7-4763-b781-1a5f368544f8.wav,coughvid_data/b5377aef-24d7-4763-b781-1a5f368544f8.wav,1.0
18677277-8528-430b-9e6d-2dad600a804b,coughvid_data/18677277-8528-430b-9e6d-2dad600a804b.wav,coughvid_data/18677277-8528-430b-9e6d-2dad600a804b.wav,0.0
f4553020-722f-4ce4-95bb-910b6d64d152,coughvid_data/f4553020-722f-4ce4-95bb-910b6d64d152.wav,coughvid_data/f4553020-722f-4ce4-95bb-910b6d64d152.wav,0.0
79f61d48-21fe-482f-bb69-6e263fd00905,coughvid_data/79f61d48-21fe-482f-bb69-6e263fd00905.wav,coughvid_data/79f61d48-21fe-482f-bb69-6e263fd00905.wav,0.0
5e532093-eaca-4622-8d9b-f76cd5b5e0bf,coughvid_data/5e532093-eaca-4622-8d9b-f76cd5b5e0bf.wav,coughvid_data/5e532093-eaca-4622-8d9b-f76cd5b5e0bf.wav,0.0
3eab321b-3fb2-4fec-8c41-5cf72adb5fc4,coughvid_data/3eab321b-3fb2-4fec-8c41-5cf72adb5fc4.wav,coughvid_data/3eab321b-3fb2-4fec-8c41-5cf72adb5fc4.wav,0.0
6e2e8069-0c5e-42a1-9656-eb2082e16289,coughvid_data/6e2e8069-0c5e-42a1-9656-eb2082e16289.wav,coughvid_data/6e2e8069-0c5e-42a1-9656-eb2082e16289.wav,1.0
fc81adff-40d7-48cc-8c90-4af0b2ac7b1c,coughvid_data/fc81adff-40d7-48cc-8c90-4af0b2ac7b1c.wav,coughvid_data/fc81adff-40d7-48cc-8c90-4af0b2ac7b1c.wav,1.0
d783f124-1972-42f6-a5b2-64331dccd3b9,coughvid_data/d783f124-1972-42f6-a5b2-64331dccd3b9.wav,coughvid_data/d783f124-1972-42f6-a5b2-64331dccd3b9.wav,0.0
9cc68dd1-6424-4cce-8355-21289c8806c0,coughvid_data/9cc68dd1-6424-4cce-8355-21289c8806c0.wav,coughvid_data/9cc68dd1-6424-4cce-8355-21289c8806c0.wav,1.0
be9d18d6-6223-4a7c-b309-105718e82fca,coughvid_data/be9d18d6-6223-4a7c-b309-105718e82fca.wav,coughvid_data/be9d18d6-6223-4a7c-b309-105718e82fca.wav,0.0
567522fe-a7b5-41f5-9154-917ac9597143,coughvid_data/567522fe-a7b5-41f5-9154-917ac9597143.wav,coughvid_data/567522fe-a7b5-41f5-9154-917ac9597143.wav,0.0
d49bc3be-7272-4ce6-974c-fc2da8ff16cb,coughvid_data/d49bc3be-7272-4ce6-974c-fc2da8ff16cb.wav,coughvid_data/d49bc3be-7272-4ce6-974c-fc2da8ff16cb.wav,0.0
1dc5e965-87ff-4caa-a262-562cff0831ea,coughvid_data/1dc5e965-87ff-4caa-a262-562cff0831ea.wav,coughvid_data/1dc5e965-87ff-4caa-a262-562cff0831ea.wav,1.0
0d62d429-5782-4f40-b682-9aa5bdd5cedf,coughvid_data/0d62d429-5782-4f40-b682-9aa5bdd5cedf.wav,coughvid_data/0d62d429-5782-4f40-b682-9aa5bdd5cedf.wav,1.0
16b353c4-b5b0-4329-a03c-93e456b53a47,coughvid_data/16b353c4-b5b0-4329-a03c-93e456b53a47.wav,coughvid_data/16b353c4-b5b0-4329-a03c-93e456b53a47.wav,0.0
7a8bbaa6-a7e3-4414-af8f-b9e191d274c3,coughvid_data/7a8bbaa6-a7e3-4414-af8f-b9e191d274c3.wav,coughvid_data/7a8bbaa6-a7e3-4414-af8f-b9e191d274c3.wav,1.0
a1866c2e-a151-4263-a23a-26b9a55ea59f,coughvid_data/a1866c2e-a151-4263-a23a-26b9a55ea59f.wav,coughvid_data/a1866c2e-a151-4263-a23a-26b9a55ea59f.wav,1.0
3b9edc5a-f9df-4923-8b8a-13cd04647ca5,coughvid_data/3b9edc5a-f9df-4923-8b8a-13cd04647ca5.wav,coughvid_data/3b9edc5a-f9df-4923-8b8a-13cd04647ca5.wav,0.0
9385e035-a828-4758-8c60-54e3968263b7,coughvid_data/9385e035-a828-4758-8c60-54e3968263b7.wav,coughvid_data/9385e035-a828-4758-8c60-54e3968263b7.wav,0.0
da6ed45b-9029-4ada-a94f-aa78e60c7d53,coughvid_data/da6ed45b-9029-4ada-a94f-aa78e60c7d53.wav,coughvid_data/da6ed45b-9029-4ada-a94f-aa78e60c7d53.wav,1.0
5255911e-ea34-44a7-9dad-8c9a62d07d18,coughvid_data/5255911e-ea34-44a7-9dad-8c9a62d07d18.wav,coughvid_data/5255911e-ea34-44a7-9dad-8c9a62d07d18.wav,0.0
1360429d-0b4c-40ed-b869-16d01e5880b7,coughvid_data/1360429d-0b4c-40ed-b869-16d01e5880b7.wav,coughvid_data/1360429d-0b4c-40ed-b869-16d01e5880b7.wav,1.0
a953b5a9-6a16-4be7-88a8-1d94d5d2c686,coughvid_data/a953b5a9-6a16-4be7-88a8-1d94d5d2c686.wav,coughvid_data/a953b5a9-6a16-4be7-88a8-1d94d5d2c686.wav,0.0
22fe37b5-c82c-4921-bf20-25e389cf4017,coughvid_data/22fe37b5-c82c-4921-bf20-25e389cf4017.wav,coughvid_data/22fe37b5-c82c-4921-bf20-25e389cf4017.wav,0.0
5d5d6a08-4ad9-4b5d-a090-77e6d92ba7a5,coughvid_data/5d5d6a08-4ad9-4b5d-a090-77e6d92ba7a5.wav,coughvid_data/5d5d6a08-4ad9-4b5d-a090-77e6d92ba7a5.wav,1.0
bc5b070d-3838-4ecf-89b3-4bd52cd2cbfc,coughvid_data/bc5b070d-3838-4ecf-89b3-4bd52cd2cbfc.wav,coughvid_data/bc5b070d-3838-4ecf-89b3-4bd52cd2cbfc.wav,0.0
527fd97a-5991-41fc-a197-aa12c9798aea,coughvid_data/527fd97a-5991-41fc-a197-aa12c9798aea.wav,coughvid_data/527fd97a-5991-41fc-a197-aa12c9798aea.wav,1.0
b6bcb1e0-d237-43d6-9bf0-751bef16422a,coughvid_data/b6bcb1e0-d237-43d6-9bf0-751bef16422a.wav,coughvid_data/b6bcb1e0-d237-43d6-9bf0-751bef16422a.wav,0.0
ec8470e8-e422-4b14-8024-eec1e091deeb,coughvid_data/ec8470e8-e422-4b14-8024-eec1e091deeb.wav,coughvid_data/ec8470e8-e422-4b14-8024-eec1e091deeb.wav,0.0
bdd15ab3-7347-4a29-b5f2-6a63f70bfe6a,coughvid_data/bdd15ab3-7347-4a29-b5f2-6a63f70bfe6a.wav,coughvid_data/bdd15ab3-7347-4a29-b5f2-6a63f70bfe6a.wav,1.0
fe7d05a1-7c70-4913-828c-4ecc11e0ba51,coughvid_data/fe7d05a1-7c70-4913-828c-4ecc11e0ba51.wav,coughvid_data/fe7d05a1-7c70-4913-828c-4ecc11e0ba51.wav,1.0
668a3264-3750-4423-bfd5-ee3fb19d6fab,coughvid_data/668a3264-3750-4423-bfd5-ee3fb19d6fab.wav,coughvid_data/668a3264-3750-4423-bfd5-ee3fb19d6fab.wav,1.0
e76d3cb4-b809-4158-a48e-e2ef39f983ed,coughvid_data/e76d3cb4-b809-4158-a48e-e2ef39f983ed.wav,coughvid_data/e76d3cb4-b809-4158-a48e-e2ef39f983ed.wav,0.0
ea1ad318-94ce-44f6-be8c-537017fa0893,coughvid_data/ea1ad318-94ce-44f6-be8c-537017fa0893.wav,coughvid_data/ea1ad318-94ce-44f6-be8c-537017fa0893.wav,0.0
b09cc2a0-0e61-470a-9208-4714929fa0ba,coughvid_data/b09cc2a0-0e61-470a-9208-4714929fa0ba.wav,coughvid_data/b09cc2a0-0e61-470a-9208-4714929fa0ba.wav,0.0
d140e956-c654-4f0e-93e4-a8f6371d2c54,coughvid_data/d140e956-c654-4f0e-93e4-a8f6371d2c54.wav,coughvid_data/d140e956-c654-4f0e-93e4-a8f6371d2c54.wav,1.0
a266b36e-2a17-4762-890d-2d6d853a0e94,coughvid_data/a266b36e-2a17-4762-890d-2d6d853a0e94.wav,coughvid_data/a266b36e-2a17-4762-890d-2d6d853a0e94.wav,0.0
80ae506f-6ae8-4537-be13-58fde04d62b0,coughvid_data/80ae506f-6ae8-4537-be13-58fde04d62b0.wav,coughvid_data/80ae506f-6ae8-4537-be13-58fde04d62b0.wav,0.0
873564d2-ebcf-43c8-90ba-718f4895090f,coughvid_data/873564d2-ebcf-43c8-90ba-718f4895090f.wav,coughvid_data/873564d2-ebcf-43c8-90ba-718f4895090f.wav,0.0
7faa384b-ac10-4a76-8628-2c927650b4c5,coughvid_data/7faa384b-ac10-4a76-8628-2c927650b4c5.wav,coughvid_data/7faa384b-ac10-4a76-8628-2c927650b4c5.wav,1.0
4601472e-85bf-4c98-826e-83ab4d1e21b4,coughvid_data/4601472e-85bf-4c98-826e-83ab4d1e21b4.wav,coughvid_data/4601472e-85bf-4c98-826e-83ab4d1e21b4.wav,0.0
0b5fb904-7652-4a61-b19f-b6b6407b45c8,coughvid_data/0b5fb904-7652-4a61-b19f-b6b6407b45c8.wav,coughvid_data/0b5fb904-7652-4a61-b19f-b6b6407b45c8.wav,0.0
5377c5c1-3932-4c7f-84fe-21d00f1e5887,coughvid_data/5377c5c1-3932-4c7f-84fe-21d00f1e5887.wav,coughvid_data/5377c5c1-3932-4c7f-84fe-21d00f1e5887.wav,1.0
8e43eae6-17b2-4285-a9b5-9ab3ef6eab04,coughvid_data/8e43eae6-17b2-4285-a9b5-9ab3ef6eab04.wav,coughvid_data/8e43eae6-17b2-4285-a9b5-9ab3ef6eab04.wav,0.0
4d734c6f-e73b-4512-94c6-231a36dd7738,coughvid_data/4d734c6f-e73b-4512-94c6-231a36dd7738.wav,coughvid_data/4d734c6f-e73b-4512-94c6-231a36dd7738.wav,0.0
d6e57679-2456-4a3f-bee4-63f30a926449,coughvid_data/d6e57679-2456-4a3f-bee4-63f30a926449.wav,coughvid_data/d6e57679-2456-4a3f-bee4-63f30a926449.wav,0.0
54a04a7f-e343-48be-aed8-0654400d6309,coughvid_data/54a04a7f-e343-48be-aed8-0654400d6309.wav,coughvid_data/54a04a7f-e343-48be-aed8-0654400d6309.wav,1.0
7e5233f1-6b10-44ec-9cfc-0229e774719a,coughvid_data/7e5233f1-6b10-44ec-9cfc-0229e774719a.wav,coughvid_data/7e5233f1-6b10-44ec-9cfc-0229e774719a.wav,1.0
77007f51-30d0-4504-89dd-d70645c0d845,coughvid_data/77007f51-30d0-4504-89dd-d70645c0d845.wav,coughvid_data/77007f51-30d0-4504-89dd-d70645c0d845.wav,0.0
fc1ae44d-e555-45f2-8d0e-3bffa1283e8f,coughvid_data/fc1ae44d-e555-45f2-8d0e-3bffa1283e8f.wav,coughvid_data/fc1ae44d-e555-45f2-8d0e-3bffa1283e8f.wav,0.0
130a22ec-e17e-4fe9-adfa-893068646862,coughvid_data/130a22ec-e17e-4fe9-adfa-893068646862.wav,coughvid_data/130a22ec-e17e-4fe9-adfa-893068646862.wav,0.0
bfd2e733-37df-41e2-a441-2f4371a643c7,coughvid_data/bfd2e733-37df-41e2-a441-2f4371a643c7.wav,coughvid_data/bfd2e733-37df-41e2-a441-2f4371a643c7.wav,0.0
983ddb57-dc01-4002-9803-f14fd07f2f26,coughvid_data/983ddb57-dc01-4002-9803-f14fd07f2f26.wav,coughvid_data/983ddb57-dc01-4002-9803-f14fd07f2f26.wav,1.0
fa65667a-6f1c-4fc8-b5de-7d82395bcc1b,coughvid_data/fa65667a-6f1c-4fc8-b5de-7d82395bcc1b.wav,coughvid_data/fa65667a-6f1c-4fc8-b5de-7d82395bcc1b.wav,1.0
fb3079b4-f2b8-4cda-9723-703d5e3b6811,coughvid_data/fb3079b4-f2b8-4cda-9723-703d5e3b6811.wav,coughvid_data/fb3079b4-f2b8-4cda-9723-703d5e3b6811.wav,1.0
94a53296-841b-482b-af2b-8a6fcedfd806,coughvid_data/94a53296-841b-482b-af2b-8a6fcedfd806.wav,coughvid_data/94a53296-841b-482b-af2b-8a6fcedfd806.wav,0.0
f46ef2cf-500e-4885-a81d-8c29f89b384f,coughvid_data/f46ef2cf-500e-4885-a81d-8c29f89b384f.wav,coughvid_data/f46ef2cf-500e-4885-a81d-8c29f89b384f.wav,0.0
0ebd7e72-97b3-40df-a661-68c69f42accf,coughvid_data/0ebd7e72-97b3-40df-a661-68c69f42accf.wav,coughvid_data/0ebd7e72-97b3-40df-a661-68c69f42accf.wav,1.0
ab5b7b84-91db-4b2c-9af2-582a593eb180,coughvid_data/ab5b7b84-91db-4b2c-9af2-582a593eb180.wav,coughvid_data/ab5b7b84-91db-4b2c-9af2-582a593eb180.wav,1.0
1f1356a0-9317-4552-b91a-09869a3aa4a7,coughvid_data/1f1356a0-9317-4552-b91a-09869a3aa4a7.wav,coughvid_data/1f1356a0-9317-4552-b91a-09869a3aa4a7.wav,0.0
2fe3f280-3982-4d71-840c-ea14df087120,coughvid_data/2fe3f280-3982-4d71-840c-ea14df087120.wav,coughvid_data/2fe3f280-3982-4d71-840c-ea14df087120.wav,0.0
c3fe41a5-1983-418f-8db9-bfadf27163ee,coughvid_data/c3fe41a5-1983-418f-8db9-bfadf27163ee.wav,coughvid_data/c3fe41a5-1983-418f-8db9-bfadf27163ee.wav,0.0
89a310e1-5baa-4d77-ab74-25f17dce0850,coughvid_data/89a310e1-5baa-4d77-ab74-25f17dce0850.wav,coughvid_data/89a310e1-5baa-4d77-ab74-25f17dce0850.wav,1.0
3aebdd02-f060-4e26-9101-1cafb0eb7756,coughvid_data/3aebdd02-f060-4e26-9101-1cafb0eb7756.wav,coughvid_data/3aebdd02-f060-4e26-9101-1cafb0eb7756.wav,0.0
1cd191f3-876f-4412-a667-7e406b294af9,coughvid_data/1cd191f3-876f-4412-a667-7e406b294af9.wav,coughvid_data/1cd191f3-876f-4412-a667-7e406b294af9.wav,1.0
73a719db-31bb-4b00-bd64-efe1594b92fa,coughvid_data/73a719db-31bb-4b00-bd64-efe1594b92fa.wav,coughvid_data/73a719db-31bb-4b00-bd64-efe1594b92fa.wav,0.0
bb81e6b3-d306-490e-8448-cf72226a14d4,coughvid_data/bb81e6b3-d306-490e-8448-cf72226a14d4.wav,coughvid_data/bb81e6b3-d306-490e-8448-cf72226a14d4.wav,1.0
41e1fe22-0dbe-4e71-81f0-bf619139fb02,coughvid_data/41e1fe22-0dbe-4e71-81f0-bf619139fb02.wav,coughvid_data/41e1fe22-0dbe-4e71-81f0-bf619139fb02.wav,1.0
2ac8b0b2-c3a1-4bdf-9d20-8c040e860b46,coughvid_data/2ac8b0b2-c3a1-4bdf-9d20-8c040e860b46.wav,coughvid_data/2ac8b0b2-c3a1-4bdf-9d20-8c040e860b46.wav,1.0
a0da6b39-0df1-47bb-9d9d-98209d22e248,coughvid_data/a0da6b39-0df1-47bb-9d9d-98209d22e248.wav,coughvid_data/a0da6b39-0df1-47bb-9d9d-98209d22e248.wav,1.0
0ac9779a-2607-4537-bd18-d105da8c8b69,coughvid_data/0ac9779a-2607-4537-bd18-d105da8c8b69.wav,coughvid_data/0ac9779a-2607-4537-bd18-d105da8c8b69.wav,0.0
964c1b16-5e1c-4fe8-bb58-38000a3ef9f3,coughvid_data/964c1b16-5e1c-4fe8-bb58-38000a3ef9f3.wav,coughvid_data/964c1b16-5e1c-4fe8-bb58-38000a3ef9f3.wav,0.0
7336d79a-1eb2-4157-8f71-a28d38f626e3,coughvid_data/7336d79a-1eb2-4157-8f71-a28d38f626e3.wav,coughvid_data/7336d79a-1eb2-4157-8f71-a28d38f626e3.wav,0.0
e5701b59-3b76-4d36-b9e6-9f22dbf812a7,coughvid_data/e5701b59-3b76-4d36-b9e6-9f22dbf812a7.wav,coughvid_data/e5701b59-3b76-4d36-b9e6-9f22dbf812a7.wav,0.0
4e9d02bf-1e92-4106-9834-d0576c4a69d0,coughvid_data/4e9d02bf-1e92-4106-9834-d0576c4a69d0.wav,coughvid_data/4e9d02bf-1e92-4106-9834-d0576c4a69d0.wav,0.0
59009566-cb9d-48ed-b90a-0cac20292a38,coughvid_data/59009566-cb9d-48ed-b90a-0cac20292a38.wav,coughvid_data/59009566-cb9d-48ed-b90a-0cac20292a38.wav,1.0
990220fb-4e0f-434f-9db8-d5e02db33fe6,coughvid_data/990220fb-4e0f-434f-9db8-d5e02db33fe6.wav,coughvid_data/990220fb-4e0f-434f-9db8-d5e02db33fe6.wav,1.0
af815bc9-8bab-4317-bb3c-d3b59574cd99,coughvid_data/af815bc9-8bab-4317-bb3c-d3b59574cd99.wav,coughvid_data/af815bc9-8bab-4317-bb3c-d3b59574cd99.wav,0.0
132da06b-e320-4e86-8a38-fd4f70884de1,coughvid_data/132da06b-e320-4e86-8a38-fd4f70884de1.wav,coughvid_data/132da06b-e320-4e86-8a38-fd4f70884de1.wav,1.0
969f89e3-8877-4f70-954c-abde5492a338,coughvid_data/969f89e3-8877-4f70-954c-abde5492a338.wav,coughvid_data/969f89e3-8877-4f70-954c-abde5492a338.wav,1.0
e3a0e232-dc03-478b-9f8c-b6d928cd01ab,coughvid_data/e3a0e232-dc03-478b-9f8c-b6d928cd01ab.wav,coughvid_data/e3a0e232-dc03-478b-9f8c-b6d928cd01ab.wav,1.0
af6e744f-17af-4035-a7ad-b3cc247f5746,coughvid_data/af6e744f-17af-4035-a7ad-b3cc247f5746.wav,coughvid_data/af6e744f-17af-4035-a7ad-b3cc247f5746.wav,0.0
35c3157c-6428-410d-84a2-9776e7deb923,coughvid_data/35c3157c-6428-410d-84a2-9776e7deb923.wav,coughvid_data/35c3157c-6428-410d-84a2-9776e7deb923.wav,0.0
55cfe235-e902-49e7-9a06-0d877611c0cd,coughvid_data/55cfe235-e902-49e7-9a06-0d877611c0cd.wav,coughvid_data/55cfe235-e902-49e7-9a06-0d877611c0cd.wav,0.0
9f271311-1478-43dc-82c7-363e4b37936a,coughvid_data/9f271311-1478-43dc-82c7-363e4b37936a.wav,coughvid_data/9f271311-1478-43dc-82c7-363e4b37936a.wav,0.0
ac86b077-198c-453c-9f51-e4a494f1abac,coughvid_data/ac86b077-198c-453c-9f51-e4a494f1abac.wav,coughvid_data/ac86b077-198c-453c-9f51-e4a494f1abac.wav,0.0
c81fe341-4e15-4893-838a-d9080df464c1,coughvid_data/c81fe341-4e15-4893-838a-d9080df464c1.wav,coughvid_data/c81fe341-4e15-4893-838a-d9080df464c1.wav,1.0
1b63fdec-f82a-4c7a-ab68-954954fddafb,coughvid_data/1b63fdec-f82a-4c7a-ab68-954954fddafb.wav,coughvid_data/1b63fdec-f82a-4c7a-ab68-954954fddafb.wav,0.0
ceccb5eb-5d96-4c69-a03e-2d5699ba889d,coughvid_data/ceccb5eb-5d96-4c69-a03e-2d5699ba889d.wav,coughvid_data/ceccb5eb-5d96-4c69-a03e-2d5699ba889d.wav,0.0
3f071ad3-5ece-4bda-a4df-4b9cfa824da8,coughvid_data/3f071ad3-5ece-4bda-a4df-4b9cfa824da8.wav,coughvid_data/3f071ad3-5ece-4bda-a4df-4b9cfa824da8.wav,1.0
1a09983b-7cce-4a17-9430-2b0a10ce4885,coughvid_data/1a09983b-7cce-4a17-9430-2b0a10ce4885.wav,coughvid_data/1a09983b-7cce-4a17-9430-2b0a10ce4885.wav,1.0
159aef74-bedb-44e5-9831-799e7cc955ca,coughvid_data/159aef74-bedb-44e5-9831-799e7cc955ca.wav,coughvid_data/159aef74-bedb-44e5-9831-799e7cc955ca.wav,1.0
00745765-96ed-4e13-8ca7-7f6b793af78d,coughvid_data/00745765-96ed-4e13-8ca7-7f6b793af78d.wav,coughvid_data/00745765-96ed-4e13-8ca7-7f6b793af78d.wav,1.0
49c42c62-f070-4e3f-a812-c1b76226d261,coughvid_data/49c42c62-f070-4e3f-a812-c1b76226d261.wav,coughvid_data/49c42c62-f070-4e3f-a812-c1b76226d261.wav,1.0
2ce13a54-07ee-4f34-9c25-d71067e50146,coughvid_data/2ce13a54-07ee-4f34-9c25-d71067e50146.wav,coughvid_data/2ce13a54-07ee-4f34-9c25-d71067e50146.wav,1.0
e1ba228f-443e-4c50-a5b9-bd8515441ab7,coughvid_data/e1ba228f-443e-4c50-a5b9-bd8515441ab7.wav,coughvid_data/e1ba228f-443e-4c50-a5b9-bd8515441ab7.wav,0.0
0792759a-37b5-414a-a1e6-f34aa944e28f,coughvid_data/0792759a-37b5-414a-a1e6-f34aa944e28f.wav,coughvid_data/0792759a-37b5-414a-a1e6-f34aa944e28f.wav,1.0
12e55d9e-8f11-4342-9052-39aa358eb32e,coughvid_data/12e55d9e-8f11-4342-9052-39aa358eb32e.wav,coughvid_data/12e55d9e-8f11-4342-9052-39aa358eb32e.wav,1.0
94bdd23f-1788-4a1b-af89-fe31f82a336b,coughvid_data/94bdd23f-1788-4a1b-af89-fe31f82a336b.wav,coughvid_data/94bdd23f-1788-4a1b-af89-fe31f82a336b.wav,0.0
c6b631b2-337a-4f2e-b098-15a50dc22aa3,coughvid_data/c6b631b2-337a-4f2e-b098-15a50dc22aa3.wav,coughvid_data/c6b631b2-337a-4f2e-b098-15a50dc22aa3.wav,1.0
068f9715-623a-45be-a17a-055a9028b4c6,coughvid_data/068f9715-623a-45be-a17a-055a9028b4c6.wav,coughvid_data/068f9715-623a-45be-a17a-055a9028b4c6.wav,0.0
2edaffa4-f97f-4ae1-a3df-419eead325ab,coughvid_data/2edaffa4-f97f-4ae1-a3df-419eead325ab.wav,coughvid_data/2edaffa4-f97f-4ae1-a3df-419eead325ab.wav,0.0
03cee8a7-2437-43d8-98d4-34cc0f4fd259,coughvid_data/03cee8a7-2437-43d8-98d4-34cc0f4fd259.wav,coughvid_data/03cee8a7-2437-43d8-98d4-34cc0f4fd259.wav,0.0
15b6fefb-b0f5-4ea4-bf8c-7d84874449df,coughvid_data/15b6fefb-b0f5-4ea4-bf8c-7d84874449df.wav,coughvid_data/15b6fefb-b0f5-4ea4-bf8c-7d84874449df.wav,1.0
1b884e53-cd0b-43f7-998c-58c8408afecd,coughvid_data/1b884e53-cd0b-43f7-998c-58c8408afecd.wav,coughvid_data/1b884e53-cd0b-43f7-998c-58c8408afecd.wav,1.0
d8a3f955-6fcf-486c-a137-dcf2910f1af2,coughvid_data/d8a3f955-6fcf-486c-a137-dcf2910f1af2.wav,coughvid_data/d8a3f955-6fcf-486c-a137-dcf2910f1af2.wav,0.0
1bee1cf7-77f6-4d9d-8a4f-3eeea98f21da,coughvid_data/1bee1cf7-77f6-4d9d-8a4f-3eeea98f21da.wav,coughvid_data/1bee1cf7-77f6-4d9d-8a4f-3eeea98f21da.wav,1.0
23849e85-7b38-47eb-a25f-60cfe787f44a,coughvid_data/23849e85-7b38-47eb-a25f-60cfe787f44a.wav,coughvid_data/23849e85-7b38-47eb-a25f-60cfe787f44a.wav,1.0
bd42b53f-0bb1-4efb-ba11-d18b1d544322,coughvid_data/bd42b53f-0bb1-4efb-ba11-d18b1d544322.wav,coughvid_data/bd42b53f-0bb1-4efb-ba11-d18b1d544322.wav,1.0
997402e1-b4ae-4808-909f-ea5423e3bb79,coughvid_data/997402e1-b4ae-4808-909f-ea5423e3bb79.wav,coughvid_data/997402e1-b4ae-4808-909f-ea5423e3bb79.wav,1.0
88eed7b2-404d-4a3e-b18d-4eae00669b78,coughvid_data/88eed7b2-404d-4a3e-b18d-4eae00669b78.wav,coughvid_data/88eed7b2-404d-4a3e-b18d-4eae00669b78.wav,1.0
df1efd5a-5cdf-4794-86f4-4e299a7631cd,coughvid_data/df1efd5a-5cdf-4794-86f4-4e299a7631cd.wav,coughvid_data/df1efd5a-5cdf-4794-86f4-4e299a7631cd.wav,0.0
8e9e20cd-78c6-414d-91fb-c99092255bd6,coughvid_data/8e9e20cd-78c6-414d-91fb-c99092255bd6.wav,coughvid_data/8e9e20cd-78c6-414d-91fb-c99092255bd6.wav,1.0
71ef701e-a675-4bfb-979a-9a1c8efd6652,coughvid_data/71ef701e-a675-4bfb-979a-9a1c8efd6652.wav,coughvid_data/71ef701e-a675-4bfb-979a-9a1c8efd6652.wav,0.0
80cba7f5-8ec0-4231-af20-512d66bea2c5,coughvid_data/80cba7f5-8ec0-4231-af20-512d66bea2c5.wav,coughvid_data/80cba7f5-8ec0-4231-af20-512d66bea2c5.wav,0.0
1bb2bf66-f3de-48b3-8feb-d125f52068f7,coughvid_data/1bb2bf66-f3de-48b3-8feb-d125f52068f7.wav,coughvid_data/1bb2bf66-f3de-48b3-8feb-d125f52068f7.wav,0.0
fc130177-f117-4721-98c7-f7a2623c61b7,coughvid_data/fc130177-f117-4721-98c7-f7a2623c61b7.wav,coughvid_data/fc130177-f117-4721-98c7-f7a2623c61b7.wav,1.0
3036a09e-4b78-4086-962f-c9f103aaa44f,coughvid_data/3036a09e-4b78-4086-962f-c9f103aaa44f.wav,coughvid_data/3036a09e-4b78-4086-962f-c9f103aaa44f.wav,0.0
494ff36a-869e-4c44-b569-8a661c9d1eff,coughvid_data/494ff36a-869e-4c44-b569-8a661c9d1eff.wav,coughvid_data/494ff36a-869e-4c44-b569-8a661c9d1eff.wav,0.0
20ff6480-7b7e-4a16-a0cc-509a06672986,coughvid_data/20ff6480-7b7e-4a16-a0cc-509a06672986.wav,coughvid_data/20ff6480-7b7e-4a16-a0cc-509a06672986.wav,0.0
822d4afc-6ab3-41ca-9aa5-3b200bb335a9,coughvid_data/822d4afc-6ab3-41ca-9aa5-3b200bb335a9.wav,coughvid_data/822d4afc-6ab3-41ca-9aa5-3b200bb335a9.wav,1.0
e8c9df03-2405-4906-a50e-14775a826bff,coughvid_data/e8c9df03-2405-4906-a50e-14775a826bff.wav,coughvid_data/e8c9df03-2405-4906-a50e-14775a826bff.wav,0.0
733be924-fb4b-4756-ada8-55e70886c709,coughvid_data/733be924-fb4b-4756-ada8-55e70886c709.wav,coughvid_data/733be924-fb4b-4756-ada8-55e70886c709.wav,1.0
b6cdc63a-501c-49d2-82e2-858c90111e82,coughvid_data/b6cdc63a-501c-49d2-82e2-858c90111e82.wav,coughvid_data/b6cdc63a-501c-49d2-82e2-858c90111e82.wav,0.0
3ad08dbf-1d9e-4055-83fa-9a0e0bb45d34,coughvid_data/3ad08dbf-1d9e-4055-83fa-9a0e0bb45d34.wav,coughvid_data/3ad08dbf-1d9e-4055-83fa-9a0e0bb45d34.wav,1.0
011eeb79-ef95-4f6a-92de-ed2659083fc9,coughvid_data/011eeb79-ef95-4f6a-92de-ed2659083fc9.wav,coughvid_data/011eeb79-ef95-4f6a-92de-ed2659083fc9.wav,0.0
cc02ffeb-a397-4b75-bc68-32ab13ea952b,coughvid_data/cc02ffeb-a397-4b75-bc68-32ab13ea952b.wav,coughvid_data/cc02ffeb-a397-4b75-bc68-32ab13ea952b.wav,1.0
e47e0df2-2a9e-41d1-9d5e-9866d5112760,coughvid_data/e47e0df2-2a9e-41d1-9d5e-9866d5112760.wav,coughvid_data/e47e0df2-2a9e-41d1-9d5e-9866d5112760.wav,1.0
12d42398-0ebc-4c49-9025-3651c278b0a4,coughvid_data/12d42398-0ebc-4c49-9025-3651c278b0a4.wav,coughvid_data/12d42398-0ebc-4c49-9025-3651c278b0a4.wav,0.0
0c320eac-7c16-47b1-8a88-bd6cd418c4e1,coughvid_data/0c320eac-7c16-47b1-8a88-bd6cd418c4e1.wav,coughvid_data/0c320eac-7c16-47b1-8a88-bd6cd418c4e1.wav,1.0
7c1beb90-f0f2-4549-8910-93d2c3246cf9,coughvid_data/7c1beb90-f0f2-4549-8910-93d2c3246cf9.wav,coughvid_data/7c1beb90-f0f2-4549-8910-93d2c3246cf9.wav,0.0
78c1fbe5-0d8a-4747-b238-bdb66e3fceb2,coughvid_data/78c1fbe5-0d8a-4747-b238-bdb66e3fceb2.wav,coughvid_data/78c1fbe5-0d8a-4747-b238-bdb66e3fceb2.wav,1.0
78627471-ce84-45ef-8a09-584716d4fd4b,coughvid_data/78627471-ce84-45ef-8a09-584716d4fd4b.wav,coughvid_data/78627471-ce84-45ef-8a09-584716d4fd4b.wav,0.0
e59eba05-4b00-41f8-924d-01110aa3cb1b,coughvid_data/e59eba05-4b00-41f8-924d-01110aa3cb1b.wav,coughvid_data/e59eba05-4b00-41f8-924d-01110aa3cb1b.wav,0.0
e7ac3665-91b9-42b1-b346-52a2f39f372b,coughvid_data/e7ac3665-91b9-42b1-b346-52a2f39f372b.wav,coughvid_data/e7ac3665-91b9-42b1-b346-52a2f39f372b.wav,1.0
b0cd3e33-4619-4d3d-96dd-453c60b4a222,coughvid_data/b0cd3e33-4619-4d3d-96dd-453c60b4a222.wav,coughvid_data/b0cd3e33-4619-4d3d-96dd-453c60b4a222.wav,1.0
bddcaffb-51e9-45d5-981a-d1667056d590,coughvid_data/bddcaffb-51e9-45d5-981a-d1667056d590.wav,coughvid_data/bddcaffb-51e9-45d5-981a-d1667056d590.wav,0.0
56a64f7c-6a0d-440d-939f-ca910827f897,coughvid_data/56a64f7c-6a0d-440d-939f-ca910827f897.wav,coughvid_data/56a64f7c-6a0d-440d-939f-ca910827f897.wav,1.0
a51e9e47-9284-47bd-8b32-b1c866ebc400,coughvid_data/a51e9e47-9284-47bd-8b32-b1c866ebc400.wav,coughvid_data/a51e9e47-9284-47bd-8b32-b1c866ebc400.wav,1.0
23b6d443-d144-411a-8ca1-98cf4fa240c5,coughvid_data/23b6d443-d144-411a-8ca1-98cf4fa240c5.wav,coughvid_data/23b6d443-d144-411a-8ca1-98cf4fa240c5.wav,1.0
52213e61-4dbf-45e5-93f9-7e9d63963532,coughvid_data/52213e61-4dbf-45e5-93f9-7e9d63963532.wav,coughvid_data/52213e61-4dbf-45e5-93f9-7e9d63963532.wav,0.0
fcb79d16-ea45-45b0-a51d-cdf44b324313,coughvid_data/fcb79d16-ea45-45b0-a51d-cdf44b324313.wav,coughvid_data/fcb79d16-ea45-45b0-a51d-cdf44b324313.wav,0.0
723b0c16-7bf8-439e-9477-c094c95e7a55,coughvid_data/723b0c16-7bf8-439e-9477-c094c95e7a55.wav,coughvid_data/723b0c16-7bf8-439e-9477-c094c95e7a55.wav,0.0
c0e44dab-99ec-40a9-867c-a77cc129ecfe,coughvid_data/c0e44dab-99ec-40a9-867c-a77cc129ecfe.wav,coughvid_data/c0e44dab-99ec-40a9-867c-a77cc129ecfe.wav,0.0
71cd419c-4e83-4820-9637-0c81a508452d,coughvid_data/71cd419c-4e83-4820-9637-0c81a508452d.wav,coughvid_data/71cd419c-4e83-4820-9637-0c81a508452d.wav,0.0
1d8c9a73-0590-4981-a1ea-af094a2d6c24,coughvid_data/1d8c9a73-0590-4981-a1ea-af094a2d6c24.wav,coughvid_data/1d8c9a73-0590-4981-a1ea-af094a2d6c24.wav,0.0
7fb6d0e7-912d-4133-9fa6-070a92e6982b,coughvid_data/7fb6d0e7-912d-4133-9fa6-070a92e6982b.wav,coughvid_data/7fb6d0e7-912d-4133-9fa6-070a92e6982b.wav,0.0
0b6ea0b5-e036-43ca-8462-d128f6232bdf,coughvid_data/0b6ea0b5-e036-43ca-8462-d128f6232bdf.wav,coughvid_data/0b6ea0b5-e036-43ca-8462-d128f6232bdf.wav,1.0
75944196-10b2-4104-bf1c-501a15d3e258,coughvid_data/75944196-10b2-4104-bf1c-501a15d3e258.wav,coughvid_data/75944196-10b2-4104-bf1c-501a15d3e258.wav,1.0
13691dbb-f057-4054-88a1-4c464ab766e1,coughvid_data/13691dbb-f057-4054-88a1-4c464ab766e1.wav,coughvid_data/13691dbb-f057-4054-88a1-4c464ab766e1.wav,0.0
ab877052-1bd8-4378-a08b-a824f24e3788,coughvid_data/ab877052-1bd8-4378-a08b-a824f24e3788.wav,coughvid_data/ab877052-1bd8-4378-a08b-a824f24e3788.wav,0.0
1168922e-efab-4720-b443-4f8c773ec45f,coughvid_data/1168922e-efab-4720-b443-4f8c773ec45f.wav,coughvid_data/1168922e-efab-4720-b443-4f8c773ec45f.wav,1.0
1b2ab92a-a87c-45c1-b22f-a5260ea1861a,coughvid_data/1b2ab92a-a87c-45c1-b22f-a5260ea1861a.wav,coughvid_data/1b2ab92a-a87c-45c1-b22f-a5260ea1861a.wav,0.0
40beec84-5cac-4236-8d79-aab53f4a9aee,coughvid_data/40beec84-5cac-4236-8d79-aab53f4a9aee.wav,coughvid_data/40beec84-5cac-4236-8d79-aab53f4a9aee.wav,0.0
fc3f68e8-46b3-4069-af0d-3b5e14c3ff9a,coughvid_data/fc3f68e8-46b3-4069-af0d-3b5e14c3ff9a.wav,coughvid_data/fc3f68e8-46b3-4069-af0d-3b5e14c3ff9a.wav,1.0
b062b5c4-6767-414c-8437-0ba1ca1e6c69,coughvid_data/b062b5c4-6767-414c-8437-0ba1ca1e6c69.wav,coughvid_data/b062b5c4-6767-414c-8437-0ba1ca1e6c69.wav,0.0
4f35e057-e077-4516-802e-0a2c1f784410,coughvid_data/4f35e057-e077-4516-802e-0a2c1f784410.wav,coughvid_data/4f35e057-e077-4516-802e-0a2c1f784410.wav,1.0
d33a8167-adc5-4c16-a83d-10633df665b5,coughvid_data/d33a8167-adc5-4c16-a83d-10633df665b5.wav,coughvid_data/d33a8167-adc5-4c16-a83d-10633df665b5.wav,0.0
d7277039-2965-4c03-b582-cc5d730c1782,coughvid_data/d7277039-2965-4c03-b582-cc5d730c1782.wav,coughvid_data/d7277039-2965-4c03-b582-cc5d730c1782.wav,0.0
740ce0fa-565f-4acb-aa02-e77bf9ca380f,coughvid_data/740ce0fa-565f-4acb-aa02-e77bf9ca380f.wav,coughvid_data/740ce0fa-565f-4acb-aa02-e77bf9ca380f.wav,0.0
b1d0e3e4-bf37-4bf9-aeee-c89739775a4c,coughvid_data/b1d0e3e4-bf37-4bf9-aeee-c89739775a4c.wav,coughvid_data/b1d0e3e4-bf37-4bf9-aeee-c89739775a4c.wav,1.0
8588cbcb-a7c2-47fe-bedf-734de9d855c8,coughvid_data/8588cbcb-a7c2-47fe-bedf-734de9d855c8.wav,coughvid_data/8588cbcb-a7c2-47fe-bedf-734de9d855c8.wav,1.0
48e84f69-8d76-4b19-bef5-c95876bc32d8,coughvid_data/48e84f69-8d76-4b19-bef5-c95876bc32d8.wav,coughvid_data/48e84f69-8d76-4b19-bef5-c95876bc32d8.wav,0.0
52f45cb2-e14a-4a3d-af8e-f1f173464c95,coughvid_data/52f45cb2-e14a-4a3d-af8e-f1f173464c95.wav,coughvid_data/52f45cb2-e14a-4a3d-af8e-f1f173464c95.wav,0.0
51396e6d-b22f-42a0-8ccf-2cb2b0a81dac,coughvid_data/51396e6d-b22f-42a0-8ccf-2cb2b0a81dac.wav,coughvid_data/51396e6d-b22f-42a0-8ccf-2cb2b0a81dac.wav,0.0
650af6f7-61f0-44e5-a8c4-2093c67daccc,coughvid_data/650af6f7-61f0-44e5-a8c4-2093c67daccc.wav,coughvid_data/650af6f7-61f0-44e5-a8c4-2093c67daccc.wav,0.0
5d34422e-b5eb-4399-aec1-0ca954b909c4,coughvid_data/5d34422e-b5eb-4399-aec1-0ca954b909c4.wav,coughvid_data/5d34422e-b5eb-4399-aec1-0ca954b909c4.wav,1.0
0bb3cd92-a4c2-45b8-bb15-5c2f21867c8a,coughvid_data/0bb3cd92-a4c2-45b8-bb15-5c2f21867c8a.wav,coughvid_data/0bb3cd92-a4c2-45b8-bb15-5c2f21867c8a.wav,1.0
18cdea91-1719-4d1f-9317-0bf6a7242f8d,coughvid_data/18cdea91-1719-4d1f-9317-0bf6a7242f8d.wav,coughvid_data/18cdea91-1719-4d1f-9317-0bf6a7242f8d.wav,1.0
a2ec633d-ce0e-4159-93f9-13479b51ab1e,coughvid_data/a2ec633d-ce0e-4159-93f9-13479b51ab1e.wav,coughvid_data/a2ec633d-ce0e-4159-93f9-13479b51ab1e.wav,1.0
63a5eef8-6c24-41d3-a9bd-49bbd54dac1a,coughvid_data/63a5eef8-6c24-41d3-a9bd-49bbd54dac1a.wav,coughvid_data/63a5eef8-6c24-41d3-a9bd-49bbd54dac1a.wav,0.0
07805392-7307-4c93-b4e0-ac98b3a1237f,coughvid_data/07805392-7307-4c93-b4e0-ac98b3a1237f.wav,coughvid_data/07805392-7307-4c93-b4e0-ac98b3a1237f.wav,0.0
e7eb8ed3-3fee-48cc-81fb-de0cef4266f2,coughvid_data/e7eb8ed3-3fee-48cc-81fb-de0cef4266f2.wav,coughvid_data/e7eb8ed3-3fee-48cc-81fb-de0cef4266f2.wav,0.0
e3b5252d-477c-48db-8d6d-6cdedb508fc4,coughvid_data/e3b5252d-477c-48db-8d6d-6cdedb508fc4.wav,coughvid_data/e3b5252d-477c-48db-8d6d-6cdedb508fc4.wav,0.0
b26b3150-4026-442d-b1ac-6b3ab2a991b3,coughvid_data/b26b3150-4026-442d-b1ac-6b3ab2a991b3.wav,coughvid_data/b26b3150-4026-442d-b1ac-6b3ab2a991b3.wav,1.0
aca81aaf-ece2-4e33-a2d7-67778a8948bf,coughvid_data/aca81aaf-ece2-4e33-a2d7-67778a8948bf.wav,coughvid_data/aca81aaf-ece2-4e33-a2d7-67778a8948bf.wav,0.0
5063e7db-a05b-48db-9817-21d0cc45c128,coughvid_data/5063e7db-a05b-48db-9817-21d0cc45c128.wav,coughvid_data/5063e7db-a05b-48db-9817-21d0cc45c128.wav,1.0
8270deab-fef1-4ab0-879c-986175fb5ce9,coughvid_data/8270deab-fef1-4ab0-879c-986175fb5ce9.wav,coughvid_data/8270deab-fef1-4ab0-879c-986175fb5ce9.wav,1.0
d3fc0bdb-f787-4cd5-8875-df89740a9f53,coughvid_data/d3fc0bdb-f787-4cd5-8875-df89740a9f53.wav,coughvid_data/d3fc0bdb-f787-4cd5-8875-df89740a9f53.wav,1.0
eaefb807-d522-4519-8fcc-c3e910b24717,coughvid_data/eaefb807-d522-4519-8fcc-c3e910b24717.wav,coughvid_data/eaefb807-d522-4519-8fcc-c3e910b24717.wav,0.0
f31fd06f-b1e7-4bef-b86d-69bd8595e592,coughvid_data/f31fd06f-b1e7-4bef-b86d-69bd8595e592.wav,coughvid_data/f31fd06f-b1e7-4bef-b86d-69bd8595e592.wav,1.0
e8bb9920-c73c-4d2d-9165-0e3c686c8908,coughvid_data/e8bb9920-c73c-4d2d-9165-0e3c686c8908.wav,coughvid_data/e8bb9920-c73c-4d2d-9165-0e3c686c8908.wav,0.0
74311bb9-9334-4370-90d7-e51eca027636,coughvid_data/74311bb9-9334-4370-90d7-e51eca027636.wav,coughvid_data/74311bb9-9334-4370-90d7-e51eca027636.wav,0.0
65535f56-bd8d-4304-bc5d-9b4b8b266117,coughvid_data/65535f56-bd8d-4304-bc5d-9b4b8b266117.wav,coughvid_data/65535f56-bd8d-4304-bc5d-9b4b8b266117.wav,1.0
b7854b3a-b527-4fd9-9e39-812c82a7c86a,coughvid_data/b7854b3a-b527-4fd9-9e39-812c82a7c86a.wav,coughvid_data/b7854b3a-b527-4fd9-9e39-812c82a7c86a.wav,1.0
0834ef21-c5be-48c3-a096-455c661b6f72,coughvid_data/0834ef21-c5be-48c3-a096-455c661b6f72.wav,coughvid_data/0834ef21-c5be-48c3-a096-455c661b6f72.wav,1.0
76c91a5e-ef7e-4494-9b82-10cfc9a898fa,coughvid_data/76c91a5e-ef7e-4494-9b82-10cfc9a898fa.wav,coughvid_data/76c91a5e-ef7e-4494-9b82-10cfc9a898fa.wav,0.0
31482fc7-e7e9-46af-b945-a378598752f8,coughvid_data/31482fc7-e7e9-46af-b945-a378598752f8.wav,coughvid_data/31482fc7-e7e9-46af-b945-a378598752f8.wav,0.0
d74e92d1-85bb-4c69-bf5d-003858b228c1,coughvid_data/d74e92d1-85bb-4c69-bf5d-003858b228c1.wav,coughvid_data/d74e92d1-85bb-4c69-bf5d-003858b228c1.wav,1.0
786b0ef2-ce1d-4c7d-8ae1-a06f3b188a7c,coughvid_data/786b0ef2-ce1d-4c7d-8ae1-a06f3b188a7c.wav,coughvid_data/786b0ef2-ce1d-4c7d-8ae1-a06f3b188a7c.wav,0.0
4bccfeb1-448d-46b9-84d1-cfb4a78ac3a0,coughvid_data/4bccfeb1-448d-46b9-84d1-cfb4a78ac3a0.wav,coughvid_data/4bccfeb1-448d-46b9-84d1-cfb4a78ac3a0.wav,1.0
8fed22e5-9e62-45aa-9a12-f9f589c6b68b,coughvid_data/8fed22e5-9e62-45aa-9a12-f9f589c6b68b.wav,coughvid_data/8fed22e5-9e62-45aa-9a12-f9f589c6b68b.wav,0.0
a9c5a065-2abe-4b81-9ed0-ec46fdde84eb,coughvid_data/a9c5a065-2abe-4b81-9ed0-ec46fdde84eb.wav,coughvid_data/a9c5a065-2abe-4b81-9ed0-ec46fdde84eb.wav,0.0
26f5061b-c1ae-44b9-9c4b-f75bfef85e11,coughvid_data/26f5061b-c1ae-44b9-9c4b-f75bfef85e11.wav,coughvid_data/26f5061b-c1ae-44b9-9c4b-f75bfef85e11.wav,1.0
36f5e5ed-51d0-4587-9861-084dee14b663,coughvid_data/36f5e5ed-51d0-4587-9861-084dee14b663.wav,coughvid_data/36f5e5ed-51d0-4587-9861-084dee14b663.wav,0.0
152f2fe1-dd92-46a5-831b-e12b1e045dff,coughvid_data/152f2fe1-dd92-46a5-831b-e12b1e045dff.wav,coughvid_data/152f2fe1-dd92-46a5-831b-e12b1e045dff.wav,0.0
db2403df-5bc7-45f8-b459-660442174ef7,coughvid_data/db2403df-5bc7-45f8-b459-660442174ef7.wav,coughvid_data/db2403df-5bc7-45f8-b459-660442174ef7.wav,1.0
98d8e7b1-a0d6-4b4b-92a0-66c5c3c46ceb,coughvid_data/98d8e7b1-a0d6-4b4b-92a0-66c5c3c46ceb.wav,coughvid_data/98d8e7b1-a0d6-4b4b-92a0-66c5c3c46ceb.wav,0.0
e2b1eb14-8957-4a3d-aed4-88295c13a299,coughvid_data/e2b1eb14-8957-4a3d-aed4-88295c13a299.wav,coughvid_data/e2b1eb14-8957-4a3d-aed4-88295c13a299.wav,1.0
2f831c5c-9cf9-4458-a593-afd05875113c,coughvid_data/2f831c5c-9cf9-4458-a593-afd05875113c.wav,coughvid_data/2f831c5c-9cf9-4458-a593-afd05875113c.wav,0.0
3954e0f1-771c-4f14-a736-b5f2c409c524,coughvid_data/3954e0f1-771c-4f14-a736-b5f2c409c524.wav,coughvid_data/3954e0f1-771c-4f14-a736-b5f2c409c524.wav,1.0
42b1e6a7-66ef-4282-b050-ceff537b17a7,coughvid_data/42b1e6a7-66ef-4282-b050-ceff537b17a7.wav,coughvid_data/42b1e6a7-66ef-4282-b050-ceff537b17a7.wav,1.0
07440dae-62f1-4379-932a-078e888844c6,coughvid_data/07440dae-62f1-4379-932a-078e888844c6.wav,coughvid_data/07440dae-62f1-4379-932a-078e888844c6.wav,0.0
26aca18b-1f9d-40ec-9403-a0c587192067,coughvid_data/26aca18b-1f9d-40ec-9403-a0c587192067.wav,coughvid_data/26aca18b-1f9d-40ec-9403-a0c587192067.wav,0.0
7b663689-392a-43ac-9b17-9bee97a34e1d,coughvid_data/7b663689-392a-43ac-9b17-9bee97a34e1d.wav,coughvid_data/7b663689-392a-43ac-9b17-9bee97a34e1d.wav,0.0
feb65011-50f0-4ccd-9913-dc41a2a02766,coughvid_data/feb65011-50f0-4ccd-9913-dc41a2a02766.wav,coughvid_data/feb65011-50f0-4ccd-9913-dc41a2a02766.wav,1.0
577a85b2-7b1f-4f2c-9e0c-db4cdda0f866,coughvid_data/577a85b2-7b1f-4f2c-9e0c-db4cdda0f866.wav,coughvid_data/577a85b2-7b1f-4f2c-9e0c-db4cdda0f866.wav,1.0
9831d8fd-411e-4d5c-ae69-efc1c46dbb3c,coughvid_data/9831d8fd-411e-4d5c-ae69-efc1c46dbb3c.wav,coughvid_data/9831d8fd-411e-4d5c-ae69-efc1c46dbb3c.wav,0.0
8f75320a-d4b2-4af5-b9c1-baf31a828000,coughvid_data/8f75320a-d4b2-4af5-b9c1-baf31a828000.wav,coughvid_data/8f75320a-d4b2-4af5-b9c1-baf31a828000.wav,1.0
6ef1277d-96d6-4e68-b2c0-ccfaf9f10761,coughvid_data/6ef1277d-96d6-4e68-b2c0-ccfaf9f10761.wav,coughvid_data/6ef1277d-96d6-4e68-b2c0-ccfaf9f10761.wav,1.0
3bb6dbe6-0c72-4aca-9435-54d76ecb296a,coughvid_data/3bb6dbe6-0c72-4aca-9435-54d76ecb296a.wav,coughvid_data/3bb6dbe6-0c72-4aca-9435-54d76ecb296a.wav,1.0
5e018ce9-a411-4b9d-b173-58ca60ef00fa,coughvid_data/5e018ce9-a411-4b9d-b173-58ca60ef00fa.wav,coughvid_data/5e018ce9-a411-4b9d-b173-58ca60ef00fa.wav,1.0
ed287cc4-f6cd-4972-9f7d-e72bfe0b7b97,coughvid_data/ed287cc4-f6cd-4972-9f7d-e72bfe0b7b97.wav,coughvid_data/ed287cc4-f6cd-4972-9f7d-e72bfe0b7b97.wav,1.0
1737fd6e-aa59-485f-a836-138c0320078a,coughvid_data/1737fd6e-aa59-485f-a836-138c0320078a.wav,coughvid_data/1737fd6e-aa59-485f-a836-138c0320078a.wav,1.0
e63e3d87-fe23-4afe-91a7-544259df1a68,coughvid_data/e63e3d87-fe23-4afe-91a7-544259df1a68.wav,coughvid_data/e63e3d87-fe23-4afe-91a7-544259df1a68.wav,1.0
af6ae8d4-7c2c-47b0-b3ac-4a18160198b5,coughvid_data/af6ae8d4-7c2c-47b0-b3ac-4a18160198b5.wav,coughvid_data/af6ae8d4-7c2c-47b0-b3ac-4a18160198b5.wav,0.0
473402b8-a902-499f-8b45-64fc52669c93,coughvid_data/473402b8-a902-499f-8b45-64fc52669c93.wav,coughvid_data/473402b8-a902-499f-8b45-64fc52669c93.wav,1.0
b7f28b1a-640e-4d12-9586-18b5e563ec8c,coughvid_data/b7f28b1a-640e-4d12-9586-18b5e563ec8c.wav,coughvid_data/b7f28b1a-640e-4d12-9586-18b5e563ec8c.wav,0.0
b98d8f4b-31dc-41b0-b1f7-743b91599f47,coughvid_data/b98d8f4b-31dc-41b0-b1f7-743b91599f47.wav,coughvid_data/b98d8f4b-31dc-41b0-b1f7-743b91599f47.wav,0.0
cfab015f-361f-4ca5-815b-5985537b3a3b,coughvid_data/cfab015f-361f-4ca5-815b-5985537b3a3b.wav,coughvid_data/cfab015f-361f-4ca5-815b-5985537b3a3b.wav,1.0
64440d9f-5ac0-4eed-92b1-c11c4a098d2a,coughvid_data/64440d9f-5ac0-4eed-92b1-c11c4a098d2a.wav,coughvid_data/64440d9f-5ac0-4eed-92b1-c11c4a098d2a.wav,0.0
a1a611fb-139b-4dbb-a875-bdce7a675e25,coughvid_data/a1a611fb-139b-4dbb-a875-bdce7a675e25.wav,coughvid_data/a1a611fb-139b-4dbb-a875-bdce7a675e25.wav,1.0
69ea4c5e-576b-4dc9-89e8-22a6298befc4,coughvid_data/69ea4c5e-576b-4dc9-89e8-22a6298befc4.wav,coughvid_data/69ea4c5e-576b-4dc9-89e8-22a6298befc4.wav,1.0
84dab7a6-1b8b-4042-8d08-8b888344dfd7,coughvid_data/84dab7a6-1b8b-4042-8d08-8b888344dfd7.wav,coughvid_data/84dab7a6-1b8b-4042-8d08-8b888344dfd7.wav,0.0
5cb9c121-f6e6-4661-a19a-73e96f76acc9,coughvid_data/5cb9c121-f6e6-4661-a19a-73e96f76acc9.wav,coughvid_data/5cb9c121-f6e6-4661-a19a-73e96f76acc9.wav,0.0
80e2e449-386e-4aad-8c4d-96544e6ff8e9,coughvid_data/80e2e449-386e-4aad-8c4d-96544e6ff8e9.wav,coughvid_data/80e2e449-386e-4aad-8c4d-96544e6ff8e9.wav,1.0
ba479e47-3124-49ef-b02c-b51b169dd204,coughvid_data/ba479e47-3124-49ef-b02c-b51b169dd204.wav,coughvid_data/ba479e47-3124-49ef-b02c-b51b169dd204.wav,1.0
7206f77b-11e5-40a3-b7c4-d40cc434e690,coughvid_data/7206f77b-11e5-40a3-b7c4-d40cc434e690.wav,coughvid_data/7206f77b-11e5-40a3-b7c4-d40cc434e690.wav,1.0
c3542347-5c21-4892-819c-c30853e877a1,coughvid_data/c3542347-5c21-4892-819c-c30853e877a1.wav,coughvid_data/c3542347-5c21-4892-819c-c30853e877a1.wav,1.0
7f4dd5fb-1e5d-41cd-bcdc-f12023efc53e,coughvid_data/7f4dd5fb-1e5d-41cd-bcdc-f12023efc53e.wav,coughvid_data/7f4dd5fb-1e5d-41cd-bcdc-f12023efc53e.wav,1.0
dbd30671-1de1-429e-a57b-fcd49e0f01ce,coughvid_data/dbd30671-1de1-429e-a57b-fcd49e0f01ce.wav,coughvid_data/dbd30671-1de1-429e-a57b-fcd49e0f01ce.wav,1.0
10344906-5f7c-4d1d-93a8-56585cc33b2f,coughvid_data/10344906-5f7c-4d1d-93a8-56585cc33b2f.wav,coughvid_data/10344906-5f7c-4d1d-93a8-56585cc33b2f.wav,1.0
008c1c9e-aeef-40c5-846c-24f1b964f884,coughvid_data/008c1c9e-aeef-40c5-846c-24f1b964f884.wav,coughvid_data/008c1c9e-aeef-40c5-846c-24f1b964f884.wav,1.0
5998a733-5790-4918-adff-cef8e7b12a73,coughvid_data/5998a733-5790-4918-adff-cef8e7b12a73.wav,coughvid_data/5998a733-5790-4918-adff-cef8e7b12a73.wav,1.0
17a7f66f-6ed0-44ee-b14c-8fb482a67779,coughvid_data/17a7f66f-6ed0-44ee-b14c-8fb482a67779.wav,coughvid_data/17a7f66f-6ed0-44ee-b14c-8fb482a67779.wav,1.0
7eec6599-77cd-41f7-a613-0d0f9f13107b,coughvid_data/7eec6599-77cd-41f7-a613-0d0f9f13107b.wav,coughvid_data/7eec6599-77cd-41f7-a613-0d0f9f13107b.wav,0.0
d514af97-323a-4874-944c-4ba11d8eaea5,coughvid_data/d514af97-323a-4874-944c-4ba11d8eaea5.wav,coughvid_data/d514af97-323a-4874-944c-4ba11d8eaea5.wav,1.0
585b5821-3812-46d9-8824-74be98055886,coughvid_data/585b5821-3812-46d9-8824-74be98055886.wav,coughvid_data/585b5821-3812-46d9-8824-74be98055886.wav,1.0
c978c8a3-56b9-470b-bdb7-00f18d30e100,coughvid_data/c978c8a3-56b9-470b-bdb7-00f18d30e100.wav,coughvid_data/c978c8a3-56b9-470b-bdb7-00f18d30e100.wav,0.0
6f1d96f2-8fcc-4f4a-a7f1-83d5ff3fbef1,coughvid_data/6f1d96f2-8fcc-4f4a-a7f1-83d5ff3fbef1.wav,coughvid_data/6f1d96f2-8fcc-4f4a-a7f1-83d5ff3fbef1.wav,1.0
b881327c-4fa7-4494-8f94-313cb554a661,coughvid_data/b881327c-4fa7-4494-8f94-313cb554a661.wav,coughvid_data/b881327c-4fa7-4494-8f94-313cb554a661.wav,1.0
d7117089-59be-42da-9227-cd7b70e80d9f,coughvid_data/d7117089-59be-42da-9227-cd7b70e80d9f.wav,coughvid_data/d7117089-59be-42da-9227-cd7b70e80d9f.wav,1.0
849b5a7d-020f-4a6f-80ba-6ca1589044ab,coughvid_data/849b5a7d-020f-4a6f-80ba-6ca1589044ab.wav,coughvid_data/849b5a7d-020f-4a6f-80ba-6ca1589044ab.wav,1.0
f21a3337-86a5-4213-bbbd-2c0754595894,coughvid_data/f21a3337-86a5-4213-bbbd-2c0754595894.wav,coughvid_data/f21a3337-86a5-4213-bbbd-2c0754595894.wav,0.0
8b2f4d1a-7745-488a-ba79-4755dfbd14be,coughvid_data/8b2f4d1a-7745-488a-ba79-4755dfbd14be.wav,coughvid_data/8b2f4d1a-7745-488a-ba79-4755dfbd14be.wav,0.0
97d92a6b-9619-4b12-8c28-3b29a5a0c983,coughvid_data/97d92a6b-9619-4b12-8c28-3b29a5a0c983.wav,coughvid_data/97d92a6b-9619-4b12-8c28-3b29a5a0c983.wav,1.0
7ff6d8f2-2fd9-4c01-a5cc-eb72faf79d6d,coughvid_data/7ff6d8f2-2fd9-4c01-a5cc-eb72faf79d6d.wav,coughvid_data/7ff6d8f2-2fd9-4c01-a5cc-eb72faf79d6d.wav,0.0
89c97828-25b3-4957-8f2c-8da426e68d74,coughvid_data/89c97828-25b3-4957-8f2c-8da426e68d74.wav,coughvid_data/89c97828-25b3-4957-8f2c-8da426e68d74.wav,1.0
f6a99881-75e3-4092-9d61-396a77cb4251,coughvid_data/f6a99881-75e3-4092-9d61-396a77cb4251.wav,coughvid_data/f6a99881-75e3-4092-9d61-396a77cb4251.wav,0.0
5b7b8bb1-b032-41c6-abbb-3dc373582dbd,coughvid_data/5b7b8bb1-b032-41c6-abbb-3dc373582dbd.wav,coughvid_data/5b7b8bb1-b032-41c6-abbb-3dc373582dbd.wav,1.0
7c91ecf4-2cac-40fc-9661-4a959ba382e1,coughvid_data/7c91ecf4-2cac-40fc-9661-4a959ba382e1.wav,coughvid_data/7c91ecf4-2cac-40fc-9661-4a959ba382e1.wav,0.0
6ec8ee42-0ee6-4c23-8019-9fb218eccedb,coughvid_data/6ec8ee42-0ee6-4c23-8019-9fb218eccedb.wav,coughvid_data/6ec8ee42-0ee6-4c23-8019-9fb218eccedb.wav,0.0
26cc4970-bcfa-4521-9724-18b1b9461aa4,coughvid_data/26cc4970-bcfa-4521-9724-18b1b9461aa4.wav,coughvid_data/26cc4970-bcfa-4521-9724-18b1b9461aa4.wav,0.0
cffdf981-7aad-41c4-8395-e01972c14db0,coughvid_data/cffdf981-7aad-41c4-8395-e01972c14db0.wav,coughvid_data/cffdf981-7aad-41c4-8395-e01972c14db0.wav,0.0
2377101c-e359-4c8d-81cc-f3cae5c62064,coughvid_data/2377101c-e359-4c8d-81cc-f3cae5c62064.wav,coughvid_data/2377101c-e359-4c8d-81cc-f3cae5c62064.wav,1.0
f006a6cf-7f30-473d-900a-de11f035a0e9,coughvid_data/f006a6cf-7f30-473d-900a-de11f035a0e9.wav,coughvid_data/f006a6cf-7f30-473d-900a-de11f035a0e9.wav,1.0
0afd1bba-fd24-4ff3-a246-3ed081411d65,coughvid_data/0afd1bba-fd24-4ff3-a246-3ed081411d65.wav,coughvid_data/0afd1bba-fd24-4ff3-a246-3ed081411d65.wav,0.0
06e70376-02ca-4abb-bb56-58d987176d08,coughvid_data/06e70376-02ca-4abb-bb56-58d987176d08.wav,coughvid_data/06e70376-02ca-4abb-bb56-58d987176d08.wav,0.0
d297b163-1de9-42b1-abf5-ee9ca659377f,coughvid_data/d297b163-1de9-42b1-abf5-ee9ca659377f.wav,coughvid_data/d297b163-1de9-42b1-abf5-ee9ca659377f.wav,1.0
77406aa9-2a05-47cf-812f-ea2064527492,coughvid_data/77406aa9-2a05-47cf-812f-ea2064527492.wav,coughvid_data/77406aa9-2a05-47cf-812f-ea2064527492.wav,1.0
b2125452-e6dc-4ef0-ab1b-07268a20cf6c,coughvid_data/b2125452-e6dc-4ef0-ab1b-07268a20cf6c.wav,coughvid_data/b2125452-e6dc-4ef0-ab1b-07268a20cf6c.wav,0.0
27c1a541-e231-4df6-9a93-d3a9f96fe2d5,coughvid_data/27c1a541-e231-4df6-9a93-d3a9f96fe2d5.wav,coughvid_data/27c1a541-e231-4df6-9a93-d3a9f96fe2d5.wav,1.0
17663860-7861-41a6-b6d9-4768d5ebb724,coughvid_data/17663860-7861-41a6-b6d9-4768d5ebb724.wav,coughvid_data/17663860-7861-41a6-b6d9-4768d5ebb724.wav,1.0
d0692aa6-01d8-4ff6-a8b7-7530072325f2,coughvid_data/d0692aa6-01d8-4ff6-a8b7-7530072325f2.wav,coughvid_data/d0692aa6-01d8-4ff6-a8b7-7530072325f2.wav,0.0
1739156a-8102-4d0c-8603-b4097025e228,coughvid_data/1739156a-8102-4d0c-8603-b4097025e228.wav,coughvid_data/1739156a-8102-4d0c-8603-b4097025e228.wav,1.0
40d502aa-888d-488a-ac83-6b138e1ddaa9,coughvid_data/40d502aa-888d-488a-ac83-6b138e1ddaa9.wav,coughvid_data/40d502aa-888d-488a-ac83-6b138e1ddaa9.wav,0.0
4e59e13d-1995-49f4-a7d3-7d48d55435c0,coughvid_data/4e59e13d-1995-49f4-a7d3-7d48d55435c0.wav,coughvid_data/4e59e13d-1995-49f4-a7d3-7d48d55435c0.wav,0.0
ec1d3936-4f92-4fe3-901d-fa32c81ec4e7,coughvid_data/ec1d3936-4f92-4fe3-901d-fa32c81ec4e7.wav,coughvid_data/ec1d3936-4f92-4fe3-901d-fa32c81ec4e7.wav,0.0
c190f6b2-f291-4052-88af-4edb8cc87c50,coughvid_data/c190f6b2-f291-4052-88af-4edb8cc87c50.wav,coughvid_data/c190f6b2-f291-4052-88af-4edb8cc87c50.wav,1.0
d5d29357-0d08-487d-bfef-9f76773cd98c,coughvid_data/d5d29357-0d08-487d-bfef-9f76773cd98c.wav,coughvid_data/d5d29357-0d08-487d-bfef-9f76773cd98c.wav,0.0
1e3f9d46-5bb1-4273-ba72-56829e2386aa,coughvid_data/1e3f9d46-5bb1-4273-ba72-56829e2386aa.wav,coughvid_data/1e3f9d46-5bb1-4273-ba72-56829e2386aa.wav,0.0
a730e711-c4f6-4b77-a03c-d973abca973e,coughvid_data/a730e711-c4f6-4b77-a03c-d973abca973e.wav,coughvid_data/a730e711-c4f6-4b77-a03c-d973abca973e.wav,0.0
fee06c74-658b-4075-a4e6-e60d3d5c2e56,coughvid_data/fee06c74-658b-4075-a4e6-e60d3d5c2e56.wav,coughvid_data/fee06c74-658b-4075-a4e6-e60d3d5c2e56.wav,0.0
37af7bfe-e7cb-4c2c-92ef-55793a74bdee,coughvid_data/37af7bfe-e7cb-4c2c-92ef-55793a74bdee.wav,coughvid_data/37af7bfe-e7cb-4c2c-92ef-55793a74bdee.wav,0.0
677a3b30-e93d-42c8-abe4-d1db9ad5e01b,coughvid_data/677a3b30-e93d-42c8-abe4-d1db9ad5e01b.wav,coughvid_data/677a3b30-e93d-42c8-abe4-d1db9ad5e01b.wav,0.0
f62db00a-42f5-4e8d-a87f-3898a7f263fe,coughvid_data/f62db00a-42f5-4e8d-a87f-3898a7f263fe.wav,coughvid_data/f62db00a-42f5-4e8d-a87f-3898a7f263fe.wav,0.0
e4a8a7c3-f4fa-469d-afca-843d7a184cf8,coughvid_data/e4a8a7c3-f4fa-469d-afca-843d7a184cf8.wav,coughvid_data/e4a8a7c3-f4fa-469d-afca-843d7a184cf8.wav,1.0
20e8c835-e25e-4f3f-8c4f-8c820a4841c5,coughvid_data/20e8c835-e25e-4f3f-8c4f-8c820a4841c5.wav,coughvid_data/20e8c835-e25e-4f3f-8c4f-8c820a4841c5.wav,0.0
2aa43a68-ec04-43f5-81f4-bc71bdab244b,coughvid_data/2aa43a68-ec04-43f5-81f4-bc71bdab244b.wav,coughvid_data/2aa43a68-ec04-43f5-81f4-bc71bdab244b.wav,0.0
12e1eb9b-42f1-41a7-96ad-eb9261c8a2cc,coughvid_data/12e1eb9b-42f1-41a7-96ad-eb9261c8a2cc.wav,coughvid_data/12e1eb9b-42f1-41a7-96ad-eb9261c8a2cc.wav,1.0
b853f950-32a2-45b3-b938-037101bdebb7,coughvid_data/b853f950-32a2-45b3-b938-037101bdebb7.wav,coughvid_data/b853f950-32a2-45b3-b938-037101bdebb7.wav,1.0
9a70cfcf-2df1-4bbc-aed8-aa9afa094a9f,coughvid_data/9a70cfcf-2df1-4bbc-aed8-aa9afa094a9f.wav,coughvid_data/9a70cfcf-2df1-4bbc-aed8-aa9afa094a9f.wav,1.0
b167946b-7c00-4143-92bf-5bb7aa84336a,coughvid_data/b167946b-7c00-4143-92bf-5bb7aa84336a.wav,coughvid_data/b167946b-7c00-4143-92bf-5bb7aa84336a.wav,0.0
64a38859-4b5b-438e-97b0-0b1044f6f5df,coughvid_data/64a38859-4b5b-438e-97b0-0b1044f6f5df.wav,coughvid_data/64a38859-4b5b-438e-97b0-0b1044f6f5df.wav,0.0
9d572026-8992-4ba6-bcdc-206d58809857,coughvid_data/9d572026-8992-4ba6-bcdc-206d58809857.wav,coughvid_data/9d572026-8992-4ba6-bcdc-206d58809857.wav,1.0
7fa13b31-02f3-43d1-a49d-8bdb7181bac7,coughvid_data/7fa13b31-02f3-43d1-a49d-8bdb7181bac7.wav,coughvid_data/7fa13b31-02f3-43d1-a49d-8bdb7181bac7.wav,0.0
5a0bb659-fef8-4ebf-8e30-7bfb6a015234,coughvid_data/5a0bb659-fef8-4ebf-8e30-7bfb6a015234.wav,coughvid_data/5a0bb659-fef8-4ebf-8e30-7bfb6a015234.wav,0.0
e85ef243-7559-491e-8c57-262bce9870a6,coughvid_data/e85ef243-7559-491e-8c57-262bce9870a6.wav,coughvid_data/e85ef243-7559-491e-8c57-262bce9870a6.wav,0.0
67212b11-a9f5-4d97-826f-3dd953d612cc,coughvid_data/67212b11-a9f5-4d97-826f-3dd953d612cc.wav,coughvid_data/67212b11-a9f5-4d97-826f-3dd953d612cc.wav,1.0
35d272eb-4546-455e-9505-a5c52795d40e,coughvid_data/35d272eb-4546-455e-9505-a5c52795d40e.wav,coughvid_data/35d272eb-4546-455e-9505-a5c52795d40e.wav,1.0
2ad9ee1e-1e2d-4ff5-8ca0-eb1ac64c30f8,coughvid_data/2ad9ee1e-1e2d-4ff5-8ca0-eb1ac64c30f8.wav,coughvid_data/2ad9ee1e-1e2d-4ff5-8ca0-eb1ac64c30f8.wav,1.0
4afb3dc9-15f3-4224-b302-ab1b778fd595,coughvid_data/4afb3dc9-15f3-4224-b302-ab1b778fd595.wav,coughvid_data/4afb3dc9-15f3-4224-b302-ab1b778fd595.wav,0.0
62f8be27-7cd0-4bcf-8b23-78d9934d779a,coughvid_data/62f8be27-7cd0-4bcf-8b23-78d9934d779a.wav,coughvid_data/62f8be27-7cd0-4bcf-8b23-78d9934d779a.wav,1.0
77cfbe3f-e85a-4d3e-81b9-51fcf3c7f83c,coughvid_data/77cfbe3f-e85a-4d3e-81b9-51fcf3c7f83c.wav,coughvid_data/77cfbe3f-e85a-4d3e-81b9-51fcf3c7f83c.wav,0.0
cc3ce43b-b919-4fd7-9d3a-f5a04a5a055f,coughvid_data/cc3ce43b-b919-4fd7-9d3a-f5a04a5a055f.wav,coughvid_data/cc3ce43b-b919-4fd7-9d3a-f5a04a5a055f.wav,1.0
bfefdb1a-ae72-47b5-a8a0-bf30ff1ce21d,coughvid_data/bfefdb1a-ae72-47b5-a8a0-bf30ff1ce21d.wav,coughvid_data/bfefdb1a-ae72-47b5-a8a0-bf30ff1ce21d.wav,0.0
0e63c6e9-5b5a-4155-a0d7-d314e3342a8a,coughvid_data/0e63c6e9-5b5a-4155-a0d7-d314e3342a8a.wav,coughvid_data/0e63c6e9-5b5a-4155-a0d7-d314e3342a8a.wav,0.0
e6129e60-2df8-4f7b-a6a2-8b11af884fa8,coughvid_data/e6129e60-2df8-4f7b-a6a2-8b11af884fa8.wav,coughvid_data/e6129e60-2df8-4f7b-a6a2-8b11af884fa8.wav,0.0
57ec4ebb-94e7-4616-9d48-d148aa284002,coughvid_data/57ec4ebb-94e7-4616-9d48-d148aa284002.wav,coughvid_data/57ec4ebb-94e7-4616-9d48-d148aa284002.wav,0.0
effee04d-78cf-484c-96f1-1bb90b95be54,coughvid_data/effee04d-78cf-484c-96f1-1bb90b95be54.wav,coughvid_data/effee04d-78cf-484c-96f1-1bb90b95be54.wav,0.0
767a8781-49e2-4868-a136-be5c0b2adeda,coughvid_data/767a8781-49e2-4868-a136-be5c0b2adeda.wav,coughvid_data/767a8781-49e2-4868-a136-be5c0b2adeda.wav,1.0
23b5462b-d0b5-4fc9-903e-cb403f7fc32f,coughvid_data/23b5462b-d0b5-4fc9-903e-cb403f7fc32f.wav,coughvid_data/23b5462b-d0b5-4fc9-903e-cb403f7fc32f.wav,0.0
bb84b88b-acd0-4975-8d43-0d0ebbf071f3,coughvid_data/bb84b88b-acd0-4975-8d43-0d0ebbf071f3.wav,coughvid_data/bb84b88b-acd0-4975-8d43-0d0ebbf071f3.wav,1.0
bb525d5e-edb4-47a9-a97a-66ba8783d626,coughvid_data/bb525d5e-edb4-47a9-a97a-66ba8783d626.wav,coughvid_data/bb525d5e-edb4-47a9-a97a-66ba8783d626.wav,1.0
c50ec21e-0fdf-4e50-b654-1c7d4bcf1039,coughvid_data/c50ec21e-0fdf-4e50-b654-1c7d4bcf1039.wav,coughvid_data/c50ec21e-0fdf-4e50-b654-1c7d4bcf1039.wav,1.0
6eaa603d-311b-41f3-a5c4-c99d9b64c4d8,coughvid_data/6eaa603d-311b-41f3-a5c4-c99d9b64c4d8.wav,coughvid_data/6eaa603d-311b-41f3-a5c4-c99d9b64c4d8.wav,0.0
bd3f28af-fb51-4867-b4ce-b56a6b17a79b,coughvid_data/bd3f28af-fb51-4867-b4ce-b56a6b17a79b.wav,coughvid_data/bd3f28af-fb51-4867-b4ce-b56a6b17a79b.wav,1.0
ed4ba184-bc38-4372-84c0-62485a79ec1b,coughvid_data/ed4ba184-bc38-4372-84c0-62485a79ec1b.wav,coughvid_data/ed4ba184-bc38-4372-84c0-62485a79ec1b.wav,1.0
754f4e01-2ca8-4e6c-adb3-6cf6ae2bfc44,coughvid_data/754f4e01-2ca8-4e6c-adb3-6cf6ae2bfc44.wav,coughvid_data/754f4e01-2ca8-4e6c-adb3-6cf6ae2bfc44.wav,1.0
68b4ed26-ca37-4c15-befc-58dd6ca637ea,coughvid_data/68b4ed26-ca37-4c15-befc-58dd6ca637ea.wav,coughvid_data/68b4ed26-ca37-4c15-befc-58dd6ca637ea.wav,1.0
cc3b906d-f335-4c1c-bb12-ebbde0e942f9,coughvid_data/cc3b906d-f335-4c1c-bb12-ebbde0e942f9.wav,coughvid_data/cc3b906d-f335-4c1c-bb12-ebbde0e942f9.wav,0.0
34e1cbd6-4a20-49b4-af53-51c5a8aceaf1,coughvid_data/34e1cbd6-4a20-49b4-af53-51c5a8aceaf1.wav,coughvid_data/34e1cbd6-4a20-49b4-af53-51c5a8aceaf1.wav,0.0
16b15a1a-c1fd-4341-b95e-02df4b39490d,coughvid_data/16b15a1a-c1fd-4341-b95e-02df4b39490d.wav,coughvid_data/16b15a1a-c1fd-4341-b95e-02df4b39490d.wav,0.0
046487f9-ed2e-4282-9f0b-d6a98c06df48,coughvid_data/046487f9-ed2e-4282-9f0b-d6a98c06df48.wav,coughvid_data/046487f9-ed2e-4282-9f0b-d6a98c06df48.wav,0.0
fbc1df02-c9b3-469b-b05b-619d80224f3b,coughvid_data/fbc1df02-c9b3-469b-b05b-619d80224f3b.wav,coughvid_data/fbc1df02-c9b3-469b-b05b-619d80224f3b.wav,1.0
56994aa1-4626-4782-9f27-f125adfd120a,coughvid_data/56994aa1-4626-4782-9f27-f125adfd120a.wav,coughvid_data/56994aa1-4626-4782-9f27-f125adfd120a.wav,1.0
1d52ac12-0361-4154-a9f7-e526491112a9,coughvid_data/1d52ac12-0361-4154-a9f7-e526491112a9.wav,coughvid_data/1d52ac12-0361-4154-a9f7-e526491112a9.wav,1.0
58c49235-48a1-46a6-8b6d-e570f44c65f9,coughvid_data/58c49235-48a1-46a6-8b6d-e570f44c65f9.wav,coughvid_data/58c49235-48a1-46a6-8b6d-e570f44c65f9.wav,1.0
65e7a5de-91ac-4469-9e07-6a7e163642ee,coughvid_data/65e7a5de-91ac-4469-9e07-6a7e163642ee.wav,coughvid_data/65e7a5de-91ac-4469-9e07-6a7e163642ee.wav,0.0
38655be8-5ec7-42e7-875b-d68e9dae3e97,coughvid_data/38655be8-5ec7-42e7-875b-d68e9dae3e97.wav,coughvid_data/38655be8-5ec7-42e7-875b-d68e9dae3e97.wav,0.0
a3a67ea5-43d5-4b74-8176-0230d2281efb,coughvid_data/a3a67ea5-43d5-4b74-8176-0230d2281efb.wav,coughvid_data/a3a67ea5-43d5-4b74-8176-0230d2281efb.wav,1.0
4a077d16-5dfe-4d38-9545-2442ffe36fb5,coughvid_data/4a077d16-5dfe-4d38-9545-2442ffe36fb5.wav,coughvid_data/4a077d16-5dfe-4d38-9545-2442ffe36fb5.wav,0.0
f953274b-1326-4470-81c8-fff85a56756a,coughvid_data/f953274b-1326-4470-81c8-fff85a56756a.wav,coughvid_data/f953274b-1326-4470-81c8-fff85a56756a.wav,0.0
a1e4c73d-4754-4de0-a3ee-725dd650a226,coughvid_data/a1e4c73d-4754-4de0-a3ee-725dd650a226.wav,coughvid_data/a1e4c73d-4754-4de0-a3ee-725dd650a226.wav,1.0
a7df7d3c-5a9f-43f0-ace9-3ca1aeb978ea,coughvid_data/a7df7d3c-5a9f-43f0-ace9-3ca1aeb978ea.wav,coughvid_data/a7df7d3c-5a9f-43f0-ace9-3ca1aeb978ea.wav,0.0
55887c0d-1588-4475-8b7e-2577b2ffa068,coughvid_data/55887c0d-1588-4475-8b7e-2577b2ffa068.wav,coughvid_data/55887c0d-1588-4475-8b7e-2577b2ffa068.wav,1.0
c264b951-5080-4c57-af15-21796fdfbf85,coughvid_data/c264b951-5080-4c57-af15-21796fdfbf85.wav,coughvid_data/c264b951-5080-4c57-af15-21796fdfbf85.wav,0.0
bef42ecd-778e-4d03-a0de-9b445ef72b70,coughvid_data/bef42ecd-778e-4d03-a0de-9b445ef72b70.wav,coughvid_data/bef42ecd-778e-4d03-a0de-9b445ef72b70.wav,0.0
12ebc507-b62b-4818-bf57-bea4e8a514d5,coughvid_data/12ebc507-b62b-4818-bf57-bea4e8a514d5.wav,coughvid_data/12ebc507-b62b-4818-bf57-bea4e8a514d5.wav,0.0
623ffc46-b297-4614-a11c-a6e52859b04a,coughvid_data/623ffc46-b297-4614-a11c-a6e52859b04a.wav,coughvid_data/623ffc46-b297-4614-a11c-a6e52859b04a.wav,1.0
78de15ce-be2d-4662-8c1b-0705753b93bf,coughvid_data/78de15ce-be2d-4662-8c1b-0705753b93bf.wav,coughvid_data/78de15ce-be2d-4662-8c1b-0705753b93bf.wav,1.0
678f040d-cca4-4999-a5e3-fd2876c4bc1b,coughvid_data/678f040d-cca4-4999-a5e3-fd2876c4bc1b.wav,coughvid_data/678f040d-cca4-4999-a5e3-fd2876c4bc1b.wav,1.0
7a8d0d7a-078a-4e31-9cf1-96ec6d038b01,coughvid_data/7a8d0d7a-078a-4e31-9cf1-96ec6d038b01.wav,coughvid_data/7a8d0d7a-078a-4e31-9cf1-96ec6d038b01.wav,0.0
9d2b19b9-2fd0-4497-8fa6-510f0b098234,coughvid_data/9d2b19b9-2fd0-4497-8fa6-510f0b098234.wav,coughvid_data/9d2b19b9-2fd0-4497-8fa6-510f0b098234.wav,0.0
39e98d8f-d4ab-4359-9180-df2a6173893b,coughvid_data/39e98d8f-d4ab-4359-9180-df2a6173893b.wav,coughvid_data/39e98d8f-d4ab-4359-9180-df2a6173893b.wav,0.0
32689982-4a67-46c2-ba19-e649712e532a,coughvid_data/32689982-4a67-46c2-ba19-e649712e532a.wav,coughvid_data/32689982-4a67-46c2-ba19-e649712e532a.wav,0.0
a6c4c02f-5de0-489e-90fa-1c6207a78408,coughvid_data/a6c4c02f-5de0-489e-90fa-1c6207a78408.wav,coughvid_data/a6c4c02f-5de0-489e-90fa-1c6207a78408.wav,0.0
85cff262-4c3f-4d82-8a44-bd81cdcd1ce6,coughvid_data/85cff262-4c3f-4d82-8a44-bd81cdcd1ce6.wav,coughvid_data/85cff262-4c3f-4d82-8a44-bd81cdcd1ce6.wav,0.0
81de37f2-a1a3-4ad0-8c02-4d0abe85ce91,coughvid_data/81de37f2-a1a3-4ad0-8c02-4d0abe85ce91.wav,coughvid_data/81de37f2-a1a3-4ad0-8c02-4d0abe85ce91.wav,1.0
56ec42fd-d5df-4f4e-a86b-7392c351c7af,coughvid_data/56ec42fd-d5df-4f4e-a86b-7392c351c7af.wav,coughvid_data/56ec42fd-d5df-4f4e-a86b-7392c351c7af.wav,1.0
3cb85577-5a6c-44b5-9d67-1905a6f22c10,coughvid_data/3cb85577-5a6c-44b5-9d67-1905a6f22c10.wav,coughvid_data/3cb85577-5a6c-44b5-9d67-1905a6f22c10.wav,1.0
17ab3a12-10cd-48ee-a917-dd179ad9130e,coughvid_data/17ab3a12-10cd-48ee-a917-dd179ad9130e.wav,coughvid_data/17ab3a12-10cd-48ee-a917-dd179ad9130e.wav,0.0
1876a19a-0e14-42e6-b6d4-73b2cbbd6bbe,coughvid_data/1876a19a-0e14-42e6-b6d4-73b2cbbd6bbe.wav,coughvid_data/1876a19a-0e14-42e6-b6d4-73b2cbbd6bbe.wav,1.0
3d170505-49ec-40d0-b158-ef5e879673de,coughvid_data/3d170505-49ec-40d0-b158-ef5e879673de.wav,coughvid_data/3d170505-49ec-40d0-b158-ef5e879673de.wav,0.0
0400e7a7-8556-4956-84d2-b56bb1453bd9,coughvid_data/0400e7a7-8556-4956-84d2-b56bb1453bd9.wav,coughvid_data/0400e7a7-8556-4956-84d2-b56bb1453bd9.wav,1.0
e9e0fc63-3856-4b1c-85db-c1b9f91bd9a3,coughvid_data/e9e0fc63-3856-4b1c-85db-c1b9f91bd9a3.wav,coughvid_data/e9e0fc63-3856-4b1c-85db-c1b9f91bd9a3.wav,1.0
bfcb1c53-f1ad-4664-9cc9-c1521ef1046d,coughvid_data/bfcb1c53-f1ad-4664-9cc9-c1521ef1046d.wav,coughvid_data/bfcb1c53-f1ad-4664-9cc9-c1521ef1046d.wav,0.0
e56e5517-5b5b-47eb-bd28-54632a99face,coughvid_data/e56e5517-5b5b-47eb-bd28-54632a99face.wav,coughvid_data/e56e5517-5b5b-47eb-bd28-54632a99face.wav,0.0
36090427-bc31-487b-ae27-1b7105ce39ca,coughvid_data/36090427-bc31-487b-ae27-1b7105ce39ca.wav,coughvid_data/36090427-bc31-487b-ae27-1b7105ce39ca.wav,1.0
f8566f2c-8342-4b52-9c27-5951c988e860,coughvid_data/f8566f2c-8342-4b52-9c27-5951c988e860.wav,coughvid_data/f8566f2c-8342-4b52-9c27-5951c988e860.wav,0.0
bb00bc13-6f1a-4369-aa1a-4a4b02f90e32,coughvid_data/bb00bc13-6f1a-4369-aa1a-4a4b02f90e32.wav,coughvid_data/bb00bc13-6f1a-4369-aa1a-4a4b02f90e32.wav,0.0
fd2d5696-ff35-4573-8be5-4d44e438bbde,coughvid_data/fd2d5696-ff35-4573-8be5-4d44e438bbde.wav,coughvid_data/fd2d5696-ff35-4573-8be5-4d44e438bbde.wav,0.0
99aaabdf-c503-4685-a356-10ce71e67472,coughvid_data/99aaabdf-c503-4685-a356-10ce71e67472.wav,coughvid_data/99aaabdf-c503-4685-a356-10ce71e67472.wav,0.0
baefb11f-1781-4a1d-83e4-2238eb9a8564,coughvid_data/baefb11f-1781-4a1d-83e4-2238eb9a8564.wav,coughvid_data/baefb11f-1781-4a1d-83e4-2238eb9a8564.wav,0.0
cb6ad51a-3bea-4f08-93a1-42e6eeb3ff07,coughvid_data/cb6ad51a-3bea-4f08-93a1-42e6eeb3ff07.wav,coughvid_data/cb6ad51a-3bea-4f08-93a1-42e6eeb3ff07.wav,1.0
2c3dbc26-ae32-49b2-9192-3e0e3e50b006,coughvid_data/2c3dbc26-ae32-49b2-9192-3e0e3e50b006.wav,coughvid_data/2c3dbc26-ae32-49b2-9192-3e0e3e50b006.wav,1.0
60aada87-850d-4ae9-8be6-9ece965dfdac,coughvid_data/60aada87-850d-4ae9-8be6-9ece965dfdac.wav,coughvid_data/60aada87-850d-4ae9-8be6-9ece965dfdac.wav,0.0
bfe19805-30b1-43bb-8c06-f57b892f136a,coughvid_data/bfe19805-30b1-43bb-8c06-f57b892f136a.wav,coughvid_data/bfe19805-30b1-43bb-8c06-f57b892f136a.wav,0.0
74e87b0c-7662-4f68-a14d-48d045518d9a,coughvid_data/74e87b0c-7662-4f68-a14d-48d045518d9a.wav,coughvid_data/74e87b0c-7662-4f68-a14d-48d045518d9a.wav,1.0
cb50a252-b09f-48f1-9af5-d0e7fba331c5,coughvid_data/cb50a252-b09f-48f1-9af5-d0e7fba331c5.wav,coughvid_data/cb50a252-b09f-48f1-9af5-d0e7fba331c5.wav,0.0
05adce1a-2129-4f5d-9669-a5c0a1f5f431,coughvid_data/05adce1a-2129-4f5d-9669-a5c0a1f5f431.wav,coughvid_data/05adce1a-2129-4f5d-9669-a5c0a1f5f431.wav,0.0
3b84bf8c-575c-4f26-898e-b9996a1c0e1e,coughvid_data/3b84bf8c-575c-4f26-898e-b9996a1c0e1e.wav,coughvid_data/3b84bf8c-575c-4f26-898e-b9996a1c0e1e.wav,1.0
a4db957b-f726-4bc2-a4e7-e52c57dd2a5c,coughvid_data/a4db957b-f726-4bc2-a4e7-e52c57dd2a5c.wav,coughvid_data/a4db957b-f726-4bc2-a4e7-e52c57dd2a5c.wav,1.0
22dcfcdd-52a8-4b42-9c50-c0a3696382a9,coughvid_data/22dcfcdd-52a8-4b42-9c50-c0a3696382a9.wav,coughvid_data/22dcfcdd-52a8-4b42-9c50-c0a3696382a9.wav,1.0
48ad6e0b-a54a-4bd7-b5c2-1e1c998f04ae,coughvid_data/48ad6e0b-a54a-4bd7-b5c2-1e1c998f04ae.wav,coughvid_data/48ad6e0b-a54a-4bd7-b5c2-1e1c998f04ae.wav,1.0
4fb1f74e-3f94-4608-8eb2-eda6cb0d09a8,coughvid_data/4fb1f74e-3f94-4608-8eb2-eda6cb0d09a8.wav,coughvid_data/4fb1f74e-3f94-4608-8eb2-eda6cb0d09a8.wav,0.0
0304e22f-418d-451b-8630-350effa90713,coughvid_data/0304e22f-418d-451b-8630-350effa90713.wav,coughvid_data/0304e22f-418d-451b-8630-350effa90713.wav,0.0
22ac37ec-1bae-4eab-87bc-e290cd014e8b,coughvid_data/22ac37ec-1bae-4eab-87bc-e290cd014e8b.wav,coughvid_data/22ac37ec-1bae-4eab-87bc-e290cd014e8b.wav,1.0
ac38e14d-0b93-42ff-b6b1-2a544731c03d,coughvid_data/ac38e14d-0b93-42ff-b6b1-2a544731c03d.wav,coughvid_data/ac38e14d-0b93-42ff-b6b1-2a544731c03d.wav,0.0
6e6ce223-56eb-433e-afdd-631472a0ef20,coughvid_data/6e6ce223-56eb-433e-afdd-631472a0ef20.wav,coughvid_data/6e6ce223-56eb-433e-afdd-631472a0ef20.wav,1.0
1ac42cd6-7549-4e25-9990-8477e00544e7,coughvid_data/1ac42cd6-7549-4e25-9990-8477e00544e7.wav,coughvid_data/1ac42cd6-7549-4e25-9990-8477e00544e7.wav,1.0
75d7da53-d1fd-437d-b656-9813a2ed7e03,coughvid_data/75d7da53-d1fd-437d-b656-9813a2ed7e03.wav,coughvid_data/75d7da53-d1fd-437d-b656-9813a2ed7e03.wav,1.0
911757b2-6918-4728-a1c7-89fb47aecd51,coughvid_data/911757b2-6918-4728-a1c7-89fb47aecd51.wav,coughvid_data/911757b2-6918-4728-a1c7-89fb47aecd51.wav,0.0
c460c6ad-8bed-42b5-8d1c-46373f5a57b3,coughvid_data/c460c6ad-8bed-42b5-8d1c-46373f5a57b3.wav,coughvid_data/c460c6ad-8bed-42b5-8d1c-46373f5a57b3.wav,1.0
dee8c009-e2f7-4258-9c17-98f8ef49345d,coughvid_data/dee8c009-e2f7-4258-9c17-98f8ef49345d.wav,coughvid_data/dee8c009-e2f7-4258-9c17-98f8ef49345d.wav,1.0
97b71527-dea8-44cf-b44b-189a5a6d4a5d,coughvid_data/97b71527-dea8-44cf-b44b-189a5a6d4a5d.wav,coughvid_data/97b71527-dea8-44cf-b44b-189a5a6d4a5d.wav,1.0
043e6bf3-8924-4d51-9109-0074d5afa9e1,coughvid_data/043e6bf3-8924-4d51-9109-0074d5afa9e1.wav,coughvid_data/043e6bf3-8924-4d51-9109-0074d5afa9e1.wav,1.0
feecacb2-52ce-4454-9dcf-267ea138fa63,coughvid_data/feecacb2-52ce-4454-9dcf-267ea138fa63.wav,coughvid_data/feecacb2-52ce-4454-9dcf-267ea138fa63.wav,1.0
1cde91e4-f258-4fa8-ae46-417d4e36278b,coughvid_data/1cde91e4-f258-4fa8-ae46-417d4e36278b.wav,coughvid_data/1cde91e4-f258-4fa8-ae46-417d4e36278b.wav,0.0
42302789-3962-41f8-99fb-f496adfffe3e,coughvid_data/42302789-3962-41f8-99fb-f496adfffe3e.wav,coughvid_data/42302789-3962-41f8-99fb-f496adfffe3e.wav,1.0
958d1ad6-f720-4c58-a64b-4bae063fe519,coughvid_data/958d1ad6-f720-4c58-a64b-4bae063fe519.wav,coughvid_data/958d1ad6-f720-4c58-a64b-4bae063fe519.wav,1.0
716a7875-5ae0-4c63-b2d5-0f988982c4bf,coughvid_data/716a7875-5ae0-4c63-b2d5-0f988982c4bf.wav,coughvid_data/716a7875-5ae0-4c63-b2d5-0f988982c4bf.wav,0.0
1443c84e-8b53-4bcf-910f-c55cf1fc9d30,coughvid_data/1443c84e-8b53-4bcf-910f-c55cf1fc9d30.wav,coughvid_data/1443c84e-8b53-4bcf-910f-c55cf1fc9d30.wav,1.0
edbe28b0-f738-40e2-a940-b378b7541af3,coughvid_data/edbe28b0-f738-40e2-a940-b378b7541af3.wav,coughvid_data/edbe28b0-f738-40e2-a940-b378b7541af3.wav,1.0
b076e9ac-376a-423f-8d7a-d2c1021696b0,coughvid_data/b076e9ac-376a-423f-8d7a-d2c1021696b0.wav,coughvid_data/b076e9ac-376a-423f-8d7a-d2c1021696b0.wav,1.0
f5a90ec2-7c64-4a77-a93f-0fb27f37e129,coughvid_data/f5a90ec2-7c64-4a77-a93f-0fb27f37e129.wav,coughvid_data/f5a90ec2-7c64-4a77-a93f-0fb27f37e129.wav,1.0
377779f4-d00a-4fbc-b47c-b2dd3505afe3,coughvid_data/377779f4-d00a-4fbc-b47c-b2dd3505afe3.wav,coughvid_data/377779f4-d00a-4fbc-b47c-b2dd3505afe3.wav,1.0
35799ab9-1d04-4781-b065-187ade29bbfa,coughvid_data/35799ab9-1d04-4781-b065-187ade29bbfa.wav,coughvid_data/35799ab9-1d04-4781-b065-187ade29bbfa.wav,0.0
8527e448-42bd-40d5-a8eb-320096e6f20f,coughvid_data/8527e448-42bd-40d5-a8eb-320096e6f20f.wav,coughvid_data/8527e448-42bd-40d5-a8eb-320096e6f20f.wav,0.0
82f6d4b7-64cb-4c7b-8d5c-262e5ea66b87,coughvid_data/82f6d4b7-64cb-4c7b-8d5c-262e5ea66b87.wav,coughvid_data/82f6d4b7-64cb-4c7b-8d5c-262e5ea66b87.wav,0.0
9de139dd-08cd-482d-8a2f-6c0457eff82e,coughvid_data/9de139dd-08cd-482d-8a2f-6c0457eff82e.wav,coughvid_data/9de139dd-08cd-482d-8a2f-6c0457eff82e.wav,0.0
10b5103d-1226-49de-a7e8-43f25f8e1803,coughvid_data/10b5103d-1226-49de-a7e8-43f25f8e1803.wav,coughvid_data/10b5103d-1226-49de-a7e8-43f25f8e1803.wav,0.0
6e2f5858-35c6-47af-ac77-e12ca4d32004,coughvid_data/6e2f5858-35c6-47af-ac77-e12ca4d32004.wav,coughvid_data/6e2f5858-35c6-47af-ac77-e12ca4d32004.wav,1.0
ef3c1b4f-578b-45ac-979b-91bc86c94352,coughvid_data/ef3c1b4f-578b-45ac-979b-91bc86c94352.wav,coughvid_data/ef3c1b4f-578b-45ac-979b-91bc86c94352.wav,1.0
27c5fcef-81b5-4c48-9e2c-1de43596c91d,coughvid_data/27c5fcef-81b5-4c48-9e2c-1de43596c91d.wav,coughvid_data/27c5fcef-81b5-4c48-9e2c-1de43596c91d.wav,0.0
2c15a245-16c4-4fdf-bd1a-cc6e20bbd4d0,coughvid_data/2c15a245-16c4-4fdf-bd1a-cc6e20bbd4d0.wav,coughvid_data/2c15a245-16c4-4fdf-bd1a-cc6e20bbd4d0.wav,0.0
43fa3e44-64c7-4273-aab5-17c71b3ea17d,coughvid_data/43fa3e44-64c7-4273-aab5-17c71b3ea17d.wav,coughvid_data/43fa3e44-64c7-4273-aab5-17c71b3ea17d.wav,1.0
9cd18ff6-316c-4383-8224-f3a8fc7c3877,coughvid_data/9cd18ff6-316c-4383-8224-f3a8fc7c3877.wav,coughvid_data/9cd18ff6-316c-4383-8224-f3a8fc7c3877.wav,0.0
f04eb064-f8b3-4b25-88ed-e5310c8c7688,coughvid_data/f04eb064-f8b3-4b25-88ed-e5310c8c7688.wav,coughvid_data/f04eb064-f8b3-4b25-88ed-e5310c8c7688.wav,0.0
0e9aaad1-7459-46b4-8afa-e5716c4536af,coughvid_data/0e9aaad1-7459-46b4-8afa-e5716c4536af.wav,coughvid_data/0e9aaad1-7459-46b4-8afa-e5716c4536af.wav,1.0
dc58218c-f021-4ec8-85ed-04ad4004ae92,coughvid_data/dc58218c-f021-4ec8-85ed-04ad4004ae92.wav,coughvid_data/dc58218c-f021-4ec8-85ed-04ad4004ae92.wav,1.0
1a860da7-07af-4fd4-89bf-3b5f600efab0,coughvid_data/1a860da7-07af-4fd4-89bf-3b5f600efab0.wav,coughvid_data/1a860da7-07af-4fd4-89bf-3b5f600efab0.wav,1.0
e28104b3-0c46-4366-be11-b4fe7b740a37,coughvid_data/e28104b3-0c46-4366-be11-b4fe7b740a37.wav,coughvid_data/e28104b3-0c46-4366-be11-b4fe7b740a37.wav,0.0
b386b78b-294c-4adc-b3c4-3c13408b487a,coughvid_data/b386b78b-294c-4adc-b3c4-3c13408b487a.wav,coughvid_data/b386b78b-294c-4adc-b3c4-3c13408b487a.wav,1.0
5964a8a3-ddc8-43b8-8d8a-df0c92395b10,coughvid_data/5964a8a3-ddc8-43b8-8d8a-df0c92395b10.wav,coughvid_data/5964a8a3-ddc8-43b8-8d8a-df0c92395b10.wav,1.0
50778efd-cbcf-48a1-8154-67728b51841e,coughvid_data/50778efd-cbcf-48a1-8154-67728b51841e.wav,coughvid_data/50778efd-cbcf-48a1-8154-67728b51841e.wav,0.0
20a6a7e3-ca35-4cf5-b348-39ef6a7b0a36,coughvid_data/20a6a7e3-ca35-4cf5-b348-39ef6a7b0a36.wav,coughvid_data/20a6a7e3-ca35-4cf5-b348-39ef6a7b0a36.wav,0.0
d7807279-463c-423b-9906-33896cafd7be,coughvid_data/d7807279-463c-423b-9906-33896cafd7be.wav,coughvid_data/d7807279-463c-423b-9906-33896cafd7be.wav,0.0
b14947d2-26e2-4a2c-9424-c4a19ed204e6,coughvid_data/b14947d2-26e2-4a2c-9424-c4a19ed204e6.wav,coughvid_data/b14947d2-26e2-4a2c-9424-c4a19ed204e6.wav,1.0
d1af2b34-25b2-4160-8c7c-1825def7d53a,coughvid_data/d1af2b34-25b2-4160-8c7c-1825def7d53a.wav,coughvid_data/d1af2b34-25b2-4160-8c7c-1825def7d53a.wav,0.0
7903f4da-0b7c-48a8-9c78-9ad5b50e8647,coughvid_data/7903f4da-0b7c-48a8-9c78-9ad5b50e8647.wav,coughvid_data/7903f4da-0b7c-48a8-9c78-9ad5b50e8647.wav,1.0
3ebd7d1d-9b7d-4a9f-804d-e82e821c3225,coughvid_data/3ebd7d1d-9b7d-4a9f-804d-e82e821c3225.wav,coughvid_data/3ebd7d1d-9b7d-4a9f-804d-e82e821c3225.wav,0.0
fa5a2483-3280-4d3b-875b-d78cf8698eef,coughvid_data/fa5a2483-3280-4d3b-875b-d78cf8698eef.wav,coughvid_data/fa5a2483-3280-4d3b-875b-d78cf8698eef.wav,0.0
92092ea7-3b7e-425d-81c1-ec877927bebf,coughvid_data/92092ea7-3b7e-425d-81c1-ec877927bebf.wav,coughvid_data/92092ea7-3b7e-425d-81c1-ec877927bebf.wav,0.0
a67f518d-08d5-4e8d-8003-5bd1a798fcde,coughvid_data/a67f518d-08d5-4e8d-8003-5bd1a798fcde.wav,coughvid_data/a67f518d-08d5-4e8d-8003-5bd1a798fcde.wav,1.0
18852581-1074-4d68-bccf-38b43ae68fa5,coughvid_data/18852581-1074-4d68-bccf-38b43ae68fa5.wav,coughvid_data/18852581-1074-4d68-bccf-38b43ae68fa5.wav,1.0
42553272-271b-42c8-a9bf-d858ef8cdbcb,coughvid_data/42553272-271b-42c8-a9bf-d858ef8cdbcb.wav,coughvid_data/42553272-271b-42c8-a9bf-d858ef8cdbcb.wav,0.0
5a8527b8-9dcc-487b-8bb6-6ff0d28d22b4,coughvid_data/5a8527b8-9dcc-487b-8bb6-6ff0d28d22b4.wav,coughvid_data/5a8527b8-9dcc-487b-8bb6-6ff0d28d22b4.wav,0.0
83e76c73-4e06-4e49-ae0d-354e2974745f,coughvid_data/83e76c73-4e06-4e49-ae0d-354e2974745f.wav,coughvid_data/83e76c73-4e06-4e49-ae0d-354e2974745f.wav,1.0
874f9743-b74a-41bc-aa26-609089ca3afd,coughvid_data/874f9743-b74a-41bc-aa26-609089ca3afd.wav,coughvid_data/874f9743-b74a-41bc-aa26-609089ca3afd.wav,0.0
866a8629-68fa-4654-bc5f-edd18b2bc40b,coughvid_data/866a8629-68fa-4654-bc5f-edd18b2bc40b.wav,coughvid_data/866a8629-68fa-4654-bc5f-edd18b2bc40b.wav,0.0
953e2f0c-d36f-4365-baa4-1d310ed74278,coughvid_data/953e2f0c-d36f-4365-baa4-1d310ed74278.wav,coughvid_data/953e2f0c-d36f-4365-baa4-1d310ed74278.wav,1.0
5aa4dae0-fe23-4eb2-9d62-e6016a1c9f8a,coughvid_data/5aa4dae0-fe23-4eb2-9d62-e6016a1c9f8a.wav,coughvid_data/5aa4dae0-fe23-4eb2-9d62-e6016a1c9f8a.wav,1.0
14100010-45c0-4722-a2bc-48225d9c15e0,coughvid_data/14100010-45c0-4722-a2bc-48225d9c15e0.wav,coughvid_data/14100010-45c0-4722-a2bc-48225d9c15e0.wav,1.0
7ee57bb5-d0c1-4314-9709-44219de55b4e,coughvid_data/7ee57bb5-d0c1-4314-9709-44219de55b4e.wav,coughvid_data/7ee57bb5-d0c1-4314-9709-44219de55b4e.wav,0.0
7f0c20aa-75dc-4eb1-96f3-4f9b706c2b3b,coughvid_data/7f0c20aa-75dc-4eb1-96f3-4f9b706c2b3b.wav,coughvid_data/7f0c20aa-75dc-4eb1-96f3-4f9b706c2b3b.wav,1.0
61cce06b-a490-4cbe-97b1-42b92677527a,coughvid_data/61cce06b-a490-4cbe-97b1-42b92677527a.wav,coughvid_data/61cce06b-a490-4cbe-97b1-42b92677527a.wav,1.0
faa14513-4aaf-4cf3-a175-93d8c95a17e0,coughvid_data/faa14513-4aaf-4cf3-a175-93d8c95a17e0.wav,coughvid_data/faa14513-4aaf-4cf3-a175-93d8c95a17e0.wav,0.0
1f368a91-4b99-4454-a961-b1029aef3873,coughvid_data/1f368a91-4b99-4454-a961-b1029aef3873.wav,coughvid_data/1f368a91-4b99-4454-a961-b1029aef3873.wav,0.0
055dea93-51f5-4ec6-a6ee-1d2551e9a048,coughvid_data/055dea93-51f5-4ec6-a6ee-1d2551e9a048.wav,coughvid_data/055dea93-51f5-4ec6-a6ee-1d2551e9a048.wav,1.0
76f276ee-4da8-4192-a3dc-84d4f8fbc71e,coughvid_data/76f276ee-4da8-4192-a3dc-84d4f8fbc71e.wav,coughvid_data/76f276ee-4da8-4192-a3dc-84d4f8fbc71e.wav,0.0
31465700-6dfd-4dce-94ca-8c4a1d4f9706,coughvid_data/31465700-6dfd-4dce-94ca-8c4a1d4f9706.wav,coughvid_data/31465700-6dfd-4dce-94ca-8c4a1d4f9706.wav,1.0
39cd43f2-16cb-47bd-9d6c-2449d948d986,coughvid_data/39cd43f2-16cb-47bd-9d6c-2449d948d986.wav,coughvid_data/39cd43f2-16cb-47bd-9d6c-2449d948d986.wav,1.0
e3cfd7b0-bbfe-4f16-afc8-6de1243c2174,coughvid_data/e3cfd7b0-bbfe-4f16-afc8-6de1243c2174.wav,coughvid_data/e3cfd7b0-bbfe-4f16-afc8-6de1243c2174.wav,0.0
9d56a740-3c0b-42c2-b415-c8c9cbea2650,coughvid_data/9d56a740-3c0b-42c2-b415-c8c9cbea2650.wav,coughvid_data/9d56a740-3c0b-42c2-b415-c8c9cbea2650.wav,0.0
81653c2c-e3b5-43b1-b917-5739d2a10b9a,coughvid_data/81653c2c-e3b5-43b1-b917-5739d2a10b9a.wav,coughvid_data/81653c2c-e3b5-43b1-b917-5739d2a10b9a.wav,1.0
562c157c-4e32-470c-8b4e-f4dd7e3cf9be,coughvid_data/562c157c-4e32-470c-8b4e-f4dd7e3cf9be.wav,coughvid_data/562c157c-4e32-470c-8b4e-f4dd7e3cf9be.wav,1.0
3a56eba7-5667-40a4-ba87-1dea49be1afe,coughvid_data/3a56eba7-5667-40a4-ba87-1dea49be1afe.wav,coughvid_data/3a56eba7-5667-40a4-ba87-1dea49be1afe.wav,1.0
1f6fe263-8e2e-4403-ad51-34e2b9451c08,coughvid_data/1f6fe263-8e2e-4403-ad51-34e2b9451c08.wav,coughvid_data/1f6fe263-8e2e-4403-ad51-34e2b9451c08.wav,0.0
1fe5e7cd-91c2-49df-839a-5ddb141ce553,coughvid_data/1fe5e7cd-91c2-49df-839a-5ddb141ce553.wav,coughvid_data/1fe5e7cd-91c2-49df-839a-5ddb141ce553.wav,0.0
42f852e2-06e5-48fc-93e6-9d70650cb79e,coughvid_data/42f852e2-06e5-48fc-93e6-9d70650cb79e.wav,coughvid_data/42f852e2-06e5-48fc-93e6-9d70650cb79e.wav,1.0
75d4621f-52b8-48b2-a340-29ff785c5eca,coughvid_data/75d4621f-52b8-48b2-a340-29ff785c5eca.wav,coughvid_data/75d4621f-52b8-48b2-a340-29ff785c5eca.wav,0.0
fe329b3d-79d0-40cd-b2e4-66e50674cb1b,coughvid_data/fe329b3d-79d0-40cd-b2e4-66e50674cb1b.wav,coughvid_data/fe329b3d-79d0-40cd-b2e4-66e50674cb1b.wav,1.0
465d5cdd-d28f-46c4-b47e-dde31bf4d1d4,coughvid_data/465d5cdd-d28f-46c4-b47e-dde31bf4d1d4.wav,coughvid_data/465d5cdd-d28f-46c4-b47e-dde31bf4d1d4.wav,0.0
0662032b-bb9d-40db-ab6e-543f77dc8714,coughvid_data/0662032b-bb9d-40db-ab6e-543f77dc8714.wav,coughvid_data/0662032b-bb9d-40db-ab6e-543f77dc8714.wav,0.0
fe169e46-2e8d-48d2-8d38-6cf9eb408c7b,coughvid_data/fe169e46-2e8d-48d2-8d38-6cf9eb408c7b.wav,coughvid_data/fe169e46-2e8d-48d2-8d38-6cf9eb408c7b.wav,0.0
a20d8ad4-d2e9-434a-9d36-e6520869174f,coughvid_data/a20d8ad4-d2e9-434a-9d36-e6520869174f.wav,coughvid_data/a20d8ad4-d2e9-434a-9d36-e6520869174f.wav,0.0
51c459f5-afeb-4a4d-86ee-0d7eab5b7f49,coughvid_data/51c459f5-afeb-4a4d-86ee-0d7eab5b7f49.wav,coughvid_data/51c459f5-afeb-4a4d-86ee-0d7eab5b7f49.wav,0.0
d8618bdb-d46d-4a4c-921f-c29a9966172c,coughvid_data/d8618bdb-d46d-4a4c-921f-c29a9966172c.wav,coughvid_data/d8618bdb-d46d-4a4c-921f-c29a9966172c.wav,0.0
6954d463-42a7-4d2a-a1c1-c20376224604,coughvid_data/6954d463-42a7-4d2a-a1c1-c20376224604.wav,coughvid_data/6954d463-42a7-4d2a-a1c1-c20376224604.wav,0.0
8b96d238-8053-4b15-86b6-a31f448dda73,coughvid_data/8b96d238-8053-4b15-86b6-a31f448dda73.wav,coughvid_data/8b96d238-8053-4b15-86b6-a31f448dda73.wav,1.0
c540722a-226c-4ab7-85e1-5695808dae43,coughvid_data/c540722a-226c-4ab7-85e1-5695808dae43.wav,coughvid_data/c540722a-226c-4ab7-85e1-5695808dae43.wav,1.0
6e223d82-0515-426e-8768-ed3a97262573,coughvid_data/6e223d82-0515-426e-8768-ed3a97262573.wav,coughvid_data/6e223d82-0515-426e-8768-ed3a97262573.wav,0.0
7a92755e-90c8-4491-a7ec-36b3d9a74ceb,coughvid_data/7a92755e-90c8-4491-a7ec-36b3d9a74ceb.wav,coughvid_data/7a92755e-90c8-4491-a7ec-36b3d9a74ceb.wav,1.0
960adf83-7cc8-44d6-9dc8-12895e98481e,coughvid_data/960adf83-7cc8-44d6-9dc8-12895e98481e.wav,coughvid_data/960adf83-7cc8-44d6-9dc8-12895e98481e.wav,1.0
fa99f637-d8a3-4bfb-82e0-68b7af35c87a,coughvid_data/fa99f637-d8a3-4bfb-82e0-68b7af35c87a.wav,coughvid_data/fa99f637-d8a3-4bfb-82e0-68b7af35c87a.wav,1.0
93602223-a9e1-4a31-bbbe-7cd525dc14a9,coughvid_data/93602223-a9e1-4a31-bbbe-7cd525dc14a9.wav,coughvid_data/93602223-a9e1-4a31-bbbe-7cd525dc14a9.wav,0.0
a16a169b-dd92-43ac-9bdf-ab1025a12601,coughvid_data/a16a169b-dd92-43ac-9bdf-ab1025a12601.wav,coughvid_data/a16a169b-dd92-43ac-9bdf-ab1025a12601.wav,1.0
8b9fcd39-1668-44b6-b849-1ebb7d07d457,coughvid_data/8b9fcd39-1668-44b6-b849-1ebb7d07d457.wav,coughvid_data/8b9fcd39-1668-44b6-b849-1ebb7d07d457.wav,0.0
d5560b6c-c417-4acb-ae86-ed9813bafc92,coughvid_data/d5560b6c-c417-4acb-ae86-ed9813bafc92.wav,coughvid_data/d5560b6c-c417-4acb-ae86-ed9813bafc92.wav,0.0
57e9f935-9291-4ff3-8879-501ea694ebc6,coughvid_data/57e9f935-9291-4ff3-8879-501ea694ebc6.wav,coughvid_data/57e9f935-9291-4ff3-8879-501ea694ebc6.wav,1.0
15dc3555-47e2-42fc-b74a-5ae34bf511ea,coughvid_data/15dc3555-47e2-42fc-b74a-5ae34bf511ea.wav,coughvid_data/15dc3555-47e2-42fc-b74a-5ae34bf511ea.wav,1.0
c922b305-7f9c-447e-947e-528cc320a89a,coughvid_data/c922b305-7f9c-447e-947e-528cc320a89a.wav,coughvid_data/c922b305-7f9c-447e-947e-528cc320a89a.wav,1.0
c4cf34ab-4ad7-4b6e-8e14-74bfdbf72bec,coughvid_data/c4cf34ab-4ad7-4b6e-8e14-74bfdbf72bec.wav,coughvid_data/c4cf34ab-4ad7-4b6e-8e14-74bfdbf72bec.wav,1.0
d53b7dcb-48cc-44a5-8f13-6a24421641b8,coughvid_data/d53b7dcb-48cc-44a5-8f13-6a24421641b8.wav,coughvid_data/d53b7dcb-48cc-44a5-8f13-6a24421641b8.wav,0.0
449b3a31-6ec1-4e6a-bb90-4cf63b07c8be,coughvid_data/449b3a31-6ec1-4e6a-bb90-4cf63b07c8be.wav,coughvid_data/449b3a31-6ec1-4e6a-bb90-4cf63b07c8be.wav,1.0
0d649d29-f774-4859-96dd-e9ab4db91718,coughvid_data/0d649d29-f774-4859-96dd-e9ab4db91718.wav,coughvid_data/0d649d29-f774-4859-96dd-e9ab4db91718.wav,0.0
186140ce-71c8-4272-bb15-9e5b9fdf578e,coughvid_data/186140ce-71c8-4272-bb15-9e5b9fdf578e.wav,coughvid_data/186140ce-71c8-4272-bb15-9e5b9fdf578e.wav,1.0
fccd64cc-1619-41a6-ae78-4bfb1da42490,coughvid_data/fccd64cc-1619-41a6-ae78-4bfb1da42490.wav,coughvid_data/fccd64cc-1619-41a6-ae78-4bfb1da42490.wav,0.0
6f59c3c6-6c0d-4f34-b233-459a5a2dfc5f,coughvid_data/6f59c3c6-6c0d-4f34-b233-459a5a2dfc5f.wav,coughvid_data/6f59c3c6-6c0d-4f34-b233-459a5a2dfc5f.wav,0.0
63c65679-930d-4721-991b-4dfc7cca6ddf,coughvid_data/63c65679-930d-4721-991b-4dfc7cca6ddf.wav,coughvid_data/63c65679-930d-4721-991b-4dfc7cca6ddf.wav,0.0
b95fa991-fdb7-4e67-a234-3af7dc0af794,coughvid_data/b95fa991-fdb7-4e67-a234-3af7dc0af794.wav,coughvid_data/b95fa991-fdb7-4e67-a234-3af7dc0af794.wav,1.0
403f9e47-c64e-4dc4-bee4-e7ce0b054983,coughvid_data/403f9e47-c64e-4dc4-bee4-e7ce0b054983.wav,coughvid_data/403f9e47-c64e-4dc4-bee4-e7ce0b054983.wav,0.0
8116eac8-d5ce-48f8-9c57-b8be2e5cfaac,coughvid_data/8116eac8-d5ce-48f8-9c57-b8be2e5cfaac.wav,coughvid_data/8116eac8-d5ce-48f8-9c57-b8be2e5cfaac.wav,1.0
2c4dc04b-15fe-4b6a-963a-47fba278384f,coughvid_data/2c4dc04b-15fe-4b6a-963a-47fba278384f.wav,coughvid_data/2c4dc04b-15fe-4b6a-963a-47fba278384f.wav,0.0
b0965b9a-b850-4a1b-81eb-a23ee06f9a63,coughvid_data/b0965b9a-b850-4a1b-81eb-a23ee06f9a63.wav,coughvid_data/b0965b9a-b850-4a1b-81eb-a23ee06f9a63.wav,0.0
3a9cff16-a1a5-4aed-948a-461f94ef3045,coughvid_data/3a9cff16-a1a5-4aed-948a-461f94ef3045.wav,coughvid_data/3a9cff16-a1a5-4aed-948a-461f94ef3045.wav,1.0
5129025f-a712-4556-89ba-eb740224f10f,coughvid_data/5129025f-a712-4556-89ba-eb740224f10f.wav,coughvid_data/5129025f-a712-4556-89ba-eb740224f10f.wav,1.0
fdafa8b5-7f8b-4bc0-a359-712ef0c25ff0,coughvid_data/fdafa8b5-7f8b-4bc0-a359-712ef0c25ff0.wav,coughvid_data/fdafa8b5-7f8b-4bc0-a359-712ef0c25ff0.wav,0.0
40cb6b7e-de0a-4fb8-ae86-4e2a22f1451f,coughvid_data/40cb6b7e-de0a-4fb8-ae86-4e2a22f1451f.wav,coughvid_data/40cb6b7e-de0a-4fb8-ae86-4e2a22f1451f.wav,0.0
a7890204-4c13-4135-8e8b-0f20e0f5379c,coughvid_data/a7890204-4c13-4135-8e8b-0f20e0f5379c.wav,coughvid_data/a7890204-4c13-4135-8e8b-0f20e0f5379c.wav,1.0
e70027b7-d6c4-4c4c-9fa4-1495e113dcd9,coughvid_data/e70027b7-d6c4-4c4c-9fa4-1495e113dcd9.wav,coughvid_data/e70027b7-d6c4-4c4c-9fa4-1495e113dcd9.wav,1.0
457e48b3-e83e-4d39-b5c6-26e476563382,coughvid_data/457e48b3-e83e-4d39-b5c6-26e476563382.wav,coughvid_data/457e48b3-e83e-4d39-b5c6-26e476563382.wav,1.0
f3ba9c1e-d94c-4410-b10e-a898d068498e,coughvid_data/f3ba9c1e-d94c-4410-b10e-a898d068498e.wav,coughvid_data/f3ba9c1e-d94c-4410-b10e-a898d068498e.wav,0.0
b1b14a2c-1974-4a6c-a09e-d7487b871595,coughvid_data/b1b14a2c-1974-4a6c-a09e-d7487b871595.wav,coughvid_data/b1b14a2c-1974-4a6c-a09e-d7487b871595.wav,0.0
142c9287-68ae-4c7c-aa87-77c50a7d8ad0,coughvid_data/142c9287-68ae-4c7c-aa87-77c50a7d8ad0.wav,coughvid_data/142c9287-68ae-4c7c-aa87-77c50a7d8ad0.wav,1.0
f2cec891-f666-49c9-b330-44931fbd6568,coughvid_data/f2cec891-f666-49c9-b330-44931fbd6568.wav,coughvid_data/f2cec891-f666-49c9-b330-44931fbd6568.wav,0.0
41597f8d-508c-431f-983a-e44c388b5246,coughvid_data/41597f8d-508c-431f-983a-e44c388b5246.wav,coughvid_data/41597f8d-508c-431f-983a-e44c388b5246.wav,0.0
b19c76db-2908-4abe-b47b-1c41b353d9e0,coughvid_data/b19c76db-2908-4abe-b47b-1c41b353d9e0.wav,coughvid_data/b19c76db-2908-4abe-b47b-1c41b353d9e0.wav,1.0
313fedc5-0235-442b-9d19-a197ad97bf2a,coughvid_data/313fedc5-0235-442b-9d19-a197ad97bf2a.wav,coughvid_data/313fedc5-0235-442b-9d19-a197ad97bf2a.wav,0.0
2c90d67b-a102-461b-90a3-3e40c2a30494,coughvid_data/2c90d67b-a102-461b-90a3-3e40c2a30494.wav,coughvid_data/2c90d67b-a102-461b-90a3-3e40c2a30494.wav,1.0
6584b9e8-962c-4f60-ae16-562bc10a7b89,coughvid_data/6584b9e8-962c-4f60-ae16-562bc10a7b89.wav,coughvid_data/6584b9e8-962c-4f60-ae16-562bc10a7b89.wav,1.0
6672e40b-7e52-49ef-8220-86f4654e466f,coughvid_data/6672e40b-7e52-49ef-8220-86f4654e466f.wav,coughvid_data/6672e40b-7e52-49ef-8220-86f4654e466f.wav,1.0
151e6f39-4c5a-49dd-bc2c-4864239906c7,coughvid_data/151e6f39-4c5a-49dd-bc2c-4864239906c7.wav,coughvid_data/151e6f39-4c5a-49dd-bc2c-4864239906c7.wav,0.0
746e05c1-ccc4-458d-8989-d99e19c56776,coughvid_data/746e05c1-ccc4-458d-8989-d99e19c56776.wav,coughvid_data/746e05c1-ccc4-458d-8989-d99e19c56776.wav,1.0
d180a2c7-add6-4aad-820d-7fe93ac4e102,coughvid_data/d180a2c7-add6-4aad-820d-7fe93ac4e102.wav,coughvid_data/d180a2c7-add6-4aad-820d-7fe93ac4e102.wav,1.0
593a2254-bee2-4780-a59f-f528c0441cd0,coughvid_data/593a2254-bee2-4780-a59f-f528c0441cd0.wav,coughvid_data/593a2254-bee2-4780-a59f-f528c0441cd0.wav,0.0
5ba7bf52-e503-4b7d-9e05-6c06676b8db0,coughvid_data/5ba7bf52-e503-4b7d-9e05-6c06676b8db0.wav,coughvid_data/5ba7bf52-e503-4b7d-9e05-6c06676b8db0.wav,0.0
8e40d48d-8f5d-4892-8103-451b2679283f,coughvid_data/8e40d48d-8f5d-4892-8103-451b2679283f.wav,coughvid_data/8e40d48d-8f5d-4892-8103-451b2679283f.wav,1.0
c52e8dbd-1a55-459b-a796-8fd1e58be6dc,coughvid_data/c52e8dbd-1a55-459b-a796-8fd1e58be6dc.wav,coughvid_data/c52e8dbd-1a55-459b-a796-8fd1e58be6dc.wav,0.0
938fa612-0165-429d-80a0-13c5276c37fb,coughvid_data/938fa612-0165-429d-80a0-13c5276c37fb.wav,coughvid_data/938fa612-0165-429d-80a0-13c5276c37fb.wav,0.0
f54d42ad-955d-4d71-94df-66d53f05513e,coughvid_data/f54d42ad-955d-4d71-94df-66d53f05513e.wav,coughvid_data/f54d42ad-955d-4d71-94df-66d53f05513e.wav,1.0
e0e56ad2-5825-4e76-88a7-fba93a7efdad,coughvid_data/e0e56ad2-5825-4e76-88a7-fba93a7efdad.wav,coughvid_data/e0e56ad2-5825-4e76-88a7-fba93a7efdad.wav,1.0
3619256d-8a4f-43cf-8bea-ed9fe087865b,coughvid_data/3619256d-8a4f-43cf-8bea-ed9fe087865b.wav,coughvid_data/3619256d-8a4f-43cf-8bea-ed9fe087865b.wav,0.0
8d809ac5-5966-4db1-9f37-24a256b3ddbf,coughvid_data/8d809ac5-5966-4db1-9f37-24a256b3ddbf.wav,coughvid_data/8d809ac5-5966-4db1-9f37-24a256b3ddbf.wav,1.0
2bcb2577-6574-4688-b6f2-63015f7483c9,coughvid_data/2bcb2577-6574-4688-b6f2-63015f7483c9.wav,coughvid_data/2bcb2577-6574-4688-b6f2-63015f7483c9.wav,0.0
163ffa20-8a68-4fb9-88d6-c8944ab1c30f,coughvid_data/163ffa20-8a68-4fb9-88d6-c8944ab1c30f.wav,coughvid_data/163ffa20-8a68-4fb9-88d6-c8944ab1c30f.wav,1.0
116a0485-7052-44f4-9c7f-b367ef7dba89,coughvid_data/116a0485-7052-44f4-9c7f-b367ef7dba89.wav,coughvid_data/116a0485-7052-44f4-9c7f-b367ef7dba89.wav,0.0
8d18bb66-5a47-486b-bcdb-2bb410725d4f,coughvid_data/8d18bb66-5a47-486b-bcdb-2bb410725d4f.wav,coughvid_data/8d18bb66-5a47-486b-bcdb-2bb410725d4f.wav,0.0
0b734898-c320-4121-9dd4-b5ca89a227b6,coughvid_data/0b734898-c320-4121-9dd4-b5ca89a227b6.wav,coughvid_data/0b734898-c320-4121-9dd4-b5ca89a227b6.wav,0.0
0ff8a246-cc95-42fe-8e5a-4243c274793e,coughvid_data/0ff8a246-cc95-42fe-8e5a-4243c274793e.wav,coughvid_data/0ff8a246-cc95-42fe-8e5a-4243c274793e.wav,1.0
035a5768-a6f3-4462-9ae7-c92f59b9f540,coughvid_data/035a5768-a6f3-4462-9ae7-c92f59b9f540.wav,coughvid_data/035a5768-a6f3-4462-9ae7-c92f59b9f540.wav,1.0
c8457e30-f818-483d-95a7-ca2b3b864e27,coughvid_data/c8457e30-f818-483d-95a7-ca2b3b864e27.wav,coughvid_data/c8457e30-f818-483d-95a7-ca2b3b864e27.wav,1.0
c07875ca-5e1a-4263-9a47-4c06f2b0fbe3,coughvid_data/c07875ca-5e1a-4263-9a47-4c06f2b0fbe3.wav,coughvid_data/c07875ca-5e1a-4263-9a47-4c06f2b0fbe3.wav,1.0
f0a15909-4a26-44b5-b551-f08528ed2609,coughvid_data/f0a15909-4a26-44b5-b551-f08528ed2609.wav,coughvid_data/f0a15909-4a26-44b5-b551-f08528ed2609.wav,1.0
14d4810e-a964-40e7-a3f5-2c0b1607519e,coughvid_data/14d4810e-a964-40e7-a3f5-2c0b1607519e.wav,coughvid_data/14d4810e-a964-40e7-a3f5-2c0b1607519e.wav,1.0
b739e31e-ea83-42c1-925d-f6d3b669e993,coughvid_data/b739e31e-ea83-42c1-925d-f6d3b669e993.wav,coughvid_data/b739e31e-ea83-42c1-925d-f6d3b669e993.wav,1.0
5888c9f0-cb01-4de8-8ff0-9bfadf0d5a00,coughvid_data/5888c9f0-cb01-4de8-8ff0-9bfadf0d5a00.wav,coughvid_data/5888c9f0-cb01-4de8-8ff0-9bfadf0d5a00.wav,0.0
b2a37670-986e-4254-8f65-9a390ba44dd1,coughvid_data/b2a37670-986e-4254-8f65-9a390ba44dd1.wav,coughvid_data/b2a37670-986e-4254-8f65-9a390ba44dd1.wav,0.0
3938e35a-f70a-4628-849a-0ac13ba2bff9,coughvid_data/3938e35a-f70a-4628-849a-0ac13ba2bff9.wav,coughvid_data/3938e35a-f70a-4628-849a-0ac13ba2bff9.wav,0.0
434e8737-4273-4de2-8439-d85547cd96e7,coughvid_data/434e8737-4273-4de2-8439-d85547cd96e7.wav,coughvid_data/434e8737-4273-4de2-8439-d85547cd96e7.wav,1.0
2cca2f1d-964d-4e6e-aab8-1179e50c792e,coughvid_data/2cca2f1d-964d-4e6e-aab8-1179e50c792e.wav,coughvid_data/2cca2f1d-964d-4e6e-aab8-1179e50c792e.wav,0.0
293d539a-4303-424a-858b-81ed7acfdedd,coughvid_data/293d539a-4303-424a-858b-81ed7acfdedd.wav,coughvid_data/293d539a-4303-424a-858b-81ed7acfdedd.wav,1.0
b3f1d84f-c783-453d-900b-f9bec047cb30,coughvid_data/b3f1d84f-c783-453d-900b-f9bec047cb30.wav,coughvid_data/b3f1d84f-c783-453d-900b-f9bec047cb30.wav,0.0
a81bf6e9-59ac-4e4d-9432-406fae4ab61c,coughvid_data/a81bf6e9-59ac-4e4d-9432-406fae4ab61c.wav,coughvid_data/a81bf6e9-59ac-4e4d-9432-406fae4ab61c.wav,0.0
6741385b-5937-4c31-854e-b80efac75ef4,coughvid_data/6741385b-5937-4c31-854e-b80efac75ef4.wav,coughvid_data/6741385b-5937-4c31-854e-b80efac75ef4.wav,1.0
f0885a5a-641e-489e-991b-3f5f199288dd,coughvid_data/f0885a5a-641e-489e-991b-3f5f199288dd.wav,coughvid_data/f0885a5a-641e-489e-991b-3f5f199288dd.wav,1.0
41b64ae5-1e97-430a-8a2d-d7875953ff2b,coughvid_data/41b64ae5-1e97-430a-8a2d-d7875953ff2b.wav,coughvid_data/41b64ae5-1e97-430a-8a2d-d7875953ff2b.wav,0.0
34fb70f0-ffce-4c72-bfcf-6ae5483f7958,coughvid_data/34fb70f0-ffce-4c72-bfcf-6ae5483f7958.wav,coughvid_data/34fb70f0-ffce-4c72-bfcf-6ae5483f7958.wav,0.0
d2bd4361-57d0-4ec2-8438-8c2746908389,coughvid_data/d2bd4361-57d0-4ec2-8438-8c2746908389.wav,coughvid_data/d2bd4361-57d0-4ec2-8438-8c2746908389.wav,1.0
e27b104a-e2fd-403e-a02f-ffd0560cd52a,coughvid_data/e27b104a-e2fd-403e-a02f-ffd0560cd52a.wav,coughvid_data/e27b104a-e2fd-403e-a02f-ffd0560cd52a.wav,1.0
7e2f07b9-bc8c-4edb-94de-aa9fbb8b87df,coughvid_data/7e2f07b9-bc8c-4edb-94de-aa9fbb8b87df.wav,coughvid_data/7e2f07b9-bc8c-4edb-94de-aa9fbb8b87df.wav,1.0
c2ff823b-3a4c-48ad-b6f7-1d9ee168e986,coughvid_data/c2ff823b-3a4c-48ad-b6f7-1d9ee168e986.wav,coughvid_data/c2ff823b-3a4c-48ad-b6f7-1d9ee168e986.wav,1.0
f114a26d-73cc-4065-814b-4de83dbda99b,coughvid_data/f114a26d-73cc-4065-814b-4de83dbda99b.wav,coughvid_data/f114a26d-73cc-4065-814b-4de83dbda99b.wav,1.0
98cfc37a-b44f-4ee1-9150-0acb748bc684,coughvid_data/98cfc37a-b44f-4ee1-9150-0acb748bc684.wav,coughvid_data/98cfc37a-b44f-4ee1-9150-0acb748bc684.wav,0.0
f47212fe-10be-46e9-ab9e-0828f47561bc,coughvid_data/f47212fe-10be-46e9-ab9e-0828f47561bc.wav,coughvid_data/f47212fe-10be-46e9-ab9e-0828f47561bc.wav,0.0
47566b56-c2aa-48d5-a0be-92506fc53eab,coughvid_data/47566b56-c2aa-48d5-a0be-92506fc53eab.wav,coughvid_data/47566b56-c2aa-48d5-a0be-92506fc53eab.wav,1.0
7a5795cc-7a6c-41f1-ab0b-23bba0613679,coughvid_data/7a5795cc-7a6c-41f1-ab0b-23bba0613679.wav,coughvid_data/7a5795cc-7a6c-41f1-ab0b-23bba0613679.wav,1.0
d1e379fb-ce48-4a49-9b39-fbd6e82bdb38,coughvid_data/d1e379fb-ce48-4a49-9b39-fbd6e82bdb38.wav,coughvid_data/d1e379fb-ce48-4a49-9b39-fbd6e82bdb38.wav,0.0
7f8c854d-e940-402e-ae32-927d9b88d494,coughvid_data/7f8c854d-e940-402e-ae32-927d9b88d494.wav,coughvid_data/7f8c854d-e940-402e-ae32-927d9b88d494.wav,1.0
fd2c1f6c-728e-4182-b3b5-a46510f4b9f0,coughvid_data/fd2c1f6c-728e-4182-b3b5-a46510f4b9f0.wav,coughvid_data/fd2c1f6c-728e-4182-b3b5-a46510f4b9f0.wav,0.0
9621a58a-8501-49f4-86f6-7df077c24c8e,coughvid_data/9621a58a-8501-49f4-86f6-7df077c24c8e.wav,coughvid_data/9621a58a-8501-49f4-86f6-7df077c24c8e.wav,0.0
abcb3597-5bf5-4f3e-80e0-5b8eeaa7d718,coughvid_data/abcb3597-5bf5-4f3e-80e0-5b8eeaa7d718.wav,coughvid_data/abcb3597-5bf5-4f3e-80e0-5b8eeaa7d718.wav,0.0
f1079be3-552f-457a-82cf-22767a538476,coughvid_data/f1079be3-552f-457a-82cf-22767a538476.wav,coughvid_data/f1079be3-552f-457a-82cf-22767a538476.wav,0.0
68369dd2-b683-48e5-b413-e0a0c204237f,coughvid_data/68369dd2-b683-48e5-b413-e0a0c204237f.wav,coughvid_data/68369dd2-b683-48e5-b413-e0a0c204237f.wav,0.0
47b47be2-59eb-4ae8-b0ca-e4180f04896c,coughvid_data/47b47be2-59eb-4ae8-b0ca-e4180f04896c.wav,coughvid_data/47b47be2-59eb-4ae8-b0ca-e4180f04896c.wav,1.0
e1716ba1-6bde-4f2d-9725-449c63915007,coughvid_data/e1716ba1-6bde-4f2d-9725-449c63915007.wav,coughvid_data/e1716ba1-6bde-4f2d-9725-449c63915007.wav,1.0
f7b08af9-70df-4ae6-88e2-27e108deed54,coughvid_data/f7b08af9-70df-4ae6-88e2-27e108deed54.wav,coughvid_data/f7b08af9-70df-4ae6-88e2-27e108deed54.wav,1.0
87ce9e3e-a222-4a51-87c0-c109cd79fd58,coughvid_data/87ce9e3e-a222-4a51-87c0-c109cd79fd58.wav,coughvid_data/87ce9e3e-a222-4a51-87c0-c109cd79fd58.wav,1.0
4d6cdc78-b5f1-4568-bea9-ae1a49c34ee7,coughvid_data/4d6cdc78-b5f1-4568-bea9-ae1a49c34ee7.wav,coughvid_data/4d6cdc78-b5f1-4568-bea9-ae1a49c34ee7.wav,1.0
040e6a1c-dcbe-47aa-8b9d-51abd8136d91,coughvid_data/040e6a1c-dcbe-47aa-8b9d-51abd8136d91.wav,coughvid_data/040e6a1c-dcbe-47aa-8b9d-51abd8136d91.wav,1.0
32d66ac4-e2df-438e-9fc5-d6a1385f7886,coughvid_data/32d66ac4-e2df-438e-9fc5-d6a1385f7886.wav,coughvid_data/32d66ac4-e2df-438e-9fc5-d6a1385f7886.wav,1.0
d1f38c81-e3c6-463e-af3c-b3400ca63fde,coughvid_data/d1f38c81-e3c6-463e-af3c-b3400ca63fde.wav,coughvid_data/d1f38c81-e3c6-463e-af3c-b3400ca63fde.wav,0.0
0b2d8504-3f58-411a-8024-31abebc507fb,coughvid_data/0b2d8504-3f58-411a-8024-31abebc507fb.wav,coughvid_data/0b2d8504-3f58-411a-8024-31abebc507fb.wav,1.0
f6205ed8-a1cc-4685-aadc-c5bf8cc87490,coughvid_data/f6205ed8-a1cc-4685-aadc-c5bf8cc87490.wav,coughvid_data/f6205ed8-a1cc-4685-aadc-c5bf8cc87490.wav,1.0
42feb636-0b1b-4858-973d-37b5fa5bd33f,coughvid_data/42feb636-0b1b-4858-973d-37b5fa5bd33f.wav,coughvid_data/42feb636-0b1b-4858-973d-37b5fa5bd33f.wav,1.0
a4c71f1c-bd79-49a4-9742-c33d92b6cb0b,coughvid_data/a4c71f1c-bd79-49a4-9742-c33d92b6cb0b.wav,coughvid_data/a4c71f1c-bd79-49a4-9742-c33d92b6cb0b.wav,0.0
d99023eb-d5f2-4693-95f6-047a6f0142b4,coughvid_data/d99023eb-d5f2-4693-95f6-047a6f0142b4.wav,coughvid_data/d99023eb-d5f2-4693-95f6-047a6f0142b4.wav,1.0
a83be8c2-e6a9-479c-919d-235008537e6f,coughvid_data/a83be8c2-e6a9-479c-919d-235008537e6f.wav,coughvid_data/a83be8c2-e6a9-479c-919d-235008537e6f.wav,1.0
874182dd-1e42-445c-9c52-c2d8fb90bdd9,coughvid_data/874182dd-1e42-445c-9c52-c2d8fb90bdd9.wav,coughvid_data/874182dd-1e42-445c-9c52-c2d8fb90bdd9.wav,0.0
40fdf762-f75f-4b79-a5c9-985a541a48ac,coughvid_data/40fdf762-f75f-4b79-a5c9-985a541a48ac.wav,coughvid_data/40fdf762-f75f-4b79-a5c9-985a541a48ac.wav,1.0
12a7d4c8-1dea-4ba3-a9a9-73fbeca9cc96,coughvid_data/12a7d4c8-1dea-4ba3-a9a9-73fbeca9cc96.wav,coughvid_data/12a7d4c8-1dea-4ba3-a9a9-73fbeca9cc96.wav,1.0
16bf4b70-ff9c-4ca3-a4ea-8aad88c652c7,coughvid_data/16bf4b70-ff9c-4ca3-a4ea-8aad88c652c7.wav,coughvid_data/16bf4b70-ff9c-4ca3-a4ea-8aad88c652c7.wav,0.0
0cb51e03-8e62-4c78-89b1-86209fdc4b67,coughvid_data/0cb51e03-8e62-4c78-89b1-86209fdc4b67.wav,coughvid_data/0cb51e03-8e62-4c78-89b1-86209fdc4b67.wav,0.0
a4c027e7-52ea-4ed2-95f4-9284e03d4961,coughvid_data/a4c027e7-52ea-4ed2-95f4-9284e03d4961.wav,coughvid_data/a4c027e7-52ea-4ed2-95f4-9284e03d4961.wav,0.0
979e4832-2038-47af-b1f9-eebe7e19bc32,coughvid_data/979e4832-2038-47af-b1f9-eebe7e19bc32.wav,coughvid_data/979e4832-2038-47af-b1f9-eebe7e19bc32.wav,0.0
6f2c7cce-7d31-4c49-9944-b4daecfbac06,coughvid_data/6f2c7cce-7d31-4c49-9944-b4daecfbac06.wav,coughvid_data/6f2c7cce-7d31-4c49-9944-b4daecfbac06.wav,1.0
304130bb-393d-4aea-958a-feff4fc37d53,coughvid_data/304130bb-393d-4aea-958a-feff4fc37d53.wav,coughvid_data/304130bb-393d-4aea-958a-feff4fc37d53.wav,1.0
6f79c35d-7643-4091-8b5b-37a7e95ea6c7,coughvid_data/6f79c35d-7643-4091-8b5b-37a7e95ea6c7.wav,coughvid_data/6f79c35d-7643-4091-8b5b-37a7e95ea6c7.wav,0.0
cec9bfad-a0d6-4923-bda0-f3e64ca518c7,coughvid_data/cec9bfad-a0d6-4923-bda0-f3e64ca518c7.wav,coughvid_data/cec9bfad-a0d6-4923-bda0-f3e64ca518c7.wav,1.0
3245eebf-f4d3-4a72-ba74-26a5af5da2d1,coughvid_data/3245eebf-f4d3-4a72-ba74-26a5af5da2d1.wav,coughvid_data/3245eebf-f4d3-4a72-ba74-26a5af5da2d1.wav,1.0
2658ddda-abe2-4563-b897-1d70d7cabbad,coughvid_data/2658ddda-abe2-4563-b897-1d70d7cabbad.wav,coughvid_data/2658ddda-abe2-4563-b897-1d70d7cabbad.wav,1.0
9217a220-e220-4b20-bfb5-40285fa36a34,coughvid_data/9217a220-e220-4b20-bfb5-40285fa36a34.wav,coughvid_data/9217a220-e220-4b20-bfb5-40285fa36a34.wav,0.0
3c4ae4f1-105a-4805-9601-ad16e83db137,coughvid_data/3c4ae4f1-105a-4805-9601-ad16e83db137.wav,coughvid_data/3c4ae4f1-105a-4805-9601-ad16e83db137.wav,1.0
2a2ba9f1-96eb-4b32-b714-9cb3c8a03f74,coughvid_data/2a2ba9f1-96eb-4b32-b714-9cb3c8a03f74.wav,coughvid_data/2a2ba9f1-96eb-4b32-b714-9cb3c8a03f74.wav,1.0
a1c75dab-44b4-4916-82e2-d014cc9da509,coughvid_data/a1c75dab-44b4-4916-82e2-d014cc9da509.wav,coughvid_data/a1c75dab-44b4-4916-82e2-d014cc9da509.wav,0.0
1a2ff93b-f297-4194-9455-ec1efcf5f91c,coughvid_data/1a2ff93b-f297-4194-9455-ec1efcf5f91c.wav,coughvid_data/1a2ff93b-f297-4194-9455-ec1efcf5f91c.wav,1.0
b3a4d40b-a3ed-4480-86cc-07bc52368d4d,coughvid_data/b3a4d40b-a3ed-4480-86cc-07bc52368d4d.wav,coughvid_data/b3a4d40b-a3ed-4480-86cc-07bc52368d4d.wav,0.0
d19d86f9-5985-4b5b-87a6-0a7f6b7446f9,coughvid_data/d19d86f9-5985-4b5b-87a6-0a7f6b7446f9.wav,coughvid_data/d19d86f9-5985-4b5b-87a6-0a7f6b7446f9.wav,0.0
61f633ef-419b-40be-9ddd-ec57fa289c82,coughvid_data/61f633ef-419b-40be-9ddd-ec57fa289c82.wav,coughvid_data/61f633ef-419b-40be-9ddd-ec57fa289c82.wav,1.0
4c487414-9203-4f31-bf7d-f2c88901d1eb,coughvid_data/4c487414-9203-4f31-bf7d-f2c88901d1eb.wav,coughvid_data/4c487414-9203-4f31-bf7d-f2c88901d1eb.wav,0.0
eb9810d3-c8ee-4017-b462-6c5324f59f67,coughvid_data/eb9810d3-c8ee-4017-b462-6c5324f59f67.wav,coughvid_data/eb9810d3-c8ee-4017-b462-6c5324f59f67.wav,1.0
f4ecd395-069d-40bb-a906-342e53c74a5b,coughvid_data/f4ecd395-069d-40bb-a906-342e53c74a5b.wav,coughvid_data/f4ecd395-069d-40bb-a906-342e53c74a5b.wav,0.0
fcdb6ffc-ce69-49c8-9516-92ebbb529e11,coughvid_data/fcdb6ffc-ce69-49c8-9516-92ebbb529e11.wav,coughvid_data/fcdb6ffc-ce69-49c8-9516-92ebbb529e11.wav,1.0
012e446d-76e7-4b3e-850d-b654507606aa,coughvid_data/012e446d-76e7-4b3e-850d-b654507606aa.wav,coughvid_data/012e446d-76e7-4b3e-850d-b654507606aa.wav,1.0
93552103-b403-468e-9f5b-a7ad0d75c602,coughvid_data/93552103-b403-468e-9f5b-a7ad0d75c602.wav,coughvid_data/93552103-b403-468e-9f5b-a7ad0d75c602.wav,1.0
d29aef53-6861-483f-a9bf-7251dfe063b7,coughvid_data/d29aef53-6861-483f-a9bf-7251dfe063b7.wav,coughvid_data/d29aef53-6861-483f-a9bf-7251dfe063b7.wav,0.0
333d9985-503b-413a-b519-a7beae21b8cd,coughvid_data/333d9985-503b-413a-b519-a7beae21b8cd.wav,coughvid_data/333d9985-503b-413a-b519-a7beae21b8cd.wav,1.0
8bdc5e44-2d9f-45f3-95d8-82e95c7a6cb7,coughvid_data/8bdc5e44-2d9f-45f3-95d8-82e95c7a6cb7.wav,coughvid_data/8bdc5e44-2d9f-45f3-95d8-82e95c7a6cb7.wav,0.0
8144803f-2124-42f1-9137-d314117556fe,coughvid_data/8144803f-2124-42f1-9137-d314117556fe.wav,coughvid_data/8144803f-2124-42f1-9137-d314117556fe.wav,0.0
48921ef0-66ee-49e5-80a1-d004abfbbbc0,coughvid_data/48921ef0-66ee-49e5-80a1-d004abfbbbc0.wav,coughvid_data/48921ef0-66ee-49e5-80a1-d004abfbbbc0.wav,1.0
d1a21158-7a3b-4313-8fc3-0472b257b4c7,coughvid_data/d1a21158-7a3b-4313-8fc3-0472b257b4c7.wav,coughvid_data/d1a21158-7a3b-4313-8fc3-0472b257b4c7.wav,1.0
066310ad-4ff3-48be-80e0-37bb13885ec5,coughvid_data/066310ad-4ff3-48be-80e0-37bb13885ec5.wav,coughvid_data/066310ad-4ff3-48be-80e0-37bb13885ec5.wav,1.0
cd050c02-4931-4b1f-875d-9c6cfa0ef05b,coughvid_data/cd050c02-4931-4b1f-875d-9c6cfa0ef05b.wav,coughvid_data/cd050c02-4931-4b1f-875d-9c6cfa0ef05b.wav,0.0
b09e9545-21e3-4c31-a3c6-7bd6d39ab679,coughvid_data/b09e9545-21e3-4c31-a3c6-7bd6d39ab679.wav,coughvid_data/b09e9545-21e3-4c31-a3c6-7bd6d39ab679.wav,1.0
8a198219-6412-4632-8fcf-7fe5c2a92d7f,coughvid_data/8a198219-6412-4632-8fcf-7fe5c2a92d7f.wav,coughvid_data/8a198219-6412-4632-8fcf-7fe5c2a92d7f.wav,1.0
13946945-ba83-4def-8653-1f3ff18b5f23,coughvid_data/13946945-ba83-4def-8653-1f3ff18b5f23.wav,coughvid_data/13946945-ba83-4def-8653-1f3ff18b5f23.wav,1.0
5d61b3ff-5512-4ecd-a8b3-5704a5528a4c,coughvid_data/5d61b3ff-5512-4ecd-a8b3-5704a5528a4c.wav,coughvid_data/5d61b3ff-5512-4ecd-a8b3-5704a5528a4c.wav,1.0
59ca5d3a-e8e8-49f4-8399-e3678d1ced15,coughvid_data/59ca5d3a-e8e8-49f4-8399-e3678d1ced15.wav,coughvid_data/59ca5d3a-e8e8-49f4-8399-e3678d1ced15.wav,1.0
6ecde34e-2767-47b0-aef3-2828d4b181c7,coughvid_data/6ecde34e-2767-47b0-aef3-2828d4b181c7.wav,coughvid_data/6ecde34e-2767-47b0-aef3-2828d4b181c7.wav,1.0
d9bb69b5-897e-4eaf-9f43-2b1369c9e454,coughvid_data/d9bb69b5-897e-4eaf-9f43-2b1369c9e454.wav,coughvid_data/d9bb69b5-897e-4eaf-9f43-2b1369c9e454.wav,1.0
3e48a398-e292-45c8-a9ae-9b656a78f564,coughvid_data/3e48a398-e292-45c8-a9ae-9b656a78f564.wav,coughvid_data/3e48a398-e292-45c8-a9ae-9b656a78f564.wav,0.0
a5f031a6-8309-4543-ad84-601572178be4,coughvid_data/a5f031a6-8309-4543-ad84-601572178be4.wav,coughvid_data/a5f031a6-8309-4543-ad84-601572178be4.wav,0.0
5e79124b-291e-4ec3-bec6-09f6be634c84,coughvid_data/5e79124b-291e-4ec3-bec6-09f6be634c84.wav,coughvid_data/5e79124b-291e-4ec3-bec6-09f6be634c84.wav,0.0
cb54bd94-1124-4573-9d46-33f1cdb7359c,coughvid_data/cb54bd94-1124-4573-9d46-33f1cdb7359c.wav,coughvid_data/cb54bd94-1124-4573-9d46-33f1cdb7359c.wav,0.0
5e5ed149-7ce2-42dd-a599-6747f66c3d84,coughvid_data/5e5ed149-7ce2-42dd-a599-6747f66c3d84.wav,coughvid_data/5e5ed149-7ce2-42dd-a599-6747f66c3d84.wav,1.0
30a82984-7cf3-4bb9-a7e7-7195577f1766,coughvid_data/30a82984-7cf3-4bb9-a7e7-7195577f1766.wav,coughvid_data/30a82984-7cf3-4bb9-a7e7-7195577f1766.wav,0.0
15203946-3ad3-4671-b299-ec1b26f9e6f8,coughvid_data/15203946-3ad3-4671-b299-ec1b26f9e6f8.wav,coughvid_data/15203946-3ad3-4671-b299-ec1b26f9e6f8.wav,0.0
ce8892c2-5624-4b47-a791-83f635754fac,coughvid_data/ce8892c2-5624-4b47-a791-83f635754fac.wav,coughvid_data/ce8892c2-5624-4b47-a791-83f635754fac.wav,1.0
1e5944a9-49aa-46aa-8066-dd6cc82c9e28,coughvid_data/1e5944a9-49aa-46aa-8066-dd6cc82c9e28.wav,coughvid_data/1e5944a9-49aa-46aa-8066-dd6cc82c9e28.wav,0.0
ed8a4da1-8b75-4251-abe4-9106306a81d7,coughvid_data/ed8a4da1-8b75-4251-abe4-9106306a81d7.wav,coughvid_data/ed8a4da1-8b75-4251-abe4-9106306a81d7.wav,1.0
1299769c-f601-4e63-965a-88a17952c96e,coughvid_data/1299769c-f601-4e63-965a-88a17952c96e.wav,coughvid_data/1299769c-f601-4e63-965a-88a17952c96e.wav,1.0
e02ddadf-9a1a-4f00-912b-a4f8283d9f43,coughvid_data/e02ddadf-9a1a-4f00-912b-a4f8283d9f43.wav,coughvid_data/e02ddadf-9a1a-4f00-912b-a4f8283d9f43.wav,0.0
3330de48-799b-45f9-b13d-0bfe97622003,coughvid_data/3330de48-799b-45f9-b13d-0bfe97622003.wav,coughvid_data/3330de48-799b-45f9-b13d-0bfe97622003.wav,0.0
9b64529b-9628-4836-9d53-96858608ca22,coughvid_data/9b64529b-9628-4836-9d53-96858608ca22.wav,coughvid_data/9b64529b-9628-4836-9d53-96858608ca22.wav,0.0
71d15d20-ef56-49dc-bf1f-8fc3699d3bab,coughvid_data/71d15d20-ef56-49dc-bf1f-8fc3699d3bab.wav,coughvid_data/71d15d20-ef56-49dc-bf1f-8fc3699d3bab.wav,0.0
670ccb3f-ce65-452a-8323-200ef2f2942f,coughvid_data/670ccb3f-ce65-452a-8323-200ef2f2942f.wav,coughvid_data/670ccb3f-ce65-452a-8323-200ef2f2942f.wav,1.0
f5d5c053-6693-4ca9-8662-b3b4b89b86e2,coughvid_data/f5d5c053-6693-4ca9-8662-b3b4b89b86e2.wav,coughvid_data/f5d5c053-6693-4ca9-8662-b3b4b89b86e2.wav,0.0
ccf5cac7-3768-43a0-9d10-d3a6a021828b,coughvid_data/ccf5cac7-3768-43a0-9d10-d3a6a021828b.wav,coughvid_data/ccf5cac7-3768-43a0-9d10-d3a6a021828b.wav,0.0
f8e9df5f-e93a-4eb9-aab6-ede394f12e98,coughvid_data/f8e9df5f-e93a-4eb9-aab6-ede394f12e98.wav,coughvid_data/f8e9df5f-e93a-4eb9-aab6-ede394f12e98.wav,0.0
6e049762-36d9-4461-919d-d49ba26daeb9,coughvid_data/6e049762-36d9-4461-919d-d49ba26daeb9.wav,coughvid_data/6e049762-36d9-4461-919d-d49ba26daeb9.wav,0.0
27c43636-dfde-4b8a-9853-173bf83bed39,coughvid_data/27c43636-dfde-4b8a-9853-173bf83bed39.wav,coughvid_data/27c43636-dfde-4b8a-9853-173bf83bed39.wav,0.0
7b956cd8-39e6-4401-a9b9-9fd9d03119ea,coughvid_data/7b956cd8-39e6-4401-a9b9-9fd9d03119ea.wav,coughvid_data/7b956cd8-39e6-4401-a9b9-9fd9d03119ea.wav,1.0
729d23d1-9abd-44df-8b05-22217b1ffbdf,coughvid_data/729d23d1-9abd-44df-8b05-22217b1ffbdf.wav,coughvid_data/729d23d1-9abd-44df-8b05-22217b1ffbdf.wav,1.0
bc947e2d-6406-4b80-9f53-4024534150c4,coughvid_data/bc947e2d-6406-4b80-9f53-4024534150c4.wav,coughvid_data/bc947e2d-6406-4b80-9f53-4024534150c4.wav,0.0
cf440792-558e-48e3-8e34-4933855a7f05,coughvid_data/cf440792-558e-48e3-8e34-4933855a7f05.wav,coughvid_data/cf440792-558e-48e3-8e34-4933855a7f05.wav,0.0
405537ce-bad9-4df9-a946-a65fd23f0c7a,coughvid_data/405537ce-bad9-4df9-a946-a65fd23f0c7a.wav,coughvid_data/405537ce-bad9-4df9-a946-a65fd23f0c7a.wav,1.0
67090bb0-377e-492c-9c49-8a608f50345d,coughvid_data/67090bb0-377e-492c-9c49-8a608f50345d.wav,coughvid_data/67090bb0-377e-492c-9c49-8a608f50345d.wav,1.0
05189b46-8871-460b-9c7b-01c9df7c58f8,coughvid_data/05189b46-8871-460b-9c7b-01c9df7c58f8.wav,coughvid_data/05189b46-8871-460b-9c7b-01c9df7c58f8.wav,1.0
296c96b0-1b40-49b2-9c72-e1593a081897,coughvid_data/296c96b0-1b40-49b2-9c72-e1593a081897.wav,coughvid_data/296c96b0-1b40-49b2-9c72-e1593a081897.wav,1.0
3a72dfc2-e135-4aaf-8e8a-dc2a7f826094,coughvid_data/3a72dfc2-e135-4aaf-8e8a-dc2a7f826094.wav,coughvid_data/3a72dfc2-e135-4aaf-8e8a-dc2a7f826094.wav,1.0
c60fbe7d-9a8e-4711-bf32-05f5396b508c,coughvid_data/c60fbe7d-9a8e-4711-bf32-05f5396b508c.wav,coughvid_data/c60fbe7d-9a8e-4711-bf32-05f5396b508c.wav,1.0
41225531-545b-4d32-9623-0016eb4730ec,coughvid_data/41225531-545b-4d32-9623-0016eb4730ec.wav,coughvid_data/41225531-545b-4d32-9623-0016eb4730ec.wav,1.0
39020a43-0be4-4f99-a7a5-9ffd988115aa,coughvid_data/39020a43-0be4-4f99-a7a5-9ffd988115aa.wav,coughvid_data/39020a43-0be4-4f99-a7a5-9ffd988115aa.wav,1.0
87b0d1fe-0cf6-41bd-a5a0-46af166998fa,coughvid_data/87b0d1fe-0cf6-41bd-a5a0-46af166998fa.wav,coughvid_data/87b0d1fe-0cf6-41bd-a5a0-46af166998fa.wav,1.0
d263a252-5669-444d-833f-55883ea65c77,coughvid_data/d263a252-5669-444d-833f-55883ea65c77.wav,coughvid_data/d263a252-5669-444d-833f-55883ea65c77.wav,1.0
5149703d-9887-4769-bd74-69700bd1d185,coughvid_data/5149703d-9887-4769-bd74-69700bd1d185.wav,coughvid_data/5149703d-9887-4769-bd74-69700bd1d185.wav,0.0
c969cc34-dadf-4cb6-be38-8143ceaec028,coughvid_data/c969cc34-dadf-4cb6-be38-8143ceaec028.wav,coughvid_data/c969cc34-dadf-4cb6-be38-8143ceaec028.wav,1.0
8bcfd2fe-ed6d-419d-a77f-6ec178c5a039,coughvid_data/8bcfd2fe-ed6d-419d-a77f-6ec178c5a039.wav,coughvid_data/8bcfd2fe-ed6d-419d-a77f-6ec178c5a039.wav,0.0
16814eb4-b89d-4ec3-be0f-531a88559ac6,coughvid_data/16814eb4-b89d-4ec3-be0f-531a88559ac6.wav,coughvid_data/16814eb4-b89d-4ec3-be0f-531a88559ac6.wav,1.0
7289ec7c-0566-4b9b-b6c0-a27e5b8e12ef,coughvid_data/7289ec7c-0566-4b9b-b6c0-a27e5b8e12ef.wav,coughvid_data/7289ec7c-0566-4b9b-b6c0-a27e5b8e12ef.wav,1.0
49dd7efb-c87b-481f-a5c6-b4c03a0af387,coughvid_data/49dd7efb-c87b-481f-a5c6-b4c03a0af387.wav,coughvid_data/49dd7efb-c87b-481f-a5c6-b4c03a0af387.wav,0.0
4d70603c-12e4-4d7e-a4a7-2f17d91e67d2,coughvid_data/4d70603c-12e4-4d7e-a4a7-2f17d91e67d2.wav,coughvid_data/4d70603c-12e4-4d7e-a4a7-2f17d91e67d2.wav,0.0
b43f9802-2907-47b1-a0a9-2aaa0bdc9e7b,coughvid_data/b43f9802-2907-47b1-a0a9-2aaa0bdc9e7b.wav,coughvid_data/b43f9802-2907-47b1-a0a9-2aaa0bdc9e7b.wav,1.0
b1f043a2-6b55-4ac3-afa4-bff7cd409d0e,coughvid_data/b1f043a2-6b55-4ac3-afa4-bff7cd409d0e.wav,coughvid_data/b1f043a2-6b55-4ac3-afa4-bff7cd409d0e.wav,0.0
c1e5dd07-2e7d-47a1-9d89-c8eebf01b749,coughvid_data/c1e5dd07-2e7d-47a1-9d89-c8eebf01b749.wav,coughvid_data/c1e5dd07-2e7d-47a1-9d89-c8eebf01b749.wav,1.0
c63ee639-02c7-4152-a75a-b27c5afb1e34,coughvid_data/c63ee639-02c7-4152-a75a-b27c5afb1e34.wav,coughvid_data/c63ee639-02c7-4152-a75a-b27c5afb1e34.wav,0.0
e75a870c-e5ea-4643-946a-3fc36715cc3d,coughvid_data/e75a870c-e5ea-4643-946a-3fc36715cc3d.wav,coughvid_data/e75a870c-e5ea-4643-946a-3fc36715cc3d.wav,1.0
45bfc00d-1f9b-4695-b057-72a564c23f0c,coughvid_data/45bfc00d-1f9b-4695-b057-72a564c23f0c.wav,coughvid_data/45bfc00d-1f9b-4695-b057-72a564c23f0c.wav,1.0
dfc12ff8-87f4-4e84-a26a-8595221a0345,coughvid_data/dfc12ff8-87f4-4e84-a26a-8595221a0345.wav,coughvid_data/dfc12ff8-87f4-4e84-a26a-8595221a0345.wav,0.0
adbdae47-8ca2-4d02-b5bf-6ee791b7ecd4,coughvid_data/adbdae47-8ca2-4d02-b5bf-6ee791b7ecd4.wav,coughvid_data/adbdae47-8ca2-4d02-b5bf-6ee791b7ecd4.wav,1.0
28f3c35e-b6e9-4629-b12a-2923d6d5f9a7,coughvid_data/28f3c35e-b6e9-4629-b12a-2923d6d5f9a7.wav,coughvid_data/28f3c35e-b6e9-4629-b12a-2923d6d5f9a7.wav,0.0
da30680d-9990-4617-9769-ae89bb11bcb4,coughvid_data/da30680d-9990-4617-9769-ae89bb11bcb4.wav,coughvid_data/da30680d-9990-4617-9769-ae89bb11bcb4.wav,0.0
f1563159-1350-4e0d-a007-ddc91504489e,coughvid_data/f1563159-1350-4e0d-a007-ddc91504489e.wav,coughvid_data/f1563159-1350-4e0d-a007-ddc91504489e.wav,1.0
b5399bc3-4b78-4b15-83b7-e2521f459126,coughvid_data/b5399bc3-4b78-4b15-83b7-e2521f459126.wav,coughvid_data/b5399bc3-4b78-4b15-83b7-e2521f459126.wav,1.0
545f9db6-aacf-4d71-8f9c-309441593431,coughvid_data/545f9db6-aacf-4d71-8f9c-309441593431.wav,coughvid_data/545f9db6-aacf-4d71-8f9c-309441593431.wav,0.0
c419b584-f99f-43bb-8fee-1ba4467f1fab,coughvid_data/c419b584-f99f-43bb-8fee-1ba4467f1fab.wav,coughvid_data/c419b584-f99f-43bb-8fee-1ba4467f1fab.wav,0.0
b41020f2-c5a6-4bb8-841c-6ad7e7c09755,coughvid_data/b41020f2-c5a6-4bb8-841c-6ad7e7c09755.wav,coughvid_data/b41020f2-c5a6-4bb8-841c-6ad7e7c09755.wav,0.0
06347148-8cfb-4fb8-86a9-5a32792dd811,coughvid_data/06347148-8cfb-4fb8-86a9-5a32792dd811.wav,coughvid_data/06347148-8cfb-4fb8-86a9-5a32792dd811.wav,1.0
b30a8ef0-fee1-4022-9174-a1a8a1c9b978,coughvid_data/b30a8ef0-fee1-4022-9174-a1a8a1c9b978.wav,coughvid_data/b30a8ef0-fee1-4022-9174-a1a8a1c9b978.wav,1.0
894f4a3a-c876-4fc5-aa2b-f97999cc2cfa,coughvid_data/894f4a3a-c876-4fc5-aa2b-f97999cc2cfa.wav,coughvid_data/894f4a3a-c876-4fc5-aa2b-f97999cc2cfa.wav,0.0
27dbea5f-d9c1-4884-8e4b-72c6cfcfbb99,coughvid_data/27dbea5f-d9c1-4884-8e4b-72c6cfcfbb99.wav,coughvid_data/27dbea5f-d9c1-4884-8e4b-72c6cfcfbb99.wav,0.0
05661a22-18f7-4292-a1f7-2bbb433374cd,coughvid_data/05661a22-18f7-4292-a1f7-2bbb433374cd.wav,coughvid_data/05661a22-18f7-4292-a1f7-2bbb433374cd.wav,0.0
54ca6049-40ff-4f5e-bf65-c2c259640840,coughvid_data/54ca6049-40ff-4f5e-bf65-c2c259640840.wav,coughvid_data/54ca6049-40ff-4f5e-bf65-c2c259640840.wav,1.0
06e003e0-fe47-4712-bb14-23ba989b9f85,coughvid_data/06e003e0-fe47-4712-bb14-23ba989b9f85.wav,coughvid_data/06e003e0-fe47-4712-bb14-23ba989b9f85.wav,0.0
57453816-6585-405f-9514-43510f4219af,coughvid_data/57453816-6585-405f-9514-43510f4219af.wav,coughvid_data/57453816-6585-405f-9514-43510f4219af.wav,1.0
a8331b45-85f5-4241-82d5-ecae95360a0a,coughvid_data/a8331b45-85f5-4241-82d5-ecae95360a0a.wav,coughvid_data/a8331b45-85f5-4241-82d5-ecae95360a0a.wav,0.0
aced2608-b4aa-4559-a848-995778a44b64,coughvid_data/aced2608-b4aa-4559-a848-995778a44b64.wav,coughvid_data/aced2608-b4aa-4559-a848-995778a44b64.wav,1.0
6330505e-72f7-4077-ac53-46117d51874b,coughvid_data/6330505e-72f7-4077-ac53-46117d51874b.wav,coughvid_data/6330505e-72f7-4077-ac53-46117d51874b.wav,1.0
d881d6d0-16df-4209-bffc-5959e0a9ea5c,coughvid_data/d881d6d0-16df-4209-bffc-5959e0a9ea5c.wav,coughvid_data/d881d6d0-16df-4209-bffc-5959e0a9ea5c.wav,0.0
4897bd07-6c6d-408f-8f5c-6390e81d1147,coughvid_data/4897bd07-6c6d-408f-8f5c-6390e81d1147.wav,coughvid_data/4897bd07-6c6d-408f-8f5c-6390e81d1147.wav,0.0
86e5871f-d0ca-4ecc-8833-2771f36af22c,coughvid_data/86e5871f-d0ca-4ecc-8833-2771f36af22c.wav,coughvid_data/86e5871f-d0ca-4ecc-8833-2771f36af22c.wav,0.0
8b9f72e3-c5ba-427b-b9b2-f99540e6422b,coughvid_data/8b9f72e3-c5ba-427b-b9b2-f99540e6422b.wav,coughvid_data/8b9f72e3-c5ba-427b-b9b2-f99540e6422b.wav,1.0
b7b3bfb1-3914-4622-b111-1c7c16741553,coughvid_data/b7b3bfb1-3914-4622-b111-1c7c16741553.wav,coughvid_data/b7b3bfb1-3914-4622-b111-1c7c16741553.wav,0.0
930a3bad-00c9-4ce0-9e2f-872d717973a6,coughvid_data/930a3bad-00c9-4ce0-9e2f-872d717973a6.wav,coughvid_data/930a3bad-00c9-4ce0-9e2f-872d717973a6.wav,0.0
5922a88b-673b-408f-a447-54dd563fbff9,coughvid_data/5922a88b-673b-408f-a447-54dd563fbff9.wav,coughvid_data/5922a88b-673b-408f-a447-54dd563fbff9.wav,0.0
fd3cb34c-670c-414c-b6c6-05a61c99bf3a,coughvid_data/fd3cb34c-670c-414c-b6c6-05a61c99bf3a.wav,coughvid_data/fd3cb34c-670c-414c-b6c6-05a61c99bf3a.wav,0.0
2aa8bb7b-32df-4d9a-b80b-60527a06a1bb,coughvid_data/2aa8bb7b-32df-4d9a-b80b-60527a06a1bb.wav,coughvid_data/2aa8bb7b-32df-4d9a-b80b-60527a06a1bb.wav,0.0
9470bdeb-57e7-44d4-b9c1-aac52b7e2214,coughvid_data/9470bdeb-57e7-44d4-b9c1-aac52b7e2214.wav,coughvid_data/9470bdeb-57e7-44d4-b9c1-aac52b7e2214.wav,1.0
77a8e7a3-e013-40c2-b5b1-2de2cef23004,coughvid_data/77a8e7a3-e013-40c2-b5b1-2de2cef23004.wav,coughvid_data/77a8e7a3-e013-40c2-b5b1-2de2cef23004.wav,1.0
5ee2606c-43c6-4481-a714-22e901deb692,coughvid_data/5ee2606c-43c6-4481-a714-22e901deb692.wav,coughvid_data/5ee2606c-43c6-4481-a714-22e901deb692.wav,1.0
9240c98f-cda8-49ef-95e2-d71889dbc10b,coughvid_data/9240c98f-cda8-49ef-95e2-d71889dbc10b.wav,coughvid_data/9240c98f-cda8-49ef-95e2-d71889dbc10b.wav,0.0
1a5f3995-9689-490d-9649-4dcdc332246d,coughvid_data/1a5f3995-9689-490d-9649-4dcdc332246d.wav,coughvid_data/1a5f3995-9689-490d-9649-4dcdc332246d.wav,0.0
f6ed931e-bb5c-4e17-8e96-e55c5b433535,coughvid_data/f6ed931e-bb5c-4e17-8e96-e55c5b433535.wav,coughvid_data/f6ed931e-bb5c-4e17-8e96-e55c5b433535.wav,0.0
353e5ab5-87f0-4832-a71b-4a2e0251e617,coughvid_data/353e5ab5-87f0-4832-a71b-4a2e0251e617.wav,coughvid_data/353e5ab5-87f0-4832-a71b-4a2e0251e617.wav,0.0
5a6aa65c-024f-47d3-bd38-cc1eac1edeaf,coughvid_data/5a6aa65c-024f-47d3-bd38-cc1eac1edeaf.wav,coughvid_data/5a6aa65c-024f-47d3-bd38-cc1eac1edeaf.wav,0.0
d57f155d-09c7-4c77-a482-809eaa23122f,coughvid_data/d57f155d-09c7-4c77-a482-809eaa23122f.wav,coughvid_data/d57f155d-09c7-4c77-a482-809eaa23122f.wav,0.0
e817bf08-4966-42c2-8990-6473eef27811,coughvid_data/e817bf08-4966-42c2-8990-6473eef27811.wav,coughvid_data/e817bf08-4966-42c2-8990-6473eef27811.wav,1.0
992b4a50-cb42-4e26-9f13-7cb13c9df42a,coughvid_data/992b4a50-cb42-4e26-9f13-7cb13c9df42a.wav,coughvid_data/992b4a50-cb42-4e26-9f13-7cb13c9df42a.wav,0.0
f9091423-4241-4dfd-a84d-19400a3be565,coughvid_data/f9091423-4241-4dfd-a84d-19400a3be565.wav,coughvid_data/f9091423-4241-4dfd-a84d-19400a3be565.wav,1.0
3549c6d7-e083-4799-b20d-f48910a97461,coughvid_data/3549c6d7-e083-4799-b20d-f48910a97461.wav,coughvid_data/3549c6d7-e083-4799-b20d-f48910a97461.wav,0.0
409d8cf6-a263-4784-81ab-b7fcc3673e00,coughvid_data/409d8cf6-a263-4784-81ab-b7fcc3673e00.wav,coughvid_data/409d8cf6-a263-4784-81ab-b7fcc3673e00.wav,0.0
727d5520-8fc9-4c41-b112-d6f0c3ab987b,coughvid_data/727d5520-8fc9-4c41-b112-d6f0c3ab987b.wav,coughvid_data/727d5520-8fc9-4c41-b112-d6f0c3ab987b.wav,1.0
796f5c3a-7f2a-439c-88cb-967957363f9a,coughvid_data/796f5c3a-7f2a-439c-88cb-967957363f9a.wav,coughvid_data/796f5c3a-7f2a-439c-88cb-967957363f9a.wav,1.0
fa49bbe7-7d02-45ef-b696-6e24baf8903f,coughvid_data/fa49bbe7-7d02-45ef-b696-6e24baf8903f.wav,coughvid_data/fa49bbe7-7d02-45ef-b696-6e24baf8903f.wav,1.0
9671b916-98b8-414d-ad13-a1cb028842bc,coughvid_data/9671b916-98b8-414d-ad13-a1cb028842bc.wav,coughvid_data/9671b916-98b8-414d-ad13-a1cb028842bc.wav,0.0
31ce5585-7b14-44da-a351-6015898def8c,coughvid_data/31ce5585-7b14-44da-a351-6015898def8c.wav,coughvid_data/31ce5585-7b14-44da-a351-6015898def8c.wav,1.0
d70f7518-e3e8-46f3-a4fe-fa43363f16ca,coughvid_data/d70f7518-e3e8-46f3-a4fe-fa43363f16ca.wav,coughvid_data/d70f7518-e3e8-46f3-a4fe-fa43363f16ca.wav,1.0
2ebf9e4a-6b3c-4d1b-b30e-415c0bdfdecc,coughvid_data/2ebf9e4a-6b3c-4d1b-b30e-415c0bdfdecc.wav,coughvid_data/2ebf9e4a-6b3c-4d1b-b30e-415c0bdfdecc.wav,1.0
bdc3b2ea-0f00-4ebd-a048-78c26b5f137f,coughvid_data/bdc3b2ea-0f00-4ebd-a048-78c26b5f137f.wav,coughvid_data/bdc3b2ea-0f00-4ebd-a048-78c26b5f137f.wav,0.0
afd2e431-0d73-40cf-ab34-3b018ad2f14d,coughvid_data/afd2e431-0d73-40cf-ab34-3b018ad2f14d.wav,coughvid_data/afd2e431-0d73-40cf-ab34-3b018ad2f14d.wav,0.0
c06b5b44-a591-4f6b-9031-b610c78f4c93,coughvid_data/c06b5b44-a591-4f6b-9031-b610c78f4c93.wav,coughvid_data/c06b5b44-a591-4f6b-9031-b610c78f4c93.wav,1.0
2f44aae6-737d-4c08-87f4-20780bff9793,coughvid_data/2f44aae6-737d-4c08-87f4-20780bff9793.wav,coughvid_data/2f44aae6-737d-4c08-87f4-20780bff9793.wav,1.0
f4da81e9-651e-4e88-a9ab-89275615adc0,coughvid_data/f4da81e9-651e-4e88-a9ab-89275615adc0.wav,coughvid_data/f4da81e9-651e-4e88-a9ab-89275615adc0.wav,1.0
3ada8e7e-3f19-437d-80a1-9610ea1fb9da,coughvid_data/3ada8e7e-3f19-437d-80a1-9610ea1fb9da.wav,coughvid_data/3ada8e7e-3f19-437d-80a1-9610ea1fb9da.wav,1.0
1f4c1d84-8432-4f55-899f-96fd543ecd35,coughvid_data/1f4c1d84-8432-4f55-899f-96fd543ecd35.wav,coughvid_data/1f4c1d84-8432-4f55-899f-96fd543ecd35.wav,0.0
c5f4b9fe-04cd-441b-801f-ae24db6b2fc7,coughvid_data/c5f4b9fe-04cd-441b-801f-ae24db6b2fc7.wav,coughvid_data/c5f4b9fe-04cd-441b-801f-ae24db6b2fc7.wav,1.0
6472ca6d-dca9-4a79-8f68-96745340dad1,coughvid_data/6472ca6d-dca9-4a79-8f68-96745340dad1.wav,coughvid_data/6472ca6d-dca9-4a79-8f68-96745340dad1.wav,1.0
10b2b03b-195e-40c1-8a62-e730aefa757c,coughvid_data/10b2b03b-195e-40c1-8a62-e730aefa757c.wav,coughvid_data/10b2b03b-195e-40c1-8a62-e730aefa757c.wav,1.0
77a73c51-b98b-4bf2-b540-0a0bd99e5b0d,coughvid_data/77a73c51-b98b-4bf2-b540-0a0bd99e5b0d.wav,coughvid_data/77a73c51-b98b-4bf2-b540-0a0bd99e5b0d.wav,1.0
b20ca54a-8477-4a83-883d-a9a5de296dae,coughvid_data/b20ca54a-8477-4a83-883d-a9a5de296dae.wav,coughvid_data/b20ca54a-8477-4a83-883d-a9a5de296dae.wav,0.0
d611b5e0-6873-4e8d-b56f-db9b13367871,coughvid_data/d611b5e0-6873-4e8d-b56f-db9b13367871.wav,coughvid_data/d611b5e0-6873-4e8d-b56f-db9b13367871.wav,0.0
a8eeb6e9-2034-4c15-8fea-525fdfb3ef3c,coughvid_data/a8eeb6e9-2034-4c15-8fea-525fdfb3ef3c.wav,coughvid_data/a8eeb6e9-2034-4c15-8fea-525fdfb3ef3c.wav,1.0
17c71a33-db88-415b-b207-d04a13280af6,coughvid_data/17c71a33-db88-415b-b207-d04a13280af6.wav,coughvid_data/17c71a33-db88-415b-b207-d04a13280af6.wav,1.0
6c683de1-5e81-421e-946f-c71b72a185a6,coughvid_data/6c683de1-5e81-421e-946f-c71b72a185a6.wav,coughvid_data/6c683de1-5e81-421e-946f-c71b72a185a6.wav,1.0
885278b4-30ed-4dd7-a813-f0e2706a12ba,coughvid_data/885278b4-30ed-4dd7-a813-f0e2706a12ba.wav,coughvid_data/885278b4-30ed-4dd7-a813-f0e2706a12ba.wav,1.0
d81a9166-5e95-4654-b0d3-66f14ddbe8ae,coughvid_data/d81a9166-5e95-4654-b0d3-66f14ddbe8ae.wav,coughvid_data/d81a9166-5e95-4654-b0d3-66f14ddbe8ae.wav,1.0
ab9d35b9-d716-45b4-83bc-dbd614fe4b69,coughvid_data/ab9d35b9-d716-45b4-83bc-dbd614fe4b69.wav,coughvid_data/ab9d35b9-d716-45b4-83bc-dbd614fe4b69.wav,1.0
adea88c2-6fdb-4bf4-a62d-931c3a674f97,coughvid_data/adea88c2-6fdb-4bf4-a62d-931c3a674f97.wav,coughvid_data/adea88c2-6fdb-4bf4-a62d-931c3a674f97.wav,1.0
80244357-ae2e-4ca4-a75e-0c94e6ee4c2f,coughvid_data/80244357-ae2e-4ca4-a75e-0c94e6ee4c2f.wav,coughvid_data/80244357-ae2e-4ca4-a75e-0c94e6ee4c2f.wav,1.0
b3d4fd8f-d75a-4d0c-aa97-7a338997794a,coughvid_data/b3d4fd8f-d75a-4d0c-aa97-7a338997794a.wav,coughvid_data/b3d4fd8f-d75a-4d0c-aa97-7a338997794a.wav,1.0
9e824372-1376-4cdf-a02a-61c0bb8f4186,coughvid_data/9e824372-1376-4cdf-a02a-61c0bb8f4186.wav,coughvid_data/9e824372-1376-4cdf-a02a-61c0bb8f4186.wav,1.0
c6b28b8e-1c9f-41b7-ad60-fc650cf4c98c,coughvid_data/c6b28b8e-1c9f-41b7-ad60-fc650cf4c98c.wav,coughvid_data/c6b28b8e-1c9f-41b7-ad60-fc650cf4c98c.wav,1.0
4800fbce-e4c8-4d83-8261-be1477eb8272,coughvid_data/4800fbce-e4c8-4d83-8261-be1477eb8272.wav,coughvid_data/4800fbce-e4c8-4d83-8261-be1477eb8272.wav,0.0
065f241f-6db2-4cbb-9f3e-107230272e10,coughvid_data/065f241f-6db2-4cbb-9f3e-107230272e10.wav,coughvid_data/065f241f-6db2-4cbb-9f3e-107230272e10.wav,1.0
ff7dd611-15c7-4683-8259-659dfaea881f,coughvid_data/ff7dd611-15c7-4683-8259-659dfaea881f.wav,coughvid_data/ff7dd611-15c7-4683-8259-659dfaea881f.wav,0.0
ea454263-90d9-43f6-91d3-a82e80a18781,coughvid_data/ea454263-90d9-43f6-91d3-a82e80a18781.wav,coughvid_data/ea454263-90d9-43f6-91d3-a82e80a18781.wav,1.0
8a752601-9667-423c-b9e6-a8880a49bc7e,coughvid_data/8a752601-9667-423c-b9e6-a8880a49bc7e.wav,coughvid_data/8a752601-9667-423c-b9e6-a8880a49bc7e.wav,1.0
26b8be9e-74dd-4e89-ac6c-62b9994239fd,coughvid_data/26b8be9e-74dd-4e89-ac6c-62b9994239fd.wav,coughvid_data/26b8be9e-74dd-4e89-ac6c-62b9994239fd.wav,0.0
b49d4e61-c6b8-4ecf-a4b1-cdd60b3f2d32,coughvid_data/b49d4e61-c6b8-4ecf-a4b1-cdd60b3f2d32.wav,coughvid_data/b49d4e61-c6b8-4ecf-a4b1-cdd60b3f2d32.wav,0.0
731cbe07-5754-46cf-bb5c-873a670cd5d7,coughvid_data/731cbe07-5754-46cf-bb5c-873a670cd5d7.wav,coughvid_data/731cbe07-5754-46cf-bb5c-873a670cd5d7.wav,1.0
eaf5f627-b337-409a-b154-e907e57e6547,coughvid_data/eaf5f627-b337-409a-b154-e907e57e6547.wav,coughvid_data/eaf5f627-b337-409a-b154-e907e57e6547.wav,0.0
1e35dbaa-d917-4822-96b8-0f0164ca08c8,coughvid_data/1e35dbaa-d917-4822-96b8-0f0164ca08c8.wav,coughvid_data/1e35dbaa-d917-4822-96b8-0f0164ca08c8.wav,1.0
6cc9c2b0-255d-4e38-8540-ab60b7c07600,coughvid_data/6cc9c2b0-255d-4e38-8540-ab60b7c07600.wav,coughvid_data/6cc9c2b0-255d-4e38-8540-ab60b7c07600.wav,1.0
5e3a937a-f0aa-4e8c-8f75-e935fab500b5,coughvid_data/5e3a937a-f0aa-4e8c-8f75-e935fab500b5.wav,coughvid_data/5e3a937a-f0aa-4e8c-8f75-e935fab500b5.wav,0.0
8e1cbf5f-b55a-4e23-8521-23f3e727c9c9,coughvid_data/8e1cbf5f-b55a-4e23-8521-23f3e727c9c9.wav,coughvid_data/8e1cbf5f-b55a-4e23-8521-23f3e727c9c9.wav,1.0
a45d78ea-c3b3-4e05-adc6-73db045e308d,coughvid_data/a45d78ea-c3b3-4e05-adc6-73db045e308d.wav,coughvid_data/a45d78ea-c3b3-4e05-adc6-73db045e308d.wav,1.0
10717866-07b8-4a88-98a2-6e4e3619043c,coughvid_data/10717866-07b8-4a88-98a2-6e4e3619043c.wav,coughvid_data/10717866-07b8-4a88-98a2-6e4e3619043c.wav,0.0
55d0ed26-a7a2-418d-b326-d0bd29a3f19c,coughvid_data/55d0ed26-a7a2-418d-b326-d0bd29a3f19c.wav,coughvid_data/55d0ed26-a7a2-418d-b326-d0bd29a3f19c.wav,1.0
28854707-b408-4b25-ace4-0797baff5f85,coughvid_data/28854707-b408-4b25-ace4-0797baff5f85.wav,coughvid_data/28854707-b408-4b25-ace4-0797baff5f85.wav,1.0
6c7796a6-0a17-469e-b692-21a292763b08,coughvid_data/6c7796a6-0a17-469e-b692-21a292763b08.wav,coughvid_data/6c7796a6-0a17-469e-b692-21a292763b08.wav,1.0
da63f356-eea9-4301-b76d-063077750032,coughvid_data/da63f356-eea9-4301-b76d-063077750032.wav,coughvid_data/da63f356-eea9-4301-b76d-063077750032.wav,0.0
17acf0f2-d97a-4881-bb20-766e3ef20991,coughvid_data/17acf0f2-d97a-4881-bb20-766e3ef20991.wav,coughvid_data/17acf0f2-d97a-4881-bb20-766e3ef20991.wav,1.0
1d0dab8f-ab22-4b7b-865d-4700befaa68d,coughvid_data/1d0dab8f-ab22-4b7b-865d-4700befaa68d.wav,coughvid_data/1d0dab8f-ab22-4b7b-865d-4700befaa68d.wav,1.0
07ad99ec-8e29-4cb4-9193-7c87d8b7a26d,coughvid_data/07ad99ec-8e29-4cb4-9193-7c87d8b7a26d.wav,coughvid_data/07ad99ec-8e29-4cb4-9193-7c87d8b7a26d.wav,1.0
4376cf7a-db13-4730-b2bd-890bd5e5cb8b,coughvid_data/4376cf7a-db13-4730-b2bd-890bd5e5cb8b.wav,coughvid_data/4376cf7a-db13-4730-b2bd-890bd5e5cb8b.wav,1.0
98ae80f1-8f67-4cf1-b218-4430ef6e8a53,coughvid_data/98ae80f1-8f67-4cf1-b218-4430ef6e8a53.wav,coughvid_data/98ae80f1-8f67-4cf1-b218-4430ef6e8a53.wav,1.0
508eae47-5923-4d9b-9ae6-f3e4e8e17460,coughvid_data/508eae47-5923-4d9b-9ae6-f3e4e8e17460.wav,coughvid_data/508eae47-5923-4d9b-9ae6-f3e4e8e17460.wav,1.0
cc965110-d8fe-4dd6-afef-a5333e629062,coughvid_data/cc965110-d8fe-4dd6-afef-a5333e629062.wav,coughvid_data/cc965110-d8fe-4dd6-afef-a5333e629062.wav,1.0
96be341c-14ad-4dbf-8540-5e9a82862244,coughvid_data/96be341c-14ad-4dbf-8540-5e9a82862244.wav,coughvid_data/96be341c-14ad-4dbf-8540-5e9a82862244.wav,0.0
46fee0a3-4b44-4de4-91ed-79716047f808,coughvid_data/46fee0a3-4b44-4de4-91ed-79716047f808.wav,coughvid_data/46fee0a3-4b44-4de4-91ed-79716047f808.wav,1.0
7260951e-1253-4f6a-ba4b-396396782ed9,coughvid_data/7260951e-1253-4f6a-ba4b-396396782ed9.wav,coughvid_data/7260951e-1253-4f6a-ba4b-396396782ed9.wav,0.0
2f0db482-e71b-4e10-b4d1-32c899e47526,coughvid_data/2f0db482-e71b-4e10-b4d1-32c899e47526.wav,coughvid_data/2f0db482-e71b-4e10-b4d1-32c899e47526.wav,1.0
b3f10b47-a389-4174-b39a-496873e130e0,coughvid_data/b3f10b47-a389-4174-b39a-496873e130e0.wav,coughvid_data/b3f10b47-a389-4174-b39a-496873e130e0.wav,1.0
5d673d49-a095-4c28-9bff-56ba81ed0d31,coughvid_data/5d673d49-a095-4c28-9bff-56ba81ed0d31.wav,coughvid_data/5d673d49-a095-4c28-9bff-56ba81ed0d31.wav,1.0
4b0d7c63-b062-46f4-adaf-1e294054a616,coughvid_data/4b0d7c63-b062-46f4-adaf-1e294054a616.wav,coughvid_data/4b0d7c63-b062-46f4-adaf-1e294054a616.wav,0.0
75de6f53-6d34-4f4c-83df-d2f0ad024aac,coughvid_data/75de6f53-6d34-4f4c-83df-d2f0ad024aac.wav,coughvid_data/75de6f53-6d34-4f4c-83df-d2f0ad024aac.wav,0.0
fa203073-5ce7-4fcd-be94-92d1a529cd2b,coughvid_data/fa203073-5ce7-4fcd-be94-92d1a529cd2b.wav,coughvid_data/fa203073-5ce7-4fcd-be94-92d1a529cd2b.wav,0.0
abad46ef-ee38-441c-915c-7d1de3010a28,coughvid_data/abad46ef-ee38-441c-915c-7d1de3010a28.wav,coughvid_data/abad46ef-ee38-441c-915c-7d1de3010a28.wav,0.0
b0ef6d95-8a3b-44b9-bf9a-b68847617771,coughvid_data/b0ef6d95-8a3b-44b9-bf9a-b68847617771.wav,coughvid_data/b0ef6d95-8a3b-44b9-bf9a-b68847617771.wav,1.0
a2d7276b-0c33-4b83-aed9-c59d5bf3d6d0,coughvid_data/a2d7276b-0c33-4b83-aed9-c59d5bf3d6d0.wav,coughvid_data/a2d7276b-0c33-4b83-aed9-c59d5bf3d6d0.wav,1.0
b5f12431-8da7-4028-ad17-47dfda0a8298,coughvid_data/b5f12431-8da7-4028-ad17-47dfda0a8298.wav,coughvid_data/b5f12431-8da7-4028-ad17-47dfda0a8298.wav,1.0
f4bba66f-4c88-43b4-855f-f8fe47324d22,coughvid_data/f4bba66f-4c88-43b4-855f-f8fe47324d22.wav,coughvid_data/f4bba66f-4c88-43b4-855f-f8fe47324d22.wav,0.0
5f32998f-bc22-45c2-a399-b28246761135,coughvid_data/5f32998f-bc22-45c2-a399-b28246761135.wav,coughvid_data/5f32998f-bc22-45c2-a399-b28246761135.wav,0.0
bbd4ca87-d3b0-44cf-ba86-bd92565c1a27,coughvid_data/bbd4ca87-d3b0-44cf-ba86-bd92565c1a27.wav,coughvid_data/bbd4ca87-d3b0-44cf-ba86-bd92565c1a27.wav,1.0
323e945e-a48b-4c79-aa1c-495f2a36ea0f,coughvid_data/323e945e-a48b-4c79-aa1c-495f2a36ea0f.wav,coughvid_data/323e945e-a48b-4c79-aa1c-495f2a36ea0f.wav,0.0
809a39ce-ebb5-4c52-b111-b7d370903296,coughvid_data/809a39ce-ebb5-4c52-b111-b7d370903296.wav,coughvid_data/809a39ce-ebb5-4c52-b111-b7d370903296.wav,0.0
33ed7ec5-c28f-4397-90ac-f64af5d0393e,coughvid_data/33ed7ec5-c28f-4397-90ac-f64af5d0393e.wav,coughvid_data/33ed7ec5-c28f-4397-90ac-f64af5d0393e.wav,1.0
8dfd17af-b5a2-4480-90ed-f0a75e82c80c,coughvid_data/8dfd17af-b5a2-4480-90ed-f0a75e82c80c.wav,coughvid_data/8dfd17af-b5a2-4480-90ed-f0a75e82c80c.wav,1.0
48f84033-8615-4805-b2a5-d84050d3951b,coughvid_data/48f84033-8615-4805-b2a5-d84050d3951b.wav,coughvid_data/48f84033-8615-4805-b2a5-d84050d3951b.wav,1.0
4f4dd2eb-62eb-449d-a861-d3dcddc4cadd,coughvid_data/4f4dd2eb-62eb-449d-a861-d3dcddc4cadd.wav,coughvid_data/4f4dd2eb-62eb-449d-a861-d3dcddc4cadd.wav,1.0
de8157d4-d11d-4ba1-8108-d8fda8af6311,coughvid_data/de8157d4-d11d-4ba1-8108-d8fda8af6311.wav,coughvid_data/de8157d4-d11d-4ba1-8108-d8fda8af6311.wav,0.0
0b207336-533a-42db-bb5a-bd783defee90,coughvid_data/0b207336-533a-42db-bb5a-bd783defee90.wav,coughvid_data/0b207336-533a-42db-bb5a-bd783defee90.wav,1.0
9a2b1e16-b129-4039-ada4-7564b639eab1,coughvid_data/9a2b1e16-b129-4039-ada4-7564b639eab1.wav,coughvid_data/9a2b1e16-b129-4039-ada4-7564b639eab1.wav,0.0
bc4e7e90-4dd2-45f6-a2a4-2c5df914000d,coughvid_data/bc4e7e90-4dd2-45f6-a2a4-2c5df914000d.wav,coughvid_data/bc4e7e90-4dd2-45f6-a2a4-2c5df914000d.wav,0.0
ab46097a-7d5b-47f3-aab8-222bf0043beb,coughvid_data/ab46097a-7d5b-47f3-aab8-222bf0043beb.wav,coughvid_data/ab46097a-7d5b-47f3-aab8-222bf0043beb.wav,1.0
62d8f0ca-f3c0-4707-9f0a-f5b1fa168acf,coughvid_data/62d8f0ca-f3c0-4707-9f0a-f5b1fa168acf.wav,coughvid_data/62d8f0ca-f3c0-4707-9f0a-f5b1fa168acf.wav,1.0
1888d8c3-0d19-46bc-b3c7-6571f575d246,coughvid_data/1888d8c3-0d19-46bc-b3c7-6571f575d246.wav,coughvid_data/1888d8c3-0d19-46bc-b3c7-6571f575d246.wav,0.0
da204686-9d9a-48b4-a122-30bf5480dc57,coughvid_data/da204686-9d9a-48b4-a122-30bf5480dc57.wav,coughvid_data/da204686-9d9a-48b4-a122-30bf5480dc57.wav,1.0
f7230408-ce79-455e-9fdb-32b99cd95b85,coughvid_data/f7230408-ce79-455e-9fdb-32b99cd95b85.wav,coughvid_data/f7230408-ce79-455e-9fdb-32b99cd95b85.wav,1.0
b96415d1-9590-4c7f-93e9-90e04225838f,coughvid_data/b96415d1-9590-4c7f-93e9-90e04225838f.wav,coughvid_data/b96415d1-9590-4c7f-93e9-90e04225838f.wav,0.0
d3273497-48e2-429d-9cf1-4abeea804ec7,coughvid_data/d3273497-48e2-429d-9cf1-4abeea804ec7.wav,coughvid_data/d3273497-48e2-429d-9cf1-4abeea804ec7.wav,1.0
6633914f-55ff-4787-b985-81e58f74b764,coughvid_data/6633914f-55ff-4787-b985-81e58f74b764.wav,coughvid_data/6633914f-55ff-4787-b985-81e58f74b764.wav,0.0
310f7364-eb1a-4b9f-b3d1-50c91f188cfb,coughvid_data/310f7364-eb1a-4b9f-b3d1-50c91f188cfb.wav,coughvid_data/310f7364-eb1a-4b9f-b3d1-50c91f188cfb.wav,0.0
585cd8ff-0963-466c-8c91-f35ca4a39a13,coughvid_data/585cd8ff-0963-466c-8c91-f35ca4a39a13.wav,coughvid_data/585cd8ff-0963-466c-8c91-f35ca4a39a13.wav,0.0
1e0b87aa-e216-49a2-b25d-4b9bfe635245,coughvid_data/1e0b87aa-e216-49a2-b25d-4b9bfe635245.wav,coughvid_data/1e0b87aa-e216-49a2-b25d-4b9bfe635245.wav,0.0
95dee56b-2ebb-48ec-acd7-2bb4ad631679,coughvid_data/95dee56b-2ebb-48ec-acd7-2bb4ad631679.wav,coughvid_data/95dee56b-2ebb-48ec-acd7-2bb4ad631679.wav,1.0
861ed57a-4d26-45b0-af3d-b8ac0d51f08c,coughvid_data/861ed57a-4d26-45b0-af3d-b8ac0d51f08c.wav,coughvid_data/861ed57a-4d26-45b0-af3d-b8ac0d51f08c.wav,0.0
f7a10fb3-b805-4ed0-8a93-9b0851efe78e,coughvid_data/f7a10fb3-b805-4ed0-8a93-9b0851efe78e.wav,coughvid_data/f7a10fb3-b805-4ed0-8a93-9b0851efe78e.wav,1.0
919836c6-3e9a-4453-baae-aebc9a3c12a8,coughvid_data/919836c6-3e9a-4453-baae-aebc9a3c12a8.wav,coughvid_data/919836c6-3e9a-4453-baae-aebc9a3c12a8.wav,0.0
1cc047de-28b8-486b-be61-77750e12f534,coughvid_data/1cc047de-28b8-486b-be61-77750e12f534.wav,coughvid_data/1cc047de-28b8-486b-be61-77750e12f534.wav,0.0
a94a71e3-2f46-4430-8713-ab76ba946e16,coughvid_data/a94a71e3-2f46-4430-8713-ab76ba946e16.wav,coughvid_data/a94a71e3-2f46-4430-8713-ab76ba946e16.wav,1.0
90a975d0-d88a-4b77-abc2-48d4eeb35656,coughvid_data/90a975d0-d88a-4b77-abc2-48d4eeb35656.wav,coughvid_data/90a975d0-d88a-4b77-abc2-48d4eeb35656.wav,0.0
edd069c7-e447-4763-9587-5a56ba981cb3,coughvid_data/edd069c7-e447-4763-9587-5a56ba981cb3.wav,coughvid_data/edd069c7-e447-4763-9587-5a56ba981cb3.wav,1.0
07c2becb-f533-460e-9d43-8bbce332a9c3,coughvid_data/07c2becb-f533-460e-9d43-8bbce332a9c3.wav,coughvid_data/07c2becb-f533-460e-9d43-8bbce332a9c3.wav,0.0
884ed4d4-7c9e-49f2-9316-6ef84d2c3987,coughvid_data/884ed4d4-7c9e-49f2-9316-6ef84d2c3987.wav,coughvid_data/884ed4d4-7c9e-49f2-9316-6ef84d2c3987.wav,1.0
f2a4592b-8e44-427e-91f6-90b93e3e048a,coughvid_data/f2a4592b-8e44-427e-91f6-90b93e3e048a.wav,coughvid_data/f2a4592b-8e44-427e-91f6-90b93e3e048a.wav,0.0
b26308fb-5377-480a-b2bc-c127676bd306,coughvid_data/b26308fb-5377-480a-b2bc-c127676bd306.wav,coughvid_data/b26308fb-5377-480a-b2bc-c127676bd306.wav,0.0
d1f009fc-a806-41be-a34b-3939dda54afa,coughvid_data/d1f009fc-a806-41be-a34b-3939dda54afa.wav,coughvid_data/d1f009fc-a806-41be-a34b-3939dda54afa.wav,0.0
a87c3fa6-5874-4a25-bbe5-e390286eb87d,coughvid_data/a87c3fa6-5874-4a25-bbe5-e390286eb87d.wav,coughvid_data/a87c3fa6-5874-4a25-bbe5-e390286eb87d.wav,0.0
94b7532d-b5d2-43b3-96c7-7135d3c9d61a,coughvid_data/94b7532d-b5d2-43b3-96c7-7135d3c9d61a.wav,coughvid_data/94b7532d-b5d2-43b3-96c7-7135d3c9d61a.wav,0.0
4f040be5-3dd6-42fa-91d7-349c4942e274,coughvid_data/4f040be5-3dd6-42fa-91d7-349c4942e274.wav,coughvid_data/4f040be5-3dd6-42fa-91d7-349c4942e274.wav,1.0
e7fd579c-8f52-42c5-b6ca-7735b0ff0b17,coughvid_data/e7fd579c-8f52-42c5-b6ca-7735b0ff0b17.wav,coughvid_data/e7fd579c-8f52-42c5-b6ca-7735b0ff0b17.wav,0.0
12e5c857-56f1-4e02-9490-8b75f25b3ea9,coughvid_data/12e5c857-56f1-4e02-9490-8b75f25b3ea9.wav,coughvid_data/12e5c857-56f1-4e02-9490-8b75f25b3ea9.wav,1.0
87dea7ef-3abe-45da-ad23-1cb2c513f713,coughvid_data/87dea7ef-3abe-45da-ad23-1cb2c513f713.wav,coughvid_data/87dea7ef-3abe-45da-ad23-1cb2c513f713.wav,1.0
d27e741d-a621-46f1-b121-c2ea3f8b8a94,coughvid_data/d27e741d-a621-46f1-b121-c2ea3f8b8a94.wav,coughvid_data/d27e741d-a621-46f1-b121-c2ea3f8b8a94.wav,1.0
3f21051a-fd5a-4295-a950-d3d4b7095757,coughvid_data/3f21051a-fd5a-4295-a950-d3d4b7095757.wav,coughvid_data/3f21051a-fd5a-4295-a950-d3d4b7095757.wav,0.0
1618b8cb-832b-40b0-b94b-5e7be9183b03,coughvid_data/1618b8cb-832b-40b0-b94b-5e7be9183b03.wav,coughvid_data/1618b8cb-832b-40b0-b94b-5e7be9183b03.wav,1.0
5cd11036-516e-4d97-9c71-f6a04380fa71,coughvid_data/5cd11036-516e-4d97-9c71-f6a04380fa71.wav,coughvid_data/5cd11036-516e-4d97-9c71-f6a04380fa71.wav,1.0
f449802a-7f3d-4ca8-a770-e1dc180246ed,coughvid_data/f449802a-7f3d-4ca8-a770-e1dc180246ed.wav,coughvid_data/f449802a-7f3d-4ca8-a770-e1dc180246ed.wav,0.0
1af410af-c7d0-493b-adb8-fdcd5cb02963,coughvid_data/1af410af-c7d0-493b-adb8-fdcd5cb02963.wav,coughvid_data/1af410af-c7d0-493b-adb8-fdcd5cb02963.wav,0.0
f94e2b01-d8eb-4bda-bc26-418c16f228b9,coughvid_data/f94e2b01-d8eb-4bda-bc26-418c16f228b9.wav,coughvid_data/f94e2b01-d8eb-4bda-bc26-418c16f228b9.wav,1.0
7119c83f-6aee-410f-b7df-20a73aadde73,coughvid_data/7119c83f-6aee-410f-b7df-20a73aadde73.wav,coughvid_data/7119c83f-6aee-410f-b7df-20a73aadde73.wav,0.0
b75bc5f1-f19d-4b79-bf86-99dd5f7f0bc6,coughvid_data/b75bc5f1-f19d-4b79-bf86-99dd5f7f0bc6.wav,coughvid_data/b75bc5f1-f19d-4b79-bf86-99dd5f7f0bc6.wav,1.0
eaef076e-2574-4bd6-8adb-83681282761a,coughvid_data/eaef076e-2574-4bd6-8adb-83681282761a.wav,coughvid_data/eaef076e-2574-4bd6-8adb-83681282761a.wav,0.0
15f83363-62d5-42c5-b0e5-a0ec7b386147,coughvid_data/15f83363-62d5-42c5-b0e5-a0ec7b386147.wav,coughvid_data/15f83363-62d5-42c5-b0e5-a0ec7b386147.wav,1.0
6d06b4a6-2c80-4b66-881c-5f988a582d0b,coughvid_data/6d06b4a6-2c80-4b66-881c-5f988a582d0b.wav,coughvid_data/6d06b4a6-2c80-4b66-881c-5f988a582d0b.wav,0.0
f9e6bb10-4bd8-47f4-a19e-127d42eb3856,coughvid_data/f9e6bb10-4bd8-47f4-a19e-127d42eb3856.wav,coughvid_data/f9e6bb10-4bd8-47f4-a19e-127d42eb3856.wav,0.0
1ba72700-4f2e-40e0-a7c0-c4a0c098d20c,coughvid_data/1ba72700-4f2e-40e0-a7c0-c4a0c098d20c.wav,coughvid_data/1ba72700-4f2e-40e0-a7c0-c4a0c098d20c.wav,1.0
88132f30-73cc-4836-a4d5-acbeb7171694,coughvid_data/88132f30-73cc-4836-a4d5-acbeb7171694.wav,coughvid_data/88132f30-73cc-4836-a4d5-acbeb7171694.wav,1.0
5256ce01-7f47-4113-a3bd-60cbfbc98502,coughvid_data/5256ce01-7f47-4113-a3bd-60cbfbc98502.wav,coughvid_data/5256ce01-7f47-4113-a3bd-60cbfbc98502.wav,0.0
737e3720-fe78-4ae7-a3b0-ae1116dff181,coughvid_data/737e3720-fe78-4ae7-a3b0-ae1116dff181.wav,coughvid_data/737e3720-fe78-4ae7-a3b0-ae1116dff181.wav,0.0
ddc0f331-dd45-4ffa-a798-61b58146a701,coughvid_data/ddc0f331-dd45-4ffa-a798-61b58146a701.wav,coughvid_data/ddc0f331-dd45-4ffa-a798-61b58146a701.wav,1.0
3e789a86-1733-4f18-b351-114b0e9d1ff2,coughvid_data/3e789a86-1733-4f18-b351-114b0e9d1ff2.wav,coughvid_data/3e789a86-1733-4f18-b351-114b0e9d1ff2.wav,0.0
b762a992-39db-422d-aee8-2a50da8c320d,coughvid_data/b762a992-39db-422d-aee8-2a50da8c320d.wav,coughvid_data/b762a992-39db-422d-aee8-2a50da8c320d.wav,1.0
a118d930-b0d5-49e5-be9d-0bdb72784079,coughvid_data/a118d930-b0d5-49e5-be9d-0bdb72784079.wav,coughvid_data/a118d930-b0d5-49e5-be9d-0bdb72784079.wav,0.0
d31afee3-f8d2-45df-aa1b-e7a44d8362ea,coughvid_data/d31afee3-f8d2-45df-aa1b-e7a44d8362ea.wav,coughvid_data/d31afee3-f8d2-45df-aa1b-e7a44d8362ea.wav,1.0
bf35d98d-ff4d-4e35-b45b-9e3f34d4d4a9,coughvid_data/bf35d98d-ff4d-4e35-b45b-9e3f34d4d4a9.wav,coughvid_data/bf35d98d-ff4d-4e35-b45b-9e3f34d4d4a9.wav,0.0
492a1e3f-3201-4f40-ab31-dc7f6b4ef907,coughvid_data/492a1e3f-3201-4f40-ab31-dc7f6b4ef907.wav,coughvid_data/492a1e3f-3201-4f40-ab31-dc7f6b4ef907.wav,0.0
6528d5ab-ffc1-456c-84ab-0947dcd47473,coughvid_data/6528d5ab-ffc1-456c-84ab-0947dcd47473.wav,coughvid_data/6528d5ab-ffc1-456c-84ab-0947dcd47473.wav,1.0
d0043709-97ab-4096-b796-6d2fe3b85972,coughvid_data/d0043709-97ab-4096-b796-6d2fe3b85972.wav,coughvid_data/d0043709-97ab-4096-b796-6d2fe3b85972.wav,1.0
2dd7dcf1-1065-4779-98ae-7e152ca3b1d5,coughvid_data/2dd7dcf1-1065-4779-98ae-7e152ca3b1d5.wav,coughvid_data/2dd7dcf1-1065-4779-98ae-7e152ca3b1d5.wav,1.0
f7c3d200-fb94-4d37-9e30-953d3cb0c551,coughvid_data/f7c3d200-fb94-4d37-9e30-953d3cb0c551.wav,coughvid_data/f7c3d200-fb94-4d37-9e30-953d3cb0c551.wav,0.0
e9a7159d-401e-41fe-ae23-7426edd9d50d,coughvid_data/e9a7159d-401e-41fe-ae23-7426edd9d50d.wav,coughvid_data/e9a7159d-401e-41fe-ae23-7426edd9d50d.wav,0.0
d3f0c1cb-7d15-4dd8-aec7-9f532caa500c,coughvid_data/d3f0c1cb-7d15-4dd8-aec7-9f532caa500c.wav,coughvid_data/d3f0c1cb-7d15-4dd8-aec7-9f532caa500c.wav,1.0
462361ea-a13c-4a31-a87c-9962ee84a11c,coughvid_data/462361ea-a13c-4a31-a87c-9962ee84a11c.wav,coughvid_data/462361ea-a13c-4a31-a87c-9962ee84a11c.wav,0.0
7e0ecd75-524e-4a74-9c7c-eedc08972798,coughvid_data/7e0ecd75-524e-4a74-9c7c-eedc08972798.wav,coughvid_data/7e0ecd75-524e-4a74-9c7c-eedc08972798.wav,1.0
7991a78a-bdcf-498b-aaab-6e670a9d616c,coughvid_data/7991a78a-bdcf-498b-aaab-6e670a9d616c.wav,coughvid_data/7991a78a-bdcf-498b-aaab-6e670a9d616c.wav,0.0
13925263-abec-4d48-9693-3d6ca25d7d62,coughvid_data/13925263-abec-4d48-9693-3d6ca25d7d62.wav,coughvid_data/13925263-abec-4d48-9693-3d6ca25d7d62.wav,0.0
2d19bb44-8c3b-4bb1-971d-0879a7280ec5,coughvid_data/2d19bb44-8c3b-4bb1-971d-0879a7280ec5.wav,coughvid_data/2d19bb44-8c3b-4bb1-971d-0879a7280ec5.wav,1.0
8faf46ec-d2c7-482e-a6b0-c3fe82ffba54,coughvid_data/8faf46ec-d2c7-482e-a6b0-c3fe82ffba54.wav,coughvid_data/8faf46ec-d2c7-482e-a6b0-c3fe82ffba54.wav,1.0
af28598e-ccee-4391-8a07-6752a827db7a,coughvid_data/af28598e-ccee-4391-8a07-6752a827db7a.wav,coughvid_data/af28598e-ccee-4391-8a07-6752a827db7a.wav,1.0
f4d740d1-2e92-4a05-ad57-ff525f8dc3c2,coughvid_data/f4d740d1-2e92-4a05-ad57-ff525f8dc3c2.wav,coughvid_data/f4d740d1-2e92-4a05-ad57-ff525f8dc3c2.wav,1.0
9f056ac8-95b4-4bb1-a271-24b68d76e846,coughvid_data/9f056ac8-95b4-4bb1-a271-24b68d76e846.wav,coughvid_data/9f056ac8-95b4-4bb1-a271-24b68d76e846.wav,1.0
c9e8ef47-b9cf-4daa-a7bf-7088b25d1715,coughvid_data/c9e8ef47-b9cf-4daa-a7bf-7088b25d1715.wav,coughvid_data/c9e8ef47-b9cf-4daa-a7bf-7088b25d1715.wav,1.0
62d79fc4-a2e2-4951-b385-a0ae60f5abd9,coughvid_data/62d79fc4-a2e2-4951-b385-a0ae60f5abd9.wav,coughvid_data/62d79fc4-a2e2-4951-b385-a0ae60f5abd9.wav,1.0
3e231461-a679-4e96-8fcc-07480b6309c1,coughvid_data/3e231461-a679-4e96-8fcc-07480b6309c1.wav,coughvid_data/3e231461-a679-4e96-8fcc-07480b6309c1.wav,1.0
fe5ed3ae-02e3-44db-9fce-adbcaf1d33b0,coughvid_data/fe5ed3ae-02e3-44db-9fce-adbcaf1d33b0.wav,coughvid_data/fe5ed3ae-02e3-44db-9fce-adbcaf1d33b0.wav,1.0
4907fa4b-0dfc-4a40-836a-dc6f85d5f335,coughvid_data/4907fa4b-0dfc-4a40-836a-dc6f85d5f335.wav,coughvid_data/4907fa4b-0dfc-4a40-836a-dc6f85d5f335.wav,0.0
bcc3a18f-9500-47ed-abd8-14302d644c9b,coughvid_data/bcc3a18f-9500-47ed-abd8-14302d644c9b.wav,coughvid_data/bcc3a18f-9500-47ed-abd8-14302d644c9b.wav,0.0
5a9e893f-15ab-4c79-92c0-cd6919a2b59e,coughvid_data/5a9e893f-15ab-4c79-92c0-cd6919a2b59e.wav,coughvid_data/5a9e893f-15ab-4c79-92c0-cd6919a2b59e.wav,0.0
d79c53ef-9cfd-4f6b-9b30-43b923168e5d,coughvid_data/d79c53ef-9cfd-4f6b-9b30-43b923168e5d.wav,coughvid_data/d79c53ef-9cfd-4f6b-9b30-43b923168e5d.wav,1.0
01c68b01-eb16-48ca-acca-18ea8c463d2f,coughvid_data/01c68b01-eb16-48ca-acca-18ea8c463d2f.wav,coughvid_data/01c68b01-eb16-48ca-acca-18ea8c463d2f.wav,0.0
a56368ee-3416-4e1e-9559-7ff169728810,coughvid_data/a56368ee-3416-4e1e-9559-7ff169728810.wav,coughvid_data/a56368ee-3416-4e1e-9559-7ff169728810.wav,0.0
1e107082-ff1e-4114-837e-00b603b6724d,coughvid_data/1e107082-ff1e-4114-837e-00b603b6724d.wav,coughvid_data/1e107082-ff1e-4114-837e-00b603b6724d.wav,0.0
5367bb9e-474c-4cab-b2c0-3290ef5abc05,coughvid_data/5367bb9e-474c-4cab-b2c0-3290ef5abc05.wav,coughvid_data/5367bb9e-474c-4cab-b2c0-3290ef5abc05.wav,0.0
4a01c2b3-a50e-41b6-8c1e-3706c295be34,coughvid_data/4a01c2b3-a50e-41b6-8c1e-3706c295be34.wav,coughvid_data/4a01c2b3-a50e-41b6-8c1e-3706c295be34.wav,1.0
24526b28-3377-4f1e-942f-8e3f6d38e44b,coughvid_data/24526b28-3377-4f1e-942f-8e3f6d38e44b.wav,coughvid_data/24526b28-3377-4f1e-942f-8e3f6d38e44b.wav,1.0
2c43dffa-2b9b-4253-aba9-6c7327be353a,coughvid_data/2c43dffa-2b9b-4253-aba9-6c7327be353a.wav,coughvid_data/2c43dffa-2b9b-4253-aba9-6c7327be353a.wav,0.0
664582dd-dbb1-4765-804b-79144ae16d53,coughvid_data/664582dd-dbb1-4765-804b-79144ae16d53.wav,coughvid_data/664582dd-dbb1-4765-804b-79144ae16d53.wav,1.0
ed4a4176-d387-42be-b09a-d3f5f028bfbc,coughvid_data/ed4a4176-d387-42be-b09a-d3f5f028bfbc.wav,coughvid_data/ed4a4176-d387-42be-b09a-d3f5f028bfbc.wav,0.0
5ce1f35c-6930-46ea-ac30-1c16519299b2,coughvid_data/5ce1f35c-6930-46ea-ac30-1c16519299b2.wav,coughvid_data/5ce1f35c-6930-46ea-ac30-1c16519299b2.wav,0.0
daf72e17-3529-4037-8fee-3852396f059b,coughvid_data/daf72e17-3529-4037-8fee-3852396f059b.wav,coughvid_data/daf72e17-3529-4037-8fee-3852396f059b.wav,1.0
0951a755-361c-4ee1-b118-84d16c34ba82,coughvid_data/0951a755-361c-4ee1-b118-84d16c34ba82.wav,coughvid_data/0951a755-361c-4ee1-b118-84d16c34ba82.wav,1.0
744c20ee-4d94-490a-b850-4f555c919ccb,coughvid_data/744c20ee-4d94-490a-b850-4f555c919ccb.wav,coughvid_data/744c20ee-4d94-490a-b850-4f555c919ccb.wav,1.0
ef4b3fa8-7c0d-4220-b3b3-47b581d1085b,coughvid_data/ef4b3fa8-7c0d-4220-b3b3-47b581d1085b.wav,coughvid_data/ef4b3fa8-7c0d-4220-b3b3-47b581d1085b.wav,1.0
73ee11cb-e44f-4845-9c66-26843c4efe5e,coughvid_data/73ee11cb-e44f-4845-9c66-26843c4efe5e.wav,coughvid_data/73ee11cb-e44f-4845-9c66-26843c4efe5e.wav,0.0
658941ea-c48f-4e34-8aee-3c12be7a8616,coughvid_data/658941ea-c48f-4e34-8aee-3c12be7a8616.wav,coughvid_data/658941ea-c48f-4e34-8aee-3c12be7a8616.wav,0.0
da12594a-86a3-4d99-92e2-c0551e865eb9,coughvid_data/da12594a-86a3-4d99-92e2-c0551e865eb9.wav,coughvid_data/da12594a-86a3-4d99-92e2-c0551e865eb9.wav,1.0
233bed57-6648-451d-936a-d4207f14ad6a,coughvid_data/233bed57-6648-451d-936a-d4207f14ad6a.wav,coughvid_data/233bed57-6648-451d-936a-d4207f14ad6a.wav,0.0
5f4fdcf0-e0d8-46bf-84c8-0e7484976fca,coughvid_data/5f4fdcf0-e0d8-46bf-84c8-0e7484976fca.wav,coughvid_data/5f4fdcf0-e0d8-46bf-84c8-0e7484976fca.wav,0.0
4d5640b5-790d-4926-8e10-3ab666331500,coughvid_data/4d5640b5-790d-4926-8e10-3ab666331500.wav,coughvid_data/4d5640b5-790d-4926-8e10-3ab666331500.wav,1.0
653c5ddc-73de-44f2-8bae-2294144bab8b,coughvid_data/653c5ddc-73de-44f2-8bae-2294144bab8b.wav,coughvid_data/653c5ddc-73de-44f2-8bae-2294144bab8b.wav,0.0
3c7143ae-576a-4395-bde6-52dec5ac9dbe,coughvid_data/3c7143ae-576a-4395-bde6-52dec5ac9dbe.wav,coughvid_data/3c7143ae-576a-4395-bde6-52dec5ac9dbe.wav,1.0
93c1d0d1-8c46-45e6-b753-4475458edfd2,coughvid_data/93c1d0d1-8c46-45e6-b753-4475458edfd2.wav,coughvid_data/93c1d0d1-8c46-45e6-b753-4475458edfd2.wav,1.0
2602aaa5-ca64-4e76-a5c1-bd92239343c8,coughvid_data/2602aaa5-ca64-4e76-a5c1-bd92239343c8.wav,coughvid_data/2602aaa5-ca64-4e76-a5c1-bd92239343c8.wav,1.0
71ebd810-65d4-4ad6-9e1d-2e2e60425406,coughvid_data/71ebd810-65d4-4ad6-9e1d-2e2e60425406.wav,coughvid_data/71ebd810-65d4-4ad6-9e1d-2e2e60425406.wav,1.0
d6d50155-5eb2-421e-9da1-8ad5faa275a1,coughvid_data/d6d50155-5eb2-421e-9da1-8ad5faa275a1.wav,coughvid_data/d6d50155-5eb2-421e-9da1-8ad5faa275a1.wav,1.0
9f1402f8-5822-4e2c-a745-dabb5c00f7ad,coughvid_data/9f1402f8-5822-4e2c-a745-dabb5c00f7ad.wav,coughvid_data/9f1402f8-5822-4e2c-a745-dabb5c00f7ad.wav,1.0
32f6ea1e-b7e4-4a4a-8c50-d59e02631fcd,coughvid_data/32f6ea1e-b7e4-4a4a-8c50-d59e02631fcd.wav,coughvid_data/32f6ea1e-b7e4-4a4a-8c50-d59e02631fcd.wav,0.0
eab314ab-7b70-4307-9aa0-0f9ff5dd5ad7,coughvid_data/eab314ab-7b70-4307-9aa0-0f9ff5dd5ad7.wav,coughvid_data/eab314ab-7b70-4307-9aa0-0f9ff5dd5ad7.wav,1.0
50b284a8-42a4-4d2f-b7bd-6d1269da0b15,coughvid_data/50b284a8-42a4-4d2f-b7bd-6d1269da0b15.wav,coughvid_data/50b284a8-42a4-4d2f-b7bd-6d1269da0b15.wav,0.0
897462a2-63c7-48fd-b9a6-7b7e4b3994ab,coughvid_data/897462a2-63c7-48fd-b9a6-7b7e4b3994ab.wav,coughvid_data/897462a2-63c7-48fd-b9a6-7b7e4b3994ab.wav,0.0
14366182-126b-4a01-9067-b862c4547985,coughvid_data/14366182-126b-4a01-9067-b862c4547985.wav,coughvid_data/14366182-126b-4a01-9067-b862c4547985.wav,1.0
e2ea8b57-dba7-4e18-ab25-8b1099f8b0a5,coughvid_data/e2ea8b57-dba7-4e18-ab25-8b1099f8b0a5.wav,coughvid_data/e2ea8b57-dba7-4e18-ab25-8b1099f8b0a5.wav,1.0
e0bff316-8b9e-4e4e-898c-eff0923037f8,coughvid_data/e0bff316-8b9e-4e4e-898c-eff0923037f8.wav,coughvid_data/e0bff316-8b9e-4e4e-898c-eff0923037f8.wav,1.0
e97700f9-d44a-4c85-bfd5-c311f7975e24,coughvid_data/e97700f9-d44a-4c85-bfd5-c311f7975e24.wav,coughvid_data/e97700f9-d44a-4c85-bfd5-c311f7975e24.wav,0.0
d63e9d66-2364-43f0-9dfc-f2767eb1efa8,coughvid_data/d63e9d66-2364-43f0-9dfc-f2767eb1efa8.wav,coughvid_data/d63e9d66-2364-43f0-9dfc-f2767eb1efa8.wav,0.0
2f8857ac-78c4-4372-942e-008125d37311,coughvid_data/2f8857ac-78c4-4372-942e-008125d37311.wav,coughvid_data/2f8857ac-78c4-4372-942e-008125d37311.wav,1.0
636f6dba-35ff-46a2-909a-4dba3dbf5e3b,coughvid_data/636f6dba-35ff-46a2-909a-4dba3dbf5e3b.wav,coughvid_data/636f6dba-35ff-46a2-909a-4dba3dbf5e3b.wav,1.0
72109ad3-242c-47b5-a888-06dace4889d3,coughvid_data/72109ad3-242c-47b5-a888-06dace4889d3.wav,coughvid_data/72109ad3-242c-47b5-a888-06dace4889d3.wav,0.0
84d8364a-bce5-4e2d-89ca-af05d62b4709,coughvid_data/84d8364a-bce5-4e2d-89ca-af05d62b4709.wav,coughvid_data/84d8364a-bce5-4e2d-89ca-af05d62b4709.wav,1.0
f6e60095-4b61-4f4b-b642-35d1feaa938f,coughvid_data/f6e60095-4b61-4f4b-b642-35d1feaa938f.wav,coughvid_data/f6e60095-4b61-4f4b-b642-35d1feaa938f.wav,1.0
6ad4a27d-a92e-406e-a88f-4422fd91d174,coughvid_data/6ad4a27d-a92e-406e-a88f-4422fd91d174.wav,coughvid_data/6ad4a27d-a92e-406e-a88f-4422fd91d174.wav,1.0
aaacca48-b711-40eb-a0ee-daea2ab13440,coughvid_data/aaacca48-b711-40eb-a0ee-daea2ab13440.wav,coughvid_data/aaacca48-b711-40eb-a0ee-daea2ab13440.wav,0.0
a338f47f-e20d-46fd-83f4-31a9f77469d7,coughvid_data/a338f47f-e20d-46fd-83f4-31a9f77469d7.wav,coughvid_data/a338f47f-e20d-46fd-83f4-31a9f77469d7.wav,1.0
1115cdf8-7aae-41f3-905b-55e0f540714f,coughvid_data/1115cdf8-7aae-41f3-905b-55e0f540714f.wav,coughvid_data/1115cdf8-7aae-41f3-905b-55e0f540714f.wav,1.0
64b7af3b-abd6-4803-b347-e16bdd84f0c3,coughvid_data/64b7af3b-abd6-4803-b347-e16bdd84f0c3.wav,coughvid_data/64b7af3b-abd6-4803-b347-e16bdd84f0c3.wav,1.0
b050e291-ed8f-4f8f-a8f6-e8b92dfbda7f,coughvid_data/b050e291-ed8f-4f8f-a8f6-e8b92dfbda7f.wav,coughvid_data/b050e291-ed8f-4f8f-a8f6-e8b92dfbda7f.wav,0.0
1adbbc78-5322-4410-aa61-4048e5578325,coughvid_data/1adbbc78-5322-4410-aa61-4048e5578325.wav,coughvid_data/1adbbc78-5322-4410-aa61-4048e5578325.wav,1.0
6021ed35-45cb-4d28-a20a-38803195b09a,coughvid_data/6021ed35-45cb-4d28-a20a-38803195b09a.wav,coughvid_data/6021ed35-45cb-4d28-a20a-38803195b09a.wav,0.0
33f002f1-509b-4779-95bb-7be46cc87be3,coughvid_data/33f002f1-509b-4779-95bb-7be46cc87be3.wav,coughvid_data/33f002f1-509b-4779-95bb-7be46cc87be3.wav,0.0
c237beaf-d18d-43a7-892c-4b6659f843fa,coughvid_data/c237beaf-d18d-43a7-892c-4b6659f843fa.wav,coughvid_data/c237beaf-d18d-43a7-892c-4b6659f843fa.wav,0.0
038593b5-6baa-4b8f-84fa-96ddda9736b0,coughvid_data/038593b5-6baa-4b8f-84fa-96ddda9736b0.wav,coughvid_data/038593b5-6baa-4b8f-84fa-96ddda9736b0.wav,0.0
6601f00a-aead-4804-a21c-a6ba28eb8f1d,coughvid_data/6601f00a-aead-4804-a21c-a6ba28eb8f1d.wav,coughvid_data/6601f00a-aead-4804-a21c-a6ba28eb8f1d.wav,1.0
f7be812e-ffcb-421f-8cef-bb39702ea909,coughvid_data/f7be812e-ffcb-421f-8cef-bb39702ea909.wav,coughvid_data/f7be812e-ffcb-421f-8cef-bb39702ea909.wav,1.0
42927339-5646-4186-a118-393e5423d8d8,coughvid_data/42927339-5646-4186-a118-393e5423d8d8.wav,coughvid_data/42927339-5646-4186-a118-393e5423d8d8.wav,0.0
6e945cf2-c045-46b9-879f-b4fc20c945e4,coughvid_data/6e945cf2-c045-46b9-879f-b4fc20c945e4.wav,coughvid_data/6e945cf2-c045-46b9-879f-b4fc20c945e4.wav,1.0
95c1b106-760e-4333-830b-750c773bbc9a,coughvid_data/95c1b106-760e-4333-830b-750c773bbc9a.wav,coughvid_data/95c1b106-760e-4333-830b-750c773bbc9a.wav,1.0
8aa7b104-7e9c-485f-8552-e9698fe060fa,coughvid_data/8aa7b104-7e9c-485f-8552-e9698fe060fa.wav,coughvid_data/8aa7b104-7e9c-485f-8552-e9698fe060fa.wav,0.0
7e3dbb0b-1093-4ad6-b0e5-ba69cf05690f,coughvid_data/7e3dbb0b-1093-4ad6-b0e5-ba69cf05690f.wav,coughvid_data/7e3dbb0b-1093-4ad6-b0e5-ba69cf05690f.wav,0.0
91682645-b8b7-440d-9a35-0ef299324b2b,coughvid_data/91682645-b8b7-440d-9a35-0ef299324b2b.wav,coughvid_data/91682645-b8b7-440d-9a35-0ef299324b2b.wav,1.0
8607bf1d-d7cb-4f86-9e79-3b3a12eff195,coughvid_data/8607bf1d-d7cb-4f86-9e79-3b3a12eff195.wav,coughvid_data/8607bf1d-d7cb-4f86-9e79-3b3a12eff195.wav,1.0
9b3c475e-ff23-4712-a3a1-ef1153ed7e35,coughvid_data/9b3c475e-ff23-4712-a3a1-ef1153ed7e35.wav,coughvid_data/9b3c475e-ff23-4712-a3a1-ef1153ed7e35.wav,0.0
a58896fb-dd00-46e0-a2a6-c2d25a9f13e9,coughvid_data/a58896fb-dd00-46e0-a2a6-c2d25a9f13e9.wav,coughvid_data/a58896fb-dd00-46e0-a2a6-c2d25a9f13e9.wav,0.0
5e33d5ea-99a3-412f-9484-3b88751d3f21,coughvid_data/5e33d5ea-99a3-412f-9484-3b88751d3f21.wav,coughvid_data/5e33d5ea-99a3-412f-9484-3b88751d3f21.wav,1.0
0fb5332d-c763-4602-9863-71745e17b820,coughvid_data/0fb5332d-c763-4602-9863-71745e17b820.wav,coughvid_data/0fb5332d-c763-4602-9863-71745e17b820.wav,0.0
fe2ac20c-affd-4931-8159-4d17e30065e0,coughvid_data/fe2ac20c-affd-4931-8159-4d17e30065e0.wav,coughvid_data/fe2ac20c-affd-4931-8159-4d17e30065e0.wav,1.0
f07bf229-70a6-4a8c-a8fc-87062006d97f,coughvid_data/f07bf229-70a6-4a8c-a8fc-87062006d97f.wav,coughvid_data/f07bf229-70a6-4a8c-a8fc-87062006d97f.wav,0.0
2d9cf844-ac5c-4c96-8dd6-4d4ef1b5b1ac,coughvid_data/2d9cf844-ac5c-4c96-8dd6-4d4ef1b5b1ac.wav,coughvid_data/2d9cf844-ac5c-4c96-8dd6-4d4ef1b5b1ac.wav,0.0
b631b2f1-9ff8-4e30-8074-9bc64dc408b4,coughvid_data/b631b2f1-9ff8-4e30-8074-9bc64dc408b4.wav,coughvid_data/b631b2f1-9ff8-4e30-8074-9bc64dc408b4.wav,1.0
18987ee0-4393-40c5-816f-d002befd49cd,coughvid_data/18987ee0-4393-40c5-816f-d002befd49cd.wav,coughvid_data/18987ee0-4393-40c5-816f-d002befd49cd.wav,1.0
2c7c3d6f-f871-48a0-babe-aa59ba2fe9d0,coughvid_data/2c7c3d6f-f871-48a0-babe-aa59ba2fe9d0.wav,coughvid_data/2c7c3d6f-f871-48a0-babe-aa59ba2fe9d0.wav,1.0
67c82c56-9c96-4bb6-9771-0c90d25a6a18,coughvid_data/67c82c56-9c96-4bb6-9771-0c90d25a6a18.wav,coughvid_data/67c82c56-9c96-4bb6-9771-0c90d25a6a18.wav,0.0
1a326d04-a191-4f2e-9da8-09c56a4f0fae,coughvid_data/1a326d04-a191-4f2e-9da8-09c56a4f0fae.wav,coughvid_data/1a326d04-a191-4f2e-9da8-09c56a4f0fae.wav,0.0
21d92bbf-221d-49c0-a030-85b87ee00e72,coughvid_data/21d92bbf-221d-49c0-a030-85b87ee00e72.wav,coughvid_data/21d92bbf-221d-49c0-a030-85b87ee00e72.wav,0.0
922fd4da-e8ce-4ef5-b9a8-56921dfa9328,coughvid_data/922fd4da-e8ce-4ef5-b9a8-56921dfa9328.wav,coughvid_data/922fd4da-e8ce-4ef5-b9a8-56921dfa9328.wav,1.0
669f0088-4bc0-45a7-9245-ba2bd1dcb9ac,coughvid_data/669f0088-4bc0-45a7-9245-ba2bd1dcb9ac.wav,coughvid_data/669f0088-4bc0-45a7-9245-ba2bd1dcb9ac.wav,0.0
e1aeaf46-d91c-4d84-afc0-620172fa0966,coughvid_data/e1aeaf46-d91c-4d84-afc0-620172fa0966.wav,coughvid_data/e1aeaf46-d91c-4d84-afc0-620172fa0966.wav,1.0
cf51f2bb-d2e4-42ed-8e65-88479d29c844,coughvid_data/cf51f2bb-d2e4-42ed-8e65-88479d29c844.wav,coughvid_data/cf51f2bb-d2e4-42ed-8e65-88479d29c844.wav,0.0
ed3c3ea6-58a4-46d1-8b7c-1c575fb29893,coughvid_data/ed3c3ea6-58a4-46d1-8b7c-1c575fb29893.wav,coughvid_data/ed3c3ea6-58a4-46d1-8b7c-1c575fb29893.wav,1.0
dc68dbdc-41fb-49f4-b500-85123ac01ec8,coughvid_data/dc68dbdc-41fb-49f4-b500-85123ac01ec8.wav,coughvid_data/dc68dbdc-41fb-49f4-b500-85123ac01ec8.wav,0.0
0e4ab2da-4b15-462d-b1aa-d75fb65bee02,coughvid_data/0e4ab2da-4b15-462d-b1aa-d75fb65bee02.wav,coughvid_data/0e4ab2da-4b15-462d-b1aa-d75fb65bee02.wav,0.0
88e12b5e-5946-4d70-b2e2-20fc2d8d7d0f,coughvid_data/88e12b5e-5946-4d70-b2e2-20fc2d8d7d0f.wav,coughvid_data/88e12b5e-5946-4d70-b2e2-20fc2d8d7d0f.wav,1.0
59f3eb98-b623-4661-89e6-48f6b48f1aea,coughvid_data/59f3eb98-b623-4661-89e6-48f6b48f1aea.wav,coughvid_data/59f3eb98-b623-4661-89e6-48f6b48f1aea.wav,0.0
6cb46c0d-8c91-470e-9539-2b84612c6a95,coughvid_data/6cb46c0d-8c91-470e-9539-2b84612c6a95.wav,coughvid_data/6cb46c0d-8c91-470e-9539-2b84612c6a95.wav,1.0
7886440b-3120-4a30-bb86-61c750178736,coughvid_data/7886440b-3120-4a30-bb86-61c750178736.wav,coughvid_data/7886440b-3120-4a30-bb86-61c750178736.wav,0.0
a38390a1-3293-4ec3-a17e-cf2776ae2358,coughvid_data/a38390a1-3293-4ec3-a17e-cf2776ae2358.wav,coughvid_data/a38390a1-3293-4ec3-a17e-cf2776ae2358.wav,0.0
cb905032-7cee-4872-bca4-16ea54876a24,coughvid_data/cb905032-7cee-4872-bca4-16ea54876a24.wav,coughvid_data/cb905032-7cee-4872-bca4-16ea54876a24.wav,0.0
829402ff-281c-4258-9196-5975bc22309c,coughvid_data/829402ff-281c-4258-9196-5975bc22309c.wav,coughvid_data/829402ff-281c-4258-9196-5975bc22309c.wav,1.0
1f5f4e7f-674f-4849-869a-934846e1fb0c,coughvid_data/1f5f4e7f-674f-4849-869a-934846e1fb0c.wav,coughvid_data/1f5f4e7f-674f-4849-869a-934846e1fb0c.wav,1.0
9e526a82-bef8-4b4e-8848-7bca727da67a,coughvid_data/9e526a82-bef8-4b4e-8848-7bca727da67a.wav,coughvid_data/9e526a82-bef8-4b4e-8848-7bca727da67a.wav,0.0
5e24371e-cf1c-45b8-be16-dcfa624a8755,coughvid_data/5e24371e-cf1c-45b8-be16-dcfa624a8755.wav,coughvid_data/5e24371e-cf1c-45b8-be16-dcfa624a8755.wav,1.0
a1af5dfe-6f79-46ba-9f9e-da28a9596e13,coughvid_data/a1af5dfe-6f79-46ba-9f9e-da28a9596e13.wav,coughvid_data/a1af5dfe-6f79-46ba-9f9e-da28a9596e13.wav,0.0
2c126ffb-f032-48d9-8eff-13e2134c29ab,coughvid_data/2c126ffb-f032-48d9-8eff-13e2134c29ab.wav,coughvid_data/2c126ffb-f032-48d9-8eff-13e2134c29ab.wav,1.0
6ab85490-3daa-4393-aeb3-1b402faef67c,coughvid_data/6ab85490-3daa-4393-aeb3-1b402faef67c.wav,coughvid_data/6ab85490-3daa-4393-aeb3-1b402faef67c.wav,1.0
8466b612-8332-4a61-8f63-de3e47a44da2,coughvid_data/8466b612-8332-4a61-8f63-de3e47a44da2.wav,coughvid_data/8466b612-8332-4a61-8f63-de3e47a44da2.wav,0.0
f3759d2e-a6ac-44ad-aa54-73331c8c2fd2,coughvid_data/f3759d2e-a6ac-44ad-aa54-73331c8c2fd2.wav,coughvid_data/f3759d2e-a6ac-44ad-aa54-73331c8c2fd2.wav,1.0
3a17e51d-4cc6-46bd-986c-7d4645a6156d,coughvid_data/3a17e51d-4cc6-46bd-986c-7d4645a6156d.wav,coughvid_data/3a17e51d-4cc6-46bd-986c-7d4645a6156d.wav,0.0
c9903761-2cf8-4cd7-a89e-568a61631b5e,coughvid_data/c9903761-2cf8-4cd7-a89e-568a61631b5e.wav,coughvid_data/c9903761-2cf8-4cd7-a89e-568a61631b5e.wav,1.0
8309b3ca-f4bd-4116-883c-41edfdf0b9d8,coughvid_data/8309b3ca-f4bd-4116-883c-41edfdf0b9d8.wav,coughvid_data/8309b3ca-f4bd-4116-883c-41edfdf0b9d8.wav,0.0
9d08a5c3-c639-49f9-92f0-3078c15f0741,coughvid_data/9d08a5c3-c639-49f9-92f0-3078c15f0741.wav,coughvid_data/9d08a5c3-c639-49f9-92f0-3078c15f0741.wav,0.0
1fd9a1de-2e17-4b98-b3ee-d18c25202181,coughvid_data/1fd9a1de-2e17-4b98-b3ee-d18c25202181.wav,coughvid_data/1fd9a1de-2e17-4b98-b3ee-d18c25202181.wav,0.0
eed338f5-f4bc-486e-9d39-e4099afe6a05,coughvid_data/eed338f5-f4bc-486e-9d39-e4099afe6a05.wav,coughvid_data/eed338f5-f4bc-486e-9d39-e4099afe6a05.wav,0.0
6cc40b68-f6ff-4422-98b2-42a8e59312c7,coughvid_data/6cc40b68-f6ff-4422-98b2-42a8e59312c7.wav,coughvid_data/6cc40b68-f6ff-4422-98b2-42a8e59312c7.wav,1.0
c926f81f-17c8-4446-9c0c-1ea92c76834d,coughvid_data/c926f81f-17c8-4446-9c0c-1ea92c76834d.wav,coughvid_data/c926f81f-17c8-4446-9c0c-1ea92c76834d.wav,1.0
cc36293a-edb0-4016-9a75-c70afcbca985,coughvid_data/cc36293a-edb0-4016-9a75-c70afcbca985.wav,coughvid_data/cc36293a-edb0-4016-9a75-c70afcbca985.wav,0.0
ee6e2834-7c60-4ff9-bbf6-7b4205a1b308,coughvid_data/ee6e2834-7c60-4ff9-bbf6-7b4205a1b308.wav,coughvid_data/ee6e2834-7c60-4ff9-bbf6-7b4205a1b308.wav,0.0
b367e6d0-ae25-44fc-b176-1cba83170984,coughvid_data/b367e6d0-ae25-44fc-b176-1cba83170984.wav,coughvid_data/b367e6d0-ae25-44fc-b176-1cba83170984.wav,0.0
ef306c63-c467-430c-b3d9-63adf6ed14b6,coughvid_data/ef306c63-c467-430c-b3d9-63adf6ed14b6.wav,coughvid_data/ef306c63-c467-430c-b3d9-63adf6ed14b6.wav,0.0
13cee9ce-ad50-4559-bc73-f0c11e452e9b,coughvid_data/13cee9ce-ad50-4559-bc73-f0c11e452e9b.wav,coughvid_data/13cee9ce-ad50-4559-bc73-f0c11e452e9b.wav,0.0
763ff786-249c-4dfa-909b-4130533467ab,coughvid_data/763ff786-249c-4dfa-909b-4130533467ab.wav,coughvid_data/763ff786-249c-4dfa-909b-4130533467ab.wav,1.0
e03133a7-fe2a-4af3-8c1d-08438560a176,coughvid_data/e03133a7-fe2a-4af3-8c1d-08438560a176.wav,coughvid_data/e03133a7-fe2a-4af3-8c1d-08438560a176.wav,1.0
db64ee39-b025-462e-a7f8-3ac27b636920,coughvid_data/db64ee39-b025-462e-a7f8-3ac27b636920.wav,coughvid_data/db64ee39-b025-462e-a7f8-3ac27b636920.wav,1.0
1d74e9eb-78c7-476d-8398-b730f30a65e6,coughvid_data/1d74e9eb-78c7-476d-8398-b730f30a65e6.wav,coughvid_data/1d74e9eb-78c7-476d-8398-b730f30a65e6.wav,0.0
a4732fa4-cad8-4db8-b902-143dc8ae0930,coughvid_data/a4732fa4-cad8-4db8-b902-143dc8ae0930.wav,coughvid_data/a4732fa4-cad8-4db8-b902-143dc8ae0930.wav,1.0
6cd69c2d-588b-4275-bef9-a1586d7bc72b,coughvid_data/6cd69c2d-588b-4275-bef9-a1586d7bc72b.wav,coughvid_data/6cd69c2d-588b-4275-bef9-a1586d7bc72b.wav,0.0
3566305e-19f9-4b57-ae76-3cbd880b8a3f,coughvid_data/3566305e-19f9-4b57-ae76-3cbd880b8a3f.wav,coughvid_data/3566305e-19f9-4b57-ae76-3cbd880b8a3f.wav,0.0
b7f7ead1-aac8-4912-9c2a-1638fbc505a0,coughvid_data/b7f7ead1-aac8-4912-9c2a-1638fbc505a0.wav,coughvid_data/b7f7ead1-aac8-4912-9c2a-1638fbc505a0.wav,1.0
287011d2-1c2f-4dd1-9ee0-e313cfacf4d1,coughvid_data/287011d2-1c2f-4dd1-9ee0-e313cfacf4d1.wav,coughvid_data/287011d2-1c2f-4dd1-9ee0-e313cfacf4d1.wav,0.0
457a4aaa-268a-40d6-b821-d927f5917842,coughvid_data/457a4aaa-268a-40d6-b821-d927f5917842.wav,coughvid_data/457a4aaa-268a-40d6-b821-d927f5917842.wav,1.0
802b7043-5be8-4a64-8e65-680472b92d94,coughvid_data/802b7043-5be8-4a64-8e65-680472b92d94.wav,coughvid_data/802b7043-5be8-4a64-8e65-680472b92d94.wav,1.0
b351e2a6-fa9d-4749-b8f0-9a5f8fc460d9,coughvid_data/b351e2a6-fa9d-4749-b8f0-9a5f8fc460d9.wav,coughvid_data/b351e2a6-fa9d-4749-b8f0-9a5f8fc460d9.wav,1.0
69fe9ee9-8d3a-4e21-8acf-4944a71e5ab8,coughvid_data/69fe9ee9-8d3a-4e21-8acf-4944a71e5ab8.wav,coughvid_data/69fe9ee9-8d3a-4e21-8acf-4944a71e5ab8.wav,0.0
492bb841-6ec8-4a72-b091-06897096e79b,coughvid_data/492bb841-6ec8-4a72-b091-06897096e79b.wav,coughvid_data/492bb841-6ec8-4a72-b091-06897096e79b.wav,0.0
e3467c7b-fbbc-4a90-95fb-ed401a4758d2,coughvid_data/e3467c7b-fbbc-4a90-95fb-ed401a4758d2.wav,coughvid_data/e3467c7b-fbbc-4a90-95fb-ed401a4758d2.wav,1.0
970a4c74-12af-4a14-b36c-6cec9da37bca,coughvid_data/970a4c74-12af-4a14-b36c-6cec9da37bca.wav,coughvid_data/970a4c74-12af-4a14-b36c-6cec9da37bca.wav,0.0
af3f235b-e996-41f1-b85e-a128bdb0ef09,coughvid_data/af3f235b-e996-41f1-b85e-a128bdb0ef09.wav,coughvid_data/af3f235b-e996-41f1-b85e-a128bdb0ef09.wav,1.0
90b6459f-83d7-4798-985a-2fedd2618563,coughvid_data/90b6459f-83d7-4798-985a-2fedd2618563.wav,coughvid_data/90b6459f-83d7-4798-985a-2fedd2618563.wav,1.0
93d51cf7-6dee-49e5-b434-fa81a7595132,coughvid_data/93d51cf7-6dee-49e5-b434-fa81a7595132.wav,coughvid_data/93d51cf7-6dee-49e5-b434-fa81a7595132.wav,1.0
0216f566-704e-4f87-9926-b3989146c315,coughvid_data/0216f566-704e-4f87-9926-b3989146c315.wav,coughvid_data/0216f566-704e-4f87-9926-b3989146c315.wav,1.0
6d485342-6c82-4d58-8a54-d8777ceeca9b,coughvid_data/6d485342-6c82-4d58-8a54-d8777ceeca9b.wav,coughvid_data/6d485342-6c82-4d58-8a54-d8777ceeca9b.wav,1.0
e56b40e6-935c-41c6-a04f-cfa133d69cec,coughvid_data/e56b40e6-935c-41c6-a04f-cfa133d69cec.wav,coughvid_data/e56b40e6-935c-41c6-a04f-cfa133d69cec.wav,1.0
2fbfa5e3-0a22-40c1-a14d-05eeded2d981,coughvid_data/2fbfa5e3-0a22-40c1-a14d-05eeded2d981.wav,coughvid_data/2fbfa5e3-0a22-40c1-a14d-05eeded2d981.wav,1.0
c792b727-8147-429a-ab5a-3c78364d30a9,coughvid_data/c792b727-8147-429a-ab5a-3c78364d30a9.wav,coughvid_data/c792b727-8147-429a-ab5a-3c78364d30a9.wav,0.0
66be6000-24ef-4c8b-8ffb-460cd4e1dfbb,coughvid_data/66be6000-24ef-4c8b-8ffb-460cd4e1dfbb.wav,coughvid_data/66be6000-24ef-4c8b-8ffb-460cd4e1dfbb.wav,0.0
e210e2b3-aaf0-44a2-81f1-b4bb8ff81c97,coughvid_data/e210e2b3-aaf0-44a2-81f1-b4bb8ff81c97.wav,coughvid_data/e210e2b3-aaf0-44a2-81f1-b4bb8ff81c97.wav,1.0
d34864df-0393-4674-aa4c-576c9400898b,coughvid_data/d34864df-0393-4674-aa4c-576c9400898b.wav,coughvid_data/d34864df-0393-4674-aa4c-576c9400898b.wav,0.0
6379ec69-67f1-4f15-ac2b-bba5a1ad4bff,coughvid_data/6379ec69-67f1-4f15-ac2b-bba5a1ad4bff.wav,coughvid_data/6379ec69-67f1-4f15-ac2b-bba5a1ad4bff.wav,0.0
c095f65b-ba96-40b2-8a4e-20637db70ec4,coughvid_data/c095f65b-ba96-40b2-8a4e-20637db70ec4.wav,coughvid_data/c095f65b-ba96-40b2-8a4e-20637db70ec4.wav,1.0
ba1f424d-f94d-41c7-90f5-59f5c6adec53,coughvid_data/ba1f424d-f94d-41c7-90f5-59f5c6adec53.wav,coughvid_data/ba1f424d-f94d-41c7-90f5-59f5c6adec53.wav,1.0
89d4659c-2c72-4dee-96f9-354bcd418fa3,coughvid_data/89d4659c-2c72-4dee-96f9-354bcd418fa3.wav,coughvid_data/89d4659c-2c72-4dee-96f9-354bcd418fa3.wav,0.0
ca240fd0-d301-435a-9dcf-e475fbedf110,coughvid_data/ca240fd0-d301-435a-9dcf-e475fbedf110.wav,coughvid_data/ca240fd0-d301-435a-9dcf-e475fbedf110.wav,1.0
a7566341-b1af-4ea5-9aa9-04fea7509a90,coughvid_data/a7566341-b1af-4ea5-9aa9-04fea7509a90.wav,coughvid_data/a7566341-b1af-4ea5-9aa9-04fea7509a90.wav,0.0
d1b6f0a8-c41f-48f4-8120-82749e9c93f0,coughvid_data/d1b6f0a8-c41f-48f4-8120-82749e9c93f0.wav,coughvid_data/d1b6f0a8-c41f-48f4-8120-82749e9c93f0.wav,0.0
7adf30cc-f764-483f-a069-58f6d7b64185,coughvid_data/7adf30cc-f764-483f-a069-58f6d7b64185.wav,coughvid_data/7adf30cc-f764-483f-a069-58f6d7b64185.wav,0.0
5739a29d-b21c-4608-919f-23cd044cecac,coughvid_data/5739a29d-b21c-4608-919f-23cd044cecac.wav,coughvid_data/5739a29d-b21c-4608-919f-23cd044cecac.wav,1.0
42fa1eee-80db-4bf2-97b8-aa8142c864e2,coughvid_data/42fa1eee-80db-4bf2-97b8-aa8142c864e2.wav,coughvid_data/42fa1eee-80db-4bf2-97b8-aa8142c864e2.wav,1.0
2cba06c6-a2af-4307-b53b-cdde40ee9492,coughvid_data/2cba06c6-a2af-4307-b53b-cdde40ee9492.wav,coughvid_data/2cba06c6-a2af-4307-b53b-cdde40ee9492.wav,1.0
e415b75c-2cca-46a8-a194-af2c441148d6,coughvid_data/e415b75c-2cca-46a8-a194-af2c441148d6.wav,coughvid_data/e415b75c-2cca-46a8-a194-af2c441148d6.wav,0.0
e68014e8-8ca5-435a-8eb7-45d217dfb92d,coughvid_data/e68014e8-8ca5-435a-8eb7-45d217dfb92d.wav,coughvid_data/e68014e8-8ca5-435a-8eb7-45d217dfb92d.wav,1.0
18f06b2b-a3ca-491d-8bba-6bfc6a228b5a,coughvid_data/18f06b2b-a3ca-491d-8bba-6bfc6a228b5a.wav,coughvid_data/18f06b2b-a3ca-491d-8bba-6bfc6a228b5a.wav,1.0
7aa30e98-76b2-4be3-85a7-67114d19f4f1,coughvid_data/7aa30e98-76b2-4be3-85a7-67114d19f4f1.wav,coughvid_data/7aa30e98-76b2-4be3-85a7-67114d19f4f1.wav,0.0
9afe91bd-4968-4ca3-b838-0073fed93f0e,coughvid_data/9afe91bd-4968-4ca3-b838-0073fed93f0e.wav,coughvid_data/9afe91bd-4968-4ca3-b838-0073fed93f0e.wav,1.0
cfec0be5-fb82-492f-ace3-1106214c00f5,coughvid_data/cfec0be5-fb82-492f-ace3-1106214c00f5.wav,coughvid_data/cfec0be5-fb82-492f-ace3-1106214c00f5.wav,0.0
b92cae5f-e72e-4ba9-9921-e166affb6c54,coughvid_data/b92cae5f-e72e-4ba9-9921-e166affb6c54.wav,coughvid_data/b92cae5f-e72e-4ba9-9921-e166affb6c54.wav,0.0
72f430d7-bae5-455a-8d5e-2aaa1a8a3629,coughvid_data/72f430d7-bae5-455a-8d5e-2aaa1a8a3629.wav,coughvid_data/72f430d7-bae5-455a-8d5e-2aaa1a8a3629.wav,1.0
56279ffd-3f56-4fd2-9ebd-94ec5b6825e5,coughvid_data/56279ffd-3f56-4fd2-9ebd-94ec5b6825e5.wav,coughvid_data/56279ffd-3f56-4fd2-9ebd-94ec5b6825e5.wav,1.0
908b34fd-ee87-4f27-ab63-ea05d3c82350,coughvid_data/908b34fd-ee87-4f27-ab63-ea05d3c82350.wav,coughvid_data/908b34fd-ee87-4f27-ab63-ea05d3c82350.wav,0.0
2fb94256-6578-45e8-94d5-0f0172acca70,coughvid_data/2fb94256-6578-45e8-94d5-0f0172acca70.wav,coughvid_data/2fb94256-6578-45e8-94d5-0f0172acca70.wav,0.0
d070c5c5-5b52-4698-b69a-9bf7bc14f7b5,coughvid_data/d070c5c5-5b52-4698-b69a-9bf7bc14f7b5.wav,coughvid_data/d070c5c5-5b52-4698-b69a-9bf7bc14f7b5.wav,1.0
c3f4be44-b2ea-484e-9fde-006461b4e173,coughvid_data/c3f4be44-b2ea-484e-9fde-006461b4e173.wav,coughvid_data/c3f4be44-b2ea-484e-9fde-006461b4e173.wav,1.0
49f6f0db-97dc-4da4-848e-69bd536b5283,coughvid_data/49f6f0db-97dc-4da4-848e-69bd536b5283.wav,coughvid_data/49f6f0db-97dc-4da4-848e-69bd536b5283.wav,1.0
ee311efa-0f55-448a-90d6-aab38987d77f,coughvid_data/ee311efa-0f55-448a-90d6-aab38987d77f.wav,coughvid_data/ee311efa-0f55-448a-90d6-aab38987d77f.wav,1.0
52cb5c00-3db8-4c30-b1ea-6e46d8a5359d,coughvid_data/52cb5c00-3db8-4c30-b1ea-6e46d8a5359d.wav,coughvid_data/52cb5c00-3db8-4c30-b1ea-6e46d8a5359d.wav,1.0
6427fa9b-fe90-42a1-a50f-7276d67b3645,coughvid_data/6427fa9b-fe90-42a1-a50f-7276d67b3645.wav,coughvid_data/6427fa9b-fe90-42a1-a50f-7276d67b3645.wav,1.0
cacf68c1-eae4-432f-8bfb-096c49ee2db7,coughvid_data/cacf68c1-eae4-432f-8bfb-096c49ee2db7.wav,coughvid_data/cacf68c1-eae4-432f-8bfb-096c49ee2db7.wav,0.0
becfc635-5837-477f-9307-5a1ff0f8a054,coughvid_data/becfc635-5837-477f-9307-5a1ff0f8a054.wav,coughvid_data/becfc635-5837-477f-9307-5a1ff0f8a054.wav,1.0
c2f768f7-247f-4393-aed7-48a387f550a9,coughvid_data/c2f768f7-247f-4393-aed7-48a387f550a9.wav,coughvid_data/c2f768f7-247f-4393-aed7-48a387f550a9.wav,0.0
34747e4f-a116-452d-b611-eefecc0c585e,coughvid_data/34747e4f-a116-452d-b611-eefecc0c585e.wav,coughvid_data/34747e4f-a116-452d-b611-eefecc0c585e.wav,1.0
1652114e-1dd1-450a-a0f1-8496e91d7ab3,coughvid_data/1652114e-1dd1-450a-a0f1-8496e91d7ab3.wav,coughvid_data/1652114e-1dd1-450a-a0f1-8496e91d7ab3.wav,0.0
440216c9-b18b-405e-b9f6-e4f45a3c5112,coughvid_data/440216c9-b18b-405e-b9f6-e4f45a3c5112.wav,coughvid_data/440216c9-b18b-405e-b9f6-e4f45a3c5112.wav,0.0
4e01b2ba-7c68-4320-ba05-25eb4044eba1,coughvid_data/4e01b2ba-7c68-4320-ba05-25eb4044eba1.wav,coughvid_data/4e01b2ba-7c68-4320-ba05-25eb4044eba1.wav,1.0
77667d60-0cad-402d-85d9-4e1f658d90b9,coughvid_data/77667d60-0cad-402d-85d9-4e1f658d90b9.wav,coughvid_data/77667d60-0cad-402d-85d9-4e1f658d90b9.wav,1.0
a2053923-5b34-414c-815c-b3c2ed544b6b,coughvid_data/a2053923-5b34-414c-815c-b3c2ed544b6b.wav,coughvid_data/a2053923-5b34-414c-815c-b3c2ed544b6b.wav,0.0
db32b09d-7a13-453d-91f8-52f745696f3d,coughvid_data/db32b09d-7a13-453d-91f8-52f745696f3d.wav,coughvid_data/db32b09d-7a13-453d-91f8-52f745696f3d.wav,1.0
0c1a9ce3-5a0a-4651-8e72-b4e63feb0c19,coughvid_data/0c1a9ce3-5a0a-4651-8e72-b4e63feb0c19.wav,coughvid_data/0c1a9ce3-5a0a-4651-8e72-b4e63feb0c19.wav,0.0
bc74e39c-ab99-475d-932c-289473b9de54,coughvid_data/bc74e39c-ab99-475d-932c-289473b9de54.wav,coughvid_data/bc74e39c-ab99-475d-932c-289473b9de54.wav,1.0
7d814b96-c341-4d2a-ad44-012db48a2355,coughvid_data/7d814b96-c341-4d2a-ad44-012db48a2355.wav,coughvid_data/7d814b96-c341-4d2a-ad44-012db48a2355.wav,0.0
428e2d4d-4705-402b-bb2b-a64e24d39e32,coughvid_data/428e2d4d-4705-402b-bb2b-a64e24d39e32.wav,coughvid_data/428e2d4d-4705-402b-bb2b-a64e24d39e32.wav,1.0
dd1db010-ce14-4589-a881-0e8854080be6,coughvid_data/dd1db010-ce14-4589-a881-0e8854080be6.wav,coughvid_data/dd1db010-ce14-4589-a881-0e8854080be6.wav,0.0
8f95a664-983c-4179-87c9-2d7c81b0130d,coughvid_data/8f95a664-983c-4179-87c9-2d7c81b0130d.wav,coughvid_data/8f95a664-983c-4179-87c9-2d7c81b0130d.wav,1.0
bf232f9d-6982-4e4b-9b0a-53601a23bc49,coughvid_data/bf232f9d-6982-4e4b-9b0a-53601a23bc49.wav,coughvid_data/bf232f9d-6982-4e4b-9b0a-53601a23bc49.wav,0.0
00c0f49a-0b16-4f99-9c40-38582a7688dd,coughvid_data/00c0f49a-0b16-4f99-9c40-38582a7688dd.wav,coughvid_data/00c0f49a-0b16-4f99-9c40-38582a7688dd.wav,0.0
073df77f-c717-42d6-9b29-d9a863456432,coughvid_data/073df77f-c717-42d6-9b29-d9a863456432.wav,coughvid_data/073df77f-c717-42d6-9b29-d9a863456432.wav,1.0
e1b700e5-389f-4a04-afee-986ea103614e,coughvid_data/e1b700e5-389f-4a04-afee-986ea103614e.wav,coughvid_data/e1b700e5-389f-4a04-afee-986ea103614e.wav,1.0
376336eb-1a8b-4020-8f4e-1275f50bb12e,coughvid_data/376336eb-1a8b-4020-8f4e-1275f50bb12e.wav,coughvid_data/376336eb-1a8b-4020-8f4e-1275f50bb12e.wav,1.0
f1aa1491-0644-4e69-87d6-6d6b3f12699b,coughvid_data/f1aa1491-0644-4e69-87d6-6d6b3f12699b.wav,coughvid_data/f1aa1491-0644-4e69-87d6-6d6b3f12699b.wav,1.0
59071f84-2162-4be5-94ed-954f1cbef2c8,coughvid_data/59071f84-2162-4be5-94ed-954f1cbef2c8.wav,coughvid_data/59071f84-2162-4be5-94ed-954f1cbef2c8.wav,1.0
f5c77534-76b8-43f1-8d65-f336ed620833,coughvid_data/f5c77534-76b8-43f1-8d65-f336ed620833.wav,coughvid_data/f5c77534-76b8-43f1-8d65-f336ed620833.wav,1.0
f504d41c-13e5-4d7a-9a91-0436aab969cf,coughvid_data/f504d41c-13e5-4d7a-9a91-0436aab969cf.wav,coughvid_data/f504d41c-13e5-4d7a-9a91-0436aab969cf.wav,1.0
85c1ef19-6c7f-468a-81dd-0d1b6465980f,coughvid_data/85c1ef19-6c7f-468a-81dd-0d1b6465980f.wav,coughvid_data/85c1ef19-6c7f-468a-81dd-0d1b6465980f.wav,1.0
1d6cb7bf-b926-433a-bf6e-0d8ce43d02c9,coughvid_data/1d6cb7bf-b926-433a-bf6e-0d8ce43d02c9.wav,coughvid_data/1d6cb7bf-b926-433a-bf6e-0d8ce43d02c9.wav,1.0
9a573379-b34a-4395-825c-ba3dcf3dead0,coughvid_data/9a573379-b34a-4395-825c-ba3dcf3dead0.wav,coughvid_data/9a573379-b34a-4395-825c-ba3dcf3dead0.wav,0.0
5df09e86-bb86-4de6-8737-bc3050868d5a,coughvid_data/5df09e86-bb86-4de6-8737-bc3050868d5a.wav,coughvid_data/5df09e86-bb86-4de6-8737-bc3050868d5a.wav,0.0
c589b055-be2a-4151-b649-6024a4f1f84c,coughvid_data/c589b055-be2a-4151-b649-6024a4f1f84c.wav,coughvid_data/c589b055-be2a-4151-b649-6024a4f1f84c.wav,0.0
578bbae3-da90-4295-9db7-c0796fd3e629,coughvid_data/578bbae3-da90-4295-9db7-c0796fd3e629.wav,coughvid_data/578bbae3-da90-4295-9db7-c0796fd3e629.wav,0.0
302b6389-fa28-48fb-b78a-3e74bd6cde69,coughvid_data/302b6389-fa28-48fb-b78a-3e74bd6cde69.wav,coughvid_data/302b6389-fa28-48fb-b78a-3e74bd6cde69.wav,0.0
a2610e87-1304-4014-bbe3-0ac78c8fe161,coughvid_data/a2610e87-1304-4014-bbe3-0ac78c8fe161.wav,coughvid_data/a2610e87-1304-4014-bbe3-0ac78c8fe161.wav,1.0
61698cd8-371f-4928-a24f-0a743c0c8daf,coughvid_data/61698cd8-371f-4928-a24f-0a743c0c8daf.wav,coughvid_data/61698cd8-371f-4928-a24f-0a743c0c8daf.wav,0.0
9666a7d7-3a2f-4d0e-96ba-187c3e31a21c,coughvid_data/9666a7d7-3a2f-4d0e-96ba-187c3e31a21c.wav,coughvid_data/9666a7d7-3a2f-4d0e-96ba-187c3e31a21c.wav,1.0
362c55e4-0bb0-4295-9dc3-be1e1e7e95a4,coughvid_data/362c55e4-0bb0-4295-9dc3-be1e1e7e95a4.wav,coughvid_data/362c55e4-0bb0-4295-9dc3-be1e1e7e95a4.wav,1.0
b08fff73-a00e-480b-933f-3479e4480ee6,coughvid_data/b08fff73-a00e-480b-933f-3479e4480ee6.wav,coughvid_data/b08fff73-a00e-480b-933f-3479e4480ee6.wav,1.0
dcc64b75-8e16-45bd-8a25-7ec94e160f44,coughvid_data/dcc64b75-8e16-45bd-8a25-7ec94e160f44.wav,coughvid_data/dcc64b75-8e16-45bd-8a25-7ec94e160f44.wav,1.0
3ed5641c-6d4c-4ae9-bb37-7aa69eac6e92,coughvid_data/3ed5641c-6d4c-4ae9-bb37-7aa69eac6e92.wav,coughvid_data/3ed5641c-6d4c-4ae9-bb37-7aa69eac6e92.wav,1.0
7d99bf5f-acfd-4532-8494-501a84002539,coughvid_data/7d99bf5f-acfd-4532-8494-501a84002539.wav,coughvid_data/7d99bf5f-acfd-4532-8494-501a84002539.wav,1.0
0a1ddb3b-5c7b-427b-a7a6-34158fac03fe,coughvid_data/0a1ddb3b-5c7b-427b-a7a6-34158fac03fe.wav,coughvid_data/0a1ddb3b-5c7b-427b-a7a6-34158fac03fe.wav,1.0
b7fb5733-c9c0-4641-bdd0-714d6f5aaab1,coughvid_data/b7fb5733-c9c0-4641-bdd0-714d6f5aaab1.wav,coughvid_data/b7fb5733-c9c0-4641-bdd0-714d6f5aaab1.wav,0.0
03363606-b502-4f0e-8c3f-326f2ffe8090,coughvid_data/03363606-b502-4f0e-8c3f-326f2ffe8090.wav,coughvid_data/03363606-b502-4f0e-8c3f-326f2ffe8090.wav,1.0
e313cabe-2d2b-4a85-88d9-387039a7b69d,coughvid_data/e313cabe-2d2b-4a85-88d9-387039a7b69d.wav,coughvid_data/e313cabe-2d2b-4a85-88d9-387039a7b69d.wav,1.0
827d2b75-989d-4723-9423-42f78d85cfb4,coughvid_data/827d2b75-989d-4723-9423-42f78d85cfb4.wav,coughvid_data/827d2b75-989d-4723-9423-42f78d85cfb4.wav,0.0
0900af50-e1df-4e32-9a7b-035b14e29073,coughvid_data/0900af50-e1df-4e32-9a7b-035b14e29073.wav,coughvid_data/0900af50-e1df-4e32-9a7b-035b14e29073.wav,0.0
e7805116-d508-4f1c-9819-29dfd9193f4e,coughvid_data/e7805116-d508-4f1c-9819-29dfd9193f4e.wav,coughvid_data/e7805116-d508-4f1c-9819-29dfd9193f4e.wav,0.0
f82df173-65b8-4302-b9a3-e4f71eea0209,coughvid_data/f82df173-65b8-4302-b9a3-e4f71eea0209.wav,coughvid_data/f82df173-65b8-4302-b9a3-e4f71eea0209.wav,0.0
033da4e3-7365-4adc-9252-7347816e4e77,coughvid_data/033da4e3-7365-4adc-9252-7347816e4e77.wav,coughvid_data/033da4e3-7365-4adc-9252-7347816e4e77.wav,1.0
fed255ec-4829-4f4a-b22d-9bb23f2dd89f,coughvid_data/fed255ec-4829-4f4a-b22d-9bb23f2dd89f.wav,coughvid_data/fed255ec-4829-4f4a-b22d-9bb23f2dd89f.wav,1.0
a44a06bf-53a6-4eee-a5b8-17841e71c88d,coughvid_data/a44a06bf-53a6-4eee-a5b8-17841e71c88d.wav,coughvid_data/a44a06bf-53a6-4eee-a5b8-17841e71c88d.wav,1.0
72f764de-abb8-423a-96ce-47c139bae3b8,coughvid_data/72f764de-abb8-423a-96ce-47c139bae3b8.wav,coughvid_data/72f764de-abb8-423a-96ce-47c139bae3b8.wav,1.0
0be35d7f-7759-4581-b7ef-0e618b3c6960,coughvid_data/0be35d7f-7759-4581-b7ef-0e618b3c6960.wav,coughvid_data/0be35d7f-7759-4581-b7ef-0e618b3c6960.wav,0.0
afad0212-fce2-419b-bbc7-2aaf6e16d63e,coughvid_data/afad0212-fce2-419b-bbc7-2aaf6e16d63e.wav,coughvid_data/afad0212-fce2-419b-bbc7-2aaf6e16d63e.wav,1.0
5f86f9ff-e2a8-4d72-ab88-753937be8639,coughvid_data/5f86f9ff-e2a8-4d72-ab88-753937be8639.wav,coughvid_data/5f86f9ff-e2a8-4d72-ab88-753937be8639.wav,0.0
97856ecd-10cb-4dc5-b585-02a599141036,coughvid_data/97856ecd-10cb-4dc5-b585-02a599141036.wav,coughvid_data/97856ecd-10cb-4dc5-b585-02a599141036.wav,1.0
26901b0e-5e0f-4447-9521-73bd85c32510,coughvid_data/26901b0e-5e0f-4447-9521-73bd85c32510.wav,coughvid_data/26901b0e-5e0f-4447-9521-73bd85c32510.wav,0.0
f67af69f-fbe1-4fdb-9d54-ae5e6da9b9b5,coughvid_data/f67af69f-fbe1-4fdb-9d54-ae5e6da9b9b5.wav,coughvid_data/f67af69f-fbe1-4fdb-9d54-ae5e6da9b9b5.wav,1.0
942152b1-4a8f-4d9b-a4e6-43f61504e589,coughvid_data/942152b1-4a8f-4d9b-a4e6-43f61504e589.wav,coughvid_data/942152b1-4a8f-4d9b-a4e6-43f61504e589.wav,1.0
3c28873d-8269-4947-849e-d82b283f369d,coughvid_data/3c28873d-8269-4947-849e-d82b283f369d.wav,coughvid_data/3c28873d-8269-4947-849e-d82b283f369d.wav,1.0
04d61a5c-fa41-4c26-b949-ec6f8d172607,coughvid_data/04d61a5c-fa41-4c26-b949-ec6f8d172607.wav,coughvid_data/04d61a5c-fa41-4c26-b949-ec6f8d172607.wav,1.0
92fda182-1f08-4fff-8008-5461cf55c047,coughvid_data/92fda182-1f08-4fff-8008-5461cf55c047.wav,coughvid_data/92fda182-1f08-4fff-8008-5461cf55c047.wav,0.0
a1649d0e-07db-4ef5-8d58-6dfab8ca6969,coughvid_data/a1649d0e-07db-4ef5-8d58-6dfab8ca6969.wav,coughvid_data/a1649d0e-07db-4ef5-8d58-6dfab8ca6969.wav,1.0
81600381-2a3a-4e92-80b8-be59ec3cc34b,coughvid_data/81600381-2a3a-4e92-80b8-be59ec3cc34b.wav,coughvid_data/81600381-2a3a-4e92-80b8-be59ec3cc34b.wav,1.0
482e5959-c557-41bc-a572-6b175673d3b8,coughvid_data/482e5959-c557-41bc-a572-6b175673d3b8.wav,coughvid_data/482e5959-c557-41bc-a572-6b175673d3b8.wav,1.0
05fd0bcc-c0b4-4d2a-ad69-39420fd5de94,coughvid_data/05fd0bcc-c0b4-4d2a-ad69-39420fd5de94.wav,coughvid_data/05fd0bcc-c0b4-4d2a-ad69-39420fd5de94.wav,1.0
d2a4d23c-fbbf-4c6f-b42f-99c86a8a36ce,coughvid_data/d2a4d23c-fbbf-4c6f-b42f-99c86a8a36ce.wav,coughvid_data/d2a4d23c-fbbf-4c6f-b42f-99c86a8a36ce.wav,0.0
85ba4ebc-fa25-4e2d-8e8d-5cf5a8bbb79b,coughvid_data/85ba4ebc-fa25-4e2d-8e8d-5cf5a8bbb79b.wav,coughvid_data/85ba4ebc-fa25-4e2d-8e8d-5cf5a8bbb79b.wav,0.0
985288be-03d3-4a42-ab97-41957eff5041,coughvid_data/985288be-03d3-4a42-ab97-41957eff5041.wav,coughvid_data/985288be-03d3-4a42-ab97-41957eff5041.wav,0.0
6dbe0811-6422-4b8a-a92b-43c4d5d08373,coughvid_data/6dbe0811-6422-4b8a-a92b-43c4d5d08373.wav,coughvid_data/6dbe0811-6422-4b8a-a92b-43c4d5d08373.wav,0.0
66fbc562-cebd-4de9-9354-31e75e510768,coughvid_data/66fbc562-cebd-4de9-9354-31e75e510768.wav,coughvid_data/66fbc562-cebd-4de9-9354-31e75e510768.wav,0.0
9b9c697b-2f81-461a-b695-906be5d3cc64,coughvid_data/9b9c697b-2f81-461a-b695-906be5d3cc64.wav,coughvid_data/9b9c697b-2f81-461a-b695-906be5d3cc64.wav,0.0
6b7fbac5-1080-4bce-be6a-18a4184a5e87,coughvid_data/6b7fbac5-1080-4bce-be6a-18a4184a5e87.wav,coughvid_data/6b7fbac5-1080-4bce-be6a-18a4184a5e87.wav,0.0
e13c9bd8-caf5-47d6-86c7-a565360ff820,coughvid_data/e13c9bd8-caf5-47d6-86c7-a565360ff820.wav,coughvid_data/e13c9bd8-caf5-47d6-86c7-a565360ff820.wav,1.0
1b3651a6-1370-414c-ad06-eab5f39e308f,coughvid_data/1b3651a6-1370-414c-ad06-eab5f39e308f.wav,coughvid_data/1b3651a6-1370-414c-ad06-eab5f39e308f.wav,0.0
0d92ab37-f93e-46c6-a89d-e3b7617621c5,coughvid_data/0d92ab37-f93e-46c6-a89d-e3b7617621c5.wav,coughvid_data/0d92ab37-f93e-46c6-a89d-e3b7617621c5.wav,0.0
4e1070fe-6ca0-4c73-aeba-45296a8281b6,coughvid_data/4e1070fe-6ca0-4c73-aeba-45296a8281b6.wav,coughvid_data/4e1070fe-6ca0-4c73-aeba-45296a8281b6.wav,0.0
ee29d606-3238-487a-b845-fa14bd475314,coughvid_data/ee29d606-3238-487a-b845-fa14bd475314.wav,coughvid_data/ee29d606-3238-487a-b845-fa14bd475314.wav,1.0
7c706575-970b-4bd6-992f-156e0c4f7214,coughvid_data/7c706575-970b-4bd6-992f-156e0c4f7214.wav,coughvid_data/7c706575-970b-4bd6-992f-156e0c4f7214.wav,0.0
d1678233-4bc1-499b-a92b-dbfbdf3468bb,coughvid_data/d1678233-4bc1-499b-a92b-dbfbdf3468bb.wav,coughvid_data/d1678233-4bc1-499b-a92b-dbfbdf3468bb.wav,0.0
454bec9d-8652-4ec8-98ca-37dd02653ebc,coughvid_data/454bec9d-8652-4ec8-98ca-37dd02653ebc.wav,coughvid_data/454bec9d-8652-4ec8-98ca-37dd02653ebc.wav,1.0
6de6bf84-17db-4618-ad4e-71132897f71d,coughvid_data/6de6bf84-17db-4618-ad4e-71132897f71d.wav,coughvid_data/6de6bf84-17db-4618-ad4e-71132897f71d.wav,0.0
03cfc75c-88a0-4ca9-8ca4-4aa61e2dec37,coughvid_data/03cfc75c-88a0-4ca9-8ca4-4aa61e2dec37.wav,coughvid_data/03cfc75c-88a0-4ca9-8ca4-4aa61e2dec37.wav,1.0
6c2201ec-eacd-42d1-9b9f-9d782f86bfa6,coughvid_data/6c2201ec-eacd-42d1-9b9f-9d782f86bfa6.wav,coughvid_data/6c2201ec-eacd-42d1-9b9f-9d782f86bfa6.wav,1.0
5606751d-c189-4a4d-afe0-6a4a6dc4668d,coughvid_data/5606751d-c189-4a4d-afe0-6a4a6dc4668d.wav,coughvid_data/5606751d-c189-4a4d-afe0-6a4a6dc4668d.wav,0.0
4a5ec811-a219-40c0-b386-de2d5df31754,coughvid_data/4a5ec811-a219-40c0-b386-de2d5df31754.wav,coughvid_data/4a5ec811-a219-40c0-b386-de2d5df31754.wav,1.0
4cfbddd2-f3b6-4c04-8f6b-23207a7f4731,coughvid_data/4cfbddd2-f3b6-4c04-8f6b-23207a7f4731.wav,coughvid_data/4cfbddd2-f3b6-4c04-8f6b-23207a7f4731.wav,1.0
aaad17de-f54e-4e00-9ebf-ef0eba042588,coughvid_data/aaad17de-f54e-4e00-9ebf-ef0eba042588.wav,coughvid_data/aaad17de-f54e-4e00-9ebf-ef0eba042588.wav,0.0
7e8b7fda-0d79-40e1-a846-d48446c47ea0,coughvid_data/7e8b7fda-0d79-40e1-a846-d48446c47ea0.wav,coughvid_data/7e8b7fda-0d79-40e1-a846-d48446c47ea0.wav,1.0
44d865c0-b2e4-43c7-a472-0f840cd10eb6,coughvid_data/44d865c0-b2e4-43c7-a472-0f840cd10eb6.wav,coughvid_data/44d865c0-b2e4-43c7-a472-0f840cd10eb6.wav,1.0
a824bf3f-447f-4f2e-b8b2-27677227af79,coughvid_data/a824bf3f-447f-4f2e-b8b2-27677227af79.wav,coughvid_data/a824bf3f-447f-4f2e-b8b2-27677227af79.wav,1.0
99536e13-41bb-43e9-842c-8127c589d411,coughvid_data/99536e13-41bb-43e9-842c-8127c589d411.wav,coughvid_data/99536e13-41bb-43e9-842c-8127c589d411.wav,1.0
05b90c1f-8f5a-40bb-95ff-a0e885e8c32b,coughvid_data/05b90c1f-8f5a-40bb-95ff-a0e885e8c32b.wav,coughvid_data/05b90c1f-8f5a-40bb-95ff-a0e885e8c32b.wav,0.0
c422d026-5c35-408f-8c2e-26968ea62009,coughvid_data/c422d026-5c35-408f-8c2e-26968ea62009.wav,coughvid_data/c422d026-5c35-408f-8c2e-26968ea62009.wav,1.0
cb1b2bb3-2c10-4928-a4cd-b50e9d70a54f,coughvid_data/cb1b2bb3-2c10-4928-a4cd-b50e9d70a54f.wav,coughvid_data/cb1b2bb3-2c10-4928-a4cd-b50e9d70a54f.wav,1.0
e313f7e7-71ac-4abb-835f-f54619e947ef,coughvid_data/e313f7e7-71ac-4abb-835f-f54619e947ef.wav,coughvid_data/e313f7e7-71ac-4abb-835f-f54619e947ef.wav,0.0
46d259c5-d5ae-4d98-9a66-d0e4c0660059,coughvid_data/46d259c5-d5ae-4d98-9a66-d0e4c0660059.wav,coughvid_data/46d259c5-d5ae-4d98-9a66-d0e4c0660059.wav,0.0
4b1ddf81-8a08-4acc-a160-cb6a88485217,coughvid_data/4b1ddf81-8a08-4acc-a160-cb6a88485217.wav,coughvid_data/4b1ddf81-8a08-4acc-a160-cb6a88485217.wav,0.0
9a461180-f005-445a-abf4-3939e6233e22,coughvid_data/9a461180-f005-445a-abf4-3939e6233e22.wav,coughvid_data/9a461180-f005-445a-abf4-3939e6233e22.wav,0.0
b7a3e1a0-9b7c-41fd-babe-ff77f4c2ad2a,coughvid_data/b7a3e1a0-9b7c-41fd-babe-ff77f4c2ad2a.wav,coughvid_data/b7a3e1a0-9b7c-41fd-babe-ff77f4c2ad2a.wav,1.0
4edee5d3-13d2-4766-9ebd-c9b9ea9f91ca,coughvid_data/4edee5d3-13d2-4766-9ebd-c9b9ea9f91ca.wav,coughvid_data/4edee5d3-13d2-4766-9ebd-c9b9ea9f91ca.wav,1.0
ebb33b13-5ec8-4c05-9f49-e4008025dfe5,coughvid_data/ebb33b13-5ec8-4c05-9f49-e4008025dfe5.wav,coughvid_data/ebb33b13-5ec8-4c05-9f49-e4008025dfe5.wav,0.0
51501b11-9e38-4d50-830b-f5691b32f88d,coughvid_data/51501b11-9e38-4d50-830b-f5691b32f88d.wav,coughvid_data/51501b11-9e38-4d50-830b-f5691b32f88d.wav,0.0
d21ad8c9-e196-47d8-a861-9129fcef4863,coughvid_data/d21ad8c9-e196-47d8-a861-9129fcef4863.wav,coughvid_data/d21ad8c9-e196-47d8-a861-9129fcef4863.wav,0.0
8e4d3ab1-5e08-424f-9146-054314535ad5,coughvid_data/8e4d3ab1-5e08-424f-9146-054314535ad5.wav,coughvid_data/8e4d3ab1-5e08-424f-9146-054314535ad5.wav,1.0
8e5bae10-5966-443f-9bbe-235372bbaa8c,coughvid_data/8e5bae10-5966-443f-9bbe-235372bbaa8c.wav,coughvid_data/8e5bae10-5966-443f-9bbe-235372bbaa8c.wav,1.0
244757ee-75ad-4cdd-938e-a0646aaf4290,coughvid_data/244757ee-75ad-4cdd-938e-a0646aaf4290.wav,coughvid_data/244757ee-75ad-4cdd-938e-a0646aaf4290.wav,0.0
9e13a2da-ea72-4369-af6a-4b8d74d84d11,coughvid_data/9e13a2da-ea72-4369-af6a-4b8d74d84d11.wav,coughvid_data/9e13a2da-ea72-4369-af6a-4b8d74d84d11.wav,1.0
6fdae683-31bd-4555-9675-c716a0283a2b,coughvid_data/6fdae683-31bd-4555-9675-c716a0283a2b.wav,coughvid_data/6fdae683-31bd-4555-9675-c716a0283a2b.wav,0.0
6bf01d5b-da02-41f0-a652-85c2fb437c0c,coughvid_data/6bf01d5b-da02-41f0-a652-85c2fb437c0c.wav,coughvid_data/6bf01d5b-da02-41f0-a652-85c2fb437c0c.wav,0.0
213a9648-9da2-4cb5-937a-e9ba2418e393,coughvid_data/213a9648-9da2-4cb5-937a-e9ba2418e393.wav,coughvid_data/213a9648-9da2-4cb5-937a-e9ba2418e393.wav,1.0
5ec0cb2e-813b-48dd-9914-dde3eb13af22,coughvid_data/5ec0cb2e-813b-48dd-9914-dde3eb13af22.wav,coughvid_data/5ec0cb2e-813b-48dd-9914-dde3eb13af22.wav,0.0
27897e5c-6291-44de-814f-e7335bee7f53,coughvid_data/27897e5c-6291-44de-814f-e7335bee7f53.wav,coughvid_data/27897e5c-6291-44de-814f-e7335bee7f53.wav,1.0
fc8b3d37-f74a-4406-a43e-163b77651340,coughvid_data/fc8b3d37-f74a-4406-a43e-163b77651340.wav,coughvid_data/fc8b3d37-f74a-4406-a43e-163b77651340.wav,0.0
f68d2f66-40db-4d9a-a8bb-39672c7b63f4,coughvid_data/f68d2f66-40db-4d9a-a8bb-39672c7b63f4.wav,coughvid_data/f68d2f66-40db-4d9a-a8bb-39672c7b63f4.wav,0.0
63361a23-d23e-4b8f-9caa-0ba05ee7b17d,coughvid_data/63361a23-d23e-4b8f-9caa-0ba05ee7b17d.wav,coughvid_data/63361a23-d23e-4b8f-9caa-0ba05ee7b17d.wav,1.0
3181c412-b9c9-418f-ae37-41284cfd3c92,coughvid_data/3181c412-b9c9-418f-ae37-41284cfd3c92.wav,coughvid_data/3181c412-b9c9-418f-ae37-41284cfd3c92.wav,1.0
273f3542-5341-4802-a642-0fbf1ed8f8f0,coughvid_data/273f3542-5341-4802-a642-0fbf1ed8f8f0.wav,coughvid_data/273f3542-5341-4802-a642-0fbf1ed8f8f0.wav,1.0
3913b105-5068-48ff-bf09-8974aea37685,coughvid_data/3913b105-5068-48ff-bf09-8974aea37685.wav,coughvid_data/3913b105-5068-48ff-bf09-8974aea37685.wav,1.0
3b672340-f876-4ef7-ad02-813d8c9cb8f9,coughvid_data/3b672340-f876-4ef7-ad02-813d8c9cb8f9.wav,coughvid_data/3b672340-f876-4ef7-ad02-813d8c9cb8f9.wav,0.0
9e0c93eb-e04d-4d99-a971-c87b3045a6bd,coughvid_data/9e0c93eb-e04d-4d99-a971-c87b3045a6bd.wav,coughvid_data/9e0c93eb-e04d-4d99-a971-c87b3045a6bd.wav,1.0
ade4e467-adaf-4ba5-871b-89c64244cb3d,coughvid_data/ade4e467-adaf-4ba5-871b-89c64244cb3d.wav,coughvid_data/ade4e467-adaf-4ba5-871b-89c64244cb3d.wav,1.0
865de1b2-0bdf-4b5a-92d1-1730568bd11e,coughvid_data/865de1b2-0bdf-4b5a-92d1-1730568bd11e.wav,coughvid_data/865de1b2-0bdf-4b5a-92d1-1730568bd11e.wav,1.0
d56c0ae6-f451-4034-b1be-346501090361,coughvid_data/d56c0ae6-f451-4034-b1be-346501090361.wav,coughvid_data/d56c0ae6-f451-4034-b1be-346501090361.wav,0.0
f9b6db97-e579-491c-bd7a-bb15fffc06fa,coughvid_data/f9b6db97-e579-491c-bd7a-bb15fffc06fa.wav,coughvid_data/f9b6db97-e579-491c-bd7a-bb15fffc06fa.wav,0.0
88ab3d6d-0e76-4ae9-aef2-a54ebb2eefbd,coughvid_data/88ab3d6d-0e76-4ae9-aef2-a54ebb2eefbd.wav,coughvid_data/88ab3d6d-0e76-4ae9-aef2-a54ebb2eefbd.wav,0.0
039a9170-b492-45bf-9289-29b863f3fc81,coughvid_data/039a9170-b492-45bf-9289-29b863f3fc81.wav,coughvid_data/039a9170-b492-45bf-9289-29b863f3fc81.wav,1.0
d249cd1c-c453-4e50-9c30-5fdfed874ddc,coughvid_data/d249cd1c-c453-4e50-9c30-5fdfed874ddc.wav,coughvid_data/d249cd1c-c453-4e50-9c30-5fdfed874ddc.wav,0.0
8bd951f0-8248-49f9-a46e-b67b9775eaca,coughvid_data/8bd951f0-8248-49f9-a46e-b67b9775eaca.wav,coughvid_data/8bd951f0-8248-49f9-a46e-b67b9775eaca.wav,1.0
1746a713-6fb7-4a01-a242-cf4c5f87ab52,coughvid_data/1746a713-6fb7-4a01-a242-cf4c5f87ab52.wav,coughvid_data/1746a713-6fb7-4a01-a242-cf4c5f87ab52.wav,0.0
a8862669-c7fc-448d-839a-6d1bd0449a92,coughvid_data/a8862669-c7fc-448d-839a-6d1bd0449a92.wav,coughvid_data/a8862669-c7fc-448d-839a-6d1bd0449a92.wav,1.0
606d1e4a-2cb5-4f0e-991d-51ac4415b45a,coughvid_data/606d1e4a-2cb5-4f0e-991d-51ac4415b45a.wav,coughvid_data/606d1e4a-2cb5-4f0e-991d-51ac4415b45a.wav,0.0
08edf18d-2806-4f3f-9c81-5284a0c9b66e,coughvid_data/08edf18d-2806-4f3f-9c81-5284a0c9b66e.wav,coughvid_data/08edf18d-2806-4f3f-9c81-5284a0c9b66e.wav,0.0
1acfdd63-8116-491f-99b5-d7ac34391425,coughvid_data/1acfdd63-8116-491f-99b5-d7ac34391425.wav,coughvid_data/1acfdd63-8116-491f-99b5-d7ac34391425.wav,1.0
4fa6f0b1-aff6-4b24-a81f-b7fb42dfc69a,coughvid_data/4fa6f0b1-aff6-4b24-a81f-b7fb42dfc69a.wav,coughvid_data/4fa6f0b1-aff6-4b24-a81f-b7fb42dfc69a.wav,0.0
e1b9d3d1-61f8-4957-923b-e2715d7fabb1,coughvid_data/e1b9d3d1-61f8-4957-923b-e2715d7fabb1.wav,coughvid_data/e1b9d3d1-61f8-4957-923b-e2715d7fabb1.wav,1.0
273259b5-7350-4d15-b867-c88b46f552cc,coughvid_data/273259b5-7350-4d15-b867-c88b46f552cc.wav,coughvid_data/273259b5-7350-4d15-b867-c88b46f552cc.wav,1.0
5ce026dc-3ee0-4780-9fd5-94a36b37fbe7,coughvid_data/5ce026dc-3ee0-4780-9fd5-94a36b37fbe7.wav,coughvid_data/5ce026dc-3ee0-4780-9fd5-94a36b37fbe7.wav,0.0
a084b953-189d-422d-a40a-b545b4f01618,coughvid_data/a084b953-189d-422d-a40a-b545b4f01618.wav,coughvid_data/a084b953-189d-422d-a40a-b545b4f01618.wav,1.0
595e24dd-59e6-4494-a695-1c2d7717370f,coughvid_data/595e24dd-59e6-4494-a695-1c2d7717370f.wav,coughvid_data/595e24dd-59e6-4494-a695-1c2d7717370f.wav,1.0
fe950d74-60ab-4190-a202-96bf5149fa4c,coughvid_data/fe950d74-60ab-4190-a202-96bf5149fa4c.wav,coughvid_data/fe950d74-60ab-4190-a202-96bf5149fa4c.wav,0.0
f2ca5ea8-f1ec-4075-a7d9-e24ef5e6e362,coughvid_data/f2ca5ea8-f1ec-4075-a7d9-e24ef5e6e362.wav,coughvid_data/f2ca5ea8-f1ec-4075-a7d9-e24ef5e6e362.wav,1.0
4aec0103-844f-4d72-a217-e75223459798,coughvid_data/4aec0103-844f-4d72-a217-e75223459798.wav,coughvid_data/4aec0103-844f-4d72-a217-e75223459798.wav,1.0
2cdd9bc9-ec0e-4ea5-a4ea-f485d8d804fa,coughvid_data/2cdd9bc9-ec0e-4ea5-a4ea-f485d8d804fa.wav,coughvid_data/2cdd9bc9-ec0e-4ea5-a4ea-f485d8d804fa.wav,0.0
b6e34f76-05df-469a-89a0-1d17969bb91b,coughvid_data/b6e34f76-05df-469a-89a0-1d17969bb91b.wav,coughvid_data/b6e34f76-05df-469a-89a0-1d17969bb91b.wav,0.0
96fd8500-a077-4d0a-bcd4-d6d5f747c2da,coughvid_data/96fd8500-a077-4d0a-bcd4-d6d5f747c2da.wav,coughvid_data/96fd8500-a077-4d0a-bcd4-d6d5f747c2da.wav,1.0
7c871672-cefc-4eb8-bbe6-d99aa7a12e37,coughvid_data/7c871672-cefc-4eb8-bbe6-d99aa7a12e37.wav,coughvid_data/7c871672-cefc-4eb8-bbe6-d99aa7a12e37.wav,1.0
87d85d5e-43a6-4958-88d5-d97bb41cc346,coughvid_data/87d85d5e-43a6-4958-88d5-d97bb41cc346.wav,coughvid_data/87d85d5e-43a6-4958-88d5-d97bb41cc346.wav,0.0
eb74838f-26b9-457e-a4f6-3fff63ebc270,coughvid_data/eb74838f-26b9-457e-a4f6-3fff63ebc270.wav,coughvid_data/eb74838f-26b9-457e-a4f6-3fff63ebc270.wav,1.0
2ac38b6c-582c-4613-9028-70bf7dd4a4fc,coughvid_data/2ac38b6c-582c-4613-9028-70bf7dd4a4fc.wav,coughvid_data/2ac38b6c-582c-4613-9028-70bf7dd4a4fc.wav,1.0
794cee38-d549-49fb-9270-bb9d7b30e330,coughvid_data/794cee38-d549-49fb-9270-bb9d7b30e330.wav,coughvid_data/794cee38-d549-49fb-9270-bb9d7b30e330.wav,1.0
e144c6ec-999f-416e-acb4-04ed1728fe66,coughvid_data/e144c6ec-999f-416e-acb4-04ed1728fe66.wav,coughvid_data/e144c6ec-999f-416e-acb4-04ed1728fe66.wav,1.0
a530e91a-bff1-4c8d-ab85-9a612fe20250,coughvid_data/a530e91a-bff1-4c8d-ab85-9a612fe20250.wav,coughvid_data/a530e91a-bff1-4c8d-ab85-9a612fe20250.wav,0.0
53cc0e66-5c68-43ea-84aa-b78bda14e0b0,coughvid_data/53cc0e66-5c68-43ea-84aa-b78bda14e0b0.wav,coughvid_data/53cc0e66-5c68-43ea-84aa-b78bda14e0b0.wav,1.0
338b2ee5-ee7d-4fd9-bb2b-0265fb499930,coughvid_data/338b2ee5-ee7d-4fd9-bb2b-0265fb499930.wav,coughvid_data/338b2ee5-ee7d-4fd9-bb2b-0265fb499930.wav,1.0
f338f9de-572f-4c64-b693-6fea79a3c25f,coughvid_data/f338f9de-572f-4c64-b693-6fea79a3c25f.wav,coughvid_data/f338f9de-572f-4c64-b693-6fea79a3c25f.wav,1.0
55e4df34-847a-4407-a9aa-24693a4bf69c,coughvid_data/55e4df34-847a-4407-a9aa-24693a4bf69c.wav,coughvid_data/55e4df34-847a-4407-a9aa-24693a4bf69c.wav,0.0
62fbdead-b90b-4829-a75d-72614b616a83,coughvid_data/62fbdead-b90b-4829-a75d-72614b616a83.wav,coughvid_data/62fbdead-b90b-4829-a75d-72614b616a83.wav,0.0
2440f630-c1a5-4a8a-b727-7f841f3e0380,coughvid_data/2440f630-c1a5-4a8a-b727-7f841f3e0380.wav,coughvid_data/2440f630-c1a5-4a8a-b727-7f841f3e0380.wav,0.0
a690bb29-6a0a-4787-b829-1aa57576f031,coughvid_data/a690bb29-6a0a-4787-b829-1aa57576f031.wav,coughvid_data/a690bb29-6a0a-4787-b829-1aa57576f031.wav,1.0
b8b3a4c8-5f73-4e09-9966-395215d8c05c,coughvid_data/b8b3a4c8-5f73-4e09-9966-395215d8c05c.wav,coughvid_data/b8b3a4c8-5f73-4e09-9966-395215d8c05c.wav,0.0
f98f5736-221e-442d-927d-0cacfd1a885b,coughvid_data/f98f5736-221e-442d-927d-0cacfd1a885b.wav,coughvid_data/f98f5736-221e-442d-927d-0cacfd1a885b.wav,0.0
7c64513f-9a0c-42ba-90ed-22f6739a526c,coughvid_data/7c64513f-9a0c-42ba-90ed-22f6739a526c.wav,coughvid_data/7c64513f-9a0c-42ba-90ed-22f6739a526c.wav,0.0
a5db38cf-708c-4982-b43e-0cdf604d770b,coughvid_data/a5db38cf-708c-4982-b43e-0cdf604d770b.wav,coughvid_data/a5db38cf-708c-4982-b43e-0cdf604d770b.wav,1.0
da1b616f-fbc9-4f1b-99a1-6ea6fe2e9c99,coughvid_data/da1b616f-fbc9-4f1b-99a1-6ea6fe2e9c99.wav,coughvid_data/da1b616f-fbc9-4f1b-99a1-6ea6fe2e9c99.wav,0.0
a3d3740b-8f55-4cdd-bf49-be2cb3076f63,coughvid_data/a3d3740b-8f55-4cdd-bf49-be2cb3076f63.wav,coughvid_data/a3d3740b-8f55-4cdd-bf49-be2cb3076f63.wav,0.0
4b3f9ab2-bede-41dc-a4d2-190320cb5cff,coughvid_data/4b3f9ab2-bede-41dc-a4d2-190320cb5cff.wav,coughvid_data/4b3f9ab2-bede-41dc-a4d2-190320cb5cff.wav,1.0
52f6838a-4033-4a71-84bb-81cbb4e64ab7,coughvid_data/52f6838a-4033-4a71-84bb-81cbb4e64ab7.wav,coughvid_data/52f6838a-4033-4a71-84bb-81cbb4e64ab7.wav,1.0
ddff142b-1fd3-4597-9a57-e984663774b7,coughvid_data/ddff142b-1fd3-4597-9a57-e984663774b7.wav,coughvid_data/ddff142b-1fd3-4597-9a57-e984663774b7.wav,0.0
2dcebd2c-273c-4217-9f0a-ca3e04dddf4e,coughvid_data/2dcebd2c-273c-4217-9f0a-ca3e04dddf4e.wav,coughvid_data/2dcebd2c-273c-4217-9f0a-ca3e04dddf4e.wav,1.0
8a529f53-b0c3-422b-984b-c536bb64e889,coughvid_data/8a529f53-b0c3-422b-984b-c536bb64e889.wav,coughvid_data/8a529f53-b0c3-422b-984b-c536bb64e889.wav,0.0
a6d9f434-a062-4f94-8aa4-5aea39727199,coughvid_data/a6d9f434-a062-4f94-8aa4-5aea39727199.wav,coughvid_data/a6d9f434-a062-4f94-8aa4-5aea39727199.wav,1.0
de27846f-be7c-41d5-8fc3-f6ea1c1b28ad,coughvid_data/de27846f-be7c-41d5-8fc3-f6ea1c1b28ad.wav,coughvid_data/de27846f-be7c-41d5-8fc3-f6ea1c1b28ad.wav,1.0
eb354226-9836-4e0c-9395-8b345d98e59f,coughvid_data/eb354226-9836-4e0c-9395-8b345d98e59f.wav,coughvid_data/eb354226-9836-4e0c-9395-8b345d98e59f.wav,1.0
3900b2b6-844e-4f92-bbe0-228cd6fac979,coughvid_data/3900b2b6-844e-4f92-bbe0-228cd6fac979.wav,coughvid_data/3900b2b6-844e-4f92-bbe0-228cd6fac979.wav,1.0
a6760bcd-e04a-4487-8d77-08cb7b62dfa4,coughvid_data/a6760bcd-e04a-4487-8d77-08cb7b62dfa4.wav,coughvid_data/a6760bcd-e04a-4487-8d77-08cb7b62dfa4.wav,1.0
78793e64-6662-4fc4-9aa2-1fc09630daed,coughvid_data/78793e64-6662-4fc4-9aa2-1fc09630daed.wav,coughvid_data/78793e64-6662-4fc4-9aa2-1fc09630daed.wav,1.0
57eded78-cad3-4056-aed6-d284093dc1a2,coughvid_data/57eded78-cad3-4056-aed6-d284093dc1a2.wav,coughvid_data/57eded78-cad3-4056-aed6-d284093dc1a2.wav,0.0
d6dc6b72-8fa4-4180-8401-8ad97117bfc9,coughvid_data/d6dc6b72-8fa4-4180-8401-8ad97117bfc9.wav,coughvid_data/d6dc6b72-8fa4-4180-8401-8ad97117bfc9.wav,0.0
dc5de811-4603-47f2-8c0a-b79775c7ce7d,coughvid_data/dc5de811-4603-47f2-8c0a-b79775c7ce7d.wav,coughvid_data/dc5de811-4603-47f2-8c0a-b79775c7ce7d.wav,0.0
ec1bd9a5-ce99-47c6-b2c3-bd23874ed8a7,coughvid_data/ec1bd9a5-ce99-47c6-b2c3-bd23874ed8a7.wav,coughvid_data/ec1bd9a5-ce99-47c6-b2c3-bd23874ed8a7.wav,0.0
cb5b9412-edee-447d-986d-a6321ff8fc2a,coughvid_data/cb5b9412-edee-447d-986d-a6321ff8fc2a.wav,coughvid_data/cb5b9412-edee-447d-986d-a6321ff8fc2a.wav,0.0
8599880b-6271-4bc4-9c01-aa4b714c7568,coughvid_data/8599880b-6271-4bc4-9c01-aa4b714c7568.wav,coughvid_data/8599880b-6271-4bc4-9c01-aa4b714c7568.wav,0.0
d3f013d0-028f-4a76-bc5e-694409dd6371,coughvid_data/d3f013d0-028f-4a76-bc5e-694409dd6371.wav,coughvid_data/d3f013d0-028f-4a76-bc5e-694409dd6371.wav,1.0
d672c892-6015-4875-b01e-71bdd4f5d791,coughvid_data/d672c892-6015-4875-b01e-71bdd4f5d791.wav,coughvid_data/d672c892-6015-4875-b01e-71bdd4f5d791.wav,1.0
78214d3f-046c-4e73-bf43-564e907329fe,coughvid_data/78214d3f-046c-4e73-bf43-564e907329fe.wav,coughvid_data/78214d3f-046c-4e73-bf43-564e907329fe.wav,1.0
833ffd25-e18c-4756-8a3d-d1d95c8bd33e,coughvid_data/833ffd25-e18c-4756-8a3d-d1d95c8bd33e.wav,coughvid_data/833ffd25-e18c-4756-8a3d-d1d95c8bd33e.wav,1.0
edb83e4e-53d1-4648-9332-78f9c75bcae3,coughvid_data/edb83e4e-53d1-4648-9332-78f9c75bcae3.wav,coughvid_data/edb83e4e-53d1-4648-9332-78f9c75bcae3.wav,1.0
4a31db13-a871-43f8-88ed-f5f153e79fa2,coughvid_data/4a31db13-a871-43f8-88ed-f5f153e79fa2.wav,coughvid_data/4a31db13-a871-43f8-88ed-f5f153e79fa2.wav,1.0
64e6a399-4aff-4758-a7a1-68f5460bd320,coughvid_data/64e6a399-4aff-4758-a7a1-68f5460bd320.wav,coughvid_data/64e6a399-4aff-4758-a7a1-68f5460bd320.wav,1.0
395af050-9578-4121-81a8-d1d59846dc0e,coughvid_data/395af050-9578-4121-81a8-d1d59846dc0e.wav,coughvid_data/395af050-9578-4121-81a8-d1d59846dc0e.wav,0.0
cecf7519-452b-43c4-bc33-3f9f35e423eb,coughvid_data/cecf7519-452b-43c4-bc33-3f9f35e423eb.wav,coughvid_data/cecf7519-452b-43c4-bc33-3f9f35e423eb.wav,1.0
f683a95f-1e18-4860-95b0-b8b934a9ca00,coughvid_data/f683a95f-1e18-4860-95b0-b8b934a9ca00.wav,coughvid_data/f683a95f-1e18-4860-95b0-b8b934a9ca00.wav,1.0
c18183e6-cc7e-40bc-a2df-da1bfd74d82e,coughvid_data/c18183e6-cc7e-40bc-a2df-da1bfd74d82e.wav,coughvid_data/c18183e6-cc7e-40bc-a2df-da1bfd74d82e.wav,1.0
5caf9a03-6f11-4552-afc3-ca1e60cc5ef1,coughvid_data/5caf9a03-6f11-4552-afc3-ca1e60cc5ef1.wav,coughvid_data/5caf9a03-6f11-4552-afc3-ca1e60cc5ef1.wav,0.0
f61f1ba1-1c26-457f-8339-c7357d8f80a7,coughvid_data/f61f1ba1-1c26-457f-8339-c7357d8f80a7.wav,coughvid_data/f61f1ba1-1c26-457f-8339-c7357d8f80a7.wav,0.0
63e1d6bb-238a-43b1-a66f-d534a78a808d,coughvid_data/63e1d6bb-238a-43b1-a66f-d534a78a808d.wav,coughvid_data/63e1d6bb-238a-43b1-a66f-d534a78a808d.wav,1.0
e8db5f15-6dc2-461d-b0b9-47f831f37eed,coughvid_data/e8db5f15-6dc2-461d-b0b9-47f831f37eed.wav,coughvid_data/e8db5f15-6dc2-461d-b0b9-47f831f37eed.wav,0.0
bda0e363-bb50-47cb-8dc1-d0fdc554066c,coughvid_data/bda0e363-bb50-47cb-8dc1-d0fdc554066c.wav,coughvid_data/bda0e363-bb50-47cb-8dc1-d0fdc554066c.wav,1.0
0ecdffec-2f8c-4630-86ea-f7e0c81063f6,coughvid_data/0ecdffec-2f8c-4630-86ea-f7e0c81063f6.wav,coughvid_data/0ecdffec-2f8c-4630-86ea-f7e0c81063f6.wav,0.0
8cbc0343-0927-4290-866b-d97ac4b71929,coughvid_data/8cbc0343-0927-4290-866b-d97ac4b71929.wav,coughvid_data/8cbc0343-0927-4290-866b-d97ac4b71929.wav,0.0
26e55b0d-018c-474b-a171-f724f94d9b5e,coughvid_data/26e55b0d-018c-474b-a171-f724f94d9b5e.wav,coughvid_data/26e55b0d-018c-474b-a171-f724f94d9b5e.wav,1.0
54a8d870-6ab4-4022-9661-623e9ce85da7,coughvid_data/54a8d870-6ab4-4022-9661-623e9ce85da7.wav,coughvid_data/54a8d870-6ab4-4022-9661-623e9ce85da7.wav,0.0
4420f5fe-14f9-4b93-a56b-adef65feeaaa,coughvid_data/4420f5fe-14f9-4b93-a56b-adef65feeaaa.wav,coughvid_data/4420f5fe-14f9-4b93-a56b-adef65feeaaa.wav,1.0
e705c0db-8ac0-4c88-a920-4143e1f48981,coughvid_data/e705c0db-8ac0-4c88-a920-4143e1f48981.wav,coughvid_data/e705c0db-8ac0-4c88-a920-4143e1f48981.wav,0.0
b2d806e7-37d8-4e92-8780-c7b8ed7d7b26,coughvid_data/b2d806e7-37d8-4e92-8780-c7b8ed7d7b26.wav,coughvid_data/b2d806e7-37d8-4e92-8780-c7b8ed7d7b26.wav,1.0
bfc67d2d-5c3a-48b6-9b3f-688291eae1d3,coughvid_data/bfc67d2d-5c3a-48b6-9b3f-688291eae1d3.wav,coughvid_data/bfc67d2d-5c3a-48b6-9b3f-688291eae1d3.wav,1.0
a7624a4f-e660-4285-a16f-115e3c260382,coughvid_data/a7624a4f-e660-4285-a16f-115e3c260382.wav,coughvid_data/a7624a4f-e660-4285-a16f-115e3c260382.wav,1.0
5e8bcc86-889a-4e6b-9376-8b194f6546be,coughvid_data/5e8bcc86-889a-4e6b-9376-8b194f6546be.wav,coughvid_data/5e8bcc86-889a-4e6b-9376-8b194f6546be.wav,1.0
0d930dca-d29e-4b69-a211-79ce69081c97,coughvid_data/0d930dca-d29e-4b69-a211-79ce69081c97.wav,coughvid_data/0d930dca-d29e-4b69-a211-79ce69081c97.wav,1.0
ecf50e70-076c-4ab3-b7f3-949862062cd2,coughvid_data/ecf50e70-076c-4ab3-b7f3-949862062cd2.wav,coughvid_data/ecf50e70-076c-4ab3-b7f3-949862062cd2.wav,0.0
31defaca-829c-4892-874c-a27a801c58a0,coughvid_data/31defaca-829c-4892-874c-a27a801c58a0.wav,coughvid_data/31defaca-829c-4892-874c-a27a801c58a0.wav,1.0
d16800f5-c339-4b4a-9921-7ff3fbb1c072,coughvid_data/d16800f5-c339-4b4a-9921-7ff3fbb1c072.wav,coughvid_data/d16800f5-c339-4b4a-9921-7ff3fbb1c072.wav,0.0
6e5294b2-a8cd-4896-b8b7-83fce44329dc,coughvid_data/6e5294b2-a8cd-4896-b8b7-83fce44329dc.wav,coughvid_data/6e5294b2-a8cd-4896-b8b7-83fce44329dc.wav,0.0
e1e2b111-177b-413f-808e-2552e37e7974,coughvid_data/e1e2b111-177b-413f-808e-2552e37e7974.wav,coughvid_data/e1e2b111-177b-413f-808e-2552e37e7974.wav,1.0
6ba62302-b54e-47dc-8a22-eab0bb0411c2,coughvid_data/6ba62302-b54e-47dc-8a22-eab0bb0411c2.wav,coughvid_data/6ba62302-b54e-47dc-8a22-eab0bb0411c2.wav,1.0
e5fb1dbc-78dd-4406-893f-5a8e1bafcbee,coughvid_data/e5fb1dbc-78dd-4406-893f-5a8e1bafcbee.wav,coughvid_data/e5fb1dbc-78dd-4406-893f-5a8e1bafcbee.wav,0.0
2e138e21-22ba-4f2a-a6c2-a442dcedc920,coughvid_data/2e138e21-22ba-4f2a-a6c2-a442dcedc920.wav,coughvid_data/2e138e21-22ba-4f2a-a6c2-a442dcedc920.wav,1.0
30af374d-09b3-4591-b8b4-c6c8cea3874f,coughvid_data/30af374d-09b3-4591-b8b4-c6c8cea3874f.wav,coughvid_data/30af374d-09b3-4591-b8b4-c6c8cea3874f.wav,0.0
f19ef578-8cac-4caa-bc21-897b0849c7f9,coughvid_data/f19ef578-8cac-4caa-bc21-897b0849c7f9.wav,coughvid_data/f19ef578-8cac-4caa-bc21-897b0849c7f9.wav,1.0
025a34b6-7c0b-48a7-9c4b-5941fd8bf10e,coughvid_data/025a34b6-7c0b-48a7-9c4b-5941fd8bf10e.wav,coughvid_data/025a34b6-7c0b-48a7-9c4b-5941fd8bf10e.wav,0.0
761b2eff-bc6f-4e80-b23c-294b24ea2998,coughvid_data/761b2eff-bc6f-4e80-b23c-294b24ea2998.wav,coughvid_data/761b2eff-bc6f-4e80-b23c-294b24ea2998.wav,1.0
7fe7d7bf-b4c9-4c8c-af09-201879ce33fd,coughvid_data/7fe7d7bf-b4c9-4c8c-af09-201879ce33fd.wav,coughvid_data/7fe7d7bf-b4c9-4c8c-af09-201879ce33fd.wav,0.0
3adc3546-90a5-460c-b451-a3147509a80d,coughvid_data/3adc3546-90a5-460c-b451-a3147509a80d.wav,coughvid_data/3adc3546-90a5-460c-b451-a3147509a80d.wav,0.0
9c95d2c2-68f2-4397-b02e-86eb5da86eb9,coughvid_data/9c95d2c2-68f2-4397-b02e-86eb5da86eb9.wav,coughvid_data/9c95d2c2-68f2-4397-b02e-86eb5da86eb9.wav,0.0
492b779f-1ab2-40c4-936c-2769e0460362,coughvid_data/492b779f-1ab2-40c4-936c-2769e0460362.wav,coughvid_data/492b779f-1ab2-40c4-936c-2769e0460362.wav,0.0
5acaad24-8c63-42e5-8c16-c747c5a5d639,coughvid_data/5acaad24-8c63-42e5-8c16-c747c5a5d639.wav,coughvid_data/5acaad24-8c63-42e5-8c16-c747c5a5d639.wav,0.0
355b8cc3-9f98-466d-92f2-605397814d6b,coughvid_data/355b8cc3-9f98-466d-92f2-605397814d6b.wav,coughvid_data/355b8cc3-9f98-466d-92f2-605397814d6b.wav,0.0
c71037f4-3e53-43ad-a789-a58df7a79cf5,coughvid_data/c71037f4-3e53-43ad-a789-a58df7a79cf5.wav,coughvid_data/c71037f4-3e53-43ad-a789-a58df7a79cf5.wav,0.0
c8b53c4f-4403-4002-9375-dcda6623491e,coughvid_data/c8b53c4f-4403-4002-9375-dcda6623491e.wav,coughvid_data/c8b53c4f-4403-4002-9375-dcda6623491e.wav,1.0
eac736db-4898-4ddb-b4fe-d4d5b7128af1,coughvid_data/eac736db-4898-4ddb-b4fe-d4d5b7128af1.wav,coughvid_data/eac736db-4898-4ddb-b4fe-d4d5b7128af1.wav,0.0
cae067a0-b22d-4417-8978-cc93ca6e3bae,coughvid_data/cae067a0-b22d-4417-8978-cc93ca6e3bae.wav,coughvid_data/cae067a0-b22d-4417-8978-cc93ca6e3bae.wav,0.0
fdb5494a-6f9b-4707-a84a-8758c127b3f9,coughvid_data/fdb5494a-6f9b-4707-a84a-8758c127b3f9.wav,coughvid_data/fdb5494a-6f9b-4707-a84a-8758c127b3f9.wav,0.0
dd212a34-5822-46ac-b683-ed2fbb2e50a6,coughvid_data/dd212a34-5822-46ac-b683-ed2fbb2e50a6.wav,coughvid_data/dd212a34-5822-46ac-b683-ed2fbb2e50a6.wav,0.0
552ace0b-b541-4132-a245-e154283852cc,coughvid_data/552ace0b-b541-4132-a245-e154283852cc.wav,coughvid_data/552ace0b-b541-4132-a245-e154283852cc.wav,1.0
f614412b-1470-48bb-8c66-4e0f093aa0ad,coughvid_data/f614412b-1470-48bb-8c66-4e0f093aa0ad.wav,coughvid_data/f614412b-1470-48bb-8c66-4e0f093aa0ad.wav,1.0
c5a34881-c434-4883-bfc2-6846ab23bf4a,coughvid_data/c5a34881-c434-4883-bfc2-6846ab23bf4a.wav,coughvid_data/c5a34881-c434-4883-bfc2-6846ab23bf4a.wav,1.0
6081597a-ed60-464c-a63d-de7c406317a3,coughvid_data/6081597a-ed60-464c-a63d-de7c406317a3.wav,coughvid_data/6081597a-ed60-464c-a63d-de7c406317a3.wav,0.0
ef7b7af2-dee7-4ec9-a468-3b91ba3f5bd6,coughvid_data/ef7b7af2-dee7-4ec9-a468-3b91ba3f5bd6.wav,coughvid_data/ef7b7af2-dee7-4ec9-a468-3b91ba3f5bd6.wav,0.0
76f80730-d0fd-4d23-ac53-f9912ff95bc6,coughvid_data/76f80730-d0fd-4d23-ac53-f9912ff95bc6.wav,coughvid_data/76f80730-d0fd-4d23-ac53-f9912ff95bc6.wav,1.0
8c78a5a1-7118-4792-9696-30b463aa4661,coughvid_data/8c78a5a1-7118-4792-9696-30b463aa4661.wav,coughvid_data/8c78a5a1-7118-4792-9696-30b463aa4661.wav,0.0
1d46833d-ba5c-469d-8d03-2817349c8fc1,coughvid_data/1d46833d-ba5c-469d-8d03-2817349c8fc1.wav,coughvid_data/1d46833d-ba5c-469d-8d03-2817349c8fc1.wav,1.0
4b13767c-2cca-4b8b-85b3-89164e23d09c,coughvid_data/4b13767c-2cca-4b8b-85b3-89164e23d09c.wav,coughvid_data/4b13767c-2cca-4b8b-85b3-89164e23d09c.wav,0.0
d3ec2bb4-a6ab-4e7b-83f3-805d6c786842,coughvid_data/d3ec2bb4-a6ab-4e7b-83f3-805d6c786842.wav,coughvid_data/d3ec2bb4-a6ab-4e7b-83f3-805d6c786842.wav,1.0
28fb79fb-b85c-46b8-9319-24310f521cf7,coughvid_data/28fb79fb-b85c-46b8-9319-24310f521cf7.wav,coughvid_data/28fb79fb-b85c-46b8-9319-24310f521cf7.wav,1.0
30012ed5-bd75-4917-8a64-78b4661b93c8,coughvid_data/30012ed5-bd75-4917-8a64-78b4661b93c8.wav,coughvid_data/30012ed5-bd75-4917-8a64-78b4661b93c8.wav,1.0
de2b1eb1-6ecb-4e39-b37d-24ed656e416d,coughvid_data/de2b1eb1-6ecb-4e39-b37d-24ed656e416d.wav,coughvid_data/de2b1eb1-6ecb-4e39-b37d-24ed656e416d.wav,1.0
fba55218-7cf9-4e31-9c40-b31fa1f72b55,coughvid_data/fba55218-7cf9-4e31-9c40-b31fa1f72b55.wav,coughvid_data/fba55218-7cf9-4e31-9c40-b31fa1f72b55.wav,1.0
fc4fa3c9-0643-4a10-a338-4145acd3c87f,coughvid_data/fc4fa3c9-0643-4a10-a338-4145acd3c87f.wav,coughvid_data/fc4fa3c9-0643-4a10-a338-4145acd3c87f.wav,1.0
5b428753-870f-4996-b754-1dfae424423f,coughvid_data/5b428753-870f-4996-b754-1dfae424423f.wav,coughvid_data/5b428753-870f-4996-b754-1dfae424423f.wav,0.0
89040926-c277-4775-902c-d851c91ce639,coughvid_data/89040926-c277-4775-902c-d851c91ce639.wav,coughvid_data/89040926-c277-4775-902c-d851c91ce639.wav,0.0
5c2e3696-cbe3-4993-97bd-3902f2876544,coughvid_data/5c2e3696-cbe3-4993-97bd-3902f2876544.wav,coughvid_data/5c2e3696-cbe3-4993-97bd-3902f2876544.wav,0.0
be5308fa-9231-4443-a96a-de74c3abac0a,coughvid_data/be5308fa-9231-4443-a96a-de74c3abac0a.wav,coughvid_data/be5308fa-9231-4443-a96a-de74c3abac0a.wav,0.0
cd889e2b-7012-42d2-b737-7fa6add5817b,coughvid_data/cd889e2b-7012-42d2-b737-7fa6add5817b.wav,coughvid_data/cd889e2b-7012-42d2-b737-7fa6add5817b.wav,0.0
d48cf075-83fd-4c6e-babe-2395496c9d7c,coughvid_data/d48cf075-83fd-4c6e-babe-2395496c9d7c.wav,coughvid_data/d48cf075-83fd-4c6e-babe-2395496c9d7c.wav,1.0
4e8a8b2b-3437-4358-a1fc-407c04c51a0d,coughvid_data/4e8a8b2b-3437-4358-a1fc-407c04c51a0d.wav,coughvid_data/4e8a8b2b-3437-4358-a1fc-407c04c51a0d.wav,1.0
997f8ad4-7ed1-48f3-9625-9411e8f49954,coughvid_data/997f8ad4-7ed1-48f3-9625-9411e8f49954.wav,coughvid_data/997f8ad4-7ed1-48f3-9625-9411e8f49954.wav,0.0
3c6b0bff-c5ae-4226-a869-b64afe2e1d23,coughvid_data/3c6b0bff-c5ae-4226-a869-b64afe2e1d23.wav,coughvid_data/3c6b0bff-c5ae-4226-a869-b64afe2e1d23.wav,1.0
55f4ba00-94f6-47e9-8349-3f38537a9513,coughvid_data/55f4ba00-94f6-47e9-8349-3f38537a9513.wav,coughvid_data/55f4ba00-94f6-47e9-8349-3f38537a9513.wav,1.0
00ddf050-6939-4f33-9e54-fcb309b895ec,coughvid_data/00ddf050-6939-4f33-9e54-fcb309b895ec.wav,coughvid_data/00ddf050-6939-4f33-9e54-fcb309b895ec.wav,1.0
2b2718c0-6d3d-43ec-8dbc-07c34275ffe6,coughvid_data/2b2718c0-6d3d-43ec-8dbc-07c34275ffe6.wav,coughvid_data/2b2718c0-6d3d-43ec-8dbc-07c34275ffe6.wav,0.0
cff4dd53-98d2-4de8-b306-51cc6f52eb86,coughvid_data/cff4dd53-98d2-4de8-b306-51cc6f52eb86.wav,coughvid_data/cff4dd53-98d2-4de8-b306-51cc6f52eb86.wav,1.0
ff96397c-5899-438f-b6a5-afab5bf68948,coughvid_data/ff96397c-5899-438f-b6a5-afab5bf68948.wav,coughvid_data/ff96397c-5899-438f-b6a5-afab5bf68948.wav,1.0
83918aa3-81c4-4f19-8368-cfaf26e03477,coughvid_data/83918aa3-81c4-4f19-8368-cfaf26e03477.wav,coughvid_data/83918aa3-81c4-4f19-8368-cfaf26e03477.wav,1.0
9ec3c300-0f61-48e3-80ac-abc0759b4f18,coughvid_data/9ec3c300-0f61-48e3-80ac-abc0759b4f18.wav,coughvid_data/9ec3c300-0f61-48e3-80ac-abc0759b4f18.wav,1.0
968f0647-db89-45d9-beca-64a7d4b15109,coughvid_data/968f0647-db89-45d9-beca-64a7d4b15109.wav,coughvid_data/968f0647-db89-45d9-beca-64a7d4b15109.wav,0.0
11b3c158-d749-4036-9c68-6631f563dd11,coughvid_data/11b3c158-d749-4036-9c68-6631f563dd11.wav,coughvid_data/11b3c158-d749-4036-9c68-6631f563dd11.wav,1.0
0cfab49b-834d-4e27-89af-efa08e8d7519,coughvid_data/0cfab49b-834d-4e27-89af-efa08e8d7519.wav,coughvid_data/0cfab49b-834d-4e27-89af-efa08e8d7519.wav,1.0
cd37175e-a2bb-4c43-a96b-12e3118d244a,coughvid_data/cd37175e-a2bb-4c43-a96b-12e3118d244a.wav,coughvid_data/cd37175e-a2bb-4c43-a96b-12e3118d244a.wav,1.0
d6710370-2d0d-4777-a25c-b772c9bea6d4,coughvid_data/d6710370-2d0d-4777-a25c-b772c9bea6d4.wav,coughvid_data/d6710370-2d0d-4777-a25c-b772c9bea6d4.wav,1.0
8fc7e2a4-3623-4e7c-861f-fcac17ce703b,coughvid_data/8fc7e2a4-3623-4e7c-861f-fcac17ce703b.wav,coughvid_data/8fc7e2a4-3623-4e7c-861f-fcac17ce703b.wav,0.0
59a70ae6-710f-4b93-acc8-6cab4db413fb,coughvid_data/59a70ae6-710f-4b93-acc8-6cab4db413fb.wav,coughvid_data/59a70ae6-710f-4b93-acc8-6cab4db413fb.wav,1.0
07c69d0b-5cbf-4f19-a2dd-083757b4c944,coughvid_data/07c69d0b-5cbf-4f19-a2dd-083757b4c944.wav,coughvid_data/07c69d0b-5cbf-4f19-a2dd-083757b4c944.wav,1.0
aa54a49a-f523-4a26-9309-7b64b74f5256,coughvid_data/aa54a49a-f523-4a26-9309-7b64b74f5256.wav,coughvid_data/aa54a49a-f523-4a26-9309-7b64b74f5256.wav,0.0
80399c6d-4f16-48c2-905f-43f6c7a94079,coughvid_data/80399c6d-4f16-48c2-905f-43f6c7a94079.wav,coughvid_data/80399c6d-4f16-48c2-905f-43f6c7a94079.wav,1.0
19ecc87a-db77-4d6b-be47-ee049343d442,coughvid_data/19ecc87a-db77-4d6b-be47-ee049343d442.wav,coughvid_data/19ecc87a-db77-4d6b-be47-ee049343d442.wav,0.0
42568bb7-e746-4756-b776-89175a382e03,coughvid_data/42568bb7-e746-4756-b776-89175a382e03.wav,coughvid_data/42568bb7-e746-4756-b776-89175a382e03.wav,0.0
154b585c-4a77-479a-8d73-d75e368f5763,coughvid_data/154b585c-4a77-479a-8d73-d75e368f5763.wav,coughvid_data/154b585c-4a77-479a-8d73-d75e368f5763.wav,0.0
e912a108-0d63-4731-abbc-dd4402b8db68,coughvid_data/e912a108-0d63-4731-abbc-dd4402b8db68.wav,coughvid_data/e912a108-0d63-4731-abbc-dd4402b8db68.wav,0.0
a1535867-1b10-45ce-9cc3-294b765ac7fc,coughvid_data/a1535867-1b10-45ce-9cc3-294b765ac7fc.wav,coughvid_data/a1535867-1b10-45ce-9cc3-294b765ac7fc.wav,1.0
5cbdc0f3-7c2f-4fd4-af28-57bd4d61fd78,coughvid_data/5cbdc0f3-7c2f-4fd4-af28-57bd4d61fd78.wav,coughvid_data/5cbdc0f3-7c2f-4fd4-af28-57bd4d61fd78.wav,1.0
2b1401a8-1cb4-494d-b28e-8aca3f7056f3,coughvid_data/2b1401a8-1cb4-494d-b28e-8aca3f7056f3.wav,coughvid_data/2b1401a8-1cb4-494d-b28e-8aca3f7056f3.wav,1.0
d171291b-7061-43b8-9ad8-3c0a6c30b02a,coughvid_data/d171291b-7061-43b8-9ad8-3c0a6c30b02a.wav,coughvid_data/d171291b-7061-43b8-9ad8-3c0a6c30b02a.wav,0.0
f67d8450-f76e-4c47-bbbe-85418e320acb,coughvid_data/f67d8450-f76e-4c47-bbbe-85418e320acb.wav,coughvid_data/f67d8450-f76e-4c47-bbbe-85418e320acb.wav,1.0
2a3c801b-f86e-4115-ad0e-5df11ec16370,coughvid_data/2a3c801b-f86e-4115-ad0e-5df11ec16370.wav,coughvid_data/2a3c801b-f86e-4115-ad0e-5df11ec16370.wav,0.0
8602e16f-5ba1-49ac-9095-ccd4f4c356a3,coughvid_data/8602e16f-5ba1-49ac-9095-ccd4f4c356a3.wav,coughvid_data/8602e16f-5ba1-49ac-9095-ccd4f4c356a3.wav,1.0
55d5de6d-23b3-40eb-b8ea-1af286e0f778,coughvid_data/55d5de6d-23b3-40eb-b8ea-1af286e0f778.wav,coughvid_data/55d5de6d-23b3-40eb-b8ea-1af286e0f778.wav,0.0
e6b481ff-0920-4d48-bb9d-8b5349c483b7,coughvid_data/e6b481ff-0920-4d48-bb9d-8b5349c483b7.wav,coughvid_data/e6b481ff-0920-4d48-bb9d-8b5349c483b7.wav,1.0
6d9ea08f-896a-4320-92ec-4eb20c59a18c,coughvid_data/6d9ea08f-896a-4320-92ec-4eb20c59a18c.wav,coughvid_data/6d9ea08f-896a-4320-92ec-4eb20c59a18c.wav,1.0
4397f0ea-b10d-4ce7-ace9-a5d703500cb5,coughvid_data/4397f0ea-b10d-4ce7-ace9-a5d703500cb5.wav,coughvid_data/4397f0ea-b10d-4ce7-ace9-a5d703500cb5.wav,1.0
9dc98a4b-7219-41e6-ac5a-02aa8ea8bbd4,coughvid_data/9dc98a4b-7219-41e6-ac5a-02aa8ea8bbd4.wav,coughvid_data/9dc98a4b-7219-41e6-ac5a-02aa8ea8bbd4.wav,1.0
730d6f0b-0233-43bc-bdab-477934cae644,coughvid_data/730d6f0b-0233-43bc-bdab-477934cae644.wav,coughvid_data/730d6f0b-0233-43bc-bdab-477934cae644.wav,0.0
989643d3-3a4b-4587-9558-2e6ccbd21a79,coughvid_data/989643d3-3a4b-4587-9558-2e6ccbd21a79.wav,coughvid_data/989643d3-3a4b-4587-9558-2e6ccbd21a79.wav,0.0
7a5572ef-c320-4300-b4fa-bf1a78700e71,coughvid_data/7a5572ef-c320-4300-b4fa-bf1a78700e71.wav,coughvid_data/7a5572ef-c320-4300-b4fa-bf1a78700e71.wav,1.0
bbd2b039-7a54-41f8-a6ba-60bb6d0a7636,coughvid_data/bbd2b039-7a54-41f8-a6ba-60bb6d0a7636.wav,coughvid_data/bbd2b039-7a54-41f8-a6ba-60bb6d0a7636.wav,0.0
2556f260-4e92-4cf8-884a-94d20282616c,coughvid_data/2556f260-4e92-4cf8-884a-94d20282616c.wav,coughvid_data/2556f260-4e92-4cf8-884a-94d20282616c.wav,0.0
c4198cc9-ce73-41ce-9fc8-a38ca9315195,coughvid_data/c4198cc9-ce73-41ce-9fc8-a38ca9315195.wav,coughvid_data/c4198cc9-ce73-41ce-9fc8-a38ca9315195.wav,1.0
8e16c5b3-2585-4580-b281-041ff192cec2,coughvid_data/8e16c5b3-2585-4580-b281-041ff192cec2.wav,coughvid_data/8e16c5b3-2585-4580-b281-041ff192cec2.wav,1.0
9bbefd13-0bf8-435b-9fa2-bf337af423d3,coughvid_data/9bbefd13-0bf8-435b-9fa2-bf337af423d3.wav,coughvid_data/9bbefd13-0bf8-435b-9fa2-bf337af423d3.wav,0.0
7b2c5714-0c7d-4a64-9ef1-e5d5fce005c0,coughvid_data/7b2c5714-0c7d-4a64-9ef1-e5d5fce005c0.wav,coughvid_data/7b2c5714-0c7d-4a64-9ef1-e5d5fce005c0.wav,1.0
3b248df1-2af7-4fa7-ae87-b7561db6821b,coughvid_data/3b248df1-2af7-4fa7-ae87-b7561db6821b.wav,coughvid_data/3b248df1-2af7-4fa7-ae87-b7561db6821b.wav,0.0
084faa84-3f67-4c04-803d-d99b9d3e02cd,coughvid_data/084faa84-3f67-4c04-803d-d99b9d3e02cd.wav,coughvid_data/084faa84-3f67-4c04-803d-d99b9d3e02cd.wav,1.0
f0691cd8-511b-4ac4-94a0-83841556fc1a,coughvid_data/f0691cd8-511b-4ac4-94a0-83841556fc1a.wav,coughvid_data/f0691cd8-511b-4ac4-94a0-83841556fc1a.wav,1.0
3a3b515b-fde5-4208-bb1c-c24de372c9e7,coughvid_data/3a3b515b-fde5-4208-bb1c-c24de372c9e7.wav,coughvid_data/3a3b515b-fde5-4208-bb1c-c24de372c9e7.wav,1.0
e8922b47-f9d8-4f38-822e-d3038ee337bf,coughvid_data/e8922b47-f9d8-4f38-822e-d3038ee337bf.wav,coughvid_data/e8922b47-f9d8-4f38-822e-d3038ee337bf.wav,1.0
86154e17-8089-4f5a-9dfb-427f4e5a9583,coughvid_data/86154e17-8089-4f5a-9dfb-427f4e5a9583.wav,coughvid_data/86154e17-8089-4f5a-9dfb-427f4e5a9583.wav,1.0
afa36a43-46de-4cd9-9d8c-c64611d83ca7,coughvid_data/afa36a43-46de-4cd9-9d8c-c64611d83ca7.wav,coughvid_data/afa36a43-46de-4cd9-9d8c-c64611d83ca7.wav,0.0
9cc70d11-2062-45d5-a26d-a2835d05412f,coughvid_data/9cc70d11-2062-45d5-a26d-a2835d05412f.wav,coughvid_data/9cc70d11-2062-45d5-a26d-a2835d05412f.wav,0.0
e0ddbcc8-8c86-439e-aad3-7a812bdcdf45,coughvid_data/e0ddbcc8-8c86-439e-aad3-7a812bdcdf45.wav,coughvid_data/e0ddbcc8-8c86-439e-aad3-7a812bdcdf45.wav,1.0
47298691-1737-4d18-b301-b3526e935c1e,coughvid_data/47298691-1737-4d18-b301-b3526e935c1e.wav,coughvid_data/47298691-1737-4d18-b301-b3526e935c1e.wav,1.0
1b18dec6-8c69-4ac3-844b-d792fd5bdfe3,coughvid_data/1b18dec6-8c69-4ac3-844b-d792fd5bdfe3.wav,coughvid_data/1b18dec6-8c69-4ac3-844b-d792fd5bdfe3.wav,0.0
2543061f-13b6-46d7-90a9-8d87fb86df2e,coughvid_data/2543061f-13b6-46d7-90a9-8d87fb86df2e.wav,coughvid_data/2543061f-13b6-46d7-90a9-8d87fb86df2e.wav,0.0
1f82c43f-1e5d-400e-82b5-efebf491a9c4,coughvid_data/1f82c43f-1e5d-400e-82b5-efebf491a9c4.wav,coughvid_data/1f82c43f-1e5d-400e-82b5-efebf491a9c4.wav,1.0
65b21d90-bdde-4130-8cc1-2d2e55cad21f,coughvid_data/65b21d90-bdde-4130-8cc1-2d2e55cad21f.wav,coughvid_data/65b21d90-bdde-4130-8cc1-2d2e55cad21f.wav,1.0
2825099a-7060-4e55-93cf-b7499c21dfc0,coughvid_data/2825099a-7060-4e55-93cf-b7499c21dfc0.wav,coughvid_data/2825099a-7060-4e55-93cf-b7499c21dfc0.wav,0.0
e25ff0de-663b-4f69-8023-7a866d9627f5,coughvid_data/e25ff0de-663b-4f69-8023-7a866d9627f5.wav,coughvid_data/e25ff0de-663b-4f69-8023-7a866d9627f5.wav,1.0
198fc8a1-f269-410c-a791-c32aaf60bb9b,coughvid_data/198fc8a1-f269-410c-a791-c32aaf60bb9b.wav,coughvid_data/198fc8a1-f269-410c-a791-c32aaf60bb9b.wav,1.0
21ddeaab-2e18-4711-955c-11eaebd40195,coughvid_data/21ddeaab-2e18-4711-955c-11eaebd40195.wav,coughvid_data/21ddeaab-2e18-4711-955c-11eaebd40195.wav,0.0
b175eb19-921f-4347-8a0e-312ba4ed5948,coughvid_data/b175eb19-921f-4347-8a0e-312ba4ed5948.wav,coughvid_data/b175eb19-921f-4347-8a0e-312ba4ed5948.wav,1.0
204791c8-6801-4edc-82fc-dd6dc204f815,coughvid_data/204791c8-6801-4edc-82fc-dd6dc204f815.wav,coughvid_data/204791c8-6801-4edc-82fc-dd6dc204f815.wav,0.0
101546f7-0823-4c08-965a-3a28611af80b,coughvid_data/101546f7-0823-4c08-965a-3a28611af80b.wav,coughvid_data/101546f7-0823-4c08-965a-3a28611af80b.wav,1.0
31884439-269c-440e-8bf8-a8240bbe8cbe,coughvid_data/31884439-269c-440e-8bf8-a8240bbe8cbe.wav,coughvid_data/31884439-269c-440e-8bf8-a8240bbe8cbe.wav,1.0
da1e4cb0-e06e-4a9a-9dd2-646068a4d1fc,coughvid_data/da1e4cb0-e06e-4a9a-9dd2-646068a4d1fc.wav,coughvid_data/da1e4cb0-e06e-4a9a-9dd2-646068a4d1fc.wav,1.0
c64c5bad-ba98-477c-badd-ba6afc8e2a22,coughvid_data/c64c5bad-ba98-477c-badd-ba6afc8e2a22.wav,coughvid_data/c64c5bad-ba98-477c-badd-ba6afc8e2a22.wav,0.0
e37d2e6b-2858-4d5f-aeaa-93972b3e40f6,coughvid_data/e37d2e6b-2858-4d5f-aeaa-93972b3e40f6.wav,coughvid_data/e37d2e6b-2858-4d5f-aeaa-93972b3e40f6.wav,0.0
12fb9b10-edf4-455e-bfe5-0dc9e863788e,coughvid_data/12fb9b10-edf4-455e-bfe5-0dc9e863788e.wav,coughvid_data/12fb9b10-edf4-455e-bfe5-0dc9e863788e.wav,0.0
02ae3132-0b4c-43f6-ab50-197a6d23faef,coughvid_data/02ae3132-0b4c-43f6-ab50-197a6d23faef.wav,coughvid_data/02ae3132-0b4c-43f6-ab50-197a6d23faef.wav,1.0
12fbdc5b-93d3-4799-9570-34655b0cece6,coughvid_data/12fbdc5b-93d3-4799-9570-34655b0cece6.wav,coughvid_data/12fbdc5b-93d3-4799-9570-34655b0cece6.wav,1.0
d87944f6-80af-4b9e-ab61-b74e48c692bf,coughvid_data/d87944f6-80af-4b9e-ab61-b74e48c692bf.wav,coughvid_data/d87944f6-80af-4b9e-ab61-b74e48c692bf.wav,1.0
d0a4cbf7-263d-49f1-978d-8cf767546e3c,coughvid_data/d0a4cbf7-263d-49f1-978d-8cf767546e3c.wav,coughvid_data/d0a4cbf7-263d-49f1-978d-8cf767546e3c.wav,1.0
210860ed-f80a-4ae2-ae9c-2a67ff637388,coughvid_data/210860ed-f80a-4ae2-ae9c-2a67ff637388.wav,coughvid_data/210860ed-f80a-4ae2-ae9c-2a67ff637388.wav,0.0
63b94c50-864f-4801-94d8-75e565c36509,coughvid_data/63b94c50-864f-4801-94d8-75e565c36509.wav,coughvid_data/63b94c50-864f-4801-94d8-75e565c36509.wav,0.0
a2232156-6870-4afc-af86-d1d6067e4169,coughvid_data/a2232156-6870-4afc-af86-d1d6067e4169.wav,coughvid_data/a2232156-6870-4afc-af86-d1d6067e4169.wav,1.0
b77e1bcc-b5f7-44f6-bfb6-bbd928844cb9,coughvid_data/b77e1bcc-b5f7-44f6-bfb6-bbd928844cb9.wav,coughvid_data/b77e1bcc-b5f7-44f6-bfb6-bbd928844cb9.wav,1.0
100fa960-30ee-4dfd-9364-38cf878709a0,coughvid_data/100fa960-30ee-4dfd-9364-38cf878709a0.wav,coughvid_data/100fa960-30ee-4dfd-9364-38cf878709a0.wav,1.0
4208a153-091a-4197-8f44-26303d30605f,coughvid_data/4208a153-091a-4197-8f44-26303d30605f.wav,coughvid_data/4208a153-091a-4197-8f44-26303d30605f.wav,1.0
bad110e8-54e9-48c5-84f3-056a39876c43,coughvid_data/bad110e8-54e9-48c5-84f3-056a39876c43.wav,coughvid_data/bad110e8-54e9-48c5-84f3-056a39876c43.wav,1.0
34c2c68f-3728-4b17-91a0-2700c1b4fac5,coughvid_data/34c2c68f-3728-4b17-91a0-2700c1b4fac5.wav,coughvid_data/34c2c68f-3728-4b17-91a0-2700c1b4fac5.wav,0.0
507d85c8-ee5b-43af-be00-354159f46eaf,coughvid_data/507d85c8-ee5b-43af-be00-354159f46eaf.wav,coughvid_data/507d85c8-ee5b-43af-be00-354159f46eaf.wav,0.0
f5115770-6143-4476-b04d-db66757461af,coughvid_data/f5115770-6143-4476-b04d-db66757461af.wav,coughvid_data/f5115770-6143-4476-b04d-db66757461af.wav,0.0
e604ed30-fe3f-413a-8e04-c406667dbe82,coughvid_data/e604ed30-fe3f-413a-8e04-c406667dbe82.wav,coughvid_data/e604ed30-fe3f-413a-8e04-c406667dbe82.wav,1.0
075eb140-d61d-4a3f-9fce-4b2559e0a4b5,coughvid_data/075eb140-d61d-4a3f-9fce-4b2559e0a4b5.wav,coughvid_data/075eb140-d61d-4a3f-9fce-4b2559e0a4b5.wav,1.0
e9f78ebc-6fa5-441b-84ae-d423e229e5ab,coughvid_data/e9f78ebc-6fa5-441b-84ae-d423e229e5ab.wav,coughvid_data/e9f78ebc-6fa5-441b-84ae-d423e229e5ab.wav,0.0
c742786e-1fc5-4ec2-988c-f5c31b172715,coughvid_data/c742786e-1fc5-4ec2-988c-f5c31b172715.wav,coughvid_data/c742786e-1fc5-4ec2-988c-f5c31b172715.wav,1.0
666b7f78-2bbb-498e-aebc-fa1d0e27e4c9,coughvid_data/666b7f78-2bbb-498e-aebc-fa1d0e27e4c9.wav,coughvid_data/666b7f78-2bbb-498e-aebc-fa1d0e27e4c9.wav,0.0
2e9c81b8-a17d-4454-93ab-0c3538fac866,coughvid_data/2e9c81b8-a17d-4454-93ab-0c3538fac866.wav,coughvid_data/2e9c81b8-a17d-4454-93ab-0c3538fac866.wav,1.0
11318dd5-ad28-444d-ba3f-6f01a2e2bcfd,coughvid_data/11318dd5-ad28-444d-ba3f-6f01a2e2bcfd.wav,coughvid_data/11318dd5-ad28-444d-ba3f-6f01a2e2bcfd.wav,0.0
ece99597-252a-4c7b-b7b8-735c087380fd,coughvid_data/ece99597-252a-4c7b-b7b8-735c087380fd.wav,coughvid_data/ece99597-252a-4c7b-b7b8-735c087380fd.wav,0.0
52205859-4692-4825-9f62-b620995c4c93,coughvid_data/52205859-4692-4825-9f62-b620995c4c93.wav,coughvid_data/52205859-4692-4825-9f62-b620995c4c93.wav,1.0
bc8ae260-71a2-48e8-b4f0-c8e8fafef4dd,coughvid_data/bc8ae260-71a2-48e8-b4f0-c8e8fafef4dd.wav,coughvid_data/bc8ae260-71a2-48e8-b4f0-c8e8fafef4dd.wav,1.0
e3d6c24e-7f8e-414e-a13b-7caa768fd249,coughvid_data/e3d6c24e-7f8e-414e-a13b-7caa768fd249.wav,coughvid_data/e3d6c24e-7f8e-414e-a13b-7caa768fd249.wav,0.0
28152d17-8076-410c-8f98-6f76888dd908,coughvid_data/28152d17-8076-410c-8f98-6f76888dd908.wav,coughvid_data/28152d17-8076-410c-8f98-6f76888dd908.wav,1.0
45ee08bf-4fcc-45ca-aee1-2cc30e83de41,coughvid_data/45ee08bf-4fcc-45ca-aee1-2cc30e83de41.wav,coughvid_data/45ee08bf-4fcc-45ca-aee1-2cc30e83de41.wav,1.0
15a88a65-a01f-4d31-9cb3-a8b46bb8b780,coughvid_data/15a88a65-a01f-4d31-9cb3-a8b46bb8b780.wav,coughvid_data/15a88a65-a01f-4d31-9cb3-a8b46bb8b780.wav,1.0
86242f23-0563-43c1-b8ca-73ffdfffaa58,coughvid_data/86242f23-0563-43c1-b8ca-73ffdfffaa58.wav,coughvid_data/86242f23-0563-43c1-b8ca-73ffdfffaa58.wav,0.0
f8ba6ecf-f33d-4420-ad13-9b8ee88b21c8,coughvid_data/f8ba6ecf-f33d-4420-ad13-9b8ee88b21c8.wav,coughvid_data/f8ba6ecf-f33d-4420-ad13-9b8ee88b21c8.wav,0.0
b3c7abec-44f9-4fdc-a88b-250ed4c21532,coughvid_data/b3c7abec-44f9-4fdc-a88b-250ed4c21532.wav,coughvid_data/b3c7abec-44f9-4fdc-a88b-250ed4c21532.wav,0.0
ce076f64-32e8-4a20-97d9-dc7daea5afcf,coughvid_data/ce076f64-32e8-4a20-97d9-dc7daea5afcf.wav,coughvid_data/ce076f64-32e8-4a20-97d9-dc7daea5afcf.wav,0.0
5cb534a8-8aaa-4896-b15a-c2d2d9093808,coughvid_data/5cb534a8-8aaa-4896-b15a-c2d2d9093808.wav,coughvid_data/5cb534a8-8aaa-4896-b15a-c2d2d9093808.wav,1.0
2e99e2b0-fe3e-40ac-8f09-06d31261d5da,coughvid_data/2e99e2b0-fe3e-40ac-8f09-06d31261d5da.wav,coughvid_data/2e99e2b0-fe3e-40ac-8f09-06d31261d5da.wav,0.0
5e61de24-a0c5-4819-bf5e-8687a33f0e4e,coughvid_data/5e61de24-a0c5-4819-bf5e-8687a33f0e4e.wav,coughvid_data/5e61de24-a0c5-4819-bf5e-8687a33f0e4e.wav,1.0
d008e496-2737-4768-b6a6-0159873ac447,coughvid_data/d008e496-2737-4768-b6a6-0159873ac447.wav,coughvid_data/d008e496-2737-4768-b6a6-0159873ac447.wav,1.0
c3622f1c-b318-41b8-9acf-afcfdf2f05de,coughvid_data/c3622f1c-b318-41b8-9acf-afcfdf2f05de.wav,coughvid_data/c3622f1c-b318-41b8-9acf-afcfdf2f05de.wav,0.0
d429f299-66dc-4d54-8307-f6fc91305036,coughvid_data/d429f299-66dc-4d54-8307-f6fc91305036.wav,coughvid_data/d429f299-66dc-4d54-8307-f6fc91305036.wav,1.0
96eb5eed-adff-4c9e-91d3-955e1c41b882,coughvid_data/96eb5eed-adff-4c9e-91d3-955e1c41b882.wav,coughvid_data/96eb5eed-adff-4c9e-91d3-955e1c41b882.wav,1.0
6ae06826-16a2-48b7-99a9-01f9bc48e8e7,coughvid_data/6ae06826-16a2-48b7-99a9-01f9bc48e8e7.wav,coughvid_data/6ae06826-16a2-48b7-99a9-01f9bc48e8e7.wav,0.0
c69b6312-5686-40d9-94bf-7dab51f1d117,coughvid_data/c69b6312-5686-40d9-94bf-7dab51f1d117.wav,coughvid_data/c69b6312-5686-40d9-94bf-7dab51f1d117.wav,1.0
11119259-2361-4f55-8051-dace70fd7ccf,coughvid_data/11119259-2361-4f55-8051-dace70fd7ccf.wav,coughvid_data/11119259-2361-4f55-8051-dace70fd7ccf.wav,0.0
b1ecc686-8ea6-46ec-975c-f0eb6e9ccee9,coughvid_data/b1ecc686-8ea6-46ec-975c-f0eb6e9ccee9.wav,coughvid_data/b1ecc686-8ea6-46ec-975c-f0eb6e9ccee9.wav,1.0
4c56d691-9cda-499c-8613-59a9c5659003,coughvid_data/4c56d691-9cda-499c-8613-59a9c5659003.wav,coughvid_data/4c56d691-9cda-499c-8613-59a9c5659003.wav,1.0
bda0cfca-045f-4ded-9c94-7129ea91a86a,coughvid_data/bda0cfca-045f-4ded-9c94-7129ea91a86a.wav,coughvid_data/bda0cfca-045f-4ded-9c94-7129ea91a86a.wav,0.0
4b910657-348b-4a87-bf93-257fd2081cfa,coughvid_data/4b910657-348b-4a87-bf93-257fd2081cfa.wav,coughvid_data/4b910657-348b-4a87-bf93-257fd2081cfa.wav,0.0
89b56ab6-553e-4803-8c1e-507ee6b95302,coughvid_data/89b56ab6-553e-4803-8c1e-507ee6b95302.wav,coughvid_data/89b56ab6-553e-4803-8c1e-507ee6b95302.wav,0.0
ee5ba795-00c2-433e-9910-95b1c84b0701,coughvid_data/ee5ba795-00c2-433e-9910-95b1c84b0701.wav,coughvid_data/ee5ba795-00c2-433e-9910-95b1c84b0701.wav,1.0
f235cd2b-067b-45dc-9e79-99551214141d,coughvid_data/f235cd2b-067b-45dc-9e79-99551214141d.wav,coughvid_data/f235cd2b-067b-45dc-9e79-99551214141d.wav,1.0
8533d015-9048-4729-af43-0b819e42939e,coughvid_data/8533d015-9048-4729-af43-0b819e42939e.wav,coughvid_data/8533d015-9048-4729-af43-0b819e42939e.wav,0.0
2e0e732f-3cf5-4fb6-9762-aae4ab603d4d,coughvid_data/2e0e732f-3cf5-4fb6-9762-aae4ab603d4d.wav,coughvid_data/2e0e732f-3cf5-4fb6-9762-aae4ab603d4d.wav,1.0
83d7ddd5-717e-4471-91e5-deab9bf34493,coughvid_data/83d7ddd5-717e-4471-91e5-deab9bf34493.wav,coughvid_data/83d7ddd5-717e-4471-91e5-deab9bf34493.wav,0.0
d214698e-d444-42db-84e4-c8bfea083c46,coughvid_data/d214698e-d444-42db-84e4-c8bfea083c46.wav,coughvid_data/d214698e-d444-42db-84e4-c8bfea083c46.wav,0.0
b8ff7ae2-6187-432e-aadf-31a7f85b361c,coughvid_data/b8ff7ae2-6187-432e-aadf-31a7f85b361c.wav,coughvid_data/b8ff7ae2-6187-432e-aadf-31a7f85b361c.wav,0.0
eb9768b2-adb6-43d6-a64c-4b60d1f92bac,coughvid_data/eb9768b2-adb6-43d6-a64c-4b60d1f92bac.wav,coughvid_data/eb9768b2-adb6-43d6-a64c-4b60d1f92bac.wav,1.0
fd39271f-9603-4af4-89ae-137d9dbb6b3a,coughvid_data/fd39271f-9603-4af4-89ae-137d9dbb6b3a.wav,coughvid_data/fd39271f-9603-4af4-89ae-137d9dbb6b3a.wav,1.0
eaea9304-04cd-442c-8d0f-5016f01141db,coughvid_data/eaea9304-04cd-442c-8d0f-5016f01141db.wav,coughvid_data/eaea9304-04cd-442c-8d0f-5016f01141db.wav,1.0
ad4f1929-696a-45db-89ea-265e4853c43c,coughvid_data/ad4f1929-696a-45db-89ea-265e4853c43c.wav,coughvid_data/ad4f1929-696a-45db-89ea-265e4853c43c.wav,1.0
ab007b1a-114c-4fd0-b271-3080149b8cab,coughvid_data/ab007b1a-114c-4fd0-b271-3080149b8cab.wav,coughvid_data/ab007b1a-114c-4fd0-b271-3080149b8cab.wav,1.0
6a15ea48-771c-4a7f-bab6-d348dcc6aabd,coughvid_data/6a15ea48-771c-4a7f-bab6-d348dcc6aabd.wav,coughvid_data/6a15ea48-771c-4a7f-bab6-d348dcc6aabd.wav,1.0
b18d0543-0a6e-4c46-8d35-9705ba8aea8c,coughvid_data/b18d0543-0a6e-4c46-8d35-9705ba8aea8c.wav,coughvid_data/b18d0543-0a6e-4c46-8d35-9705ba8aea8c.wav,0.0
5030d7ac-21b8-471c-919e-74b243962ba0,coughvid_data/5030d7ac-21b8-471c-919e-74b243962ba0.wav,coughvid_data/5030d7ac-21b8-471c-919e-74b243962ba0.wav,1.0
cd8bf722-66f9-47c7-bff1-db08e400ab69,coughvid_data/cd8bf722-66f9-47c7-bff1-db08e400ab69.wav,coughvid_data/cd8bf722-66f9-47c7-bff1-db08e400ab69.wav,0.0
0a5b12c9-f676-4d22-9d8b-adcd3cf77f0f,coughvid_data/0a5b12c9-f676-4d22-9d8b-adcd3cf77f0f.wav,coughvid_data/0a5b12c9-f676-4d22-9d8b-adcd3cf77f0f.wav,1.0
ed86ae48-e293-43ed-85e7-adaf25986c3c,coughvid_data/ed86ae48-e293-43ed-85e7-adaf25986c3c.wav,coughvid_data/ed86ae48-e293-43ed-85e7-adaf25986c3c.wav,0.0
93d99c16-e9f1-44d9-8752-cd5bc08313c4,coughvid_data/93d99c16-e9f1-44d9-8752-cd5bc08313c4.wav,coughvid_data/93d99c16-e9f1-44d9-8752-cd5bc08313c4.wav,1.0
8840bce1-8112-4a0e-ac9e-a81bdca33fb5,coughvid_data/8840bce1-8112-4a0e-ac9e-a81bdca33fb5.wav,coughvid_data/8840bce1-8112-4a0e-ac9e-a81bdca33fb5.wav,0.0
718f03cc-c319-40cd-b98f-ab3b57e0b1c4,coughvid_data/718f03cc-c319-40cd-b98f-ab3b57e0b1c4.wav,coughvid_data/718f03cc-c319-40cd-b98f-ab3b57e0b1c4.wav,1.0
1a0a1dad-7f78-4ec1-aaad-203f5ae46991,coughvid_data/1a0a1dad-7f78-4ec1-aaad-203f5ae46991.wav,coughvid_data/1a0a1dad-7f78-4ec1-aaad-203f5ae46991.wav,0.0
74048b34-b37a-46c1-bd4c-ccd169c37784,coughvid_data/74048b34-b37a-46c1-bd4c-ccd169c37784.wav,coughvid_data/74048b34-b37a-46c1-bd4c-ccd169c37784.wav,1.0
86bd5780-9af3-4e33-86ba-c0105ecd408e,coughvid_data/86bd5780-9af3-4e33-86ba-c0105ecd408e.wav,coughvid_data/86bd5780-9af3-4e33-86ba-c0105ecd408e.wav,1.0
62fd496e-672b-4e62-88b9-573ee7d90f93,coughvid_data/62fd496e-672b-4e62-88b9-573ee7d90f93.wav,coughvid_data/62fd496e-672b-4e62-88b9-573ee7d90f93.wav,0.0
50075607-39a9-4937-b423-7b1686e4b9b8,coughvid_data/50075607-39a9-4937-b423-7b1686e4b9b8.wav,coughvid_data/50075607-39a9-4937-b423-7b1686e4b9b8.wav,0.0
93647322-6e77-401f-a563-409c66089b17,coughvid_data/93647322-6e77-401f-a563-409c66089b17.wav,coughvid_data/93647322-6e77-401f-a563-409c66089b17.wav,0.0
0914823d-34bb-4ff1-ac99-393be42e3f7d,coughvid_data/0914823d-34bb-4ff1-ac99-393be42e3f7d.wav,coughvid_data/0914823d-34bb-4ff1-ac99-393be42e3f7d.wav,1.0
d5bc4146-11f4-49f6-aa2f-101df203a07f,coughvid_data/d5bc4146-11f4-49f6-aa2f-101df203a07f.wav,coughvid_data/d5bc4146-11f4-49f6-aa2f-101df203a07f.wav,1.0
869cd1c1-2eff-4dcb-9185-6272ecab158f,coughvid_data/869cd1c1-2eff-4dcb-9185-6272ecab158f.wav,coughvid_data/869cd1c1-2eff-4dcb-9185-6272ecab158f.wav,0.0
cd5eabc4-b6c8-4aa8-bcf7-6d276e4d85da,coughvid_data/cd5eabc4-b6c8-4aa8-bcf7-6d276e4d85da.wav,coughvid_data/cd5eabc4-b6c8-4aa8-bcf7-6d276e4d85da.wav,0.0
2f9d75fc-c5cc-4d04-b206-2bd832eec7e8,coughvid_data/2f9d75fc-c5cc-4d04-b206-2bd832eec7e8.wav,coughvid_data/2f9d75fc-c5cc-4d04-b206-2bd832eec7e8.wav,0.0
f873e3cd-d221-42b9-a0ed-9d1260304112,coughvid_data/f873e3cd-d221-42b9-a0ed-9d1260304112.wav,coughvid_data/f873e3cd-d221-42b9-a0ed-9d1260304112.wav,0.0
79e8672c-fcd7-49ad-bbd7-1ad4a50d07e6,coughvid_data/79e8672c-fcd7-49ad-bbd7-1ad4a50d07e6.wav,coughvid_data/79e8672c-fcd7-49ad-bbd7-1ad4a50d07e6.wav,1.0
ba8e0daa-70ba-4b81-8189-bb1d364cfdf4,coughvid_data/ba8e0daa-70ba-4b81-8189-bb1d364cfdf4.wav,coughvid_data/ba8e0daa-70ba-4b81-8189-bb1d364cfdf4.wav,1.0
540a9610-6a9e-484a-b75b-cb2d78c6ae32,coughvid_data/540a9610-6a9e-484a-b75b-cb2d78c6ae32.wav,coughvid_data/540a9610-6a9e-484a-b75b-cb2d78c6ae32.wav,1.0
6d256aac-a065-4ba0-9d9b-c3f2cc8ac9d1,coughvid_data/6d256aac-a065-4ba0-9d9b-c3f2cc8ac9d1.wav,coughvid_data/6d256aac-a065-4ba0-9d9b-c3f2cc8ac9d1.wav,1.0
d81bcda6-e823-4bec-af68-27a9fad66fe0,coughvid_data/d81bcda6-e823-4bec-af68-27a9fad66fe0.wav,coughvid_data/d81bcda6-e823-4bec-af68-27a9fad66fe0.wav,1.0
9fa5f89c-1826-457e-9711-39d8d169097d,coughvid_data/9fa5f89c-1826-457e-9711-39d8d169097d.wav,coughvid_data/9fa5f89c-1826-457e-9711-39d8d169097d.wav,1.0
5e6b693c-f538-4815-8baa-9b39a1de5e71,coughvid_data/5e6b693c-f538-4815-8baa-9b39a1de5e71.wav,coughvid_data/5e6b693c-f538-4815-8baa-9b39a1de5e71.wav,0.0
d59ae936-59ca-4f87-859e-6042e89deb0b,coughvid_data/d59ae936-59ca-4f87-859e-6042e89deb0b.wav,coughvid_data/d59ae936-59ca-4f87-859e-6042e89deb0b.wav,1.0
13a65aef-e26d-4748-be3f-df3cdb226068,coughvid_data/13a65aef-e26d-4748-be3f-df3cdb226068.wav,coughvid_data/13a65aef-e26d-4748-be3f-df3cdb226068.wav,0.0
c6e9b8e3-47b3-4772-85e4-8d4b6eaa8ee5,coughvid_data/c6e9b8e3-47b3-4772-85e4-8d4b6eaa8ee5.wav,coughvid_data/c6e9b8e3-47b3-4772-85e4-8d4b6eaa8ee5.wav,0.0
a62af00a-5b98-4a4f-8374-0c752c4645f3,coughvid_data/a62af00a-5b98-4a4f-8374-0c752c4645f3.wav,coughvid_data/a62af00a-5b98-4a4f-8374-0c752c4645f3.wav,0.0
cb422e0b-36aa-4cec-9237-6b3f9b430c5c,coughvid_data/cb422e0b-36aa-4cec-9237-6b3f9b430c5c.wav,coughvid_data/cb422e0b-36aa-4cec-9237-6b3f9b430c5c.wav,0.0
e3c3361e-186a-4244-8e04-970916211a06,coughvid_data/e3c3361e-186a-4244-8e04-970916211a06.wav,coughvid_data/e3c3361e-186a-4244-8e04-970916211a06.wav,1.0
c609c95d-0969-48ca-98f6-4f0ed2e723eb,coughvid_data/c609c95d-0969-48ca-98f6-4f0ed2e723eb.wav,coughvid_data/c609c95d-0969-48ca-98f6-4f0ed2e723eb.wav,1.0
a0d05e03-812f-40a3-8bb1-85b218b79934,coughvid_data/a0d05e03-812f-40a3-8bb1-85b218b79934.wav,coughvid_data/a0d05e03-812f-40a3-8bb1-85b218b79934.wav,1.0
87748fdc-96a3-42ff-a0fd-28cc51a349e6,coughvid_data/87748fdc-96a3-42ff-a0fd-28cc51a349e6.wav,coughvid_data/87748fdc-96a3-42ff-a0fd-28cc51a349e6.wav,0.0
f4e4e818-c210-4c9e-bdca-c1cf1af1e144,coughvid_data/f4e4e818-c210-4c9e-bdca-c1cf1af1e144.wav,coughvid_data/f4e4e818-c210-4c9e-bdca-c1cf1af1e144.wav,1.0
4ce6a5ad-3f2f-480e-b912-e5064dfa6fc1,coughvid_data/4ce6a5ad-3f2f-480e-b912-e5064dfa6fc1.wav,coughvid_data/4ce6a5ad-3f2f-480e-b912-e5064dfa6fc1.wav,0.0
ad040241-0289-4706-bd16-2219e7496992,coughvid_data/ad040241-0289-4706-bd16-2219e7496992.wav,coughvid_data/ad040241-0289-4706-bd16-2219e7496992.wav,1.0
033b361a-596c-4581-a84a-7fb1b09395a6,coughvid_data/033b361a-596c-4581-a84a-7fb1b09395a6.wav,coughvid_data/033b361a-596c-4581-a84a-7fb1b09395a6.wav,0.0
77ca9b9b-a17b-40c9-8d9c-e0de05e0eadf,coughvid_data/77ca9b9b-a17b-40c9-8d9c-e0de05e0eadf.wav,coughvid_data/77ca9b9b-a17b-40c9-8d9c-e0de05e0eadf.wav,0.0
abeb75e0-c0db-4425-a5cc-30d220dfdad9,coughvid_data/abeb75e0-c0db-4425-a5cc-30d220dfdad9.wav,coughvid_data/abeb75e0-c0db-4425-a5cc-30d220dfdad9.wav,0.0
3bb5146d-3927-4704-add4-e72f2ad00ae2,coughvid_data/3bb5146d-3927-4704-add4-e72f2ad00ae2.wav,coughvid_data/3bb5146d-3927-4704-add4-e72f2ad00ae2.wav,1.0
f98f260a-8af0-47e4-b761-8fe9ce30ef91,coughvid_data/f98f260a-8af0-47e4-b761-8fe9ce30ef91.wav,coughvid_data/f98f260a-8af0-47e4-b761-8fe9ce30ef91.wav,1.0
526043c8-5c44-46d4-a1dd-1dacc448d8d3,coughvid_data/526043c8-5c44-46d4-a1dd-1dacc448d8d3.wav,coughvid_data/526043c8-5c44-46d4-a1dd-1dacc448d8d3.wav,0.0
5c269fd9-035f-49a3-8203-f42038803946,coughvid_data/5c269fd9-035f-49a3-8203-f42038803946.wav,coughvid_data/5c269fd9-035f-49a3-8203-f42038803946.wav,1.0
4b65949b-1e60-4e7c-9106-cbc1690bb937,coughvid_data/4b65949b-1e60-4e7c-9106-cbc1690bb937.wav,coughvid_data/4b65949b-1e60-4e7c-9106-cbc1690bb937.wav,1.0
8ec96bf7-c9a0-4af4-b524-69ee727205f8,coughvid_data/8ec96bf7-c9a0-4af4-b524-69ee727205f8.wav,coughvid_data/8ec96bf7-c9a0-4af4-b524-69ee727205f8.wav,1.0
364c56d9-03f5-4697-b3ab-892174f9755b,coughvid_data/364c56d9-03f5-4697-b3ab-892174f9755b.wav,coughvid_data/364c56d9-03f5-4697-b3ab-892174f9755b.wav,0.0
1dda927e-bd3b-4653-95e3-bd60970624ec,coughvid_data/1dda927e-bd3b-4653-95e3-bd60970624ec.wav,coughvid_data/1dda927e-bd3b-4653-95e3-bd60970624ec.wav,0.0
0f38cc71-e212-481e-ad6f-7ab087eb3cdb,coughvid_data/0f38cc71-e212-481e-ad6f-7ab087eb3cdb.wav,coughvid_data/0f38cc71-e212-481e-ad6f-7ab087eb3cdb.wav,1.0
2d37d5b3-f3e1-477d-8c1b-c2eb0d2bd786,coughvid_data/2d37d5b3-f3e1-477d-8c1b-c2eb0d2bd786.wav,coughvid_data/2d37d5b3-f3e1-477d-8c1b-c2eb0d2bd786.wav,0.0
c1cd4b99-1a8a-4c1c-9bff-d23cf6fb5f76,coughvid_data/c1cd4b99-1a8a-4c1c-9bff-d23cf6fb5f76.wav,coughvid_data/c1cd4b99-1a8a-4c1c-9bff-d23cf6fb5f76.wav,0.0
b09a9f07-62d0-44fa-b3da-b4716361eb88,coughvid_data/b09a9f07-62d0-44fa-b3da-b4716361eb88.wav,coughvid_data/b09a9f07-62d0-44fa-b3da-b4716361eb88.wav,1.0
9e18c8ca-a00f-4ece-b27c-cabc60bcdaa0,coughvid_data/9e18c8ca-a00f-4ece-b27c-cabc60bcdaa0.wav,coughvid_data/9e18c8ca-a00f-4ece-b27c-cabc60bcdaa0.wav,1.0
7837d4f8-ba10-461b-a820-1c4208fa13dc,coughvid_data/7837d4f8-ba10-461b-a820-1c4208fa13dc.wav,coughvid_data/7837d4f8-ba10-461b-a820-1c4208fa13dc.wav,0.0
c576b1e0-cb74-4560-bea4-0ba89b862273,coughvid_data/c576b1e0-cb74-4560-bea4-0ba89b862273.wav,coughvid_data/c576b1e0-cb74-4560-bea4-0ba89b862273.wav,1.0
13a424ae-e371-4742-9aa2-964a80abdb57,coughvid_data/13a424ae-e371-4742-9aa2-964a80abdb57.wav,coughvid_data/13a424ae-e371-4742-9aa2-964a80abdb57.wav,0.0
57067238-7c50-45cf-83a0-7bb3e19772f7,coughvid_data/57067238-7c50-45cf-83a0-7bb3e19772f7.wav,coughvid_data/57067238-7c50-45cf-83a0-7bb3e19772f7.wav,0.0
6b1e4f38-72f7-45a7-9cac-3d35326c7829,coughvid_data/6b1e4f38-72f7-45a7-9cac-3d35326c7829.wav,coughvid_data/6b1e4f38-72f7-45a7-9cac-3d35326c7829.wav,1.0
aad1ad53-62cd-43ff-a436-7ef16fbd51f2,coughvid_data/aad1ad53-62cd-43ff-a436-7ef16fbd51f2.wav,coughvid_data/aad1ad53-62cd-43ff-a436-7ef16fbd51f2.wav,0.0
81e0894b-e409-446a-a891-8aab6d385259,coughvid_data/81e0894b-e409-446a-a891-8aab6d385259.wav,coughvid_data/81e0894b-e409-446a-a891-8aab6d385259.wav,1.0
f81d7748-6ea2-4b58-99bd-0e2f02f524d0,coughvid_data/f81d7748-6ea2-4b58-99bd-0e2f02f524d0.wav,coughvid_data/f81d7748-6ea2-4b58-99bd-0e2f02f524d0.wav,0.0
1b5c5d38-2273-4ada-ba76-5890c0841db3,coughvid_data/1b5c5d38-2273-4ada-ba76-5890c0841db3.wav,coughvid_data/1b5c5d38-2273-4ada-ba76-5890c0841db3.wav,0.0
ea9bff89-1282-40a8-b870-c77aed9ba795,coughvid_data/ea9bff89-1282-40a8-b870-c77aed9ba795.wav,coughvid_data/ea9bff89-1282-40a8-b870-c77aed9ba795.wav,0.0
292549ba-9607-4143-a106-fe430576e42a,coughvid_data/292549ba-9607-4143-a106-fe430576e42a.wav,coughvid_data/292549ba-9607-4143-a106-fe430576e42a.wav,0.0
1f112927-31bb-4038-8411-90c4d7481a73,coughvid_data/1f112927-31bb-4038-8411-90c4d7481a73.wav,coughvid_data/1f112927-31bb-4038-8411-90c4d7481a73.wav,0.0
9657e653-6389-4506-b8c7-c77e08ca96fb,coughvid_data/9657e653-6389-4506-b8c7-c77e08ca96fb.wav,coughvid_data/9657e653-6389-4506-b8c7-c77e08ca96fb.wav,1.0
5a12fae3-dc9c-47fa-887d-50f40006b008,coughvid_data/5a12fae3-dc9c-47fa-887d-50f40006b008.wav,coughvid_data/5a12fae3-dc9c-47fa-887d-50f40006b008.wav,0.0
832b7256-c708-426a-8cbb-dace06074b28,coughvid_data/832b7256-c708-426a-8cbb-dace06074b28.wav,coughvid_data/832b7256-c708-426a-8cbb-dace06074b28.wav,0.0
d775f6a4-f7eb-40d0-a845-21ef3bcc2373,coughvid_data/d775f6a4-f7eb-40d0-a845-21ef3bcc2373.wav,coughvid_data/d775f6a4-f7eb-40d0-a845-21ef3bcc2373.wav,1.0
a48ea14d-ba12-4868-9774-862ab51ed22b,coughvid_data/a48ea14d-ba12-4868-9774-862ab51ed22b.wav,coughvid_data/a48ea14d-ba12-4868-9774-862ab51ed22b.wav,1.0
aeb389c5-1db6-4b94-b2d6-dd4316675135,coughvid_data/aeb389c5-1db6-4b94-b2d6-dd4316675135.wav,coughvid_data/aeb389c5-1db6-4b94-b2d6-dd4316675135.wav,0.0
5574d83f-0eb9-459a-ae08-123d25564976,coughvid_data/5574d83f-0eb9-459a-ae08-123d25564976.wav,coughvid_data/5574d83f-0eb9-459a-ae08-123d25564976.wav,1.0
de45b6ac-24b1-4bbb-8040-26a7387169cc,coughvid_data/de45b6ac-24b1-4bbb-8040-26a7387169cc.wav,coughvid_data/de45b6ac-24b1-4bbb-8040-26a7387169cc.wav,1.0
37aaad0f-d3ca-4c39-adec-33621d1be3fa,coughvid_data/37aaad0f-d3ca-4c39-adec-33621d1be3fa.wav,coughvid_data/37aaad0f-d3ca-4c39-adec-33621d1be3fa.wav,0.0
0c967ab5-960f-4922-afc9-70a43c60a7a5,coughvid_data/0c967ab5-960f-4922-afc9-70a43c60a7a5.wav,coughvid_data/0c967ab5-960f-4922-afc9-70a43c60a7a5.wav,0.0
24bdb5d5-5c11-40a2-bcbd-511b5d50e7a2,coughvid_data/24bdb5d5-5c11-40a2-bcbd-511b5d50e7a2.wav,coughvid_data/24bdb5d5-5c11-40a2-bcbd-511b5d50e7a2.wav,1.0
6d0f9ac2-7356-4621-836f-ad021eaae9e8,coughvid_data/6d0f9ac2-7356-4621-836f-ad021eaae9e8.wav,coughvid_data/6d0f9ac2-7356-4621-836f-ad021eaae9e8.wav,1.0
f83bac77-e14c-463d-a61e-7269688db981,coughvid_data/f83bac77-e14c-463d-a61e-7269688db981.wav,coughvid_data/f83bac77-e14c-463d-a61e-7269688db981.wav,1.0
6d73708f-f815-410f-b6a1-76cec2a7754c,coughvid_data/6d73708f-f815-410f-b6a1-76cec2a7754c.wav,coughvid_data/6d73708f-f815-410f-b6a1-76cec2a7754c.wav,1.0
2e71eef6-bf70-477a-b127-d0c5ed271837,coughvid_data/2e71eef6-bf70-477a-b127-d0c5ed271837.wav,coughvid_data/2e71eef6-bf70-477a-b127-d0c5ed271837.wav,0.0
9d659c50-a13d-4762-90e4-eaf905408403,coughvid_data/9d659c50-a13d-4762-90e4-eaf905408403.wav,coughvid_data/9d659c50-a13d-4762-90e4-eaf905408403.wav,1.0
45d3b85f-144a-4273-b828-6e8cb209d1d5,coughvid_data/45d3b85f-144a-4273-b828-6e8cb209d1d5.wav,coughvid_data/45d3b85f-144a-4273-b828-6e8cb209d1d5.wav,0.0
00ccf4e3-6e4f-4e6b-a16d-11b4a8999d1e,coughvid_data/00ccf4e3-6e4f-4e6b-a16d-11b4a8999d1e.wav,coughvid_data/00ccf4e3-6e4f-4e6b-a16d-11b4a8999d1e.wav,1.0
92d7371e-3b57-4d35-8eff-d4a4d9d87ca3,coughvid_data/92d7371e-3b57-4d35-8eff-d4a4d9d87ca3.wav,coughvid_data/92d7371e-3b57-4d35-8eff-d4a4d9d87ca3.wav,0.0
3ab3cfcb-facf-4eca-9f0f-493b5f28d1b7,coughvid_data/3ab3cfcb-facf-4eca-9f0f-493b5f28d1b7.wav,coughvid_data/3ab3cfcb-facf-4eca-9f0f-493b5f28d1b7.wav,1.0
b0ed5f50-530f-4280-9d71-4ac6b57d0920,coughvid_data/b0ed5f50-530f-4280-9d71-4ac6b57d0920.wav,coughvid_data/b0ed5f50-530f-4280-9d71-4ac6b57d0920.wav,0.0
da9d4bd7-6e25-4aa1-93a2-2a65d1dfedb5,coughvid_data/da9d4bd7-6e25-4aa1-93a2-2a65d1dfedb5.wav,coughvid_data/da9d4bd7-6e25-4aa1-93a2-2a65d1dfedb5.wav,1.0
4c0052d5-e184-4b13-bd1b-e170f950cf36,coughvid_data/4c0052d5-e184-4b13-bd1b-e170f950cf36.wav,coughvid_data/4c0052d5-e184-4b13-bd1b-e170f950cf36.wav,0.0
2e3d47d3-bb4f-4cd6-851b-068d6b5ea514,coughvid_data/2e3d47d3-bb4f-4cd6-851b-068d6b5ea514.wav,coughvid_data/2e3d47d3-bb4f-4cd6-851b-068d6b5ea514.wav,0.0
96063140-09fc-4812-817e-30ecef61ef68,coughvid_data/96063140-09fc-4812-817e-30ecef61ef68.wav,coughvid_data/96063140-09fc-4812-817e-30ecef61ef68.wav,0.0
9c1ac649-8b03-4868-9146-e665daa17d7d,coughvid_data/9c1ac649-8b03-4868-9146-e665daa17d7d.wav,coughvid_data/9c1ac649-8b03-4868-9146-e665daa17d7d.wav,1.0
e8537e2a-98b1-4ddd-8237-3835215218b4,coughvid_data/e8537e2a-98b1-4ddd-8237-3835215218b4.wav,coughvid_data/e8537e2a-98b1-4ddd-8237-3835215218b4.wav,1.0
266d36da-84d1-4dfa-978d-d76be50ed565,coughvid_data/266d36da-84d1-4dfa-978d-d76be50ed565.wav,coughvid_data/266d36da-84d1-4dfa-978d-d76be50ed565.wav,0.0
b2767c1a-d2a6-4d6d-8108-a2772ed19f7f,coughvid_data/b2767c1a-d2a6-4d6d-8108-a2772ed19f7f.wav,coughvid_data/b2767c1a-d2a6-4d6d-8108-a2772ed19f7f.wav,1.0
5969183f-bfad-4b72-b11e-5c459b752adc,coughvid_data/5969183f-bfad-4b72-b11e-5c459b752adc.wav,coughvid_data/5969183f-bfad-4b72-b11e-5c459b752adc.wav,1.0
e1aa8590-a25e-45a6-ab61-726d138415a6,coughvid_data/e1aa8590-a25e-45a6-ab61-726d138415a6.wav,coughvid_data/e1aa8590-a25e-45a6-ab61-726d138415a6.wav,0.0
fb911a93-e312-4ae2-9706-e4ac7cb9e491,coughvid_data/fb911a93-e312-4ae2-9706-e4ac7cb9e491.wav,coughvid_data/fb911a93-e312-4ae2-9706-e4ac7cb9e491.wav,0.0
059e83b9-d04c-437c-b12b-311675add267,coughvid_data/059e83b9-d04c-437c-b12b-311675add267.wav,coughvid_data/059e83b9-d04c-437c-b12b-311675add267.wav,1.0
f41c39a6-be5d-4d20-8089-c8eb836f2316,coughvid_data/f41c39a6-be5d-4d20-8089-c8eb836f2316.wav,coughvid_data/f41c39a6-be5d-4d20-8089-c8eb836f2316.wav,0.0
8a1ece3a-b6f9-4f37-ae1f-c6d4b355ebe8,coughvid_data/8a1ece3a-b6f9-4f37-ae1f-c6d4b355ebe8.wav,coughvid_data/8a1ece3a-b6f9-4f37-ae1f-c6d4b355ebe8.wav,1.0
910e8330-690e-4284-8d68-ffebff838674,coughvid_data/910e8330-690e-4284-8d68-ffebff838674.wav,coughvid_data/910e8330-690e-4284-8d68-ffebff838674.wav,0.0
f94667d2-16a9-48ad-983d-527a61c12dd7,coughvid_data/f94667d2-16a9-48ad-983d-527a61c12dd7.wav,coughvid_data/f94667d2-16a9-48ad-983d-527a61c12dd7.wav,1.0
a1f667ba-2522-4f54-bf92-a7b53895484a,coughvid_data/a1f667ba-2522-4f54-bf92-a7b53895484a.wav,coughvid_data/a1f667ba-2522-4f54-bf92-a7b53895484a.wav,0.0
ac090cd0-fde6-44bf-94f8-3293513afd07,coughvid_data/ac090cd0-fde6-44bf-94f8-3293513afd07.wav,coughvid_data/ac090cd0-fde6-44bf-94f8-3293513afd07.wav,0.0
446f549d-d178-4c5b-af5f-8b32cc67517f,coughvid_data/446f549d-d178-4c5b-af5f-8b32cc67517f.wav,coughvid_data/446f549d-d178-4c5b-af5f-8b32cc67517f.wav,0.0
25f19f78-633f-41c7-91a8-7e35793efc49,coughvid_data/25f19f78-633f-41c7-91a8-7e35793efc49.wav,coughvid_data/25f19f78-633f-41c7-91a8-7e35793efc49.wav,0.0
280ae6e8-31fb-49cf-8ea3-c57660d1917f,coughvid_data/280ae6e8-31fb-49cf-8ea3-c57660d1917f.wav,coughvid_data/280ae6e8-31fb-49cf-8ea3-c57660d1917f.wav,0.0
1cdb6a72-578f-4c26-8032-b4d7cf39d9ec,coughvid_data/1cdb6a72-578f-4c26-8032-b4d7cf39d9ec.wav,coughvid_data/1cdb6a72-578f-4c26-8032-b4d7cf39d9ec.wav,1.0
29568eef-3caa-4f03-9491-509cb7318b2e,coughvid_data/29568eef-3caa-4f03-9491-509cb7318b2e.wav,coughvid_data/29568eef-3caa-4f03-9491-509cb7318b2e.wav,1.0
81f7c59e-ad2c-4e4b-84dd-e5173e43ddc5,coughvid_data/81f7c59e-ad2c-4e4b-84dd-e5173e43ddc5.wav,coughvid_data/81f7c59e-ad2c-4e4b-84dd-e5173e43ddc5.wav,1.0
34b05d24-fae5-4117-939d-b42f2007512a,coughvid_data/34b05d24-fae5-4117-939d-b42f2007512a.wav,coughvid_data/34b05d24-fae5-4117-939d-b42f2007512a.wav,1.0
929849b6-d029-438f-bf3d-dda8fd500790,coughvid_data/929849b6-d029-438f-bf3d-dda8fd500790.wav,coughvid_data/929849b6-d029-438f-bf3d-dda8fd500790.wav,1.0
eaed556e-e896-4e43-baca-a8bd7b127e92,coughvid_data/eaed556e-e896-4e43-baca-a8bd7b127e92.wav,coughvid_data/eaed556e-e896-4e43-baca-a8bd7b127e92.wav,1.0
93711a18-72ba-4e31-a846-73e3baf84128,coughvid_data/93711a18-72ba-4e31-a846-73e3baf84128.wav,coughvid_data/93711a18-72ba-4e31-a846-73e3baf84128.wav,1.0
1b6761bf-22d6-4e96-8793-5345318dfcb6,coughvid_data/1b6761bf-22d6-4e96-8793-5345318dfcb6.wav,coughvid_data/1b6761bf-22d6-4e96-8793-5345318dfcb6.wav,0.0
e58dc2b1-204a-49ce-8d66-21c319083d1e,coughvid_data/e58dc2b1-204a-49ce-8d66-21c319083d1e.wav,coughvid_data/e58dc2b1-204a-49ce-8d66-21c319083d1e.wav,1.0
4b0fbb2f-e7a1-47d5-87b6-a514c882449a,coughvid_data/4b0fbb2f-e7a1-47d5-87b6-a514c882449a.wav,coughvid_data/4b0fbb2f-e7a1-47d5-87b6-a514c882449a.wav,1.0
d4988870-ebd1-4941-b53b-4354e3b41115,coughvid_data/d4988870-ebd1-4941-b53b-4354e3b41115.wav,coughvid_data/d4988870-ebd1-4941-b53b-4354e3b41115.wav,0.0
e1d63f88-9cb0-4d03-82ac-300dbc5e2e18,coughvid_data/e1d63f88-9cb0-4d03-82ac-300dbc5e2e18.wav,coughvid_data/e1d63f88-9cb0-4d03-82ac-300dbc5e2e18.wav,0.0
a26978f4-6f30-4c25-ac75-0c0abfb3649b,coughvid_data/a26978f4-6f30-4c25-ac75-0c0abfb3649b.wav,coughvid_data/a26978f4-6f30-4c25-ac75-0c0abfb3649b.wav,0.0
db9a98a7-7807-4135-ae11-44990e46f721,coughvid_data/db9a98a7-7807-4135-ae11-44990e46f721.wav,coughvid_data/db9a98a7-7807-4135-ae11-44990e46f721.wav,0.0
c29f01d2-870f-4aac-94ec-3699fc0ee32a,coughvid_data/c29f01d2-870f-4aac-94ec-3699fc0ee32a.wav,coughvid_data/c29f01d2-870f-4aac-94ec-3699fc0ee32a.wav,1.0
a2a308a2-d208-4c1b-b4ef-298bedcec93f,coughvid_data/a2a308a2-d208-4c1b-b4ef-298bedcec93f.wav,coughvid_data/a2a308a2-d208-4c1b-b4ef-298bedcec93f.wav,0.0
8144a66d-bf4d-4cb4-9fce-431e6ae3fa50,coughvid_data/8144a66d-bf4d-4cb4-9fce-431e6ae3fa50.wav,coughvid_data/8144a66d-bf4d-4cb4-9fce-431e6ae3fa50.wav,0.0
4c76a3ec-79c9-4c42-a15c-ef3aefdf5a93,coughvid_data/4c76a3ec-79c9-4c42-a15c-ef3aefdf5a93.wav,coughvid_data/4c76a3ec-79c9-4c42-a15c-ef3aefdf5a93.wav,0.0
bfa1175b-7c04-4bde-82ec-13a55354459e,coughvid_data/bfa1175b-7c04-4bde-82ec-13a55354459e.wav,coughvid_data/bfa1175b-7c04-4bde-82ec-13a55354459e.wav,1.0
91545df5-7263-441d-8de7-d230f9d9737d,coughvid_data/91545df5-7263-441d-8de7-d230f9d9737d.wav,coughvid_data/91545df5-7263-441d-8de7-d230f9d9737d.wav,0.0
64b66751-3b9e-486d-96c1-08ffb7e9bdcb,coughvid_data/64b66751-3b9e-486d-96c1-08ffb7e9bdcb.wav,coughvid_data/64b66751-3b9e-486d-96c1-08ffb7e9bdcb.wav,1.0
ddf94bd5-4585-40c9-9ea8-7fe8c34dfcdf,coughvid_data/ddf94bd5-4585-40c9-9ea8-7fe8c34dfcdf.wav,coughvid_data/ddf94bd5-4585-40c9-9ea8-7fe8c34dfcdf.wav,1.0
9ab33205-a96a-4baa-b71f-bd109a1427f2,coughvid_data/9ab33205-a96a-4baa-b71f-bd109a1427f2.wav,coughvid_data/9ab33205-a96a-4baa-b71f-bd109a1427f2.wav,1.0
b639da00-3429-4d68-b138-42c892402525,coughvid_data/b639da00-3429-4d68-b138-42c892402525.wav,coughvid_data/b639da00-3429-4d68-b138-42c892402525.wav,1.0
845805c6-2871-4eb5-b670-1a3651f5e77b,coughvid_data/845805c6-2871-4eb5-b670-1a3651f5e77b.wav,coughvid_data/845805c6-2871-4eb5-b670-1a3651f5e77b.wav,1.0
b6044387-071f-435d-9040-4b5be6ccc4e1,coughvid_data/b6044387-071f-435d-9040-4b5be6ccc4e1.wav,coughvid_data/b6044387-071f-435d-9040-4b5be6ccc4e1.wav,0.0
fb296207-94c1-4aa9-af11-2959417d1271,coughvid_data/fb296207-94c1-4aa9-af11-2959417d1271.wav,coughvid_data/fb296207-94c1-4aa9-af11-2959417d1271.wav,1.0
b6d6da73-e866-4385-9b09-adf61787c6a6,coughvid_data/b6d6da73-e866-4385-9b09-adf61787c6a6.wav,coughvid_data/b6d6da73-e866-4385-9b09-adf61787c6a6.wav,1.0
f3fe7b5c-a2ad-42aa-9a5a-1eab7afe691c,coughvid_data/f3fe7b5c-a2ad-42aa-9a5a-1eab7afe691c.wav,coughvid_data/f3fe7b5c-a2ad-42aa-9a5a-1eab7afe691c.wav,0.0
5603463b-32e2-4693-aa75-ac91e02a7e85,coughvid_data/5603463b-32e2-4693-aa75-ac91e02a7e85.wav,coughvid_data/5603463b-32e2-4693-aa75-ac91e02a7e85.wav,1.0
e9ca6b6a-5d78-48dd-bde2-5086f5cc0d80,coughvid_data/e9ca6b6a-5d78-48dd-bde2-5086f5cc0d80.wav,coughvid_data/e9ca6b6a-5d78-48dd-bde2-5086f5cc0d80.wav,0.0
0e8e4c04-bfa8-44d5-a620-bd41e18c1a17,coughvid_data/0e8e4c04-bfa8-44d5-a620-bd41e18c1a17.wav,coughvid_data/0e8e4c04-bfa8-44d5-a620-bd41e18c1a17.wav,0.0
d52d7405-632d-48bd-8850-194c976aa2e6,coughvid_data/d52d7405-632d-48bd-8850-194c976aa2e6.wav,coughvid_data/d52d7405-632d-48bd-8850-194c976aa2e6.wav,0.0
40369b49-f63e-48bf-80c4-f85898df56bc,coughvid_data/40369b49-f63e-48bf-80c4-f85898df56bc.wav,coughvid_data/40369b49-f63e-48bf-80c4-f85898df56bc.wav,1.0
7c72e694-a47e-472a-bd05-22627b82e754,coughvid_data/7c72e694-a47e-472a-bd05-22627b82e754.wav,coughvid_data/7c72e694-a47e-472a-bd05-22627b82e754.wav,0.0
8585af84-d559-4262-97dc-22ae1b23bb3f,coughvid_data/8585af84-d559-4262-97dc-22ae1b23bb3f.wav,coughvid_data/8585af84-d559-4262-97dc-22ae1b23bb3f.wav,1.0
eb9d15e8-fed2-4990-9de3-8cef98039ff4,coughvid_data/eb9d15e8-fed2-4990-9de3-8cef98039ff4.wav,coughvid_data/eb9d15e8-fed2-4990-9de3-8cef98039ff4.wav,0.0
2757f936-3d2a-45bb-b4eb-cbbe1a3f0c17,coughvid_data/2757f936-3d2a-45bb-b4eb-cbbe1a3f0c17.wav,coughvid_data/2757f936-3d2a-45bb-b4eb-cbbe1a3f0c17.wav,1.0
8e89f80a-a9e3-4e6e-b7d4-495fd240e953,coughvid_data/8e89f80a-a9e3-4e6e-b7d4-495fd240e953.wav,coughvid_data/8e89f80a-a9e3-4e6e-b7d4-495fd240e953.wav,1.0
043505d8-0df5-4113-9c5b-3c95c8766374,coughvid_data/043505d8-0df5-4113-9c5b-3c95c8766374.wav,coughvid_data/043505d8-0df5-4113-9c5b-3c95c8766374.wav,1.0
18bbaf6e-f8d2-4492-b5e8-b6e94a86f319,coughvid_data/18bbaf6e-f8d2-4492-b5e8-b6e94a86f319.wav,coughvid_data/18bbaf6e-f8d2-4492-b5e8-b6e94a86f319.wav,1.0
e132a8df-b671-4edc-8855-3556fe3d1637,coughvid_data/e132a8df-b671-4edc-8855-3556fe3d1637.wav,coughvid_data/e132a8df-b671-4edc-8855-3556fe3d1637.wav,0.0
00802ac6-0e3b-4bba-bcdc-014f1fde7432,coughvid_data/00802ac6-0e3b-4bba-bcdc-014f1fde7432.wav,coughvid_data/00802ac6-0e3b-4bba-bcdc-014f1fde7432.wav,1.0
ec67fc46-3d41-4306-b1f3-0e0609aa78e6,coughvid_data/ec67fc46-3d41-4306-b1f3-0e0609aa78e6.wav,coughvid_data/ec67fc46-3d41-4306-b1f3-0e0609aa78e6.wav,0.0
c2633672-fbfd-416c-bbc6-96a37689d74b,coughvid_data/c2633672-fbfd-416c-bbc6-96a37689d74b.wav,coughvid_data/c2633672-fbfd-416c-bbc6-96a37689d74b.wav,0.0
11968e67-7b42-4c5c-bd36-9382c0cc8d69,coughvid_data/11968e67-7b42-4c5c-bd36-9382c0cc8d69.wav,coughvid_data/11968e67-7b42-4c5c-bd36-9382c0cc8d69.wav,1.0
1d64b660-018d-4daf-91af-619824dfe51b,coughvid_data/1d64b660-018d-4daf-91af-619824dfe51b.wav,coughvid_data/1d64b660-018d-4daf-91af-619824dfe51b.wav,0.0
f446ee5f-7375-4e34-b773-3f5f135ea56c,coughvid_data/f446ee5f-7375-4e34-b773-3f5f135ea56c.wav,coughvid_data/f446ee5f-7375-4e34-b773-3f5f135ea56c.wav,0.0
8aa2a352-d399-422f-b4c8-ddbc09c91556,coughvid_data/8aa2a352-d399-422f-b4c8-ddbc09c91556.wav,coughvid_data/8aa2a352-d399-422f-b4c8-ddbc09c91556.wav,1.0
1abf432a-3a7f-4dc5-844b-c57e8b59c416,coughvid_data/1abf432a-3a7f-4dc5-844b-c57e8b59c416.wav,coughvid_data/1abf432a-3a7f-4dc5-844b-c57e8b59c416.wav,1.0
18332c47-3a71-44a4-ac24-a166b42142de,coughvid_data/18332c47-3a71-44a4-ac24-a166b42142de.wav,coughvid_data/18332c47-3a71-44a4-ac24-a166b42142de.wav,0.0
185a4a0f-462a-49a6-9b2d-7d5a50b8a567,coughvid_data/185a4a0f-462a-49a6-9b2d-7d5a50b8a567.wav,coughvid_data/185a4a0f-462a-49a6-9b2d-7d5a50b8a567.wav,1.0
31cb7f0d-da65-450c-a51c-d6924ae05561,coughvid_data/31cb7f0d-da65-450c-a51c-d6924ae05561.wav,coughvid_data/31cb7f0d-da65-450c-a51c-d6924ae05561.wav,1.0
c5556738-47b6-4603-b6b7-96bd2a4bd168,coughvid_data/c5556738-47b6-4603-b6b7-96bd2a4bd168.wav,coughvid_data/c5556738-47b6-4603-b6b7-96bd2a4bd168.wav,1.0
bc4559ea-06b4-403b-a065-64c4f78a3cfe,coughvid_data/bc4559ea-06b4-403b-a065-64c4f78a3cfe.wav,coughvid_data/bc4559ea-06b4-403b-a065-64c4f78a3cfe.wav,0.0
fc4e811f-0936-42f0-ad59-c5316b48121b,coughvid_data/fc4e811f-0936-42f0-ad59-c5316b48121b.wav,coughvid_data/fc4e811f-0936-42f0-ad59-c5316b48121b.wav,0.0
9b1b3340-1e88-4b58-b93e-18922106190b,coughvid_data/9b1b3340-1e88-4b58-b93e-18922106190b.wav,coughvid_data/9b1b3340-1e88-4b58-b93e-18922106190b.wav,0.0
889232a9-961c-49bb-ad8a-ed5628057fff,coughvid_data/889232a9-961c-49bb-ad8a-ed5628057fff.wav,coughvid_data/889232a9-961c-49bb-ad8a-ed5628057fff.wav,1.0
16e25d13-3597-42ef-abe2-31121743770b,coughvid_data/16e25d13-3597-42ef-abe2-31121743770b.wav,coughvid_data/16e25d13-3597-42ef-abe2-31121743770b.wav,0.0
5909093f-d285-4f2d-8eba-7bce6ac264e7,coughvid_data/5909093f-d285-4f2d-8eba-7bce6ac264e7.wav,coughvid_data/5909093f-d285-4f2d-8eba-7bce6ac264e7.wav,1.0
a89e6b9a-73b0-40ba-add5-59afed0f6b78,coughvid_data/a89e6b9a-73b0-40ba-add5-59afed0f6b78.wav,coughvid_data/a89e6b9a-73b0-40ba-add5-59afed0f6b78.wav,1.0
5e09ff68-41bf-4494-9098-0bc6f1a6f7fe,coughvid_data/5e09ff68-41bf-4494-9098-0bc6f1a6f7fe.wav,coughvid_data/5e09ff68-41bf-4494-9098-0bc6f1a6f7fe.wav,1.0
f50a7a4a-66cf-4e92-bf6d-43139fa7aae8,coughvid_data/f50a7a4a-66cf-4e92-bf6d-43139fa7aae8.wav,coughvid_data/f50a7a4a-66cf-4e92-bf6d-43139fa7aae8.wav,0.0
0854f8b4-edf9-48cf-9f56-d0257be67794,coughvid_data/0854f8b4-edf9-48cf-9f56-d0257be67794.wav,coughvid_data/0854f8b4-edf9-48cf-9f56-d0257be67794.wav,0.0
de110575-d537-4c4c-a8fc-2afec9f2af0e,coughvid_data/de110575-d537-4c4c-a8fc-2afec9f2af0e.wav,coughvid_data/de110575-d537-4c4c-a8fc-2afec9f2af0e.wav,1.0
11c7358f-3e94-47ce-a0e0-df3bde93a0a6,coughvid_data/11c7358f-3e94-47ce-a0e0-df3bde93a0a6.wav,coughvid_data/11c7358f-3e94-47ce-a0e0-df3bde93a0a6.wav,1.0
21f8c5a1-31c4-4fc7-8438-f27b1a3be4d9,coughvid_data/21f8c5a1-31c4-4fc7-8438-f27b1a3be4d9.wav,coughvid_data/21f8c5a1-31c4-4fc7-8438-f27b1a3be4d9.wav,0.0
b2d7caf4-2a5f-4c6d-8d73-f012179e7831,coughvid_data/b2d7caf4-2a5f-4c6d-8d73-f012179e7831.wav,coughvid_data/b2d7caf4-2a5f-4c6d-8d73-f012179e7831.wav,1.0
bae8dd76-5e32-4992-9337-1048ada41e18,coughvid_data/bae8dd76-5e32-4992-9337-1048ada41e18.wav,coughvid_data/bae8dd76-5e32-4992-9337-1048ada41e18.wav,1.0
54b1b87c-b890-4364-b248-a1be0bb9e505,coughvid_data/54b1b87c-b890-4364-b248-a1be0bb9e505.wav,coughvid_data/54b1b87c-b890-4364-b248-a1be0bb9e505.wav,0.0
9fcb7ce1-8125-439c-8021-0f5aeb19c58b,coughvid_data/9fcb7ce1-8125-439c-8021-0f5aeb19c58b.wav,coughvid_data/9fcb7ce1-8125-439c-8021-0f5aeb19c58b.wav,1.0
5626c609-eb27-4341-b715-106aab0433f3,coughvid_data/5626c609-eb27-4341-b715-106aab0433f3.wav,coughvid_data/5626c609-eb27-4341-b715-106aab0433f3.wav,0.0
65a5c3ee-fb27-4798-8a02-f007d4222bd1,coughvid_data/65a5c3ee-fb27-4798-8a02-f007d4222bd1.wav,coughvid_data/65a5c3ee-fb27-4798-8a02-f007d4222bd1.wav,1.0
761e83dd-64ab-4697-818f-fe9b1c0adf70,coughvid_data/761e83dd-64ab-4697-818f-fe9b1c0adf70.wav,coughvid_data/761e83dd-64ab-4697-818f-fe9b1c0adf70.wav,0.0
e2b87700-da02-46bf-93c2-dd380d80ce29,coughvid_data/e2b87700-da02-46bf-93c2-dd380d80ce29.wav,coughvid_data/e2b87700-da02-46bf-93c2-dd380d80ce29.wav,0.0
0b45f304-da79-4184-816e-154099474dd0,coughvid_data/0b45f304-da79-4184-816e-154099474dd0.wav,coughvid_data/0b45f304-da79-4184-816e-154099474dd0.wav,0.0
085b3f3d-eacb-4637-999f-c7aaf5aba3b9,coughvid_data/085b3f3d-eacb-4637-999f-c7aaf5aba3b9.wav,coughvid_data/085b3f3d-eacb-4637-999f-c7aaf5aba3b9.wav,0.0
d23f927d-8701-4098-8983-424e53f7621b,coughvid_data/d23f927d-8701-4098-8983-424e53f7621b.wav,coughvid_data/d23f927d-8701-4098-8983-424e53f7621b.wav,0.0
0e3116dc-1274-462a-ac7f-f9e0aab232a2,coughvid_data/0e3116dc-1274-462a-ac7f-f9e0aab232a2.wav,coughvid_data/0e3116dc-1274-462a-ac7f-f9e0aab232a2.wav,1.0
3cd040fd-f887-483b-b3af-693452815ee9,coughvid_data/3cd040fd-f887-483b-b3af-693452815ee9.wav,coughvid_data/3cd040fd-f887-483b-b3af-693452815ee9.wav,1.0
4075db1b-caa3-4fb8-a1f1-5e2278a037f9,coughvid_data/4075db1b-caa3-4fb8-a1f1-5e2278a037f9.wav,coughvid_data/4075db1b-caa3-4fb8-a1f1-5e2278a037f9.wav,1.0
217261ba-a6bf-4492-9e44-eb054c6a0d09,coughvid_data/217261ba-a6bf-4492-9e44-eb054c6a0d09.wav,coughvid_data/217261ba-a6bf-4492-9e44-eb054c6a0d09.wav,0.0
27fa4db0-c7a3-43a0-9ead-feefca896c47,coughvid_data/27fa4db0-c7a3-43a0-9ead-feefca896c47.wav,coughvid_data/27fa4db0-c7a3-43a0-9ead-feefca896c47.wav,1.0
bad299cd-3c8e-48d5-a83f-4e920cb3d280,coughvid_data/bad299cd-3c8e-48d5-a83f-4e920cb3d280.wav,coughvid_data/bad299cd-3c8e-48d5-a83f-4e920cb3d280.wav,1.0
1ab020f0-a6f9-43e0-9215-2e9ccf72067d,coughvid_data/1ab020f0-a6f9-43e0-9215-2e9ccf72067d.wav,coughvid_data/1ab020f0-a6f9-43e0-9215-2e9ccf72067d.wav,0.0
615efd49-fa08-40dd-a61a-2c9f0924d0c5,coughvid_data/615efd49-fa08-40dd-a61a-2c9f0924d0c5.wav,coughvid_data/615efd49-fa08-40dd-a61a-2c9f0924d0c5.wav,0.0
2473bb2d-3e28-4e22-8be1-6ad8bd49081a,coughvid_data/2473bb2d-3e28-4e22-8be1-6ad8bd49081a.wav,coughvid_data/2473bb2d-3e28-4e22-8be1-6ad8bd49081a.wav,0.0
ce12c57b-8e96-4c48-acbb-8008139c4723,coughvid_data/ce12c57b-8e96-4c48-acbb-8008139c4723.wav,coughvid_data/ce12c57b-8e96-4c48-acbb-8008139c4723.wav,1.0
ec03682e-b5ea-48f7-a366-a695c909b7be,coughvid_data/ec03682e-b5ea-48f7-a366-a695c909b7be.wav,coughvid_data/ec03682e-b5ea-48f7-a366-a695c909b7be.wav,1.0
be6ea86c-febe-4968-ad84-289d1776dd37,coughvid_data/be6ea86c-febe-4968-ad84-289d1776dd37.wav,coughvid_data/be6ea86c-febe-4968-ad84-289d1776dd37.wav,0.0
c786fd2a-e288-4c0e-913e-85a99a24248c,coughvid_data/c786fd2a-e288-4c0e-913e-85a99a24248c.wav,coughvid_data/c786fd2a-e288-4c0e-913e-85a99a24248c.wav,0.0
3d459ccc-9c56-4490-9af8-d8c89a15189d,coughvid_data/3d459ccc-9c56-4490-9af8-d8c89a15189d.wav,coughvid_data/3d459ccc-9c56-4490-9af8-d8c89a15189d.wav,1.0
2cbe1acd-2fa9-4726-8ae0-120ddfdb8133,coughvid_data/2cbe1acd-2fa9-4726-8ae0-120ddfdb8133.wav,coughvid_data/2cbe1acd-2fa9-4726-8ae0-120ddfdb8133.wav,1.0
65986123-dee9-45c8-a254-66e25ab191e0,coughvid_data/65986123-dee9-45c8-a254-66e25ab191e0.wav,coughvid_data/65986123-dee9-45c8-a254-66e25ab191e0.wav,0.0
5aefb7f4-e705-4b0e-bd6b-8257d6e14a49,coughvid_data/5aefb7f4-e705-4b0e-bd6b-8257d6e14a49.wav,coughvid_data/5aefb7f4-e705-4b0e-bd6b-8257d6e14a49.wav,1.0
e82c3a8b-9100-4375-8ff4-824fc80607d0,coughvid_data/e82c3a8b-9100-4375-8ff4-824fc80607d0.wav,coughvid_data/e82c3a8b-9100-4375-8ff4-824fc80607d0.wav,1.0
116ec7fc-d1ad-4371-99dc-ab56c541f0cc,coughvid_data/116ec7fc-d1ad-4371-99dc-ab56c541f0cc.wav,coughvid_data/116ec7fc-d1ad-4371-99dc-ab56c541f0cc.wav,1.0
ec2f2b11-80ca-4509-a4c9-f7e2eb068b34,coughvid_data/ec2f2b11-80ca-4509-a4c9-f7e2eb068b34.wav,coughvid_data/ec2f2b11-80ca-4509-a4c9-f7e2eb068b34.wav,1.0
49d5d60b-f3a3-4cec-85ec-6bcf515ba86f,coughvid_data/49d5d60b-f3a3-4cec-85ec-6bcf515ba86f.wav,coughvid_data/49d5d60b-f3a3-4cec-85ec-6bcf515ba86f.wav,1.0
1a152c74-87fe-4da9-be97-0e80b501a68f,coughvid_data/1a152c74-87fe-4da9-be97-0e80b501a68f.wav,coughvid_data/1a152c74-87fe-4da9-be97-0e80b501a68f.wav,1.0
79699f03-4779-4097-8fff-df66cefa4131,coughvid_data/79699f03-4779-4097-8fff-df66cefa4131.wav,coughvid_data/79699f03-4779-4097-8fff-df66cefa4131.wav,1.0
5774d674-baf5-4cda-8974-89727fbfc738,coughvid_data/5774d674-baf5-4cda-8974-89727fbfc738.wav,coughvid_data/5774d674-baf5-4cda-8974-89727fbfc738.wav,1.0
da532c78-e09c-4401-aad7-d726e93bc93b,coughvid_data/da532c78-e09c-4401-aad7-d726e93bc93b.wav,coughvid_data/da532c78-e09c-4401-aad7-d726e93bc93b.wav,0.0
ac920063-7ebd-40e1-bad0-99ae8253fa38,coughvid_data/ac920063-7ebd-40e1-bad0-99ae8253fa38.wav,coughvid_data/ac920063-7ebd-40e1-bad0-99ae8253fa38.wav,0.0
9a649277-654e-48a5-b0bf-097c0665f174,coughvid_data/9a649277-654e-48a5-b0bf-097c0665f174.wav,coughvid_data/9a649277-654e-48a5-b0bf-097c0665f174.wav,0.0
dfad92e7-f66b-44ce-952e-d5e0a7722f54,coughvid_data/dfad92e7-f66b-44ce-952e-d5e0a7722f54.wav,coughvid_data/dfad92e7-f66b-44ce-952e-d5e0a7722f54.wav,0.0
9858d5e1-5afe-4c43-b010-1cc13d30a708,coughvid_data/9858d5e1-5afe-4c43-b010-1cc13d30a708.wav,coughvid_data/9858d5e1-5afe-4c43-b010-1cc13d30a708.wav,1.0
c9f12f91-0181-4f07-a87d-c9a6b5c86c70,coughvid_data/c9f12f91-0181-4f07-a87d-c9a6b5c86c70.wav,coughvid_data/c9f12f91-0181-4f07-a87d-c9a6b5c86c70.wav,0.0
62c27c2d-a5be-4d2c-840f-68776579136f,coughvid_data/62c27c2d-a5be-4d2c-840f-68776579136f.wav,coughvid_data/62c27c2d-a5be-4d2c-840f-68776579136f.wav,0.0
4cdb8c2b-0167-4271-8b1f-918fb32ac2bc,coughvid_data/4cdb8c2b-0167-4271-8b1f-918fb32ac2bc.wav,coughvid_data/4cdb8c2b-0167-4271-8b1f-918fb32ac2bc.wav,0.0
da46a312-ce96-4de1-9093-dc28d77a46a9,coughvid_data/da46a312-ce96-4de1-9093-dc28d77a46a9.wav,coughvid_data/da46a312-ce96-4de1-9093-dc28d77a46a9.wav,1.0
d2b3b2ad-ac53-4c11-932f-d1784e94fc81,coughvid_data/d2b3b2ad-ac53-4c11-932f-d1784e94fc81.wav,coughvid_data/d2b3b2ad-ac53-4c11-932f-d1784e94fc81.wav,1.0
0bce95b8-d563-4a8f-8078-36b8d78346e8,coughvid_data/0bce95b8-d563-4a8f-8078-36b8d78346e8.wav,coughvid_data/0bce95b8-d563-4a8f-8078-36b8d78346e8.wav,1.0
bce28514-5181-4102-ac66-c22d04d96904,coughvid_data/bce28514-5181-4102-ac66-c22d04d96904.wav,coughvid_data/bce28514-5181-4102-ac66-c22d04d96904.wav,0.0
06cb0167-f7f3-41d8-9f4d-b9d98f38a251,coughvid_data/06cb0167-f7f3-41d8-9f4d-b9d98f38a251.wav,coughvid_data/06cb0167-f7f3-41d8-9f4d-b9d98f38a251.wav,1.0
ad445255-d374-41e7-8455-4ee1f07aec05,coughvid_data/ad445255-d374-41e7-8455-4ee1f07aec05.wav,coughvid_data/ad445255-d374-41e7-8455-4ee1f07aec05.wav,0.0
f74039f3-f499-4756-83d2-7f88251459e2,coughvid_data/f74039f3-f499-4756-83d2-7f88251459e2.wav,coughvid_data/f74039f3-f499-4756-83d2-7f88251459e2.wav,0.0
976caa68-d694-490c-bd56-3aff1973ff16,coughvid_data/976caa68-d694-490c-bd56-3aff1973ff16.wav,coughvid_data/976caa68-d694-490c-bd56-3aff1973ff16.wav,1.0
f69ca8db-98ef-469a-91ce-f124e335f835,coughvid_data/f69ca8db-98ef-469a-91ce-f124e335f835.wav,coughvid_data/f69ca8db-98ef-469a-91ce-f124e335f835.wav,1.0
999e3c08-17ce-4daf-876f-760a1386dbf6,coughvid_data/999e3c08-17ce-4daf-876f-760a1386dbf6.wav,coughvid_data/999e3c08-17ce-4daf-876f-760a1386dbf6.wav,1.0
00803f5a-d6eb-4eea-aeaa-3221fce7e9b4,coughvid_data/00803f5a-d6eb-4eea-aeaa-3221fce7e9b4.wav,coughvid_data/00803f5a-d6eb-4eea-aeaa-3221fce7e9b4.wav,0.0
dfa97006-e494-4c73-ba46-2fe805aec1cd,coughvid_data/dfa97006-e494-4c73-ba46-2fe805aec1cd.wav,coughvid_data/dfa97006-e494-4c73-ba46-2fe805aec1cd.wav,1.0
89bb3a0e-6fc5-4e14-b131-62662cb8b1f0,coughvid_data/89bb3a0e-6fc5-4e14-b131-62662cb8b1f0.wav,coughvid_data/89bb3a0e-6fc5-4e14-b131-62662cb8b1f0.wav,1.0
323a4ba5-65c8-4494-b444-f6f6d65ea095,coughvid_data/323a4ba5-65c8-4494-b444-f6f6d65ea095.wav,coughvid_data/323a4ba5-65c8-4494-b444-f6f6d65ea095.wav,0.0
788e369e-e253-485c-9e88-97560cd7d001,coughvid_data/788e369e-e253-485c-9e88-97560cd7d001.wav,coughvid_data/788e369e-e253-485c-9e88-97560cd7d001.wav,1.0
af433780-2da9-494e-89bd-3484bd886dd6,coughvid_data/af433780-2da9-494e-89bd-3484bd886dd6.wav,coughvid_data/af433780-2da9-494e-89bd-3484bd886dd6.wav,0.0
9c8f3246-6465-4507-aa64-13181abb0d49,coughvid_data/9c8f3246-6465-4507-aa64-13181abb0d49.wav,coughvid_data/9c8f3246-6465-4507-aa64-13181abb0d49.wav,1.0
54c4cb49-44ab-49d0-a9e6-d57c73b1f9ae,coughvid_data/54c4cb49-44ab-49d0-a9e6-d57c73b1f9ae.wav,coughvid_data/54c4cb49-44ab-49d0-a9e6-d57c73b1f9ae.wav,1.0
b9996ca2-1b9f-4113-88a0-dcabbbc6ad7e,coughvid_data/b9996ca2-1b9f-4113-88a0-dcabbbc6ad7e.wav,coughvid_data/b9996ca2-1b9f-4113-88a0-dcabbbc6ad7e.wav,0.0
2fb3a4f3-d747-4561-91be-5d1a314de8b0,coughvid_data/2fb3a4f3-d747-4561-91be-5d1a314de8b0.wav,coughvid_data/2fb3a4f3-d747-4561-91be-5d1a314de8b0.wav,1.0
f6a4b81c-e2e3-4c2d-a361-3090878ef57d,coughvid_data/f6a4b81c-e2e3-4c2d-a361-3090878ef57d.wav,coughvid_data/f6a4b81c-e2e3-4c2d-a361-3090878ef57d.wav,0.0
b64db356-0b62-4770-a680-6ea68d9b0a89,coughvid_data/b64db356-0b62-4770-a680-6ea68d9b0a89.wav,coughvid_data/b64db356-0b62-4770-a680-6ea68d9b0a89.wav,0.0
8aba9dc1-fddb-452b-9256-1bc451204db9,coughvid_data/8aba9dc1-fddb-452b-9256-1bc451204db9.wav,coughvid_data/8aba9dc1-fddb-452b-9256-1bc451204db9.wav,1.0
dcff89f4-f6a3-4922-860c-66b57c0ae7fd,coughvid_data/dcff89f4-f6a3-4922-860c-66b57c0ae7fd.wav,coughvid_data/dcff89f4-f6a3-4922-860c-66b57c0ae7fd.wav,1.0
8064b036-5165-4383-8775-8fd76f7c6ad1,coughvid_data/8064b036-5165-4383-8775-8fd76f7c6ad1.wav,coughvid_data/8064b036-5165-4383-8775-8fd76f7c6ad1.wav,0.0
fe8f1d19-fc6d-48af-ae81-1aea370f9b1d,coughvid_data/fe8f1d19-fc6d-48af-ae81-1aea370f9b1d.wav,coughvid_data/fe8f1d19-fc6d-48af-ae81-1aea370f9b1d.wav,0.0
e86e02c9-3544-493a-986c-4e5b3cd82954,coughvid_data/e86e02c9-3544-493a-986c-4e5b3cd82954.wav,coughvid_data/e86e02c9-3544-493a-986c-4e5b3cd82954.wav,1.0
b48cf8a8-5988-40ec-a036-198d093d13a4,coughvid_data/b48cf8a8-5988-40ec-a036-198d093d13a4.wav,coughvid_data/b48cf8a8-5988-40ec-a036-198d093d13a4.wav,1.0
624bf4d2-c3d1-4aff-9f28-6f4838d72e9a,coughvid_data/624bf4d2-c3d1-4aff-9f28-6f4838d72e9a.wav,coughvid_data/624bf4d2-c3d1-4aff-9f28-6f4838d72e9a.wav,1.0
07d6710e-7280-48d7-8a2d-54ce9fdc33bd,coughvid_data/07d6710e-7280-48d7-8a2d-54ce9fdc33bd.wav,coughvid_data/07d6710e-7280-48d7-8a2d-54ce9fdc33bd.wav,1.0
139f436a-d29a-4e60-9902-674e33d62c28,coughvid_data/139f436a-d29a-4e60-9902-674e33d62c28.wav,coughvid_data/139f436a-d29a-4e60-9902-674e33d62c28.wav,1.0
361c029b-9844-4481-b108-d0d4f36630aa,coughvid_data/361c029b-9844-4481-b108-d0d4f36630aa.wav,coughvid_data/361c029b-9844-4481-b108-d0d4f36630aa.wav,1.0
76e8a4af-709e-4311-ab93-135b90ffaf49,coughvid_data/76e8a4af-709e-4311-ab93-135b90ffaf49.wav,coughvid_data/76e8a4af-709e-4311-ab93-135b90ffaf49.wav,1.0
fd02eecb-805e-4b2e-851c-72b9d1760ee9,coughvid_data/fd02eecb-805e-4b2e-851c-72b9d1760ee9.wav,coughvid_data/fd02eecb-805e-4b2e-851c-72b9d1760ee9.wav,1.0
9938802d-fc97-4271-894e-76d432aa24a9,coughvid_data/9938802d-fc97-4271-894e-76d432aa24a9.wav,coughvid_data/9938802d-fc97-4271-894e-76d432aa24a9.wav,0.0
bf876d4d-6278-4daf-ade7-0b26e4596bfe,coughvid_data/bf876d4d-6278-4daf-ade7-0b26e4596bfe.wav,coughvid_data/bf876d4d-6278-4daf-ade7-0b26e4596bfe.wav,0.0
e2396d0f-57f4-42b8-82ab-13d1867e35a5,coughvid_data/e2396d0f-57f4-42b8-82ab-13d1867e35a5.wav,coughvid_data/e2396d0f-57f4-42b8-82ab-13d1867e35a5.wav,1.0
8863f114-dc1d-4881-872b-31d71512f412,coughvid_data/8863f114-dc1d-4881-872b-31d71512f412.wav,coughvid_data/8863f114-dc1d-4881-872b-31d71512f412.wav,1.0
8222257a-52a6-489c-81d9-534c542d8504,coughvid_data/8222257a-52a6-489c-81d9-534c542d8504.wav,coughvid_data/8222257a-52a6-489c-81d9-534c542d8504.wav,1.0
259a28e9-1163-417c-97ec-ceb2ca4261d7,coughvid_data/259a28e9-1163-417c-97ec-ceb2ca4261d7.wav,coughvid_data/259a28e9-1163-417c-97ec-ceb2ca4261d7.wav,1.0
ce990742-2616-4596-b0cb-28791ace67f2,coughvid_data/ce990742-2616-4596-b0cb-28791ace67f2.wav,coughvid_data/ce990742-2616-4596-b0cb-28791ace67f2.wav,0.0
7c560382-d5de-448d-aa9c-c50d345de89c,coughvid_data/7c560382-d5de-448d-aa9c-c50d345de89c.wav,coughvid_data/7c560382-d5de-448d-aa9c-c50d345de89c.wav,1.0
b6c1a106-c622-471b-a8e3-6f24dcb57708,coughvid_data/b6c1a106-c622-471b-a8e3-6f24dcb57708.wav,coughvid_data/b6c1a106-c622-471b-a8e3-6f24dcb57708.wav,0.0
9c611549-73f6-4c87-b521-6a93edee08ad,coughvid_data/9c611549-73f6-4c87-b521-6a93edee08ad.wav,coughvid_data/9c611549-73f6-4c87-b521-6a93edee08ad.wav,1.0
8b3fcbdc-092a-4b1c-ade2-499acee5ae71,coughvid_data/8b3fcbdc-092a-4b1c-ade2-499acee5ae71.wav,coughvid_data/8b3fcbdc-092a-4b1c-ade2-499acee5ae71.wav,0.0
70dbb19c-8c7a-45d4-9d2a-cd2272cc7ccb,coughvid_data/70dbb19c-8c7a-45d4-9d2a-cd2272cc7ccb.wav,coughvid_data/70dbb19c-8c7a-45d4-9d2a-cd2272cc7ccb.wav,1.0
992be089-63c6-4d0a-afee-08059ed5c1ae,coughvid_data/992be089-63c6-4d0a-afee-08059ed5c1ae.wav,coughvid_data/992be089-63c6-4d0a-afee-08059ed5c1ae.wav,0.0
6c664af5-e5d7-459d-82f1-71c961a9e142,coughvid_data/6c664af5-e5d7-459d-82f1-71c961a9e142.wav,coughvid_data/6c664af5-e5d7-459d-82f1-71c961a9e142.wav,0.0
ef3f4a93-0a99-4361-8132-5b41fa26610c,coughvid_data/ef3f4a93-0a99-4361-8132-5b41fa26610c.wav,coughvid_data/ef3f4a93-0a99-4361-8132-5b41fa26610c.wav,1.0
bf2bac57-0d59-47e3-b126-76ee8efc759b,coughvid_data/bf2bac57-0d59-47e3-b126-76ee8efc759b.wav,coughvid_data/bf2bac57-0d59-47e3-b126-76ee8efc759b.wav,0.0
bb3facdb-f932-49b2-a250-2c3e47e59c93,coughvid_data/bb3facdb-f932-49b2-a250-2c3e47e59c93.wav,coughvid_data/bb3facdb-f932-49b2-a250-2c3e47e59c93.wav,1.0
2ceeb1dc-0c39-42f6-8528-94bce7d19207,coughvid_data/2ceeb1dc-0c39-42f6-8528-94bce7d19207.wav,coughvid_data/2ceeb1dc-0c39-42f6-8528-94bce7d19207.wav,1.0
b2a757be-106b-443a-a8be-cf3e96a5939a,coughvid_data/b2a757be-106b-443a-a8be-cf3e96a5939a.wav,coughvid_data/b2a757be-106b-443a-a8be-cf3e96a5939a.wav,0.0
a25b4a6c-8c51-4ce9-b7b5-ed71625e8388,coughvid_data/a25b4a6c-8c51-4ce9-b7b5-ed71625e8388.wav,coughvid_data/a25b4a6c-8c51-4ce9-b7b5-ed71625e8388.wav,1.0
cbb4aaa8-abd2-42b6-b988-d94a3966c93a,coughvid_data/cbb4aaa8-abd2-42b6-b988-d94a3966c93a.wav,coughvid_data/cbb4aaa8-abd2-42b6-b988-d94a3966c93a.wav,1.0
ad6ee029-802f-4029-9734-4682b89b27f5,coughvid_data/ad6ee029-802f-4029-9734-4682b89b27f5.wav,coughvid_data/ad6ee029-802f-4029-9734-4682b89b27f5.wav,0.0
9c66fb23-1203-44dd-b20f-0f4f5b5cf765,coughvid_data/9c66fb23-1203-44dd-b20f-0f4f5b5cf765.wav,coughvid_data/9c66fb23-1203-44dd-b20f-0f4f5b5cf765.wav,1.0
a4159d51-de06-4e5d-9b4a-2c8c656de776,coughvid_data/a4159d51-de06-4e5d-9b4a-2c8c656de776.wav,coughvid_data/a4159d51-de06-4e5d-9b4a-2c8c656de776.wav,0.0
be5163a9-ba99-4609-8610-ad2c6880f836,coughvid_data/be5163a9-ba99-4609-8610-ad2c6880f836.wav,coughvid_data/be5163a9-ba99-4609-8610-ad2c6880f836.wav,0.0
8be678e9-6dae-4b76-bda8-f58f38a32c38,coughvid_data/8be678e9-6dae-4b76-bda8-f58f38a32c38.wav,coughvid_data/8be678e9-6dae-4b76-bda8-f58f38a32c38.wav,0.0
4d1c904d-f495-40e2-9ebf-baacc37b4524,coughvid_data/4d1c904d-f495-40e2-9ebf-baacc37b4524.wav,coughvid_data/4d1c904d-f495-40e2-9ebf-baacc37b4524.wav,1.0
f6fff9ad-86e1-4310-b956-dc6ed9208da8,coughvid_data/f6fff9ad-86e1-4310-b956-dc6ed9208da8.wav,coughvid_data/f6fff9ad-86e1-4310-b956-dc6ed9208da8.wav,1.0
511bf0d5-26a5-45d2-a814-dc1f89f4b45a,coughvid_data/511bf0d5-26a5-45d2-a814-dc1f89f4b45a.wav,coughvid_data/511bf0d5-26a5-45d2-a814-dc1f89f4b45a.wav,0.0
1bccb43c-40b2-48a7-80dc-229afa93753d,coughvid_data/1bccb43c-40b2-48a7-80dc-229afa93753d.wav,coughvid_data/1bccb43c-40b2-48a7-80dc-229afa93753d.wav,0.0
9e6ac9f2-1303-4c22-a79b-7dd87abaeb91,coughvid_data/9e6ac9f2-1303-4c22-a79b-7dd87abaeb91.wav,coughvid_data/9e6ac9f2-1303-4c22-a79b-7dd87abaeb91.wav,1.0
5d4cb7a7-b4e4-4eed-828d-e5c46829da09,coughvid_data/5d4cb7a7-b4e4-4eed-828d-e5c46829da09.wav,coughvid_data/5d4cb7a7-b4e4-4eed-828d-e5c46829da09.wav,1.0
ced7573f-85ed-4f37-a166-70e80580fe41,coughvid_data/ced7573f-85ed-4f37-a166-70e80580fe41.wav,coughvid_data/ced7573f-85ed-4f37-a166-70e80580fe41.wav,0.0
39f42c7f-2f9c-4ad3-89eb-ca6d11e86c46,coughvid_data/39f42c7f-2f9c-4ad3-89eb-ca6d11e86c46.wav,coughvid_data/39f42c7f-2f9c-4ad3-89eb-ca6d11e86c46.wav,0.0
e4418f41-4fd5-40f7-922a-89a243eec32b,coughvid_data/e4418f41-4fd5-40f7-922a-89a243eec32b.wav,coughvid_data/e4418f41-4fd5-40f7-922a-89a243eec32b.wav,0.0
d64010f8-4dd5-45ce-8f3e-07335b3c4143,coughvid_data/d64010f8-4dd5-45ce-8f3e-07335b3c4143.wav,coughvid_data/d64010f8-4dd5-45ce-8f3e-07335b3c4143.wav,1.0
c6a277cd-bb23-4a4e-9ed3-9f37719cbeaa,coughvid_data/c6a277cd-bb23-4a4e-9ed3-9f37719cbeaa.wav,coughvid_data/c6a277cd-bb23-4a4e-9ed3-9f37719cbeaa.wav,0.0
45752f6c-e913-4063-b8ee-d61fad02d700,coughvid_data/45752f6c-e913-4063-b8ee-d61fad02d700.wav,coughvid_data/45752f6c-e913-4063-b8ee-d61fad02d700.wav,0.0
da5b3c79-bb44-41cf-ba18-ccd68998e910,coughvid_data/da5b3c79-bb44-41cf-ba18-ccd68998e910.wav,coughvid_data/da5b3c79-bb44-41cf-ba18-ccd68998e910.wav,0.0
02c09e65-2ea5-441d-803a-3149cb49cc7f,coughvid_data/02c09e65-2ea5-441d-803a-3149cb49cc7f.wav,coughvid_data/02c09e65-2ea5-441d-803a-3149cb49cc7f.wav,0.0
87d43c8a-9943-42f5-8c1b-b8d4d49a89c0,coughvid_data/87d43c8a-9943-42f5-8c1b-b8d4d49a89c0.wav,coughvid_data/87d43c8a-9943-42f5-8c1b-b8d4d49a89c0.wav,1.0
327cafbe-2e03-4788-b098-ee4a5a7c3c6e,coughvid_data/327cafbe-2e03-4788-b098-ee4a5a7c3c6e.wav,coughvid_data/327cafbe-2e03-4788-b098-ee4a5a7c3c6e.wav,0.0
2c5854b7-184e-4577-b455-810e7279fe55,coughvid_data/2c5854b7-184e-4577-b455-810e7279fe55.wav,coughvid_data/2c5854b7-184e-4577-b455-810e7279fe55.wav,1.0
37d892e2-4fd8-437b-9ae0-23a1d9596937,coughvid_data/37d892e2-4fd8-437b-9ae0-23a1d9596937.wav,coughvid_data/37d892e2-4fd8-437b-9ae0-23a1d9596937.wav,0.0
38b56291-efaf-4565-9739-05f984dcd36f,coughvid_data/38b56291-efaf-4565-9739-05f984dcd36f.wav,coughvid_data/38b56291-efaf-4565-9739-05f984dcd36f.wav,1.0
39dde9fb-3225-40e4-b8dd-9173f435930d,coughvid_data/39dde9fb-3225-40e4-b8dd-9173f435930d.wav,coughvid_data/39dde9fb-3225-40e4-b8dd-9173f435930d.wav,1.0
31e6adad-c9f0-4227-9a44-a58d58f1c503,coughvid_data/31e6adad-c9f0-4227-9a44-a58d58f1c503.wav,coughvid_data/31e6adad-c9f0-4227-9a44-a58d58f1c503.wav,0.0
47041a03-16e8-4a03-b343-8d5e69afcd5c,coughvid_data/47041a03-16e8-4a03-b343-8d5e69afcd5c.wav,coughvid_data/47041a03-16e8-4a03-b343-8d5e69afcd5c.wav,1.0
11a0ef13-989a-4262-8329-e47b254ad8e7,coughvid_data/11a0ef13-989a-4262-8329-e47b254ad8e7.wav,coughvid_data/11a0ef13-989a-4262-8329-e47b254ad8e7.wav,1.0
62c685ab-9948-43ed-81a7-3c8518b746f3,coughvid_data/62c685ab-9948-43ed-81a7-3c8518b746f3.wav,coughvid_data/62c685ab-9948-43ed-81a7-3c8518b746f3.wav,0.0
b2f92c7d-f383-486b-b5da-d38186bf3376,coughvid_data/b2f92c7d-f383-486b-b5da-d38186bf3376.wav,coughvid_data/b2f92c7d-f383-486b-b5da-d38186bf3376.wav,0.0
98344b37-a01e-4ca5-995d-caf5bd2b9695,coughvid_data/98344b37-a01e-4ca5-995d-caf5bd2b9695.wav,coughvid_data/98344b37-a01e-4ca5-995d-caf5bd2b9695.wav,0.0
9774d3f6-38ba-44cc-9323-23ca4d5af545,coughvid_data/9774d3f6-38ba-44cc-9323-23ca4d5af545.wav,coughvid_data/9774d3f6-38ba-44cc-9323-23ca4d5af545.wav,1.0
1dc32f80-c988-4d45-b0b1-b81df1fea62a,coughvid_data/1dc32f80-c988-4d45-b0b1-b81df1fea62a.wav,coughvid_data/1dc32f80-c988-4d45-b0b1-b81df1fea62a.wav,1.0
8bb9b10a-dc7e-4a9d-8cce-baeac49ac19f,coughvid_data/8bb9b10a-dc7e-4a9d-8cce-baeac49ac19f.wav,coughvid_data/8bb9b10a-dc7e-4a9d-8cce-baeac49ac19f.wav,0.0
644b6329-dfc6-4129-a280-6a385a0b12bd,coughvid_data/644b6329-dfc6-4129-a280-6a385a0b12bd.wav,coughvid_data/644b6329-dfc6-4129-a280-6a385a0b12bd.wav,1.0
30c7cf4c-a067-4349-99dc-c6fcfea194e0,coughvid_data/30c7cf4c-a067-4349-99dc-c6fcfea194e0.wav,coughvid_data/30c7cf4c-a067-4349-99dc-c6fcfea194e0.wav,1.0
d305281d-352a-4817-a77d-51a37ed45aea,coughvid_data/d305281d-352a-4817-a77d-51a37ed45aea.wav,coughvid_data/d305281d-352a-4817-a77d-51a37ed45aea.wav,0.0
a3e8863e-e604-4d56-8dc5-9d26a198b699,coughvid_data/a3e8863e-e604-4d56-8dc5-9d26a198b699.wav,coughvid_data/a3e8863e-e604-4d56-8dc5-9d26a198b699.wav,1.0
a6cb06f3-2042-4c65-b2b5-0b27fb2e22ae,coughvid_data/a6cb06f3-2042-4c65-b2b5-0b27fb2e22ae.wav,coughvid_data/a6cb06f3-2042-4c65-b2b5-0b27fb2e22ae.wav,0.0
967041c3-fb06-42aa-8e49-97ef54f9f0c9,coughvid_data/967041c3-fb06-42aa-8e49-97ef54f9f0c9.wav,coughvid_data/967041c3-fb06-42aa-8e49-97ef54f9f0c9.wav,0.0
9d597677-9583-4060-8821-23babb4b243c,coughvid_data/9d597677-9583-4060-8821-23babb4b243c.wav,coughvid_data/9d597677-9583-4060-8821-23babb4b243c.wav,0.0
8368a69d-256f-465b-a73f-0a057acdffd3,coughvid_data/8368a69d-256f-465b-a73f-0a057acdffd3.wav,coughvid_data/8368a69d-256f-465b-a73f-0a057acdffd3.wav,0.0
5801278b-2e3e-4ebc-b67f-528e93439316,coughvid_data/5801278b-2e3e-4ebc-b67f-528e93439316.wav,coughvid_data/5801278b-2e3e-4ebc-b67f-528e93439316.wav,0.0
d4b9c48d-575f-4447-bb62-44bbec13d5b4,coughvid_data/d4b9c48d-575f-4447-bb62-44bbec13d5b4.wav,coughvid_data/d4b9c48d-575f-4447-bb62-44bbec13d5b4.wav,0.0
941f14ff-23c6-4567-acaf-0bdfa7d039eb,coughvid_data/941f14ff-23c6-4567-acaf-0bdfa7d039eb.wav,coughvid_data/941f14ff-23c6-4567-acaf-0bdfa7d039eb.wav,0.0
52aeb80e-bae3-4cb3-b038-692da2a1c204,coughvid_data/52aeb80e-bae3-4cb3-b038-692da2a1c204.wav,coughvid_data/52aeb80e-bae3-4cb3-b038-692da2a1c204.wav,0.0
599e0a90-5a02-4f42-a6c4-42f516595a6e,coughvid_data/599e0a90-5a02-4f42-a6c4-42f516595a6e.wav,coughvid_data/599e0a90-5a02-4f42-a6c4-42f516595a6e.wav,1.0
7345d913-d630-47c2-ae77-afc20fcf2104,coughvid_data/7345d913-d630-47c2-ae77-afc20fcf2104.wav,coughvid_data/7345d913-d630-47c2-ae77-afc20fcf2104.wav,0.0
1ee89cb6-a5fe-4845-9d0d-a76a3752a686,coughvid_data/1ee89cb6-a5fe-4845-9d0d-a76a3752a686.wav,coughvid_data/1ee89cb6-a5fe-4845-9d0d-a76a3752a686.wav,0.0
a35c9dbc-ecd8-411c-ab79-fc69043cc281,coughvid_data/a35c9dbc-ecd8-411c-ab79-fc69043cc281.wav,coughvid_data/a35c9dbc-ecd8-411c-ab79-fc69043cc281.wav,1.0
4c9ad4fe-35b4-4f45-bc0b-49a0460ff9b5,coughvid_data/4c9ad4fe-35b4-4f45-bc0b-49a0460ff9b5.wav,coughvid_data/4c9ad4fe-35b4-4f45-bc0b-49a0460ff9b5.wav,0.0
2a5890f0-e213-4c06-831e-f95da6f536b0,coughvid_data/2a5890f0-e213-4c06-831e-f95da6f536b0.wav,coughvid_data/2a5890f0-e213-4c06-831e-f95da6f536b0.wav,0.0
ceeb2481-85b7-4f06-b322-968328f19d36,coughvid_data/ceeb2481-85b7-4f06-b322-968328f19d36.wav,coughvid_data/ceeb2481-85b7-4f06-b322-968328f19d36.wav,1.0
7a7e62a7-7e89-4be8-93ce-a433b98e59e5,coughvid_data/7a7e62a7-7e89-4be8-93ce-a433b98e59e5.wav,coughvid_data/7a7e62a7-7e89-4be8-93ce-a433b98e59e5.wav,0.0
9e1a07c9-37a4-441a-a5a3-834b2283ae01,coughvid_data/9e1a07c9-37a4-441a-a5a3-834b2283ae01.wav,coughvid_data/9e1a07c9-37a4-441a-a5a3-834b2283ae01.wav,1.0
c957a1e2-4b0e-41f9-8251-66df3afe5195,coughvid_data/c957a1e2-4b0e-41f9-8251-66df3afe5195.wav,coughvid_data/c957a1e2-4b0e-41f9-8251-66df3afe5195.wav,0.0
669c6e40-d244-42ee-9753-e53c09d74298,coughvid_data/669c6e40-d244-42ee-9753-e53c09d74298.wav,coughvid_data/669c6e40-d244-42ee-9753-e53c09d74298.wav,1.0
0c688684-dd4f-476e-827a-5dc96d4a5d24,coughvid_data/0c688684-dd4f-476e-827a-5dc96d4a5d24.wav,coughvid_data/0c688684-dd4f-476e-827a-5dc96d4a5d24.wav,0.0
29654b1f-140b-45db-843b-82845a62009a,coughvid_data/29654b1f-140b-45db-843b-82845a62009a.wav,coughvid_data/29654b1f-140b-45db-843b-82845a62009a.wav,1.0
e45fd08e-a1ad-470c-990d-ffec98a90ebb,coughvid_data/e45fd08e-a1ad-470c-990d-ffec98a90ebb.wav,coughvid_data/e45fd08e-a1ad-470c-990d-ffec98a90ebb.wav,1.0
f208e677-14e7-485f-8777-5633b8afce79,coughvid_data/f208e677-14e7-485f-8777-5633b8afce79.wav,coughvid_data/f208e677-14e7-485f-8777-5633b8afce79.wav,1.0
1b1ffa57-805c-4d46-8388-b765a0795a01,coughvid_data/1b1ffa57-805c-4d46-8388-b765a0795a01.wav,coughvid_data/1b1ffa57-805c-4d46-8388-b765a0795a01.wav,0.0
83c7882b-47b5-40ca-9b4e-837f4071e973,coughvid_data/83c7882b-47b5-40ca-9b4e-837f4071e973.wav,coughvid_data/83c7882b-47b5-40ca-9b4e-837f4071e973.wav,1.0
6860d8d7-8b26-48df-9744-76c0fc3220bd,coughvid_data/6860d8d7-8b26-48df-9744-76c0fc3220bd.wav,coughvid_data/6860d8d7-8b26-48df-9744-76c0fc3220bd.wav,1.0
350b65ab-d315-49ad-8624-15288593cd42,coughvid_data/350b65ab-d315-49ad-8624-15288593cd42.wav,coughvid_data/350b65ab-d315-49ad-8624-15288593cd42.wav,0.0
d2e03e9d-0438-4407-80b2-6aa7393b0b54,coughvid_data/d2e03e9d-0438-4407-80b2-6aa7393b0b54.wav,coughvid_data/d2e03e9d-0438-4407-80b2-6aa7393b0b54.wav,0.0
b9a3fb76-a923-4c39-8b1f-f796e9f8c5dd,coughvid_data/b9a3fb76-a923-4c39-8b1f-f796e9f8c5dd.wav,coughvid_data/b9a3fb76-a923-4c39-8b1f-f796e9f8c5dd.wav,0.0
92610e64-b017-4f89-a26d-132b3e6c16a5,coughvid_data/92610e64-b017-4f89-a26d-132b3e6c16a5.wav,coughvid_data/92610e64-b017-4f89-a26d-132b3e6c16a5.wav,0.0
7e07fe1b-a517-465d-b94f-4adf1d801c21,coughvid_data/7e07fe1b-a517-465d-b94f-4adf1d801c21.wav,coughvid_data/7e07fe1b-a517-465d-b94f-4adf1d801c21.wav,1.0
9cfdcb14-5474-464a-9c1f-26066eb630d2,coughvid_data/9cfdcb14-5474-464a-9c1f-26066eb630d2.wav,coughvid_data/9cfdcb14-5474-464a-9c1f-26066eb630d2.wav,1.0
862207f9-d492-4b40-957a-e1af0a0423b7,coughvid_data/862207f9-d492-4b40-957a-e1af0a0423b7.wav,coughvid_data/862207f9-d492-4b40-957a-e1af0a0423b7.wav,1.0
173367d1-888f-4004-a644-81efa3563fa8,coughvid_data/173367d1-888f-4004-a644-81efa3563fa8.wav,coughvid_data/173367d1-888f-4004-a644-81efa3563fa8.wav,0.0
1f5aba09-053e-491f-be4d-dadfbe210f14,coughvid_data/1f5aba09-053e-491f-be4d-dadfbe210f14.wav,coughvid_data/1f5aba09-053e-491f-be4d-dadfbe210f14.wav,0.0
9490481d-1c58-4f68-94cb-3e8f0a3cc73b,coughvid_data/9490481d-1c58-4f68-94cb-3e8f0a3cc73b.wav,coughvid_data/9490481d-1c58-4f68-94cb-3e8f0a3cc73b.wav,1.0
b21d0f0b-321b-4748-9711-9a3910a6459e,coughvid_data/b21d0f0b-321b-4748-9711-9a3910a6459e.wav,coughvid_data/b21d0f0b-321b-4748-9711-9a3910a6459e.wav,0.0
ff7f7d14-c7f7-4b3e-84ab-f655814652d5,coughvid_data/ff7f7d14-c7f7-4b3e-84ab-f655814652d5.wav,coughvid_data/ff7f7d14-c7f7-4b3e-84ab-f655814652d5.wav,0.0
743da7dd-3491-4f56-8363-e5b6da97b50f,coughvid_data/743da7dd-3491-4f56-8363-e5b6da97b50f.wav,coughvid_data/743da7dd-3491-4f56-8363-e5b6da97b50f.wav,0.0
c6ebf199-3968-48b2-9bed-637850498a8c,coughvid_data/c6ebf199-3968-48b2-9bed-637850498a8c.wav,coughvid_data/c6ebf199-3968-48b2-9bed-637850498a8c.wav,0.0
9885d4f6-eee3-441f-aefc-077c4796a986,coughvid_data/9885d4f6-eee3-441f-aefc-077c4796a986.wav,coughvid_data/9885d4f6-eee3-441f-aefc-077c4796a986.wav,0.0
cc1f2167-f1ae-4b10-afa0-302c5caa5ec7,coughvid_data/cc1f2167-f1ae-4b10-afa0-302c5caa5ec7.wav,coughvid_data/cc1f2167-f1ae-4b10-afa0-302c5caa5ec7.wav,1.0
11cc5597-d3a4-4409-8882-15fd5cf3810f,coughvid_data/11cc5597-d3a4-4409-8882-15fd5cf3810f.wav,coughvid_data/11cc5597-d3a4-4409-8882-15fd5cf3810f.wav,0.0
d70b136d-7efc-41d5-817a-cbfd32a9fea1,coughvid_data/d70b136d-7efc-41d5-817a-cbfd32a9fea1.wav,coughvid_data/d70b136d-7efc-41d5-817a-cbfd32a9fea1.wav,0.0
81e75591-0d4a-4d23-bb6d-513e9b75565c,coughvid_data/81e75591-0d4a-4d23-bb6d-513e9b75565c.wav,coughvid_data/81e75591-0d4a-4d23-bb6d-513e9b75565c.wav,0.0
c87e1979-9259-4876-a5e0-318d27423f82,coughvid_data/c87e1979-9259-4876-a5e0-318d27423f82.wav,coughvid_data/c87e1979-9259-4876-a5e0-318d27423f82.wav,1.0
98399106-fb6f-485e-a8eb-380a8e24cb3c,coughvid_data/98399106-fb6f-485e-a8eb-380a8e24cb3c.wav,coughvid_data/98399106-fb6f-485e-a8eb-380a8e24cb3c.wav,0.0
e586aff4-968f-4299-b092-3e9a59472689,coughvid_data/e586aff4-968f-4299-b092-3e9a59472689.wav,coughvid_data/e586aff4-968f-4299-b092-3e9a59472689.wav,1.0
f8053fc3-bc4e-403b-b9d4-14133cfe83a6,coughvid_data/f8053fc3-bc4e-403b-b9d4-14133cfe83a6.wav,coughvid_data/f8053fc3-bc4e-403b-b9d4-14133cfe83a6.wav,1.0
2e01b4a8-4760-4a39-8969-ee64fdc22788,coughvid_data/2e01b4a8-4760-4a39-8969-ee64fdc22788.wav,coughvid_data/2e01b4a8-4760-4a39-8969-ee64fdc22788.wav,1.0
4390727c-56b9-4cdd-96cd-534260aefca5,coughvid_data/4390727c-56b9-4cdd-96cd-534260aefca5.wav,coughvid_data/4390727c-56b9-4cdd-96cd-534260aefca5.wav,1.0
30ba911e-46f7-4fcf-93bb-188adbccb5f7,coughvid_data/30ba911e-46f7-4fcf-93bb-188adbccb5f7.wav,coughvid_data/30ba911e-46f7-4fcf-93bb-188adbccb5f7.wav,0.0
73916c0d-fcdb-42c0-a1db-11de811ac961,coughvid_data/73916c0d-fcdb-42c0-a1db-11de811ac961.wav,coughvid_data/73916c0d-fcdb-42c0-a1db-11de811ac961.wav,0.0
2b4f8e18-3f6e-4dcf-8ebe-677c9e27a2ce,coughvid_data/2b4f8e18-3f6e-4dcf-8ebe-677c9e27a2ce.wav,coughvid_data/2b4f8e18-3f6e-4dcf-8ebe-677c9e27a2ce.wav,0.0
f3f27d9b-fa9b-4e59-913e-99d6180c57ed,coughvid_data/f3f27d9b-fa9b-4e59-913e-99d6180c57ed.wav,coughvid_data/f3f27d9b-fa9b-4e59-913e-99d6180c57ed.wav,0.0
1d25a9d2-3731-4cf1-9c07-bb14e28a63c2,coughvid_data/1d25a9d2-3731-4cf1-9c07-bb14e28a63c2.wav,coughvid_data/1d25a9d2-3731-4cf1-9c07-bb14e28a63c2.wav,1.0
6057c3fa-3f5c-40e2-9552-669dcf08c8e1,coughvid_data/6057c3fa-3f5c-40e2-9552-669dcf08c8e1.wav,coughvid_data/6057c3fa-3f5c-40e2-9552-669dcf08c8e1.wav,0.0
edcbc113-bdd7-4337-b738-45e2954304de,coughvid_data/edcbc113-bdd7-4337-b738-45e2954304de.wav,coughvid_data/edcbc113-bdd7-4337-b738-45e2954304de.wav,0.0
4d3ab31a-ab81-46f8-9ce1-3d31947c1ff4,coughvid_data/4d3ab31a-ab81-46f8-9ce1-3d31947c1ff4.wav,coughvid_data/4d3ab31a-ab81-46f8-9ce1-3d31947c1ff4.wav,0.0
ccadaa01-d1a4-4c3b-9548-37211c38694e,coughvid_data/ccadaa01-d1a4-4c3b-9548-37211c38694e.wav,coughvid_data/ccadaa01-d1a4-4c3b-9548-37211c38694e.wav,0.0
da2b61f7-af2b-4a20-8b28-2680dca6d8e0,coughvid_data/da2b61f7-af2b-4a20-8b28-2680dca6d8e0.wav,coughvid_data/da2b61f7-af2b-4a20-8b28-2680dca6d8e0.wav,0.0
92aebfd7-d807-489c-8cf6-701ddc534915,coughvid_data/92aebfd7-d807-489c-8cf6-701ddc534915.wav,coughvid_data/92aebfd7-d807-489c-8cf6-701ddc534915.wav,0.0
5748355d-3e69-4ff0-950f-75ed0ad4d807,coughvid_data/5748355d-3e69-4ff0-950f-75ed0ad4d807.wav,coughvid_data/5748355d-3e69-4ff0-950f-75ed0ad4d807.wav,0.0
271dc850-4087-47b4-9e51-ec51230c509a,coughvid_data/271dc850-4087-47b4-9e51-ec51230c509a.wav,coughvid_data/271dc850-4087-47b4-9e51-ec51230c509a.wav,0.0
34bced04-6746-4f29-b9a8-c2c0d0c74bce,coughvid_data/34bced04-6746-4f29-b9a8-c2c0d0c74bce.wav,coughvid_data/34bced04-6746-4f29-b9a8-c2c0d0c74bce.wav,0.0
d57ca502-752f-487f-bf62-3f49d8ebe075,coughvid_data/d57ca502-752f-487f-bf62-3f49d8ebe075.wav,coughvid_data/d57ca502-752f-487f-bf62-3f49d8ebe075.wav,0.0
ce5ae235-fa9f-4ded-ba7b-623b78cf76a3,coughvid_data/ce5ae235-fa9f-4ded-ba7b-623b78cf76a3.wav,coughvid_data/ce5ae235-fa9f-4ded-ba7b-623b78cf76a3.wav,0.0
dc994f21-ea5e-4236-bc48-2fd980feb2f8,coughvid_data/dc994f21-ea5e-4236-bc48-2fd980feb2f8.wav,coughvid_data/dc994f21-ea5e-4236-bc48-2fd980feb2f8.wav,1.0
2aa3a99c-88e3-4344-8ef9-4f09e9a5cf6b,coughvid_data/2aa3a99c-88e3-4344-8ef9-4f09e9a5cf6b.wav,coughvid_data/2aa3a99c-88e3-4344-8ef9-4f09e9a5cf6b.wav,1.0
5f661e67-5993-44d2-bf8e-61e7299ed9fa,coughvid_data/5f661e67-5993-44d2-bf8e-61e7299ed9fa.wav,coughvid_data/5f661e67-5993-44d2-bf8e-61e7299ed9fa.wav,0.0
d0c3fe0f-87b3-4046-af8d-1af654222791,coughvid_data/d0c3fe0f-87b3-4046-af8d-1af654222791.wav,coughvid_data/d0c3fe0f-87b3-4046-af8d-1af654222791.wav,1.0
4a8b913e-ca59-48bd-ad45-90a555b8dc22,coughvid_data/4a8b913e-ca59-48bd-ad45-90a555b8dc22.wav,coughvid_data/4a8b913e-ca59-48bd-ad45-90a555b8dc22.wav,1.0
ff5f97db-9b64-4e35-afe8-af463d5c2c60,coughvid_data/ff5f97db-9b64-4e35-afe8-af463d5c2c60.wav,coughvid_data/ff5f97db-9b64-4e35-afe8-af463d5c2c60.wav,1.0
6f78c152-950b-4c35-a979-5c13a7cc77bb,coughvid_data/6f78c152-950b-4c35-a979-5c13a7cc77bb.wav,coughvid_data/6f78c152-950b-4c35-a979-5c13a7cc77bb.wav,1.0
9c7d7ae5-0093-409b-a553-bcb56aa9ba4e,coughvid_data/9c7d7ae5-0093-409b-a553-bcb56aa9ba4e.wav,coughvid_data/9c7d7ae5-0093-409b-a553-bcb56aa9ba4e.wav,0.0
55a3ed6c-f536-48c0-a306-4344b98b3c30,coughvid_data/55a3ed6c-f536-48c0-a306-4344b98b3c30.wav,coughvid_data/55a3ed6c-f536-48c0-a306-4344b98b3c30.wav,1.0
b21093d9-1a78-44b1-bfa0-7f8cbdfbe9d1,coughvid_data/b21093d9-1a78-44b1-bfa0-7f8cbdfbe9d1.wav,coughvid_data/b21093d9-1a78-44b1-bfa0-7f8cbdfbe9d1.wav,0.0
c8da6e1e-7c38-4f43-b468-70b8e0d756e3,coughvid_data/c8da6e1e-7c38-4f43-b468-70b8e0d756e3.wav,coughvid_data/c8da6e1e-7c38-4f43-b468-70b8e0d756e3.wav,0.0
39208e7a-a568-4a43-8ece-879e3bf9360a,coughvid_data/39208e7a-a568-4a43-8ece-879e3bf9360a.wav,coughvid_data/39208e7a-a568-4a43-8ece-879e3bf9360a.wav,1.0
a311cc0f-2017-48cc-b8ea-ad4559657922,coughvid_data/a311cc0f-2017-48cc-b8ea-ad4559657922.wav,coughvid_data/a311cc0f-2017-48cc-b8ea-ad4559657922.wav,1.0
d230f2f1-666d-4f06-8d87-48c8478221ee,coughvid_data/d230f2f1-666d-4f06-8d87-48c8478221ee.wav,coughvid_data/d230f2f1-666d-4f06-8d87-48c8478221ee.wav,0.0
5102ae79-b5f0-40cf-8e34-29420379237b,coughvid_data/5102ae79-b5f0-40cf-8e34-29420379237b.wav,coughvid_data/5102ae79-b5f0-40cf-8e34-29420379237b.wav,1.0
9d5e3b7e-d89a-4015-beb3-7490420ba303,coughvid_data/9d5e3b7e-d89a-4015-beb3-7490420ba303.wav,coughvid_data/9d5e3b7e-d89a-4015-beb3-7490420ba303.wav,0.0
93042cc5-e76d-41b9-90cc-b263596b6dbf,coughvid_data/93042cc5-e76d-41b9-90cc-b263596b6dbf.wav,coughvid_data/93042cc5-e76d-41b9-90cc-b263596b6dbf.wav,1.0
97fde015-ccee-4386-85bf-f270267f75d0,coughvid_data/97fde015-ccee-4386-85bf-f270267f75d0.wav,coughvid_data/97fde015-ccee-4386-85bf-f270267f75d0.wav,0.0
24a5ca1e-48ea-4341-9ad7-c0d28767f539,coughvid_data/24a5ca1e-48ea-4341-9ad7-c0d28767f539.wav,coughvid_data/24a5ca1e-48ea-4341-9ad7-c0d28767f539.wav,0.0
18f87656-5836-4ab9-98d5-7fa85929dbee,coughvid_data/18f87656-5836-4ab9-98d5-7fa85929dbee.wav,coughvid_data/18f87656-5836-4ab9-98d5-7fa85929dbee.wav,0.0
a121ecfb-bef6-4934-aea5-d33607c30a7f,coughvid_data/a121ecfb-bef6-4934-aea5-d33607c30a7f.wav,coughvid_data/a121ecfb-bef6-4934-aea5-d33607c30a7f.wav,1.0
1c5b89d1-869f-4e58-baaa-18abde47e218,coughvid_data/1c5b89d1-869f-4e58-baaa-18abde47e218.wav,coughvid_data/1c5b89d1-869f-4e58-baaa-18abde47e218.wav,1.0
fb58dbd6-f4b3-47ca-83b7-027c25705d73,coughvid_data/fb58dbd6-f4b3-47ca-83b7-027c25705d73.wav,coughvid_data/fb58dbd6-f4b3-47ca-83b7-027c25705d73.wav,0.0
cc9430c2-4520-4a62-acba-38cade764d3f,coughvid_data/cc9430c2-4520-4a62-acba-38cade764d3f.wav,coughvid_data/cc9430c2-4520-4a62-acba-38cade764d3f.wav,0.0
3d1a50bb-5d38-459e-91a0-e57c3ac04e45,coughvid_data/3d1a50bb-5d38-459e-91a0-e57c3ac04e45.wav,coughvid_data/3d1a50bb-5d38-459e-91a0-e57c3ac04e45.wav,1.0
507b6706-a0bb-417c-91f0-88be5d9143f6,coughvid_data/507b6706-a0bb-417c-91f0-88be5d9143f6.wav,coughvid_data/507b6706-a0bb-417c-91f0-88be5d9143f6.wav,0.0
b04cb3b3-8d4c-417b-b855-3745f222a736,coughvid_data/b04cb3b3-8d4c-417b-b855-3745f222a736.wav,coughvid_data/b04cb3b3-8d4c-417b-b855-3745f222a736.wav,0.0
13345249-05da-4c7a-af54-c488c111d5ab,coughvid_data/13345249-05da-4c7a-af54-c488c111d5ab.wav,coughvid_data/13345249-05da-4c7a-af54-c488c111d5ab.wav,1.0
07181f58-c37d-49ea-b0a8-efba0cb7b24d,coughvid_data/07181f58-c37d-49ea-b0a8-efba0cb7b24d.wav,coughvid_data/07181f58-c37d-49ea-b0a8-efba0cb7b24d.wav,0.0
24aebb30-767f-4042-838b-2ded8495660f,coughvid_data/24aebb30-767f-4042-838b-2ded8495660f.wav,coughvid_data/24aebb30-767f-4042-838b-2ded8495660f.wav,1.0
6308a83f-58f0-4cd8-be25-5c75b8883126,coughvid_data/6308a83f-58f0-4cd8-be25-5c75b8883126.wav,coughvid_data/6308a83f-58f0-4cd8-be25-5c75b8883126.wav,1.0
2dab8739-15cc-4622-aa5e-6978c39aa76f,coughvid_data/2dab8739-15cc-4622-aa5e-6978c39aa76f.wav,coughvid_data/2dab8739-15cc-4622-aa5e-6978c39aa76f.wav,0.0
aa75efd0-248a-4594-9df9-06413e506567,coughvid_data/aa75efd0-248a-4594-9df9-06413e506567.wav,coughvid_data/aa75efd0-248a-4594-9df9-06413e506567.wav,1.0
6a7c505b-66fe-4e2e-8a67-26a3b37ac0fd,coughvid_data/6a7c505b-66fe-4e2e-8a67-26a3b37ac0fd.wav,coughvid_data/6a7c505b-66fe-4e2e-8a67-26a3b37ac0fd.wav,1.0
350e8396-e67e-491a-89dd-666702548d63,coughvid_data/350e8396-e67e-491a-89dd-666702548d63.wav,coughvid_data/350e8396-e67e-491a-89dd-666702548d63.wav,1.0
29f00733-7fac-4a5d-ba43-fe352e4bce6f,coughvid_data/29f00733-7fac-4a5d-ba43-fe352e4bce6f.wav,coughvid_data/29f00733-7fac-4a5d-ba43-fe352e4bce6f.wav,1.0
a38288fe-3417-4720-b690-ebc1ccc89f40,coughvid_data/a38288fe-3417-4720-b690-ebc1ccc89f40.wav,coughvid_data/a38288fe-3417-4720-b690-ebc1ccc89f40.wav,0.0
d3b02d3a-febb-4332-ac6f-20bc8c5f61ef,coughvid_data/d3b02d3a-febb-4332-ac6f-20bc8c5f61ef.wav,coughvid_data/d3b02d3a-febb-4332-ac6f-20bc8c5f61ef.wav,1.0
561d7f7f-4817-41da-a2c4-9f8c61c4fd2f,coughvid_data/561d7f7f-4817-41da-a2c4-9f8c61c4fd2f.wav,coughvid_data/561d7f7f-4817-41da-a2c4-9f8c61c4fd2f.wav,0.0
9ab64a0b-7505-4440-932b-982265b29e32,coughvid_data/9ab64a0b-7505-4440-932b-982265b29e32.wav,coughvid_data/9ab64a0b-7505-4440-932b-982265b29e32.wav,0.0
2e710eae-ce92-465c-a728-9cbac2fcb9ed,coughvid_data/2e710eae-ce92-465c-a728-9cbac2fcb9ed.wav,coughvid_data/2e710eae-ce92-465c-a728-9cbac2fcb9ed.wav,1.0
70c586ec-7551-4c5b-b388-4a0a0381ab6d,coughvid_data/70c586ec-7551-4c5b-b388-4a0a0381ab6d.wav,coughvid_data/70c586ec-7551-4c5b-b388-4a0a0381ab6d.wav,1.0
a64a08aa-2307-4ff4-b829-1bebd725e67e,coughvid_data/a64a08aa-2307-4ff4-b829-1bebd725e67e.wav,coughvid_data/a64a08aa-2307-4ff4-b829-1bebd725e67e.wav,0.0
b7365d9f-d50e-4211-9c98-2a97038434b1,coughvid_data/b7365d9f-d50e-4211-9c98-2a97038434b1.wav,coughvid_data/b7365d9f-d50e-4211-9c98-2a97038434b1.wav,0.0
4739e2dd-0da7-4ffb-9d59-7b1c3d3dc7c8,coughvid_data/4739e2dd-0da7-4ffb-9d59-7b1c3d3dc7c8.wav,coughvid_data/4739e2dd-0da7-4ffb-9d59-7b1c3d3dc7c8.wav,0.0
4d233635-f6fd-47ae-9bf7-dbc92428c267,coughvid_data/4d233635-f6fd-47ae-9bf7-dbc92428c267.wav,coughvid_data/4d233635-f6fd-47ae-9bf7-dbc92428c267.wav,0.0
d24a1cd6-b791-4d50-9aa4-7071511f90d7,coughvid_data/d24a1cd6-b791-4d50-9aa4-7071511f90d7.wav,coughvid_data/d24a1cd6-b791-4d50-9aa4-7071511f90d7.wav,0.0
2a51b335-93b5-4008-be32-0ae54f763e60,coughvid_data/2a51b335-93b5-4008-be32-0ae54f763e60.wav,coughvid_data/2a51b335-93b5-4008-be32-0ae54f763e60.wav,0.0
ae3ff04f-43ba-4371-9ba6-146b515904ce,coughvid_data/ae3ff04f-43ba-4371-9ba6-146b515904ce.wav,coughvid_data/ae3ff04f-43ba-4371-9ba6-146b515904ce.wav,1.0
353bb06f-a51c-4646-b890-d7fd3529e0e2,coughvid_data/353bb06f-a51c-4646-b890-d7fd3529e0e2.wav,coughvid_data/353bb06f-a51c-4646-b890-d7fd3529e0e2.wav,1.0
7d934101-a9a2-4a04-b0db-28c733af31d5,coughvid_data/7d934101-a9a2-4a04-b0db-28c733af31d5.wav,coughvid_data/7d934101-a9a2-4a04-b0db-28c733af31d5.wav,1.0
a81e85ca-8fa1-4a28-b4b2-e7dda210c471,coughvid_data/a81e85ca-8fa1-4a28-b4b2-e7dda210c471.wav,coughvid_data/a81e85ca-8fa1-4a28-b4b2-e7dda210c471.wav,0.0
b4bbd8a5-a63c-44ab-9ef9-cc8a5fbe5f61,coughvid_data/b4bbd8a5-a63c-44ab-9ef9-cc8a5fbe5f61.wav,coughvid_data/b4bbd8a5-a63c-44ab-9ef9-cc8a5fbe5f61.wav,0.0
76f0dea9-2043-4984-b515-7a0d03d31035,coughvid_data/76f0dea9-2043-4984-b515-7a0d03d31035.wav,coughvid_data/76f0dea9-2043-4984-b515-7a0d03d31035.wav,1.0
7dace539-bb44-464a-93a1-2c3ba8fc3a1a,coughvid_data/7dace539-bb44-464a-93a1-2c3ba8fc3a1a.wav,coughvid_data/7dace539-bb44-464a-93a1-2c3ba8fc3a1a.wav,0.0
259c9af7-2853-4afd-89fe-b310cf2aafd7,coughvid_data/259c9af7-2853-4afd-89fe-b310cf2aafd7.wav,coughvid_data/259c9af7-2853-4afd-89fe-b310cf2aafd7.wav,0.0
aadebca7-5937-473e-8cff-a874421bc6f2,coughvid_data/aadebca7-5937-473e-8cff-a874421bc6f2.wav,coughvid_data/aadebca7-5937-473e-8cff-a874421bc6f2.wav,0.0
41bb08e9-6d43-41bc-bca2-a465f7dcf2f3,coughvid_data/41bb08e9-6d43-41bc-bca2-a465f7dcf2f3.wav,coughvid_data/41bb08e9-6d43-41bc-bca2-a465f7dcf2f3.wav,1.0
8848397e-fae2-4a2e-96bd-b1c121e8727a,coughvid_data/8848397e-fae2-4a2e-96bd-b1c121e8727a.wav,coughvid_data/8848397e-fae2-4a2e-96bd-b1c121e8727a.wav,0.0
7a93e5be-338b-453c-8763-57ebeef36b39,coughvid_data/7a93e5be-338b-453c-8763-57ebeef36b39.wav,coughvid_data/7a93e5be-338b-453c-8763-57ebeef36b39.wav,1.0
2dc58138-1925-4871-bf3f-343ba38220e1,coughvid_data/2dc58138-1925-4871-bf3f-343ba38220e1.wav,coughvid_data/2dc58138-1925-4871-bf3f-343ba38220e1.wav,0.0
d2b5268d-6e61-40bf-a367-48edd2010879,coughvid_data/d2b5268d-6e61-40bf-a367-48edd2010879.wav,coughvid_data/d2b5268d-6e61-40bf-a367-48edd2010879.wav,0.0
f3ecc91c-fd96-41a1-b19c-418f226944e9,coughvid_data/f3ecc91c-fd96-41a1-b19c-418f226944e9.wav,coughvid_data/f3ecc91c-fd96-41a1-b19c-418f226944e9.wav,0.0
aba25a3a-690f-4310-b2c0-942e61a67dfa,coughvid_data/aba25a3a-690f-4310-b2c0-942e61a67dfa.wav,coughvid_data/aba25a3a-690f-4310-b2c0-942e61a67dfa.wav,1.0
10c45f18-eea6-4574-9ba0-7449e4e21dc1,coughvid_data/10c45f18-eea6-4574-9ba0-7449e4e21dc1.wav,coughvid_data/10c45f18-eea6-4574-9ba0-7449e4e21dc1.wav,1.0
74248ced-e508-4fff-9ee6-800835f92824,coughvid_data/74248ced-e508-4fff-9ee6-800835f92824.wav,coughvid_data/74248ced-e508-4fff-9ee6-800835f92824.wav,0.0
b5314535-17c1-407c-9028-f6c63f83e362,coughvid_data/b5314535-17c1-407c-9028-f6c63f83e362.wav,coughvid_data/b5314535-17c1-407c-9028-f6c63f83e362.wav,1.0
64e5b75c-8c2d-4640-920b-734c7e126616,coughvid_data/64e5b75c-8c2d-4640-920b-734c7e126616.wav,coughvid_data/64e5b75c-8c2d-4640-920b-734c7e126616.wav,1.0
37d90c29-7102-4a2b-8aad-52ff931552cb,coughvid_data/37d90c29-7102-4a2b-8aad-52ff931552cb.wav,coughvid_data/37d90c29-7102-4a2b-8aad-52ff931552cb.wav,1.0
be3dbc48-0e3b-4d66-a167-1319fba39ce1,coughvid_data/be3dbc48-0e3b-4d66-a167-1319fba39ce1.wav,coughvid_data/be3dbc48-0e3b-4d66-a167-1319fba39ce1.wav,0.0
92bd3a13-ddf5-46b6-b6f3-530de8c43042,coughvid_data/92bd3a13-ddf5-46b6-b6f3-530de8c43042.wav,coughvid_data/92bd3a13-ddf5-46b6-b6f3-530de8c43042.wav,1.0
255fbaef-0bdf-4920-9cde-1313bcd43df1,coughvid_data/255fbaef-0bdf-4920-9cde-1313bcd43df1.wav,coughvid_data/255fbaef-0bdf-4920-9cde-1313bcd43df1.wav,1.0
19d006f9-bb9a-4156-9e4f-27ae2230a2c1,coughvid_data/19d006f9-bb9a-4156-9e4f-27ae2230a2c1.wav,coughvid_data/19d006f9-bb9a-4156-9e4f-27ae2230a2c1.wav,0.0
b70b0570-bbeb-4703-8aa8-3aa7734b3e01,coughvid_data/b70b0570-bbeb-4703-8aa8-3aa7734b3e01.wav,coughvid_data/b70b0570-bbeb-4703-8aa8-3aa7734b3e01.wav,0.0
a0c96cdb-4ab4-4b00-aa4b-190f979ede3a,coughvid_data/a0c96cdb-4ab4-4b00-aa4b-190f979ede3a.wav,coughvid_data/a0c96cdb-4ab4-4b00-aa4b-190f979ede3a.wav,1.0
ed7daba8-a8bc-473f-b159-55d16ea59eb1,coughvid_data/ed7daba8-a8bc-473f-b159-55d16ea59eb1.wav,coughvid_data/ed7daba8-a8bc-473f-b159-55d16ea59eb1.wav,1.0
2842c257-3def-4171-8ef9-c2c4078753b1,coughvid_data/2842c257-3def-4171-8ef9-c2c4078753b1.wav,coughvid_data/2842c257-3def-4171-8ef9-c2c4078753b1.wav,1.0
44ef29a4-f235-4dcc-acc0-0321e1f90f3b,coughvid_data/44ef29a4-f235-4dcc-acc0-0321e1f90f3b.wav,coughvid_data/44ef29a4-f235-4dcc-acc0-0321e1f90f3b.wav,1.0
83feb9a2-06a2-476a-b08c-9458000ad78f,coughvid_data/83feb9a2-06a2-476a-b08c-9458000ad78f.wav,coughvid_data/83feb9a2-06a2-476a-b08c-9458000ad78f.wav,0.0
c0c523dc-9c99-4273-abe1-1cfc7b9305db,coughvid_data/c0c523dc-9c99-4273-abe1-1cfc7b9305db.wav,coughvid_data/c0c523dc-9c99-4273-abe1-1cfc7b9305db.wav,0.0
02937337-8cfd-4e41-ab8d-918630586e58,coughvid_data/02937337-8cfd-4e41-ab8d-918630586e58.wav,coughvid_data/02937337-8cfd-4e41-ab8d-918630586e58.wav,0.0
6617297b-a7fe-41e9-b9cf-b64dccd137ec,coughvid_data/6617297b-a7fe-41e9-b9cf-b64dccd137ec.wav,coughvid_data/6617297b-a7fe-41e9-b9cf-b64dccd137ec.wav,1.0
f46c937c-a813-4610-9f86-543dbdf844ad,coughvid_data/f46c937c-a813-4610-9f86-543dbdf844ad.wav,coughvid_data/f46c937c-a813-4610-9f86-543dbdf844ad.wav,0.0
0b426d83-97c9-4270-8c70-477a95112f95,coughvid_data/0b426d83-97c9-4270-8c70-477a95112f95.wav,coughvid_data/0b426d83-97c9-4270-8c70-477a95112f95.wav,1.0
4313bcf8-ddf6-4819-8223-31d705b932e5,coughvid_data/4313bcf8-ddf6-4819-8223-31d705b932e5.wav,coughvid_data/4313bcf8-ddf6-4819-8223-31d705b932e5.wav,0.0
861d1321-b0f9-4f7e-9dce-fe86e9f73838,coughvid_data/861d1321-b0f9-4f7e-9dce-fe86e9f73838.wav,coughvid_data/861d1321-b0f9-4f7e-9dce-fe86e9f73838.wav,1.0
f0a01b89-c5e1-4e78-bfc3-131dfd564508,coughvid_data/f0a01b89-c5e1-4e78-bfc3-131dfd564508.wav,coughvid_data/f0a01b89-c5e1-4e78-bfc3-131dfd564508.wav,0.0
e23f5452-99de-46ea-8c94-481ca0bf875c,coughvid_data/e23f5452-99de-46ea-8c94-481ca0bf875c.wav,coughvid_data/e23f5452-99de-46ea-8c94-481ca0bf875c.wav,0.0
7330d2aa-dd13-4537-bb93-6ebda521caf9,coughvid_data/7330d2aa-dd13-4537-bb93-6ebda521caf9.wav,coughvid_data/7330d2aa-dd13-4537-bb93-6ebda521caf9.wav,1.0
80ec4604-ad06-4b6b-b5ac-869e43cd4f89,coughvid_data/80ec4604-ad06-4b6b-b5ac-869e43cd4f89.wav,coughvid_data/80ec4604-ad06-4b6b-b5ac-869e43cd4f89.wav,0.0
794029a7-53b9-47ef-aaef-c10814c0d126,coughvid_data/794029a7-53b9-47ef-aaef-c10814c0d126.wav,coughvid_data/794029a7-53b9-47ef-aaef-c10814c0d126.wav,1.0
5da83137-3fe4-4e9f-806d-9e6df458b1c4,coughvid_data/5da83137-3fe4-4e9f-806d-9e6df458b1c4.wav,coughvid_data/5da83137-3fe4-4e9f-806d-9e6df458b1c4.wav,1.0
606b3bb1-b66c-45ca-beb5-9a3deef78afa,coughvid_data/606b3bb1-b66c-45ca-beb5-9a3deef78afa.wav,coughvid_data/606b3bb1-b66c-45ca-beb5-9a3deef78afa.wav,1.0
fb242da8-7ea9-4475-bd08-752aac9d966c,coughvid_data/fb242da8-7ea9-4475-bd08-752aac9d966c.wav,coughvid_data/fb242da8-7ea9-4475-bd08-752aac9d966c.wav,1.0
49337bb3-c761-4b1e-9c46-8ea9e4418a4f,coughvid_data/49337bb3-c761-4b1e-9c46-8ea9e4418a4f.wav,coughvid_data/49337bb3-c761-4b1e-9c46-8ea9e4418a4f.wav,1.0
c12c7664-7aa0-4439-afbb-5416dd028ccd,coughvid_data/c12c7664-7aa0-4439-afbb-5416dd028ccd.wav,coughvid_data/c12c7664-7aa0-4439-afbb-5416dd028ccd.wav,1.0
791eccee-9d6b-48ff-8598-935a271d6548,coughvid_data/791eccee-9d6b-48ff-8598-935a271d6548.wav,coughvid_data/791eccee-9d6b-48ff-8598-935a271d6548.wav,1.0
d01e80ff-c38e-4eea-8965-892086212f85,coughvid_data/d01e80ff-c38e-4eea-8965-892086212f85.wav,coughvid_data/d01e80ff-c38e-4eea-8965-892086212f85.wav,0.0
a9257320-d8d8-41d8-b120-3bdc70bd55fe,coughvid_data/a9257320-d8d8-41d8-b120-3bdc70bd55fe.wav,coughvid_data/a9257320-d8d8-41d8-b120-3bdc70bd55fe.wav,1.0
c70a2941-2013-443e-85c3-4996a4886e2c,coughvid_data/c70a2941-2013-443e-85c3-4996a4886e2c.wav,coughvid_data/c70a2941-2013-443e-85c3-4996a4886e2c.wav,1.0
1ffd4095-ad4e-43f6-b8f2-4c1fe060b7eb,coughvid_data/1ffd4095-ad4e-43f6-b8f2-4c1fe060b7eb.wav,coughvid_data/1ffd4095-ad4e-43f6-b8f2-4c1fe060b7eb.wav,1.0
e425fbfd-a9a6-4666-a8b7-ac782d00a3a6,coughvid_data/e425fbfd-a9a6-4666-a8b7-ac782d00a3a6.wav,coughvid_data/e425fbfd-a9a6-4666-a8b7-ac782d00a3a6.wav,0.0
6fca5a20-5700-4e54-935e-c0f26a30fa64,coughvid_data/6fca5a20-5700-4e54-935e-c0f26a30fa64.wav,coughvid_data/6fca5a20-5700-4e54-935e-c0f26a30fa64.wav,0.0
460933d0-060d-431a-9166-e4631d64353d,coughvid_data/460933d0-060d-431a-9166-e4631d64353d.wav,coughvid_data/460933d0-060d-431a-9166-e4631d64353d.wav,1.0
253f8d4b-198a-4058-a695-9f09b4a3efd6,coughvid_data/253f8d4b-198a-4058-a695-9f09b4a3efd6.wav,coughvid_data/253f8d4b-198a-4058-a695-9f09b4a3efd6.wav,1.0
057cf598-c778-46a1-bd5d-1bf5ebb8b354,coughvid_data/057cf598-c778-46a1-bd5d-1bf5ebb8b354.wav,coughvid_data/057cf598-c778-46a1-bd5d-1bf5ebb8b354.wav,0.0
0e8c849d-9a13-4d43-b6b5-be14a334b77c,coughvid_data/0e8c849d-9a13-4d43-b6b5-be14a334b77c.wav,coughvid_data/0e8c849d-9a13-4d43-b6b5-be14a334b77c.wav,1.0
64dae088-61e8-4880-97b8-c58f43d56746,coughvid_data/64dae088-61e8-4880-97b8-c58f43d56746.wav,coughvid_data/64dae088-61e8-4880-97b8-c58f43d56746.wav,0.0
479e6e3f-81fb-4e79-a857-5848427d3ec8,coughvid_data/479e6e3f-81fb-4e79-a857-5848427d3ec8.wav,coughvid_data/479e6e3f-81fb-4e79-a857-5848427d3ec8.wav,1.0
70ce1812-6cf4-4812-a000-32cc1b652201,coughvid_data/70ce1812-6cf4-4812-a000-32cc1b652201.wav,coughvid_data/70ce1812-6cf4-4812-a000-32cc1b652201.wav,0.0
077edc1c-7f85-41a3-941a-cac380f9243a,coughvid_data/077edc1c-7f85-41a3-941a-cac380f9243a.wav,coughvid_data/077edc1c-7f85-41a3-941a-cac380f9243a.wav,1.0
20fd26c4-26d2-48d8-bf6f-f5b37a0d838c,coughvid_data/20fd26c4-26d2-48d8-bf6f-f5b37a0d838c.wav,coughvid_data/20fd26c4-26d2-48d8-bf6f-f5b37a0d838c.wav,1.0
266388ed-f5e0-4579-abea-1bd07ebd8b87,coughvid_data/266388ed-f5e0-4579-abea-1bd07ebd8b87.wav,coughvid_data/266388ed-f5e0-4579-abea-1bd07ebd8b87.wav,1.0
5c432abf-fd24-4ef6-9fd7-fa0f092ca2ff,coughvid_data/5c432abf-fd24-4ef6-9fd7-fa0f092ca2ff.wav,coughvid_data/5c432abf-fd24-4ef6-9fd7-fa0f092ca2ff.wav,1.0
60521ce8-e03a-40f0-aca2-dcfeeb7503ce,coughvid_data/60521ce8-e03a-40f0-aca2-dcfeeb7503ce.wav,coughvid_data/60521ce8-e03a-40f0-aca2-dcfeeb7503ce.wav,0.0
c2aac049-b5aa-420d-88cc-2a4a0d5dbd14,coughvid_data/c2aac049-b5aa-420d-88cc-2a4a0d5dbd14.wav,coughvid_data/c2aac049-b5aa-420d-88cc-2a4a0d5dbd14.wav,1.0
1c2060e4-e207-4fe0-a0f7-5a5d08d1de2b,coughvid_data/1c2060e4-e207-4fe0-a0f7-5a5d08d1de2b.wav,coughvid_data/1c2060e4-e207-4fe0-a0f7-5a5d08d1de2b.wav,0.0
1e06cbe3-a28d-4073-88bb-efc2b7418c95,coughvid_data/1e06cbe3-a28d-4073-88bb-efc2b7418c95.wav,coughvid_data/1e06cbe3-a28d-4073-88bb-efc2b7418c95.wav,0.0
55b7b84a-2a06-4830-8eda-7c492cca2cab,coughvid_data/55b7b84a-2a06-4830-8eda-7c492cca2cab.wav,coughvid_data/55b7b84a-2a06-4830-8eda-7c492cca2cab.wav,0.0
a513ed5f-98d7-4522-a32a-7ad7bef8b665,coughvid_data/a513ed5f-98d7-4522-a32a-7ad7bef8b665.wav,coughvid_data/a513ed5f-98d7-4522-a32a-7ad7bef8b665.wav,1.0
10bf8718-3f77-4f79-83a6-0805d4255c46,coughvid_data/10bf8718-3f77-4f79-83a6-0805d4255c46.wav,coughvid_data/10bf8718-3f77-4f79-83a6-0805d4255c46.wav,0.0
40468fb3-fc81-4a5e-8cc6-e49011c1c9d5,coughvid_data/40468fb3-fc81-4a5e-8cc6-e49011c1c9d5.wav,coughvid_data/40468fb3-fc81-4a5e-8cc6-e49011c1c9d5.wav,1.0
c7239b74-21aa-4d8d-8199-55182627f3be,coughvid_data/c7239b74-21aa-4d8d-8199-55182627f3be.wav,coughvid_data/c7239b74-21aa-4d8d-8199-55182627f3be.wav,1.0
1bd7f149-133f-4c77-889b-15343bac6a2c,coughvid_data/1bd7f149-133f-4c77-889b-15343bac6a2c.wav,coughvid_data/1bd7f149-133f-4c77-889b-15343bac6a2c.wav,0.0
b1ad5a83-af17-4874-be8d-6cb7eb502688,coughvid_data/b1ad5a83-af17-4874-be8d-6cb7eb502688.wav,coughvid_data/b1ad5a83-af17-4874-be8d-6cb7eb502688.wav,1.0
642c2e3e-06ed-4f20-a6ec-7dc1424f0f05,coughvid_data/642c2e3e-06ed-4f20-a6ec-7dc1424f0f05.wav,coughvid_data/642c2e3e-06ed-4f20-a6ec-7dc1424f0f05.wav,0.0
dd876482-4ba2-4bb3-814f-5445e480e0ba,coughvid_data/dd876482-4ba2-4bb3-814f-5445e480e0ba.wav,coughvid_data/dd876482-4ba2-4bb3-814f-5445e480e0ba.wav,1.0
d83b6c64-1ecc-4361-b106-d12e75b5e668,coughvid_data/d83b6c64-1ecc-4361-b106-d12e75b5e668.wav,coughvid_data/d83b6c64-1ecc-4361-b106-d12e75b5e668.wav,0.0
4ce3137f-941d-4ec5-bb2c-88d1b9fbafa3,coughvid_data/4ce3137f-941d-4ec5-bb2c-88d1b9fbafa3.wav,coughvid_data/4ce3137f-941d-4ec5-bb2c-88d1b9fbafa3.wav,1.0
d768c16d-730b-4951-8682-9c8ba2e3d2b0,coughvid_data/d768c16d-730b-4951-8682-9c8ba2e3d2b0.wav,coughvid_data/d768c16d-730b-4951-8682-9c8ba2e3d2b0.wav,1.0
818546b5-63ea-44ec-b3d1-e415e51d998e,coughvid_data/818546b5-63ea-44ec-b3d1-e415e51d998e.wav,coughvid_data/818546b5-63ea-44ec-b3d1-e415e51d998e.wav,0.0
0f3fbd8c-8be8-4f85-899d-a75fe15de8b3,coughvid_data/0f3fbd8c-8be8-4f85-899d-a75fe15de8b3.wav,coughvid_data/0f3fbd8c-8be8-4f85-899d-a75fe15de8b3.wav,0.0
eaae5d4e-ca16-468f-a1d9-3567a396b6da,coughvid_data/eaae5d4e-ca16-468f-a1d9-3567a396b6da.wav,coughvid_data/eaae5d4e-ca16-468f-a1d9-3567a396b6da.wav,1.0
b300ba99-adb0-4005-8292-e3ee5134a5a6,coughvid_data/b300ba99-adb0-4005-8292-e3ee5134a5a6.wav,coughvid_data/b300ba99-adb0-4005-8292-e3ee5134a5a6.wav,1.0
4c52ac2f-9fbc-4da0-86f2-345b5d83dfb6,coughvid_data/4c52ac2f-9fbc-4da0-86f2-345b5d83dfb6.wav,coughvid_data/4c52ac2f-9fbc-4da0-86f2-345b5d83dfb6.wav,0.0
b8fe3874-714e-40d5-902b-9a914ba0b723,coughvid_data/b8fe3874-714e-40d5-902b-9a914ba0b723.wav,coughvid_data/b8fe3874-714e-40d5-902b-9a914ba0b723.wav,1.0
e794901a-758e-4f75-8a7b-14991e0fac2c,coughvid_data/e794901a-758e-4f75-8a7b-14991e0fac2c.wav,coughvid_data/e794901a-758e-4f75-8a7b-14991e0fac2c.wav,0.0
c6abf29f-4dd7-4194-812c-37d227f95314,coughvid_data/c6abf29f-4dd7-4194-812c-37d227f95314.wav,coughvid_data/c6abf29f-4dd7-4194-812c-37d227f95314.wav,0.0
901961a0-1c48-4a41-b247-1ff7034ed97d,coughvid_data/901961a0-1c48-4a41-b247-1ff7034ed97d.wav,coughvid_data/901961a0-1c48-4a41-b247-1ff7034ed97d.wav,0.0
531adfc6-d815-44d8-ab73-12bfb51b529e,coughvid_data/531adfc6-d815-44d8-ab73-12bfb51b529e.wav,coughvid_data/531adfc6-d815-44d8-ab73-12bfb51b529e.wav,0.0
f79902a4-8a47-4b6a-b5a0-fc961331cd88,coughvid_data/f79902a4-8a47-4b6a-b5a0-fc961331cd88.wav,coughvid_data/f79902a4-8a47-4b6a-b5a0-fc961331cd88.wav,0.0
ca6eac25-8f01-4d70-a7f5-3d22b68f6c1d,coughvid_data/ca6eac25-8f01-4d70-a7f5-3d22b68f6c1d.wav,coughvid_data/ca6eac25-8f01-4d70-a7f5-3d22b68f6c1d.wav,1.0
8d4271e1-6acb-4f0f-b4b4-ed3bb4722777,coughvid_data/8d4271e1-6acb-4f0f-b4b4-ed3bb4722777.wav,coughvid_data/8d4271e1-6acb-4f0f-b4b4-ed3bb4722777.wav,1.0
8b96fd41-6fed-4862-a308-f8dc676ad101,coughvid_data/8b96fd41-6fed-4862-a308-f8dc676ad101.wav,coughvid_data/8b96fd41-6fed-4862-a308-f8dc676ad101.wav,1.0
7584c35c-e038-4baf-a57b-c9d824563481,coughvid_data/7584c35c-e038-4baf-a57b-c9d824563481.wav,coughvid_data/7584c35c-e038-4baf-a57b-c9d824563481.wav,1.0
aeb18918-3325-467d-8342-91cb2ea6c3c1,coughvid_data/aeb18918-3325-467d-8342-91cb2ea6c3c1.wav,coughvid_data/aeb18918-3325-467d-8342-91cb2ea6c3c1.wav,0.0
170434f9-359f-4598-bd54-ca09b94b3879,coughvid_data/170434f9-359f-4598-bd54-ca09b94b3879.wav,coughvid_data/170434f9-359f-4598-bd54-ca09b94b3879.wav,1.0
457cb363-1ac1-422c-a02c-03e99bce9c1f,coughvid_data/457cb363-1ac1-422c-a02c-03e99bce9c1f.wav,coughvid_data/457cb363-1ac1-422c-a02c-03e99bce9c1f.wav,1.0
244e9dc2-b507-4bbd-b723-44b8a61f6653,coughvid_data/244e9dc2-b507-4bbd-b723-44b8a61f6653.wav,coughvid_data/244e9dc2-b507-4bbd-b723-44b8a61f6653.wav,0.0
26efffe0-bd92-414a-a978-bde8f3613de5,coughvid_data/26efffe0-bd92-414a-a978-bde8f3613de5.wav,coughvid_data/26efffe0-bd92-414a-a978-bde8f3613de5.wav,1.0
e4379ec8-6ee3-4c2f-8832-b870c8249799,coughvid_data/e4379ec8-6ee3-4c2f-8832-b870c8249799.wav,coughvid_data/e4379ec8-6ee3-4c2f-8832-b870c8249799.wav,1.0
58f26bb7-b25a-480b-aba5-551baa2b118d,coughvid_data/58f26bb7-b25a-480b-aba5-551baa2b118d.wav,coughvid_data/58f26bb7-b25a-480b-aba5-551baa2b118d.wav,0.0
7fef9de2-05fe-4574-a5cc-d664fb509e2f,coughvid_data/7fef9de2-05fe-4574-a5cc-d664fb509e2f.wav,coughvid_data/7fef9de2-05fe-4574-a5cc-d664fb509e2f.wav,1.0
a04233af-7fec-4613-935a-855ffeec7da5,coughvid_data/a04233af-7fec-4613-935a-855ffeec7da5.wav,coughvid_data/a04233af-7fec-4613-935a-855ffeec7da5.wav,0.0
1b3c89ea-c0fb-4f88-b1a6-b1b7656c6985,coughvid_data/1b3c89ea-c0fb-4f88-b1a6-b1b7656c6985.wav,coughvid_data/1b3c89ea-c0fb-4f88-b1a6-b1b7656c6985.wav,0.0
5d73280f-f928-4900-95c5-50b3ab17bb4d,coughvid_data/5d73280f-f928-4900-95c5-50b3ab17bb4d.wav,coughvid_data/5d73280f-f928-4900-95c5-50b3ab17bb4d.wav,1.0
df42ba5c-dc88-437d-8124-7de8c7e99d99,coughvid_data/df42ba5c-dc88-437d-8124-7de8c7e99d99.wav,coughvid_data/df42ba5c-dc88-437d-8124-7de8c7e99d99.wav,1.0
e9f8461a-759e-44fc-adb9-223a61f7ed5d,coughvid_data/e9f8461a-759e-44fc-adb9-223a61f7ed5d.wav,coughvid_data/e9f8461a-759e-44fc-adb9-223a61f7ed5d.wav,1.0
f3a739ac-f219-49d1-8fd2-cdeb5575641c,coughvid_data/f3a739ac-f219-49d1-8fd2-cdeb5575641c.wav,coughvid_data/f3a739ac-f219-49d1-8fd2-cdeb5575641c.wav,0.0
6efa15c2-b051-4f92-89c3-122e84ca9268,coughvid_data/6efa15c2-b051-4f92-89c3-122e84ca9268.wav,coughvid_data/6efa15c2-b051-4f92-89c3-122e84ca9268.wav,1.0
12cd87a5-851b-4209-adc9-78b355a732ed,coughvid_data/12cd87a5-851b-4209-adc9-78b355a732ed.wav,coughvid_data/12cd87a5-851b-4209-adc9-78b355a732ed.wav,1.0
213aff15-681f-4f36-a001-07dd623161d3,coughvid_data/213aff15-681f-4f36-a001-07dd623161d3.wav,coughvid_data/213aff15-681f-4f36-a001-07dd623161d3.wav,1.0
4448a914-f263-46b8-95fa-95326ec5972c,coughvid_data/4448a914-f263-46b8-95fa-95326ec5972c.wav,coughvid_data/4448a914-f263-46b8-95fa-95326ec5972c.wav,1.0
5e2dd52b-f9f1-4647-ac69-858dcb6f7611,coughvid_data/5e2dd52b-f9f1-4647-ac69-858dcb6f7611.wav,coughvid_data/5e2dd52b-f9f1-4647-ac69-858dcb6f7611.wav,1.0
dba3d9ed-898b-4a58-9d8c-646391100516,coughvid_data/dba3d9ed-898b-4a58-9d8c-646391100516.wav,coughvid_data/dba3d9ed-898b-4a58-9d8c-646391100516.wav,0.0
15704523-4a4e-43f0-9b25-47d6a674f9ff,coughvid_data/15704523-4a4e-43f0-9b25-47d6a674f9ff.wav,coughvid_data/15704523-4a4e-43f0-9b25-47d6a674f9ff.wav,1.0
8eb468c5-1737-45f4-a81c-8955fac83fb2,coughvid_data/8eb468c5-1737-45f4-a81c-8955fac83fb2.wav,coughvid_data/8eb468c5-1737-45f4-a81c-8955fac83fb2.wav,0.0
ba5ade2c-45fc-41e5-b111-86c08ea8609b,coughvid_data/ba5ade2c-45fc-41e5-b111-86c08ea8609b.wav,coughvid_data/ba5ade2c-45fc-41e5-b111-86c08ea8609b.wav,1.0
27ed2ba6-f6aa-4d4e-bb58-b9e192073956,coughvid_data/27ed2ba6-f6aa-4d4e-bb58-b9e192073956.wav,coughvid_data/27ed2ba6-f6aa-4d4e-bb58-b9e192073956.wav,1.0
d01b0690-b082-44e0-b428-93a1477e65de,coughvid_data/d01b0690-b082-44e0-b428-93a1477e65de.wav,coughvid_data/d01b0690-b082-44e0-b428-93a1477e65de.wav,0.0
2e0216cf-0538-4920-bc29-95b195d6161a,coughvid_data/2e0216cf-0538-4920-bc29-95b195d6161a.wav,coughvid_data/2e0216cf-0538-4920-bc29-95b195d6161a.wav,1.0
18defe1e-116a-464d-994b-2a3163260b7a,coughvid_data/18defe1e-116a-464d-994b-2a3163260b7a.wav,coughvid_data/18defe1e-116a-464d-994b-2a3163260b7a.wav,1.0
5a5dccc2-ce4e-4c4e-ab49-a0dcf6f4a2d0,coughvid_data/5a5dccc2-ce4e-4c4e-ab49-a0dcf6f4a2d0.wav,coughvid_data/5a5dccc2-ce4e-4c4e-ab49-a0dcf6f4a2d0.wav,1.0
c6e2731d-32f8-4646-87b7-0e7aa29a0ff6,coughvid_data/c6e2731d-32f8-4646-87b7-0e7aa29a0ff6.wav,coughvid_data/c6e2731d-32f8-4646-87b7-0e7aa29a0ff6.wav,0.0
cd2921c1-d73b-422c-9f3a-e40ebbe43bad,coughvid_data/cd2921c1-d73b-422c-9f3a-e40ebbe43bad.wav,coughvid_data/cd2921c1-d73b-422c-9f3a-e40ebbe43bad.wav,1.0
ee573c1d-1e3e-4a26-955a-f42ff070ece2,coughvid_data/ee573c1d-1e3e-4a26-955a-f42ff070ece2.wav,coughvid_data/ee573c1d-1e3e-4a26-955a-f42ff070ece2.wav,0.0
c7642954-2cbe-45e6-9c24-e737edffa225,coughvid_data/c7642954-2cbe-45e6-9c24-e737edffa225.wav,coughvid_data/c7642954-2cbe-45e6-9c24-e737edffa225.wav,1.0
937b11cf-4e14-47e0-aa64-4b346c19d32d,coughvid_data/937b11cf-4e14-47e0-aa64-4b346c19d32d.wav,coughvid_data/937b11cf-4e14-47e0-aa64-4b346c19d32d.wav,1.0
fc9792e4-7125-4943-982f-a372ac3547b8,coughvid_data/fc9792e4-7125-4943-982f-a372ac3547b8.wav,coughvid_data/fc9792e4-7125-4943-982f-a372ac3547b8.wav,1.0
9a1cccfb-b972-4f32-a6e6-ac046e9863a7,coughvid_data/9a1cccfb-b972-4f32-a6e6-ac046e9863a7.wav,coughvid_data/9a1cccfb-b972-4f32-a6e6-ac046e9863a7.wav,1.0
4fd4f5b3-130a-42a0-94f5-4db26fb8781e,coughvid_data/4fd4f5b3-130a-42a0-94f5-4db26fb8781e.wav,coughvid_data/4fd4f5b3-130a-42a0-94f5-4db26fb8781e.wav,0.0
d8c2d33b-d689-4c0c-9aa4-6cf78938d3af,coughvid_data/d8c2d33b-d689-4c0c-9aa4-6cf78938d3af.wav,coughvid_data/d8c2d33b-d689-4c0c-9aa4-6cf78938d3af.wav,1.0
d079511c-2d5b-48e7-8989-99a1b406525c,coughvid_data/d079511c-2d5b-48e7-8989-99a1b406525c.wav,coughvid_data/d079511c-2d5b-48e7-8989-99a1b406525c.wav,1.0
6ee44f8a-73fb-464a-a800-6dcb14b4df63,coughvid_data/6ee44f8a-73fb-464a-a800-6dcb14b4df63.wav,coughvid_data/6ee44f8a-73fb-464a-a800-6dcb14b4df63.wav,0.0
fc8f36b4-840b-45f2-801b-eb9c7798cabf,coughvid_data/fc8f36b4-840b-45f2-801b-eb9c7798cabf.wav,coughvid_data/fc8f36b4-840b-45f2-801b-eb9c7798cabf.wav,0.0
478df095-7790-4128-a808-c5f9ef8eba6b,coughvid_data/478df095-7790-4128-a808-c5f9ef8eba6b.wav,coughvid_data/478df095-7790-4128-a808-c5f9ef8eba6b.wav,1.0
70452b20-594e-4aa9-b032-4140dfeaa4f8,coughvid_data/70452b20-594e-4aa9-b032-4140dfeaa4f8.wav,coughvid_data/70452b20-594e-4aa9-b032-4140dfeaa4f8.wav,1.0
25896665-436f-489b-9fd4-2034b97f9404,coughvid_data/25896665-436f-489b-9fd4-2034b97f9404.wav,coughvid_data/25896665-436f-489b-9fd4-2034b97f9404.wav,0.0
29f97a3d-3a9a-4836-8552-72387502f401,coughvid_data/29f97a3d-3a9a-4836-8552-72387502f401.wav,coughvid_data/29f97a3d-3a9a-4836-8552-72387502f401.wav,1.0
8710b0f6-3127-4aa4-9d07-c741512eb6e8,coughvid_data/8710b0f6-3127-4aa4-9d07-c741512eb6e8.wav,coughvid_data/8710b0f6-3127-4aa4-9d07-c741512eb6e8.wav,1.0
c957dd84-546f-4d7b-9ffe-e3eb4ab452f6,coughvid_data/c957dd84-546f-4d7b-9ffe-e3eb4ab452f6.wav,coughvid_data/c957dd84-546f-4d7b-9ffe-e3eb4ab452f6.wav,1.0
ac6857bd-35c8-4acd-8c2f-5aaa8ae56de7,coughvid_data/ac6857bd-35c8-4acd-8c2f-5aaa8ae56de7.wav,coughvid_data/ac6857bd-35c8-4acd-8c2f-5aaa8ae56de7.wav,0.0
b0c24b11-e6fe-4ec1-a921-153d198ae493,coughvid_data/b0c24b11-e6fe-4ec1-a921-153d198ae493.wav,coughvid_data/b0c24b11-e6fe-4ec1-a921-153d198ae493.wav,0.0
f696c2cc-bcb2-4fb6-b9e9-f0b1ea5c1aca,coughvid_data/f696c2cc-bcb2-4fb6-b9e9-f0b1ea5c1aca.wav,coughvid_data/f696c2cc-bcb2-4fb6-b9e9-f0b1ea5c1aca.wav,1.0
f7710ac1-b9d1-41ff-aca4-c7ae6c6361f8,coughvid_data/f7710ac1-b9d1-41ff-aca4-c7ae6c6361f8.wav,coughvid_data/f7710ac1-b9d1-41ff-aca4-c7ae6c6361f8.wav,0.0
5023cd23-a559-40c9-9a46-6b050506b28a,coughvid_data/5023cd23-a559-40c9-9a46-6b050506b28a.wav,coughvid_data/5023cd23-a559-40c9-9a46-6b050506b28a.wav,0.0
2b2d6820-22b2-442d-b532-be56062701ef,coughvid_data/2b2d6820-22b2-442d-b532-be56062701ef.wav,coughvid_data/2b2d6820-22b2-442d-b532-be56062701ef.wav,0.0
59535162-cf84-459f-9998-1245071570df,coughvid_data/59535162-cf84-459f-9998-1245071570df.wav,coughvid_data/59535162-cf84-459f-9998-1245071570df.wav,1.0
6fd4347a-8990-41b4-b804-688eb2af7b62,coughvid_data/6fd4347a-8990-41b4-b804-688eb2af7b62.wav,coughvid_data/6fd4347a-8990-41b4-b804-688eb2af7b62.wav,0.0
ba25b0bd-4ef3-4054-bf12-b1c3a741d02b,coughvid_data/ba25b0bd-4ef3-4054-bf12-b1c3a741d02b.wav,coughvid_data/ba25b0bd-4ef3-4054-bf12-b1c3a741d02b.wav,1.0
bc8b935e-08bf-449e-a6e9-fcd9e15d7efc,coughvid_data/bc8b935e-08bf-449e-a6e9-fcd9e15d7efc.wav,coughvid_data/bc8b935e-08bf-449e-a6e9-fcd9e15d7efc.wav,1.0
bf7f0dd3-eaef-4912-8edc-c919fd98df62,coughvid_data/bf7f0dd3-eaef-4912-8edc-c919fd98df62.wav,coughvid_data/bf7f0dd3-eaef-4912-8edc-c919fd98df62.wav,1.0
f01c07bd-c704-4f70-8af8-aacfa2b9f633,coughvid_data/f01c07bd-c704-4f70-8af8-aacfa2b9f633.wav,coughvid_data/f01c07bd-c704-4f70-8af8-aacfa2b9f633.wav,1.0
583240d0-4e6f-4456-8894-be5a74010add,coughvid_data/583240d0-4e6f-4456-8894-be5a74010add.wav,coughvid_data/583240d0-4e6f-4456-8894-be5a74010add.wav,1.0
00ce5b06-c302-4387-bbd7-86355a4a8c12,coughvid_data/00ce5b06-c302-4387-bbd7-86355a4a8c12.wav,coughvid_data/00ce5b06-c302-4387-bbd7-86355a4a8c12.wav,1.0
3dd9e915-bfb9-43d1-b037-d6fbc482d590,coughvid_data/3dd9e915-bfb9-43d1-b037-d6fbc482d590.wav,coughvid_data/3dd9e915-bfb9-43d1-b037-d6fbc482d590.wav,0.0
f3ef7d3e-56e1-496b-8a46-b593e33d25d6,coughvid_data/f3ef7d3e-56e1-496b-8a46-b593e33d25d6.wav,coughvid_data/f3ef7d3e-56e1-496b-8a46-b593e33d25d6.wav,1.0
95e6f218-6435-4df9-9a47-6d375f6c7eb1,coughvid_data/95e6f218-6435-4df9-9a47-6d375f6c7eb1.wav,coughvid_data/95e6f218-6435-4df9-9a47-6d375f6c7eb1.wav,0.0
d1c5cabc-edf9-4244-9ba4-a379bf154e29,coughvid_data/d1c5cabc-edf9-4244-9ba4-a379bf154e29.wav,coughvid_data/d1c5cabc-edf9-4244-9ba4-a379bf154e29.wav,1.0
6eb80ed4-80b2-407d-abc1-24e6d57dc5d3,coughvid_data/6eb80ed4-80b2-407d-abc1-24e6d57dc5d3.wav,coughvid_data/6eb80ed4-80b2-407d-abc1-24e6d57dc5d3.wav,1.0
8db735d5-c9d5-4a11-93ad-b2d0605189ab,coughvid_data/8db735d5-c9d5-4a11-93ad-b2d0605189ab.wav,coughvid_data/8db735d5-c9d5-4a11-93ad-b2d0605189ab.wav,1.0
779e2334-226b-40e9-8226-774979868894,coughvid_data/779e2334-226b-40e9-8226-774979868894.wav,coughvid_data/779e2334-226b-40e9-8226-774979868894.wav,1.0
2105d4fb-d61a-4047-8482-b9ad283a8c83,coughvid_data/2105d4fb-d61a-4047-8482-b9ad283a8c83.wav,coughvid_data/2105d4fb-d61a-4047-8482-b9ad283a8c83.wav,1.0
80ef7fb3-fa42-4539-8109-bac59586b80d,coughvid_data/80ef7fb3-fa42-4539-8109-bac59586b80d.wav,coughvid_data/80ef7fb3-fa42-4539-8109-bac59586b80d.wav,1.0
de73fa2b-ff9b-483a-a3f7-aefe050da9a7,coughvid_data/de73fa2b-ff9b-483a-a3f7-aefe050da9a7.wav,coughvid_data/de73fa2b-ff9b-483a-a3f7-aefe050da9a7.wav,1.0
2c4960a3-a462-4de6-ad44-9b53bc4842cf,coughvid_data/2c4960a3-a462-4de6-ad44-9b53bc4842cf.wav,coughvid_data/2c4960a3-a462-4de6-ad44-9b53bc4842cf.wav,1.0
66411ab8-ae95-48a1-9d40-62155120092e,coughvid_data/66411ab8-ae95-48a1-9d40-62155120092e.wav,coughvid_data/66411ab8-ae95-48a1-9d40-62155120092e.wav,0.0
76c60c24-4d0c-4c67-8b98-5d9e17c7d5ca,coughvid_data/76c60c24-4d0c-4c67-8b98-5d9e17c7d5ca.wav,coughvid_data/76c60c24-4d0c-4c67-8b98-5d9e17c7d5ca.wav,0.0
68b1d12d-92c8-4a79-84d0-88bd33860d00,coughvid_data/68b1d12d-92c8-4a79-84d0-88bd33860d00.wav,coughvid_data/68b1d12d-92c8-4a79-84d0-88bd33860d00.wav,0.0
f237f16a-1242-413d-934a-e5f44815e425,coughvid_data/f237f16a-1242-413d-934a-e5f44815e425.wav,coughvid_data/f237f16a-1242-413d-934a-e5f44815e425.wav,1.0
e3d31505-ab1d-43c3-90b7-2d04ec8d6ef7,coughvid_data/e3d31505-ab1d-43c3-90b7-2d04ec8d6ef7.wav,coughvid_data/e3d31505-ab1d-43c3-90b7-2d04ec8d6ef7.wav,1.0
8745a56d-7129-4f00-9384-11ca03d0cada,coughvid_data/8745a56d-7129-4f00-9384-11ca03d0cada.wav,coughvid_data/8745a56d-7129-4f00-9384-11ca03d0cada.wav,0.0
a22a4a1a-880c-468d-b6c5-f751fae30ed6,coughvid_data/a22a4a1a-880c-468d-b6c5-f751fae30ed6.wav,coughvid_data/a22a4a1a-880c-468d-b6c5-f751fae30ed6.wav,1.0
f3f0b7d2-774a-4ac5-ad96-9e6fc70185d5,coughvid_data/f3f0b7d2-774a-4ac5-ad96-9e6fc70185d5.wav,coughvid_data/f3f0b7d2-774a-4ac5-ad96-9e6fc70185d5.wav,0.0
f63f5ec1-4fd8-48e8-9593-109d1777a785,coughvid_data/f63f5ec1-4fd8-48e8-9593-109d1777a785.wav,coughvid_data/f63f5ec1-4fd8-48e8-9593-109d1777a785.wav,0.0
0f821f3b-fdeb-45b0-a4af-57ecb14100af,coughvid_data/0f821f3b-fdeb-45b0-a4af-57ecb14100af.wav,coughvid_data/0f821f3b-fdeb-45b0-a4af-57ecb14100af.wav,1.0
bbfddbcb-6f5b-489b-a1a1-837b504f137c,coughvid_data/bbfddbcb-6f5b-489b-a1a1-837b504f137c.wav,coughvid_data/bbfddbcb-6f5b-489b-a1a1-837b504f137c.wav,1.0
c8aa3dda-fcfa-4b05-929e-98c1af594836,coughvid_data/c8aa3dda-fcfa-4b05-929e-98c1af594836.wav,coughvid_data/c8aa3dda-fcfa-4b05-929e-98c1af594836.wav,0.0
3fbe6119-b6d0-4aeb-beb8-19d1751ce190,coughvid_data/3fbe6119-b6d0-4aeb-beb8-19d1751ce190.wav,coughvid_data/3fbe6119-b6d0-4aeb-beb8-19d1751ce190.wav,1.0
ee04f828-453e-41b5-bd58-acb4de15381c,coughvid_data/ee04f828-453e-41b5-bd58-acb4de15381c.wav,coughvid_data/ee04f828-453e-41b5-bd58-acb4de15381c.wav,1.0
df9b2f5c-0d45-41e0-b846-727fc814afb3,coughvid_data/df9b2f5c-0d45-41e0-b846-727fc814afb3.wav,coughvid_data/df9b2f5c-0d45-41e0-b846-727fc814afb3.wav,1.0
9f4e3f46-f11c-47d4-b3a1-82dd486d582d,coughvid_data/9f4e3f46-f11c-47d4-b3a1-82dd486d582d.wav,coughvid_data/9f4e3f46-f11c-47d4-b3a1-82dd486d582d.wav,1.0
a5b123e5-0273-4ae2-acac-53562ab00e7e,coughvid_data/a5b123e5-0273-4ae2-acac-53562ab00e7e.wav,coughvid_data/a5b123e5-0273-4ae2-acac-53562ab00e7e.wav,1.0
01bce73f-86a6-40dd-87c1-d4cda2b79ea2,coughvid_data/01bce73f-86a6-40dd-87c1-d4cda2b79ea2.wav,coughvid_data/01bce73f-86a6-40dd-87c1-d4cda2b79ea2.wav,1.0
88d18b56-8078-4cc7-8b4b-fabdb86642a0,coughvid_data/88d18b56-8078-4cc7-8b4b-fabdb86642a0.wav,coughvid_data/88d18b56-8078-4cc7-8b4b-fabdb86642a0.wav,0.0
891e71d4-9f9b-4d73-916c-c3c2027e414c,coughvid_data/891e71d4-9f9b-4d73-916c-c3c2027e414c.wav,coughvid_data/891e71d4-9f9b-4d73-916c-c3c2027e414c.wav,0.0
c4923438-3e27-466d-bc3d-df00ca4d27ed,coughvid_data/c4923438-3e27-466d-bc3d-df00ca4d27ed.wav,coughvid_data/c4923438-3e27-466d-bc3d-df00ca4d27ed.wav,0.0
f89ce6e7-5b0d-491f-8a69-c1c8c98166be,coughvid_data/f89ce6e7-5b0d-491f-8a69-c1c8c98166be.wav,coughvid_data/f89ce6e7-5b0d-491f-8a69-c1c8c98166be.wav,1.0
679672fd-e3ad-4a44-9428-ddccaddeb304,coughvid_data/679672fd-e3ad-4a44-9428-ddccaddeb304.wav,coughvid_data/679672fd-e3ad-4a44-9428-ddccaddeb304.wav,0.0
6df2a8e0-42a8-4c5a-bf03-15c61180f7c3,coughvid_data/6df2a8e0-42a8-4c5a-bf03-15c61180f7c3.wav,coughvid_data/6df2a8e0-42a8-4c5a-bf03-15c61180f7c3.wav,1.0
3d8389ab-4d83-4bbe-a344-830df327a6c4,coughvid_data/3d8389ab-4d83-4bbe-a344-830df327a6c4.wav,coughvid_data/3d8389ab-4d83-4bbe-a344-830df327a6c4.wav,1.0
6e98e681-1981-49ba-aef1-553fe7e760ba,coughvid_data/6e98e681-1981-49ba-aef1-553fe7e760ba.wav,coughvid_data/6e98e681-1981-49ba-aef1-553fe7e760ba.wav,0.0
4c8f7b8c-201b-4170-8b8d-ea578fec53e2,coughvid_data/4c8f7b8c-201b-4170-8b8d-ea578fec53e2.wav,coughvid_data/4c8f7b8c-201b-4170-8b8d-ea578fec53e2.wav,1.0
bb4da0c5-080e-4953-8144-70c28447682b,coughvid_data/bb4da0c5-080e-4953-8144-70c28447682b.wav,coughvid_data/bb4da0c5-080e-4953-8144-70c28447682b.wav,0.0
db779f68-783c-4396-9acb-de583ddf5dd4,coughvid_data/db779f68-783c-4396-9acb-de583ddf5dd4.wav,coughvid_data/db779f68-783c-4396-9acb-de583ddf5dd4.wav,0.0
8b3b5605-69a6-4886-9ed5-0c8617d57fdd,coughvid_data/8b3b5605-69a6-4886-9ed5-0c8617d57fdd.wav,coughvid_data/8b3b5605-69a6-4886-9ed5-0c8617d57fdd.wav,0.0
372846d2-d0b1-435b-bd1c-2580506dc502,coughvid_data/372846d2-d0b1-435b-bd1c-2580506dc502.wav,coughvid_data/372846d2-d0b1-435b-bd1c-2580506dc502.wav,1.0
6afed755-8b58-48a0-8c6f-0b4a929e3026,coughvid_data/6afed755-8b58-48a0-8c6f-0b4a929e3026.wav,coughvid_data/6afed755-8b58-48a0-8c6f-0b4a929e3026.wav,1.0
c295de40-88a8-4b81-95ae-3aa78f3f0922,coughvid_data/c295de40-88a8-4b81-95ae-3aa78f3f0922.wav,coughvid_data/c295de40-88a8-4b81-95ae-3aa78f3f0922.wav,1.0
83af649a-bea2-4a97-8fef-6ee0a1700afa,coughvid_data/83af649a-bea2-4a97-8fef-6ee0a1700afa.wav,coughvid_data/83af649a-bea2-4a97-8fef-6ee0a1700afa.wav,1.0
aa9a9c64-44db-4314-a3eb-0604940993e5,coughvid_data/aa9a9c64-44db-4314-a3eb-0604940993e5.wav,coughvid_data/aa9a9c64-44db-4314-a3eb-0604940993e5.wav,1.0
40de89c4-5ef8-4573-9129-cf7edac7379e,coughvid_data/40de89c4-5ef8-4573-9129-cf7edac7379e.wav,coughvid_data/40de89c4-5ef8-4573-9129-cf7edac7379e.wav,1.0
41a89551-bb1a-4d3e-801e-3be9678bb44a,coughvid_data/41a89551-bb1a-4d3e-801e-3be9678bb44a.wav,coughvid_data/41a89551-bb1a-4d3e-801e-3be9678bb44a.wav,0.0
dce7e6e4-8f03-4062-a005-c9f529ed5e2d,coughvid_data/dce7e6e4-8f03-4062-a005-c9f529ed5e2d.wav,coughvid_data/dce7e6e4-8f03-4062-a005-c9f529ed5e2d.wav,1.0
c92be24d-6465-4b94-a345-6ba620fc27f9,coughvid_data/c92be24d-6465-4b94-a345-6ba620fc27f9.wav,coughvid_data/c92be24d-6465-4b94-a345-6ba620fc27f9.wav,1.0
3f8b4923-8454-4479-8767-7daa346ca828,coughvid_data/3f8b4923-8454-4479-8767-7daa346ca828.wav,coughvid_data/3f8b4923-8454-4479-8767-7daa346ca828.wav,0.0
bcb01429-d39d-4df2-aec5-90e6d5830060,coughvid_data/bcb01429-d39d-4df2-aec5-90e6d5830060.wav,coughvid_data/bcb01429-d39d-4df2-aec5-90e6d5830060.wav,0.0
b32e3335-aa4a-4728-bafd-edc0ba04f890,coughvid_data/b32e3335-aa4a-4728-bafd-edc0ba04f890.wav,coughvid_data/b32e3335-aa4a-4728-bafd-edc0ba04f890.wav,0.0
7fb7805a-ada3-4387-a090-cf5eed223b9f,coughvid_data/7fb7805a-ada3-4387-a090-cf5eed223b9f.wav,coughvid_data/7fb7805a-ada3-4387-a090-cf5eed223b9f.wav,0.0
44de5da6-74ca-4cb2-952c-1271a115bedf,coughvid_data/44de5da6-74ca-4cb2-952c-1271a115bedf.wav,coughvid_data/44de5da6-74ca-4cb2-952c-1271a115bedf.wav,1.0
8c8228e5-3ce8-4420-82e6-24d5c54d612d,coughvid_data/8c8228e5-3ce8-4420-82e6-24d5c54d612d.wav,coughvid_data/8c8228e5-3ce8-4420-82e6-24d5c54d612d.wav,1.0
a415b2b3-87d8-4e79-8f66-4b60caba4501,coughvid_data/a415b2b3-87d8-4e79-8f66-4b60caba4501.wav,coughvid_data/a415b2b3-87d8-4e79-8f66-4b60caba4501.wav,0.0
d630bcaf-56ab-4558-9011-b2cd6247cd56,coughvid_data/d630bcaf-56ab-4558-9011-b2cd6247cd56.wav,coughvid_data/d630bcaf-56ab-4558-9011-b2cd6247cd56.wav,0.0
a426cca7-528f-41d3-aba4-b717699e45d5,coughvid_data/a426cca7-528f-41d3-aba4-b717699e45d5.wav,coughvid_data/a426cca7-528f-41d3-aba4-b717699e45d5.wav,1.0
906c7016-32a8-4f21-93f3-5e69163e4e86,coughvid_data/906c7016-32a8-4f21-93f3-5e69163e4e86.wav,coughvid_data/906c7016-32a8-4f21-93f3-5e69163e4e86.wav,1.0
504a0e2f-5dd0-45b1-a47e-5fac9c6c66b1,coughvid_data/504a0e2f-5dd0-45b1-a47e-5fac9c6c66b1.wav,coughvid_data/504a0e2f-5dd0-45b1-a47e-5fac9c6c66b1.wav,0.0
8591ffc7-2fb8-4d23-bcfc-15d55198f055,coughvid_data/8591ffc7-2fb8-4d23-bcfc-15d55198f055.wav,coughvid_data/8591ffc7-2fb8-4d23-bcfc-15d55198f055.wav,1.0
abf98f87-1151-4793-9b38-2a6bf1d85fbd,coughvid_data/abf98f87-1151-4793-9b38-2a6bf1d85fbd.wav,coughvid_data/abf98f87-1151-4793-9b38-2a6bf1d85fbd.wav,0.0
431f945b-259a-4251-b36b-297e41ab1c62,coughvid_data/431f945b-259a-4251-b36b-297e41ab1c62.wav,coughvid_data/431f945b-259a-4251-b36b-297e41ab1c62.wav,1.0
d37dd5f7-dd2d-4a0e-980d-11c841a8fdd7,coughvid_data/d37dd5f7-dd2d-4a0e-980d-11c841a8fdd7.wav,coughvid_data/d37dd5f7-dd2d-4a0e-980d-11c841a8fdd7.wav,0.0
0dcae895-e7c6-4e47-a399-29f22b37e075,coughvid_data/0dcae895-e7c6-4e47-a399-29f22b37e075.wav,coughvid_data/0dcae895-e7c6-4e47-a399-29f22b37e075.wav,1.0
243896b6-2f02-4b97-bcff-218376abf1c9,coughvid_data/243896b6-2f02-4b97-bcff-218376abf1c9.wav,coughvid_data/243896b6-2f02-4b97-bcff-218376abf1c9.wav,1.0
1f352556-3a07-4849-aa56-4b085254851b,coughvid_data/1f352556-3a07-4849-aa56-4b085254851b.wav,coughvid_data/1f352556-3a07-4849-aa56-4b085254851b.wav,0.0
73a695ef-7afd-49ae-b37e-6deeb934906f,coughvid_data/73a695ef-7afd-49ae-b37e-6deeb934906f.wav,coughvid_data/73a695ef-7afd-49ae-b37e-6deeb934906f.wav,1.0
45639865-5c5a-433c-8362-64f0102ca3a1,coughvid_data/45639865-5c5a-433c-8362-64f0102ca3a1.wav,coughvid_data/45639865-5c5a-433c-8362-64f0102ca3a1.wav,1.0
9e297b74-016b-4f72-a95b-3968fb9092c9,coughvid_data/9e297b74-016b-4f72-a95b-3968fb9092c9.wav,coughvid_data/9e297b74-016b-4f72-a95b-3968fb9092c9.wav,0.0
e7a6189b-6af1-4005-af01-8d9c46863edf,coughvid_data/e7a6189b-6af1-4005-af01-8d9c46863edf.wav,coughvid_data/e7a6189b-6af1-4005-af01-8d9c46863edf.wav,1.0
c0373c95-1e23-4c62-a23f-f5c606617434,coughvid_data/c0373c95-1e23-4c62-a23f-f5c606617434.wav,coughvid_data/c0373c95-1e23-4c62-a23f-f5c606617434.wav,1.0
34fa8ed4-a911-4def-9272-d26e56dd05d2,coughvid_data/34fa8ed4-a911-4def-9272-d26e56dd05d2.wav,coughvid_data/34fa8ed4-a911-4def-9272-d26e56dd05d2.wav,1.0
71d4e0e2-99b1-49bc-990f-1f7b4b5de826,coughvid_data/71d4e0e2-99b1-49bc-990f-1f7b4b5de826.wav,coughvid_data/71d4e0e2-99b1-49bc-990f-1f7b4b5de826.wav,1.0
3a464b3e-62c1-439b-b0a2-9999afa8a13a,coughvid_data/3a464b3e-62c1-439b-b0a2-9999afa8a13a.wav,coughvid_data/3a464b3e-62c1-439b-b0a2-9999afa8a13a.wav,1.0
8cee6b56-91d0-40e7-800f-9f94d8d56dd8,coughvid_data/8cee6b56-91d0-40e7-800f-9f94d8d56dd8.wav,coughvid_data/8cee6b56-91d0-40e7-800f-9f94d8d56dd8.wav,0.0
bd27e406-1841-4eaf-95fe-ad92c18935aa,coughvid_data/bd27e406-1841-4eaf-95fe-ad92c18935aa.wav,coughvid_data/bd27e406-1841-4eaf-95fe-ad92c18935aa.wav,0.0
5f9f6b3c-42a3-4d06-8892-a4cc04bd8581,coughvid_data/5f9f6b3c-42a3-4d06-8892-a4cc04bd8581.wav,coughvid_data/5f9f6b3c-42a3-4d06-8892-a4cc04bd8581.wav,0.0
b9aa3e70-8e36-4645-ae62-ec44066febdb,coughvid_data/b9aa3e70-8e36-4645-ae62-ec44066febdb.wav,coughvid_data/b9aa3e70-8e36-4645-ae62-ec44066febdb.wav,1.0
d59daf93-a3ad-405f-a44f-9184f7b6fd41,coughvid_data/d59daf93-a3ad-405f-a44f-9184f7b6fd41.wav,coughvid_data/d59daf93-a3ad-405f-a44f-9184f7b6fd41.wav,0.0
61402beb-a4b7-4ba5-84c5-63570bcc188b,coughvid_data/61402beb-a4b7-4ba5-84c5-63570bcc188b.wav,coughvid_data/61402beb-a4b7-4ba5-84c5-63570bcc188b.wav,0.0
dcdb9472-cbf6-4caf-81aa-e3eab61aeb57,coughvid_data/dcdb9472-cbf6-4caf-81aa-e3eab61aeb57.wav,coughvid_data/dcdb9472-cbf6-4caf-81aa-e3eab61aeb57.wav,0.0
c063b5c8-0ea2-485f-9f1f-1fc764a7be39,coughvid_data/c063b5c8-0ea2-485f-9f1f-1fc764a7be39.wav,coughvid_data/c063b5c8-0ea2-485f-9f1f-1fc764a7be39.wav,1.0
90120a9b-ee30-4bef-b649-c725c986312e,coughvid_data/90120a9b-ee30-4bef-b649-c725c986312e.wav,coughvid_data/90120a9b-ee30-4bef-b649-c725c986312e.wav,1.0
3143dcbd-1451-4d5b-b54b-1b6c4dc256a0,coughvid_data/3143dcbd-1451-4d5b-b54b-1b6c4dc256a0.wav,coughvid_data/3143dcbd-1451-4d5b-b54b-1b6c4dc256a0.wav,0.0
e8791e92-8d62-4470-a764-d863f5e3b8fc,coughvid_data/e8791e92-8d62-4470-a764-d863f5e3b8fc.wav,coughvid_data/e8791e92-8d62-4470-a764-d863f5e3b8fc.wav,1.0
dd3e3dd7-f78f-497c-a9ec-dbb95b4e7df3,coughvid_data/dd3e3dd7-f78f-497c-a9ec-dbb95b4e7df3.wav,coughvid_data/dd3e3dd7-f78f-497c-a9ec-dbb95b4e7df3.wav,1.0
4dc13683-7eb4-439d-aec9-b5ba7a9d7d9e,coughvid_data/4dc13683-7eb4-439d-aec9-b5ba7a9d7d9e.wav,coughvid_data/4dc13683-7eb4-439d-aec9-b5ba7a9d7d9e.wav,0.0
084a9d57-2c42-442e-9662-6070642c8d9a,coughvid_data/084a9d57-2c42-442e-9662-6070642c8d9a.wav,coughvid_data/084a9d57-2c42-442e-9662-6070642c8d9a.wav,0.0
da8fd1c6-c2d5-4e6b-bed4-1548a346753a,coughvid_data/da8fd1c6-c2d5-4e6b-bed4-1548a346753a.wav,coughvid_data/da8fd1c6-c2d5-4e6b-bed4-1548a346753a.wav,0.0
5de35b4b-9fc6-4ebb-b5ea-e156c3214521,coughvid_data/5de35b4b-9fc6-4ebb-b5ea-e156c3214521.wav,coughvid_data/5de35b4b-9fc6-4ebb-b5ea-e156c3214521.wav,1.0
889d1c95-2e44-4c19-b662-631f51e23ec2,coughvid_data/889d1c95-2e44-4c19-b662-631f51e23ec2.wav,coughvid_data/889d1c95-2e44-4c19-b662-631f51e23ec2.wav,1.0
613604e2-948d-4ae8-8969-19692fc3c1d2,coughvid_data/613604e2-948d-4ae8-8969-19692fc3c1d2.wav,coughvid_data/613604e2-948d-4ae8-8969-19692fc3c1d2.wav,0.0
8ff32f04-069c-4ad7-87da-c4faa0973ee2,coughvid_data/8ff32f04-069c-4ad7-87da-c4faa0973ee2.wav,coughvid_data/8ff32f04-069c-4ad7-87da-c4faa0973ee2.wav,0.0
9b227f09-f183-415a-90e1-dccc9cbd64f3,coughvid_data/9b227f09-f183-415a-90e1-dccc9cbd64f3.wav,coughvid_data/9b227f09-f183-415a-90e1-dccc9cbd64f3.wav,0.0
bfce3ec1-33a0-43c5-a31f-669d21295bde,coughvid_data/bfce3ec1-33a0-43c5-a31f-669d21295bde.wav,coughvid_data/bfce3ec1-33a0-43c5-a31f-669d21295bde.wav,1.0
7b88059c-581d-4466-ae83-f384216a33ad,coughvid_data/7b88059c-581d-4466-ae83-f384216a33ad.wav,coughvid_data/7b88059c-581d-4466-ae83-f384216a33ad.wav,0.0
fb9747bc-9906-4447-a932-af8bcc6bd519,coughvid_data/fb9747bc-9906-4447-a932-af8bcc6bd519.wav,coughvid_data/fb9747bc-9906-4447-a932-af8bcc6bd519.wav,0.0
8d8b6737-fd26-4b93-9fde-269e42c6739e,coughvid_data/8d8b6737-fd26-4b93-9fde-269e42c6739e.wav,coughvid_data/8d8b6737-fd26-4b93-9fde-269e42c6739e.wav,0.0
16bcd901-ee4d-441f-95c8-558bdf72def7,coughvid_data/16bcd901-ee4d-441f-95c8-558bdf72def7.wav,coughvid_data/16bcd901-ee4d-441f-95c8-558bdf72def7.wav,1.0
cb3bcda8-3d94-4c0e-836a-d386dc95dada,coughvid_data/cb3bcda8-3d94-4c0e-836a-d386dc95dada.wav,coughvid_data/cb3bcda8-3d94-4c0e-836a-d386dc95dada.wav,1.0
723a850f-ca3f-4b10-a9c1-3cb556f855d4,coughvid_data/723a850f-ca3f-4b10-a9c1-3cb556f855d4.wav,coughvid_data/723a850f-ca3f-4b10-a9c1-3cb556f855d4.wav,0.0
09de6967-b295-4516-8a4d-4d95c9a7b02c,coughvid_data/09de6967-b295-4516-8a4d-4d95c9a7b02c.wav,coughvid_data/09de6967-b295-4516-8a4d-4d95c9a7b02c.wav,1.0
e2f626cc-7a53-47ed-b79b-ee97dbfa1e5b,coughvid_data/e2f626cc-7a53-47ed-b79b-ee97dbfa1e5b.wav,coughvid_data/e2f626cc-7a53-47ed-b79b-ee97dbfa1e5b.wav,1.0
4d86b352-ff7b-47c2-a289-c4fe8621eaf0,coughvid_data/4d86b352-ff7b-47c2-a289-c4fe8621eaf0.wav,coughvid_data/4d86b352-ff7b-47c2-a289-c4fe8621eaf0.wav,1.0
17de99a3-1db3-4506-9b15-046cadff9775,coughvid_data/17de99a3-1db3-4506-9b15-046cadff9775.wav,coughvid_data/17de99a3-1db3-4506-9b15-046cadff9775.wav,1.0
bf5901da-d580-4034-88b0-19bd18778f5a,coughvid_data/bf5901da-d580-4034-88b0-19bd18778f5a.wav,coughvid_data/bf5901da-d580-4034-88b0-19bd18778f5a.wav,1.0
ed2373a3-37a8-4961-b18d-4e0b92f8b1e9,coughvid_data/ed2373a3-37a8-4961-b18d-4e0b92f8b1e9.wav,coughvid_data/ed2373a3-37a8-4961-b18d-4e0b92f8b1e9.wav,1.0
0d884e03-aa13-468a-931c-852e9c36e323,coughvid_data/0d884e03-aa13-468a-931c-852e9c36e323.wav,coughvid_data/0d884e03-aa13-468a-931c-852e9c36e323.wav,0.0
90b140ea-2342-48be-9247-ac4d18daad0f,coughvid_data/90b140ea-2342-48be-9247-ac4d18daad0f.wav,coughvid_data/90b140ea-2342-48be-9247-ac4d18daad0f.wav,1.0
8fc1ec0d-4d46-4a76-a833-68763de21df1,coughvid_data/8fc1ec0d-4d46-4a76-a833-68763de21df1.wav,coughvid_data/8fc1ec0d-4d46-4a76-a833-68763de21df1.wav,1.0
647b8223-4ba4-4762-ab67-7733042fbdb8,coughvid_data/647b8223-4ba4-4762-ab67-7733042fbdb8.wav,coughvid_data/647b8223-4ba4-4762-ab67-7733042fbdb8.wav,0.0
597541b1-a3ae-4492-8db7-0a4eb4ed7c59,coughvid_data/597541b1-a3ae-4492-8db7-0a4eb4ed7c59.wav,coughvid_data/597541b1-a3ae-4492-8db7-0a4eb4ed7c59.wav,0.0
463a0a55-7519-4483-b9e4-1baca29c8d26,coughvid_data/463a0a55-7519-4483-b9e4-1baca29c8d26.wav,coughvid_data/463a0a55-7519-4483-b9e4-1baca29c8d26.wav,1.0
51a2865a-4a0c-4592-9e39-1256f1cbe401,coughvid_data/51a2865a-4a0c-4592-9e39-1256f1cbe401.wav,coughvid_data/51a2865a-4a0c-4592-9e39-1256f1cbe401.wav,0.0
3db5eec7-98f1-4ada-aee6-ee599cb83540,coughvid_data/3db5eec7-98f1-4ada-aee6-ee599cb83540.wav,coughvid_data/3db5eec7-98f1-4ada-aee6-ee599cb83540.wav,1.0
c5454b32-8a42-4820-9452-b063e8a65206,coughvid_data/c5454b32-8a42-4820-9452-b063e8a65206.wav,coughvid_data/c5454b32-8a42-4820-9452-b063e8a65206.wav,1.0
f4ea985d-25bd-44b3-8a00-3a09c5ef235b,coughvid_data/f4ea985d-25bd-44b3-8a00-3a09c5ef235b.wav,coughvid_data/f4ea985d-25bd-44b3-8a00-3a09c5ef235b.wav,0.0
a9e1acf9-2d84-4875-b011-c58d6b846b49,coughvid_data/a9e1acf9-2d84-4875-b011-c58d6b846b49.wav,coughvid_data/a9e1acf9-2d84-4875-b011-c58d6b846b49.wav,0.0
d681a16e-cc6f-4aa9-9818-beeb9fa7b75a,coughvid_data/d681a16e-cc6f-4aa9-9818-beeb9fa7b75a.wav,coughvid_data/d681a16e-cc6f-4aa9-9818-beeb9fa7b75a.wav,0.0
fc1e37d2-09b6-43cd-bf4c-38d2e527af96,coughvid_data/fc1e37d2-09b6-43cd-bf4c-38d2e527af96.wav,coughvid_data/fc1e37d2-09b6-43cd-bf4c-38d2e527af96.wav,0.0
cd87e7d8-de24-4fe9-8d75-456db740b9fc,coughvid_data/cd87e7d8-de24-4fe9-8d75-456db740b9fc.wav,coughvid_data/cd87e7d8-de24-4fe9-8d75-456db740b9fc.wav,0.0
fc2836ad-f60a-4f9c-acc7-a138244f1bbd,coughvid_data/fc2836ad-f60a-4f9c-acc7-a138244f1bbd.wav,coughvid_data/fc2836ad-f60a-4f9c-acc7-a138244f1bbd.wav,0.0
4d59fd9a-236d-45ea-8b4d-bb9fe9857f8a,coughvid_data/4d59fd9a-236d-45ea-8b4d-bb9fe9857f8a.wav,coughvid_data/4d59fd9a-236d-45ea-8b4d-bb9fe9857f8a.wav,1.0
489070e4-ac6b-4180-8d6e-b8595fe31a4a,coughvid_data/489070e4-ac6b-4180-8d6e-b8595fe31a4a.wav,coughvid_data/489070e4-ac6b-4180-8d6e-b8595fe31a4a.wav,1.0
0ee10f90-647d-4c71-a0ba-c4756947ae6f,coughvid_data/0ee10f90-647d-4c71-a0ba-c4756947ae6f.wav,coughvid_data/0ee10f90-647d-4c71-a0ba-c4756947ae6f.wav,1.0
ce40512b-6a1f-4a2f-9b74-4bcf246d0edb,coughvid_data/ce40512b-6a1f-4a2f-9b74-4bcf246d0edb.wav,coughvid_data/ce40512b-6a1f-4a2f-9b74-4bcf246d0edb.wav,1.0
6dfae390-f7b5-467c-9600-3f13c33f0988,coughvid_data/6dfae390-f7b5-467c-9600-3f13c33f0988.wav,coughvid_data/6dfae390-f7b5-467c-9600-3f13c33f0988.wav,1.0
dd7a30c3-e69b-4d0c-bf89-e341c59e5d1a,coughvid_data/dd7a30c3-e69b-4d0c-bf89-e341c59e5d1a.wav,coughvid_data/dd7a30c3-e69b-4d0c-bf89-e341c59e5d1a.wav,1.0
4283550e-8fe9-4495-9b3e-11ab3020d254,coughvid_data/4283550e-8fe9-4495-9b3e-11ab3020d254.wav,coughvid_data/4283550e-8fe9-4495-9b3e-11ab3020d254.wav,1.0
955e4e43-6043-429d-963a-d7fed6f46ff5,coughvid_data/955e4e43-6043-429d-963a-d7fed6f46ff5.wav,coughvid_data/955e4e43-6043-429d-963a-d7fed6f46ff5.wav,0.0
2f8edebc-78d1-45f4-80e2-235ce7f10239,coughvid_data/2f8edebc-78d1-45f4-80e2-235ce7f10239.wav,coughvid_data/2f8edebc-78d1-45f4-80e2-235ce7f10239.wav,0.0
9e2edc3e-cc83-42fe-a590-781fcde2d223,coughvid_data/9e2edc3e-cc83-42fe-a590-781fcde2d223.wav,coughvid_data/9e2edc3e-cc83-42fe-a590-781fcde2d223.wav,0.0
cf2ff888-f2ba-4e1e-8ab6-b6de332fdef0,coughvid_data/cf2ff888-f2ba-4e1e-8ab6-b6de332fdef0.wav,coughvid_data/cf2ff888-f2ba-4e1e-8ab6-b6de332fdef0.wav,1.0
fa0be450-a00d-4f3f-a707-5e11251852e6,coughvid_data/fa0be450-a00d-4f3f-a707-5e11251852e6.wav,coughvid_data/fa0be450-a00d-4f3f-a707-5e11251852e6.wav,1.0
310ff97e-9bfc-4f07-879c-e8d6cccf0989,coughvid_data/310ff97e-9bfc-4f07-879c-e8d6cccf0989.wav,coughvid_data/310ff97e-9bfc-4f07-879c-e8d6cccf0989.wav,1.0
a2faabd4-0202-4e2d-9f7d-b9935053ec31,coughvid_data/a2faabd4-0202-4e2d-9f7d-b9935053ec31.wav,coughvid_data/a2faabd4-0202-4e2d-9f7d-b9935053ec31.wav,0.0
3a725fa7-b8b1-4c88-a9be-d574118a4c20,coughvid_data/3a725fa7-b8b1-4c88-a9be-d574118a4c20.wav,coughvid_data/3a725fa7-b8b1-4c88-a9be-d574118a4c20.wav,0.0
842c885b-676e-42a2-ac34-49539fdf5ea1,coughvid_data/842c885b-676e-42a2-ac34-49539fdf5ea1.wav,coughvid_data/842c885b-676e-42a2-ac34-49539fdf5ea1.wav,0.0
fecd36d9-51d9-4c71-b9fc-0bf72e91afee,coughvid_data/fecd36d9-51d9-4c71-b9fc-0bf72e91afee.wav,coughvid_data/fecd36d9-51d9-4c71-b9fc-0bf72e91afee.wav,1.0
deb5221c-af56-4c8a-ab0a-a581ef2dc501,coughvid_data/deb5221c-af56-4c8a-ab0a-a581ef2dc501.wav,coughvid_data/deb5221c-af56-4c8a-ab0a-a581ef2dc501.wav,0.0
b2d5ece4-2cf8-4ee7-8543-1031c0dab2a0,coughvid_data/b2d5ece4-2cf8-4ee7-8543-1031c0dab2a0.wav,coughvid_data/b2d5ece4-2cf8-4ee7-8543-1031c0dab2a0.wav,1.0
aa168ccb-b76f-43dd-b6d2-7f269d2e997c,coughvid_data/aa168ccb-b76f-43dd-b6d2-7f269d2e997c.wav,coughvid_data/aa168ccb-b76f-43dd-b6d2-7f269d2e997c.wav,1.0
55413b48-ce0c-4fa5-a290-46571b88a034,coughvid_data/55413b48-ce0c-4fa5-a290-46571b88a034.wav,coughvid_data/55413b48-ce0c-4fa5-a290-46571b88a034.wav,0.0
e12e8bfa-182c-4fec-9cf7-fec0ac0a22df,coughvid_data/e12e8bfa-182c-4fec-9cf7-fec0ac0a22df.wav,coughvid_data/e12e8bfa-182c-4fec-9cf7-fec0ac0a22df.wav,1.0
756d73d4-f249-46e6-be4c-b39ed65db801,coughvid_data/756d73d4-f249-46e6-be4c-b39ed65db801.wav,coughvid_data/756d73d4-f249-46e6-be4c-b39ed65db801.wav,1.0
b733d480-468f-4115-a1d1-1650d0ac6131,coughvid_data/b733d480-468f-4115-a1d1-1650d0ac6131.wav,coughvid_data/b733d480-468f-4115-a1d1-1650d0ac6131.wav,0.0
36d918eb-8f0c-4ab2-a7de-7aa27f58800c,coughvid_data/36d918eb-8f0c-4ab2-a7de-7aa27f58800c.wav,coughvid_data/36d918eb-8f0c-4ab2-a7de-7aa27f58800c.wav,1.0
dc4d784f-44a2-4afc-a377-db02a5c0f105,coughvid_data/dc4d784f-44a2-4afc-a377-db02a5c0f105.wav,coughvid_data/dc4d784f-44a2-4afc-a377-db02a5c0f105.wav,0.0
ed432a19-0e50-4864-8cfd-8db00d940249,coughvid_data/ed432a19-0e50-4864-8cfd-8db00d940249.wav,coughvid_data/ed432a19-0e50-4864-8cfd-8db00d940249.wav,1.0
45a61ce2-96d0-4acb-8cb5-9657ef0570ef,coughvid_data/45a61ce2-96d0-4acb-8cb5-9657ef0570ef.wav,coughvid_data/45a61ce2-96d0-4acb-8cb5-9657ef0570ef.wav,1.0
0f841139-e377-4de4-ac1d-8ca45d8a80ea,coughvid_data/0f841139-e377-4de4-ac1d-8ca45d8a80ea.wav,coughvid_data/0f841139-e377-4de4-ac1d-8ca45d8a80ea.wav,0.0
db87c0df-d9df-47a3-858d-b49916b27bc1,coughvid_data/db87c0df-d9df-47a3-858d-b49916b27bc1.wav,coughvid_data/db87c0df-d9df-47a3-858d-b49916b27bc1.wav,0.0
3d080e1b-cfa2-43aa-b017-9621cdea5c7a,coughvid_data/3d080e1b-cfa2-43aa-b017-9621cdea5c7a.wav,coughvid_data/3d080e1b-cfa2-43aa-b017-9621cdea5c7a.wav,1.0
05aabbeb-5f9a-4427-951c-991a139daebb,coughvid_data/05aabbeb-5f9a-4427-951c-991a139daebb.wav,coughvid_data/05aabbeb-5f9a-4427-951c-991a139daebb.wav,1.0
e7ba9e67-d6f8-414d-86dd-3a07de90a271,coughvid_data/e7ba9e67-d6f8-414d-86dd-3a07de90a271.wav,coughvid_data/e7ba9e67-d6f8-414d-86dd-3a07de90a271.wav,0.0
4d2b5b48-de2e-4b3b-b475-7850d07e1b3f,coughvid_data/4d2b5b48-de2e-4b3b-b475-7850d07e1b3f.wav,coughvid_data/4d2b5b48-de2e-4b3b-b475-7850d07e1b3f.wav,0.0
7eff8104-6c3e-461b-9dd6-b861163943d3,coughvid_data/7eff8104-6c3e-461b-9dd6-b861163943d3.wav,coughvid_data/7eff8104-6c3e-461b-9dd6-b861163943d3.wav,0.0
b9433c0d-8294-45ae-9f36-38426bb293e3,coughvid_data/b9433c0d-8294-45ae-9f36-38426bb293e3.wav,coughvid_data/b9433c0d-8294-45ae-9f36-38426bb293e3.wav,1.0
e2ce1c7c-b99e-4b7b-a46a-9dc1dc8b923d,coughvid_data/e2ce1c7c-b99e-4b7b-a46a-9dc1dc8b923d.wav,coughvid_data/e2ce1c7c-b99e-4b7b-a46a-9dc1dc8b923d.wav,1.0
47f986ff-4f1b-4518-b777-91ab450097a3,coughvid_data/47f986ff-4f1b-4518-b777-91ab450097a3.wav,coughvid_data/47f986ff-4f1b-4518-b777-91ab450097a3.wav,0.0
85d669cb-7c36-44a3-8669-6efb39d51001,coughvid_data/85d669cb-7c36-44a3-8669-6efb39d51001.wav,coughvid_data/85d669cb-7c36-44a3-8669-6efb39d51001.wav,1.0
ccbd6efd-c677-4f8e-9b6b-c49aa17660fe,coughvid_data/ccbd6efd-c677-4f8e-9b6b-c49aa17660fe.wav,coughvid_data/ccbd6efd-c677-4f8e-9b6b-c49aa17660fe.wav,0.0
79e3a799-9a24-4130-b597-d1627b4a9199,coughvid_data/79e3a799-9a24-4130-b597-d1627b4a9199.wav,coughvid_data/79e3a799-9a24-4130-b597-d1627b4a9199.wav,1.0
ed9ead07-3c31-437c-ba42-702f870d80f7,coughvid_data/ed9ead07-3c31-437c-ba42-702f870d80f7.wav,coughvid_data/ed9ead07-3c31-437c-ba42-702f870d80f7.wav,0.0
38631635-680c-41f4-b3af-328ff762558c,coughvid_data/38631635-680c-41f4-b3af-328ff762558c.wav,coughvid_data/38631635-680c-41f4-b3af-328ff762558c.wav,1.0
72a460dd-9a5d-40a8-b582-fab676d4774e,coughvid_data/72a460dd-9a5d-40a8-b582-fab676d4774e.wav,coughvid_data/72a460dd-9a5d-40a8-b582-fab676d4774e.wav,1.0
b04d78d3-ff19-4b3e-baee-37d0248efd8e,coughvid_data/b04d78d3-ff19-4b3e-baee-37d0248efd8e.wav,coughvid_data/b04d78d3-ff19-4b3e-baee-37d0248efd8e.wav,0.0
5e6a2776-c2a3-4a8f-8a40-369281db94f1,coughvid_data/5e6a2776-c2a3-4a8f-8a40-369281db94f1.wav,coughvid_data/5e6a2776-c2a3-4a8f-8a40-369281db94f1.wav,0.0
71177b7f-f8b7-45cb-ac99-34539a21937c,coughvid_data/71177b7f-f8b7-45cb-ac99-34539a21937c.wav,coughvid_data/71177b7f-f8b7-45cb-ac99-34539a21937c.wav,0.0
3a6a5cb7-2b10-435e-9177-55f9bc7aa1c1,coughvid_data/3a6a5cb7-2b10-435e-9177-55f9bc7aa1c1.wav,coughvid_data/3a6a5cb7-2b10-435e-9177-55f9bc7aa1c1.wav,1.0
482daf5f-f478-4be3-8651-eb4023f5372b,coughvid_data/482daf5f-f478-4be3-8651-eb4023f5372b.wav,coughvid_data/482daf5f-f478-4be3-8651-eb4023f5372b.wav,1.0
8b04c1fa-4fbe-45f3-9b4a-5cc6a450c43c,coughvid_data/8b04c1fa-4fbe-45f3-9b4a-5cc6a450c43c.wav,coughvid_data/8b04c1fa-4fbe-45f3-9b4a-5cc6a450c43c.wav,1.0
3071d665-6e1b-4521-a9cc-4ad7b834370b,coughvid_data/3071d665-6e1b-4521-a9cc-4ad7b834370b.wav,coughvid_data/3071d665-6e1b-4521-a9cc-4ad7b834370b.wav,1.0
f0102574-64e6-4420-8418-b70488b5a31a,coughvid_data/f0102574-64e6-4420-8418-b70488b5a31a.wav,coughvid_data/f0102574-64e6-4420-8418-b70488b5a31a.wav,0.0
5de91178-3f74-46a1-b509-ab5f8558151e,coughvid_data/5de91178-3f74-46a1-b509-ab5f8558151e.wav,coughvid_data/5de91178-3f74-46a1-b509-ab5f8558151e.wav,0.0
21010dac-768d-45d0-bef3-fbc62a969fe9,coughvid_data/21010dac-768d-45d0-bef3-fbc62a969fe9.wav,coughvid_data/21010dac-768d-45d0-bef3-fbc62a969fe9.wav,0.0
b3c0255b-5898-47b2-8d87-8cb9a4b6b45c,coughvid_data/b3c0255b-5898-47b2-8d87-8cb9a4b6b45c.wav,coughvid_data/b3c0255b-5898-47b2-8d87-8cb9a4b6b45c.wav,1.0
0bf9d176-1f52-4b1a-b247-56a0f2b94374,coughvid_data/0bf9d176-1f52-4b1a-b247-56a0f2b94374.wav,coughvid_data/0bf9d176-1f52-4b1a-b247-56a0f2b94374.wav,0.0
96131812-fc99-4da5-8d44-3f38c9208d25,coughvid_data/96131812-fc99-4da5-8d44-3f38c9208d25.wav,coughvid_data/96131812-fc99-4da5-8d44-3f38c9208d25.wav,1.0
f2c8d0c0-da95-4960-91e2-68c746511b5e,coughvid_data/f2c8d0c0-da95-4960-91e2-68c746511b5e.wav,coughvid_data/f2c8d0c0-da95-4960-91e2-68c746511b5e.wav,1.0
e6ba7157-cf94-4ed8-9255-03eb4659bfe1,coughvid_data/e6ba7157-cf94-4ed8-9255-03eb4659bfe1.wav,coughvid_data/e6ba7157-cf94-4ed8-9255-03eb4659bfe1.wav,1.0
95743f25-413a-4d9a-90fa-4a0d69d6e317,coughvid_data/95743f25-413a-4d9a-90fa-4a0d69d6e317.wav,coughvid_data/95743f25-413a-4d9a-90fa-4a0d69d6e317.wav,0.0
d59acdbe-8b9b-40b1-a24f-bde021467f7d,coughvid_data/d59acdbe-8b9b-40b1-a24f-bde021467f7d.wav,coughvid_data/d59acdbe-8b9b-40b1-a24f-bde021467f7d.wav,0.0
990af071-9fe8-4cb5-a0f6-777791501c9a,coughvid_data/990af071-9fe8-4cb5-a0f6-777791501c9a.wav,coughvid_data/990af071-9fe8-4cb5-a0f6-777791501c9a.wav,0.0
c9e9e5c3-e5fc-4d11-b58b-811670e0e954,coughvid_data/c9e9e5c3-e5fc-4d11-b58b-811670e0e954.wav,coughvid_data/c9e9e5c3-e5fc-4d11-b58b-811670e0e954.wav,1.0
73ee4d6e-5029-42d1-b93c-f4bb47172e17,coughvid_data/73ee4d6e-5029-42d1-b93c-f4bb47172e17.wav,coughvid_data/73ee4d6e-5029-42d1-b93c-f4bb47172e17.wav,1.0
c269417a-497b-4233-9103-386136a141c1,coughvid_data/c269417a-497b-4233-9103-386136a141c1.wav,coughvid_data/c269417a-497b-4233-9103-386136a141c1.wav,0.0
1e4686bd-a434-4913-adfd-4c4ceefb6c39,coughvid_data/1e4686bd-a434-4913-adfd-4c4ceefb6c39.wav,coughvid_data/1e4686bd-a434-4913-adfd-4c4ceefb6c39.wav,0.0
0924c308-2cca-4ab2-8ef3-a204c349701b,coughvid_data/0924c308-2cca-4ab2-8ef3-a204c349701b.wav,coughvid_data/0924c308-2cca-4ab2-8ef3-a204c349701b.wav,1.0
5f5d6855-af83-4728-8e23-578780d2e6cd,coughvid_data/5f5d6855-af83-4728-8e23-578780d2e6cd.wav,coughvid_data/5f5d6855-af83-4728-8e23-578780d2e6cd.wav,0.0
76caa22c-d9f5-4ef6-af23-305208fa85a3,coughvid_data/76caa22c-d9f5-4ef6-af23-305208fa85a3.wav,coughvid_data/76caa22c-d9f5-4ef6-af23-305208fa85a3.wav,1.0
ed70bb7e-225a-4b6f-b48e-60f91818f62f,coughvid_data/ed70bb7e-225a-4b6f-b48e-60f91818f62f.wav,coughvid_data/ed70bb7e-225a-4b6f-b48e-60f91818f62f.wav,0.0
9ae909b4-8059-4bb9-9025-ec74c44b9165,coughvid_data/9ae909b4-8059-4bb9-9025-ec74c44b9165.wav,coughvid_data/9ae909b4-8059-4bb9-9025-ec74c44b9165.wav,0.0
520924ed-d76e-43ae-add9-14906d7a667e,coughvid_data/520924ed-d76e-43ae-add9-14906d7a667e.wav,coughvid_data/520924ed-d76e-43ae-add9-14906d7a667e.wav,0.0
5be10c89-4c9a-495e-8671-f445f51a3fe0,coughvid_data/5be10c89-4c9a-495e-8671-f445f51a3fe0.wav,coughvid_data/5be10c89-4c9a-495e-8671-f445f51a3fe0.wav,1.0
eed92535-ca07-4ca9-9ae8-765c2992feca,coughvid_data/eed92535-ca07-4ca9-9ae8-765c2992feca.wav,coughvid_data/eed92535-ca07-4ca9-9ae8-765c2992feca.wav,0.0
6e4a36a0-f431-4933-8e56-1a4581434c33,coughvid_data/6e4a36a0-f431-4933-8e56-1a4581434c33.wav,coughvid_data/6e4a36a0-f431-4933-8e56-1a4581434c33.wav,1.0
550b4761-31d9-4eb9-b1ba-906ccfec1d9a,coughvid_data/550b4761-31d9-4eb9-b1ba-906ccfec1d9a.wav,coughvid_data/550b4761-31d9-4eb9-b1ba-906ccfec1d9a.wav,0.0
b19618c2-9b19-4f8e-8840-9af52fbcefeb,coughvid_data/b19618c2-9b19-4f8e-8840-9af52fbcefeb.wav,coughvid_data/b19618c2-9b19-4f8e-8840-9af52fbcefeb.wav,1.0
03ff1a5d-8179-4af9-842f-eecf80cc2ffc,coughvid_data/03ff1a5d-8179-4af9-842f-eecf80cc2ffc.wav,coughvid_data/03ff1a5d-8179-4af9-842f-eecf80cc2ffc.wav,0.0
c5901b26-cf9f-4235-be9b-8b900cc77a8b,coughvid_data/c5901b26-cf9f-4235-be9b-8b900cc77a8b.wav,coughvid_data/c5901b26-cf9f-4235-be9b-8b900cc77a8b.wav,1.0
3802ccda-cd4d-48f9-8042-2d48970c5e87,coughvid_data/3802ccda-cd4d-48f9-8042-2d48970c5e87.wav,coughvid_data/3802ccda-cd4d-48f9-8042-2d48970c5e87.wav,0.0
8b74a7fe-3bcc-499d-8d4d-79450a050ceb,coughvid_data/8b74a7fe-3bcc-499d-8d4d-79450a050ceb.wav,coughvid_data/8b74a7fe-3bcc-499d-8d4d-79450a050ceb.wav,0.0
f5109661-607c-4e20-8dda-224bc1931a44,coughvid_data/f5109661-607c-4e20-8dda-224bc1931a44.wav,coughvid_data/f5109661-607c-4e20-8dda-224bc1931a44.wav,1.0
e08bc19e-b68c-4a6b-855e-234aa15a07c5,coughvid_data/e08bc19e-b68c-4a6b-855e-234aa15a07c5.wav,coughvid_data/e08bc19e-b68c-4a6b-855e-234aa15a07c5.wav,0.0
0d3fcbce-0d37-471d-a6fb-cb487cfa7263,coughvid_data/0d3fcbce-0d37-471d-a6fb-cb487cfa7263.wav,coughvid_data/0d3fcbce-0d37-471d-a6fb-cb487cfa7263.wav,1.0
f88fbb96-679a-4e22-bfad-09bff35f9dd5,coughvid_data/f88fbb96-679a-4e22-bfad-09bff35f9dd5.wav,coughvid_data/f88fbb96-679a-4e22-bfad-09bff35f9dd5.wav,0.0
e18de37c-f5aa-499e-a688-1ef5c811ba2a,coughvid_data/e18de37c-f5aa-499e-a688-1ef5c811ba2a.wav,coughvid_data/e18de37c-f5aa-499e-a688-1ef5c811ba2a.wav,0.0
2f9d484b-a93d-4ac9-b635-5814a34095de,coughvid_data/2f9d484b-a93d-4ac9-b635-5814a34095de.wav,coughvid_data/2f9d484b-a93d-4ac9-b635-5814a34095de.wav,0.0
808e0f1e-b6de-410a-be0a-956ce7420ecc,coughvid_data/808e0f1e-b6de-410a-be0a-956ce7420ecc.wav,coughvid_data/808e0f1e-b6de-410a-be0a-956ce7420ecc.wav,1.0
0e1c8bce-3daa-480b-8659-b53268732bea,coughvid_data/0e1c8bce-3daa-480b-8659-b53268732bea.wav,coughvid_data/0e1c8bce-3daa-480b-8659-b53268732bea.wav,0.0
c36a3ee7-b052-428a-b2a1-d67deed7716a,coughvid_data/c36a3ee7-b052-428a-b2a1-d67deed7716a.wav,coughvid_data/c36a3ee7-b052-428a-b2a1-d67deed7716a.wav,0.0
7309dad5-5b0f-458c-90d6-db43862bae84,coughvid_data/7309dad5-5b0f-458c-90d6-db43862bae84.wav,coughvid_data/7309dad5-5b0f-458c-90d6-db43862bae84.wav,1.0
4080d43b-ff14-4eaf-87b2-299e9710225b,coughvid_data/4080d43b-ff14-4eaf-87b2-299e9710225b.wav,coughvid_data/4080d43b-ff14-4eaf-87b2-299e9710225b.wav,1.0
12a570eb-5a30-4c3e-a7e2-99f0cf0188b8,coughvid_data/12a570eb-5a30-4c3e-a7e2-99f0cf0188b8.wav,coughvid_data/12a570eb-5a30-4c3e-a7e2-99f0cf0188b8.wav,1.0
d86ae95a-1e45-42fa-9040-bc18d6c741b4,coughvid_data/d86ae95a-1e45-42fa-9040-bc18d6c741b4.wav,coughvid_data/d86ae95a-1e45-42fa-9040-bc18d6c741b4.wav,0.0
60761aec-68c3-4323-9bba-adba20b9bed5,coughvid_data/60761aec-68c3-4323-9bba-adba20b9bed5.wav,coughvid_data/60761aec-68c3-4323-9bba-adba20b9bed5.wav,0.0
10b8ed04-5eed-475e-984b-bc5f1c1715d3,coughvid_data/10b8ed04-5eed-475e-984b-bc5f1c1715d3.wav,coughvid_data/10b8ed04-5eed-475e-984b-bc5f1c1715d3.wav,1.0
1a56177d-6783-46a2-b1d5-cc2d6c163dd9,coughvid_data/1a56177d-6783-46a2-b1d5-cc2d6c163dd9.wav,coughvid_data/1a56177d-6783-46a2-b1d5-cc2d6c163dd9.wav,0.0
efa03dc0-d196-41a5-9de1-75316a77652c,coughvid_data/efa03dc0-d196-41a5-9de1-75316a77652c.wav,coughvid_data/efa03dc0-d196-41a5-9de1-75316a77652c.wav,1.0
02a26dd7-f2ea-431b-902d-e66fd45cc128,coughvid_data/02a26dd7-f2ea-431b-902d-e66fd45cc128.wav,coughvid_data/02a26dd7-f2ea-431b-902d-e66fd45cc128.wav,0.0
f6444688-24d0-470f-8b06-13bb81536cb6,coughvid_data/f6444688-24d0-470f-8b06-13bb81536cb6.wav,coughvid_data/f6444688-24d0-470f-8b06-13bb81536cb6.wav,1.0
d7d13c48-d60c-4c53-8724-67c3ab798d8a,coughvid_data/d7d13c48-d60c-4c53-8724-67c3ab798d8a.wav,coughvid_data/d7d13c48-d60c-4c53-8724-67c3ab798d8a.wav,0.0
099f9c59-3206-438d-8fd5-be59c5337afa,coughvid_data/099f9c59-3206-438d-8fd5-be59c5337afa.wav,coughvid_data/099f9c59-3206-438d-8fd5-be59c5337afa.wav,1.0
6ffb7b39-9698-4252-ad22-9d51467b5ad0,coughvid_data/6ffb7b39-9698-4252-ad22-9d51467b5ad0.wav,coughvid_data/6ffb7b39-9698-4252-ad22-9d51467b5ad0.wav,0.0
8f16822b-8f05-4eaa-b8c0-ef25b9f2b03e,coughvid_data/8f16822b-8f05-4eaa-b8c0-ef25b9f2b03e.wav,coughvid_data/8f16822b-8f05-4eaa-b8c0-ef25b9f2b03e.wav,1.0
f68bc691-4e09-40aa-b7d1-856b4c157f27,coughvid_data/f68bc691-4e09-40aa-b7d1-856b4c157f27.wav,coughvid_data/f68bc691-4e09-40aa-b7d1-856b4c157f27.wav,1.0
669e0eda-a6f7-41d0-aa39-68bfc978877c,coughvid_data/669e0eda-a6f7-41d0-aa39-68bfc978877c.wav,coughvid_data/669e0eda-a6f7-41d0-aa39-68bfc978877c.wav,0.0
0b46659c-2565-49ef-82d2-946ec61eff8b,coughvid_data/0b46659c-2565-49ef-82d2-946ec61eff8b.wav,coughvid_data/0b46659c-2565-49ef-82d2-946ec61eff8b.wav,0.0
5447730b-6336-4556-b33b-e1320ba6b7ce,coughvid_data/5447730b-6336-4556-b33b-e1320ba6b7ce.wav,coughvid_data/5447730b-6336-4556-b33b-e1320ba6b7ce.wav,0.0
1ddba9bc-deaa-434f-b7af-f4cdd045780d,coughvid_data/1ddba9bc-deaa-434f-b7af-f4cdd045780d.wav,coughvid_data/1ddba9bc-deaa-434f-b7af-f4cdd045780d.wav,1.0
6a1afcd1-bce7-488b-8075-fa5a9a1e53e1,coughvid_data/6a1afcd1-bce7-488b-8075-fa5a9a1e53e1.wav,coughvid_data/6a1afcd1-bce7-488b-8075-fa5a9a1e53e1.wav,0.0
a66caa0f-c81b-47ca-a090-92ec93ba22d1,coughvid_data/a66caa0f-c81b-47ca-a090-92ec93ba22d1.wav,coughvid_data/a66caa0f-c81b-47ca-a090-92ec93ba22d1.wav,1.0
50207a08-2653-4f8d-b0d0-f158e4206d9f,coughvid_data/50207a08-2653-4f8d-b0d0-f158e4206d9f.wav,coughvid_data/50207a08-2653-4f8d-b0d0-f158e4206d9f.wav,1.0
400bad23-52fe-4f97-8503-c288ff659ffb,coughvid_data/400bad23-52fe-4f97-8503-c288ff659ffb.wav,coughvid_data/400bad23-52fe-4f97-8503-c288ff659ffb.wav,1.0
0f48e572-df90-4dd5-a30c-6a79f96cc50d,coughvid_data/0f48e572-df90-4dd5-a30c-6a79f96cc50d.wav,coughvid_data/0f48e572-df90-4dd5-a30c-6a79f96cc50d.wav,1.0
6c14666d-bc2a-4f72-b3c8-be2dcc73e6b8,coughvid_data/6c14666d-bc2a-4f72-b3c8-be2dcc73e6b8.wav,coughvid_data/6c14666d-bc2a-4f72-b3c8-be2dcc73e6b8.wav,1.0
e2caf7fb-6adc-4c28-9b28-68064100c0e3,coughvid_data/e2caf7fb-6adc-4c28-9b28-68064100c0e3.wav,coughvid_data/e2caf7fb-6adc-4c28-9b28-68064100c0e3.wav,1.0
edfa86dc-96e8-4080-a368-1ed04859608b,coughvid_data/edfa86dc-96e8-4080-a368-1ed04859608b.wav,coughvid_data/edfa86dc-96e8-4080-a368-1ed04859608b.wav,0.0
43b36c34-a383-445e-a4e2-fe9d7849e62a,coughvid_data/43b36c34-a383-445e-a4e2-fe9d7849e62a.wav,coughvid_data/43b36c34-a383-445e-a4e2-fe9d7849e62a.wav,1.0
e9b863b0-5cfa-4aca-a4e6-45e7146db7c1,coughvid_data/e9b863b0-5cfa-4aca-a4e6-45e7146db7c1.wav,coughvid_data/e9b863b0-5cfa-4aca-a4e6-45e7146db7c1.wav,0.0
c00998a0-a7d6-4262-b4fd-90b03ec45dd5,coughvid_data/c00998a0-a7d6-4262-b4fd-90b03ec45dd5.wav,coughvid_data/c00998a0-a7d6-4262-b4fd-90b03ec45dd5.wav,1.0
f3a3af59-0ebf-4644-a38b-32e36a70b876,coughvid_data/f3a3af59-0ebf-4644-a38b-32e36a70b876.wav,coughvid_data/f3a3af59-0ebf-4644-a38b-32e36a70b876.wav,1.0
8c4b5422-c275-4092-9de6-e54318e317b3,coughvid_data/8c4b5422-c275-4092-9de6-e54318e317b3.wav,coughvid_data/8c4b5422-c275-4092-9de6-e54318e317b3.wav,1.0
a10ee0db-4606-4de5-ace2-3b7234a9bcbe,coughvid_data/a10ee0db-4606-4de5-ace2-3b7234a9bcbe.wav,coughvid_data/a10ee0db-4606-4de5-ace2-3b7234a9bcbe.wav,0.0
7d1428e9-7241-482b-8dbd-95f43a57c694,coughvid_data/7d1428e9-7241-482b-8dbd-95f43a57c694.wav,coughvid_data/7d1428e9-7241-482b-8dbd-95f43a57c694.wav,1.0
8688fa8e-b981-4928-a163-e0041ca11541,coughvid_data/8688fa8e-b981-4928-a163-e0041ca11541.wav,coughvid_data/8688fa8e-b981-4928-a163-e0041ca11541.wav,0.0
40ceb117-4a49-4637-92e1-a5a3f0954ad9,coughvid_data/40ceb117-4a49-4637-92e1-a5a3f0954ad9.wav,coughvid_data/40ceb117-4a49-4637-92e1-a5a3f0954ad9.wav,1.0
404b054e-b386-4b4e-a595-e0222f2cfdef,coughvid_data/404b054e-b386-4b4e-a595-e0222f2cfdef.wav,coughvid_data/404b054e-b386-4b4e-a595-e0222f2cfdef.wav,1.0
51125a73-c566-45f9-b45d-e2b61153a644,coughvid_data/51125a73-c566-45f9-b45d-e2b61153a644.wav,coughvid_data/51125a73-c566-45f9-b45d-e2b61153a644.wav,1.0
5dd78350-3c5a-4b1b-a75b-c9a7799ae153,coughvid_data/5dd78350-3c5a-4b1b-a75b-c9a7799ae153.wav,coughvid_data/5dd78350-3c5a-4b1b-a75b-c9a7799ae153.wav,1.0
26cee323-44a2-4de0-90c6-d434cd65eeee,coughvid_data/26cee323-44a2-4de0-90c6-d434cd65eeee.wav,coughvid_data/26cee323-44a2-4de0-90c6-d434cd65eeee.wav,0.0
db9c9ba4-66ba-4c26-96fa-e2b408f80244,coughvid_data/db9c9ba4-66ba-4c26-96fa-e2b408f80244.wav,coughvid_data/db9c9ba4-66ba-4c26-96fa-e2b408f80244.wav,1.0
cfdfda8b-18a3-4cfe-a1c8-d3b2d453fc44,coughvid_data/cfdfda8b-18a3-4cfe-a1c8-d3b2d453fc44.wav,coughvid_data/cfdfda8b-18a3-4cfe-a1c8-d3b2d453fc44.wav,1.0
d6e8c375-8d2c-4665-b6a8-eb6666222701,coughvid_data/d6e8c375-8d2c-4665-b6a8-eb6666222701.wav,coughvid_data/d6e8c375-8d2c-4665-b6a8-eb6666222701.wav,1.0
8f340416-9d4c-49f5-a7ce-505e41603c47,coughvid_data/8f340416-9d4c-49f5-a7ce-505e41603c47.wav,coughvid_data/8f340416-9d4c-49f5-a7ce-505e41603c47.wav,0.0
6852d9f6-a151-4a7c-bf72-0f4bfdaada50,coughvid_data/6852d9f6-a151-4a7c-bf72-0f4bfdaada50.wav,coughvid_data/6852d9f6-a151-4a7c-bf72-0f4bfdaada50.wav,1.0
540a7fe3-904d-4010-9cca-c27a7f1dc0b8,coughvid_data/540a7fe3-904d-4010-9cca-c27a7f1dc0b8.wav,coughvid_data/540a7fe3-904d-4010-9cca-c27a7f1dc0b8.wav,0.0
57d4a922-b26d-4034-9da0-0a6743d19006,coughvid_data/57d4a922-b26d-4034-9da0-0a6743d19006.wav,coughvid_data/57d4a922-b26d-4034-9da0-0a6743d19006.wav,0.0
729f4643-cdd6-4ece-95ea-32beb3af4b47,coughvid_data/729f4643-cdd6-4ece-95ea-32beb3af4b47.wav,coughvid_data/729f4643-cdd6-4ece-95ea-32beb3af4b47.wav,0.0
5900766b-754f-4765-9260-f1d26d7e131e,coughvid_data/5900766b-754f-4765-9260-f1d26d7e131e.wav,coughvid_data/5900766b-754f-4765-9260-f1d26d7e131e.wav,0.0
86ce057c-1026-4a07-b15c-f5d56724d71b,coughvid_data/86ce057c-1026-4a07-b15c-f5d56724d71b.wav,coughvid_data/86ce057c-1026-4a07-b15c-f5d56724d71b.wav,1.0
37ce3444-5901-4984-bca2-51ddca59f62a,coughvid_data/37ce3444-5901-4984-bca2-51ddca59f62a.wav,coughvid_data/37ce3444-5901-4984-bca2-51ddca59f62a.wav,0.0
7e3f47c6-fec6-43c9-9a42-ae725bdd7ba9,coughvid_data/7e3f47c6-fec6-43c9-9a42-ae725bdd7ba9.wav,coughvid_data/7e3f47c6-fec6-43c9-9a42-ae725bdd7ba9.wav,0.0
3e78324c-0534-4fe4-9e5b-c1f91d95a8b0,coughvid_data/3e78324c-0534-4fe4-9e5b-c1f91d95a8b0.wav,coughvid_data/3e78324c-0534-4fe4-9e5b-c1f91d95a8b0.wav,1.0
009b1e22-f451-40ae-9cbf-9f1ff5dec022,coughvid_data/009b1e22-f451-40ae-9cbf-9f1ff5dec022.wav,coughvid_data/009b1e22-f451-40ae-9cbf-9f1ff5dec022.wav,1.0
942d940d-ad75-4abc-9d7d-7a47185648b0,coughvid_data/942d940d-ad75-4abc-9d7d-7a47185648b0.wav,coughvid_data/942d940d-ad75-4abc-9d7d-7a47185648b0.wav,1.0
23583719-c2da-4cfb-9efa-a7cc3a94a3f9,coughvid_data/23583719-c2da-4cfb-9efa-a7cc3a94a3f9.wav,coughvid_data/23583719-c2da-4cfb-9efa-a7cc3a94a3f9.wav,0.0
bce2b53b-7c85-45db-88dc-a43f94af366c,coughvid_data/bce2b53b-7c85-45db-88dc-a43f94af366c.wav,coughvid_data/bce2b53b-7c85-45db-88dc-a43f94af366c.wav,0.0
a583d3cc-ab0f-449a-9692-977714b3050e,coughvid_data/a583d3cc-ab0f-449a-9692-977714b3050e.wav,coughvid_data/a583d3cc-ab0f-449a-9692-977714b3050e.wav,1.0
357353b0-788c-48df-8279-dfc131ddad57,coughvid_data/357353b0-788c-48df-8279-dfc131ddad57.wav,coughvid_data/357353b0-788c-48df-8279-dfc131ddad57.wav,1.0
dec42a64-f0fd-4725-a398-c5f62f743b53,coughvid_data/dec42a64-f0fd-4725-a398-c5f62f743b53.wav,coughvid_data/dec42a64-f0fd-4725-a398-c5f62f743b53.wav,1.0
69daf6c1-db11-4bc1-b48c-38482e59db4b,coughvid_data/69daf6c1-db11-4bc1-b48c-38482e59db4b.wav,coughvid_data/69daf6c1-db11-4bc1-b48c-38482e59db4b.wav,1.0
730067d1-b5c3-4374-92ae-9455d83d1d95,coughvid_data/730067d1-b5c3-4374-92ae-9455d83d1d95.wav,coughvid_data/730067d1-b5c3-4374-92ae-9455d83d1d95.wav,1.0
aa1b120b-f250-45c8-b8cf-568b73f8748a,coughvid_data/aa1b120b-f250-45c8-b8cf-568b73f8748a.wav,coughvid_data/aa1b120b-f250-45c8-b8cf-568b73f8748a.wav,1.0
abe8c08b-8e49-4573-95b7-96babdaa8e93,coughvid_data/abe8c08b-8e49-4573-95b7-96babdaa8e93.wav,coughvid_data/abe8c08b-8e49-4573-95b7-96babdaa8e93.wav,1.0
e46ef39a-c167-43b5-9302-70ef65d06792,coughvid_data/e46ef39a-c167-43b5-9302-70ef65d06792.wav,coughvid_data/e46ef39a-c167-43b5-9302-70ef65d06792.wav,1.0
ab1b1cb3-cc50-451c-8371-9f49b76ebe53,coughvid_data/ab1b1cb3-cc50-451c-8371-9f49b76ebe53.wav,coughvid_data/ab1b1cb3-cc50-451c-8371-9f49b76ebe53.wav,0.0
1127343b-7b75-43b3-8552-8c28243aa056,coughvid_data/1127343b-7b75-43b3-8552-8c28243aa056.wav,coughvid_data/1127343b-7b75-43b3-8552-8c28243aa056.wav,0.0
b782e40c-5b34-425b-8753-dff29df5486b,coughvid_data/b782e40c-5b34-425b-8753-dff29df5486b.wav,coughvid_data/b782e40c-5b34-425b-8753-dff29df5486b.wav,1.0
164f6a1d-330b-4682-90f3-ddbcd65a6682,coughvid_data/164f6a1d-330b-4682-90f3-ddbcd65a6682.wav,coughvid_data/164f6a1d-330b-4682-90f3-ddbcd65a6682.wav,1.0
2ea26cf9-ba23-4eb3-ac49-93a178fb0dba,coughvid_data/2ea26cf9-ba23-4eb3-ac49-93a178fb0dba.wav,coughvid_data/2ea26cf9-ba23-4eb3-ac49-93a178fb0dba.wav,0.0
6ab99a13-0d2f-4834-9ce3-2c6bd5e16be9,coughvid_data/6ab99a13-0d2f-4834-9ce3-2c6bd5e16be9.wav,coughvid_data/6ab99a13-0d2f-4834-9ce3-2c6bd5e16be9.wav,0.0
9838bf7e-f50d-4db4-b44e-5ceac4b607de,coughvid_data/9838bf7e-f50d-4db4-b44e-5ceac4b607de.wav,coughvid_data/9838bf7e-f50d-4db4-b44e-5ceac4b607de.wav,1.0
718663c3-69d9-4a46-89fe-8cee122bbf0d,coughvid_data/718663c3-69d9-4a46-89fe-8cee122bbf0d.wav,coughvid_data/718663c3-69d9-4a46-89fe-8cee122bbf0d.wav,1.0
b4be7d74-b74b-41ae-8210-e768282c4eac,coughvid_data/b4be7d74-b74b-41ae-8210-e768282c4eac.wav,coughvid_data/b4be7d74-b74b-41ae-8210-e768282c4eac.wav,1.0
dfad7aa6-ceb2-4bd7-87a4-4d87388980e3,coughvid_data/dfad7aa6-ceb2-4bd7-87a4-4d87388980e3.wav,coughvid_data/dfad7aa6-ceb2-4bd7-87a4-4d87388980e3.wav,1.0
bcc6aaec-bb50-4560-818c-4701fd0f9aae,coughvid_data/bcc6aaec-bb50-4560-818c-4701fd0f9aae.wav,coughvid_data/bcc6aaec-bb50-4560-818c-4701fd0f9aae.wav,0.0
09473ed4-eb6a-424e-9b22-b87a2bdf4709,coughvid_data/09473ed4-eb6a-424e-9b22-b87a2bdf4709.wav,coughvid_data/09473ed4-eb6a-424e-9b22-b87a2bdf4709.wav,0.0
04750ecc-f689-4982-a751-899d8c73992c,coughvid_data/04750ecc-f689-4982-a751-899d8c73992c.wav,coughvid_data/04750ecc-f689-4982-a751-899d8c73992c.wav,0.0
10339f1a-c5ca-4c5e-8da7-fbc107d36493,coughvid_data/10339f1a-c5ca-4c5e-8da7-fbc107d36493.wav,coughvid_data/10339f1a-c5ca-4c5e-8da7-fbc107d36493.wav,0.0
b408553b-befa-4a28-ab99-a10bb23384fc,coughvid_data/b408553b-befa-4a28-ab99-a10bb23384fc.wav,coughvid_data/b408553b-befa-4a28-ab99-a10bb23384fc.wav,1.0
f96ecec0-0929-4119-8e0b-cf6906f313e7,coughvid_data/f96ecec0-0929-4119-8e0b-cf6906f313e7.wav,coughvid_data/f96ecec0-0929-4119-8e0b-cf6906f313e7.wav,0.0
b048d658-0973-47ce-b1fd-4cedcda58371,coughvid_data/b048d658-0973-47ce-b1fd-4cedcda58371.wav,coughvid_data/b048d658-0973-47ce-b1fd-4cedcda58371.wav,1.0
705e111b-1e41-4831-97e2-7990771c9fe4,coughvid_data/705e111b-1e41-4831-97e2-7990771c9fe4.wav,coughvid_data/705e111b-1e41-4831-97e2-7990771c9fe4.wav,1.0
0443dad7-0cf7-4232-a997-f227478866a9,coughvid_data/0443dad7-0cf7-4232-a997-f227478866a9.wav,coughvid_data/0443dad7-0cf7-4232-a997-f227478866a9.wav,0.0
735894e0-26b1-46cb-97c8-d5f649cb9ce6,coughvid_data/735894e0-26b1-46cb-97c8-d5f649cb9ce6.wav,coughvid_data/735894e0-26b1-46cb-97c8-d5f649cb9ce6.wav,1.0
d1c5df2c-88e0-44f8-87f0-9e5bd93a3d60,coughvid_data/d1c5df2c-88e0-44f8-87f0-9e5bd93a3d60.wav,coughvid_data/d1c5df2c-88e0-44f8-87f0-9e5bd93a3d60.wav,0.0
df10a384-f9b4-43c8-b605-3cd6e8488bca,coughvid_data/df10a384-f9b4-43c8-b605-3cd6e8488bca.wav,coughvid_data/df10a384-f9b4-43c8-b605-3cd6e8488bca.wav,0.0
25e5076e-e4fd-4962-9fd9-895908d43f80,coughvid_data/25e5076e-e4fd-4962-9fd9-895908d43f80.wav,coughvid_data/25e5076e-e4fd-4962-9fd9-895908d43f80.wav,0.0
c14b19a2-2270-45f0-a789-6c1e1c74e23c,coughvid_data/c14b19a2-2270-45f0-a789-6c1e1c74e23c.wav,coughvid_data/c14b19a2-2270-45f0-a789-6c1e1c74e23c.wav,1.0
3960bb7b-56e2-4cad-aa5f-8849b99b5bf5,coughvid_data/3960bb7b-56e2-4cad-aa5f-8849b99b5bf5.wav,coughvid_data/3960bb7b-56e2-4cad-aa5f-8849b99b5bf5.wav,1.0
dd367e6f-e87e-4271-bc87-383f51758801,coughvid_data/dd367e6f-e87e-4271-bc87-383f51758801.wav,coughvid_data/dd367e6f-e87e-4271-bc87-383f51758801.wav,1.0
e7062ac7-508d-48d1-aa95-8a6aa28463ca,coughvid_data/e7062ac7-508d-48d1-aa95-8a6aa28463ca.wav,coughvid_data/e7062ac7-508d-48d1-aa95-8a6aa28463ca.wav,0.0
acf267c9-3e4b-4044-8f2f-8cb477a6e1d2,coughvid_data/acf267c9-3e4b-4044-8f2f-8cb477a6e1d2.wav,coughvid_data/acf267c9-3e4b-4044-8f2f-8cb477a6e1d2.wav,1.0
dcd6359c-4fbc-44ea-93b0-f1da55eb3a75,coughvid_data/dcd6359c-4fbc-44ea-93b0-f1da55eb3a75.wav,coughvid_data/dcd6359c-4fbc-44ea-93b0-f1da55eb3a75.wav,1.0
aeb0c601-2736-4818-9b56-1c8445944925,coughvid_data/aeb0c601-2736-4818-9b56-1c8445944925.wav,coughvid_data/aeb0c601-2736-4818-9b56-1c8445944925.wav,1.0
12869ab6-e5f0-4c26-b485-42bb28e2b1ed,coughvid_data/12869ab6-e5f0-4c26-b485-42bb28e2b1ed.wav,coughvid_data/12869ab6-e5f0-4c26-b485-42bb28e2b1ed.wav,0.0
1764241b-0de6-4876-a4d8-f02afbc07d94,coughvid_data/1764241b-0de6-4876-a4d8-f02afbc07d94.wav,coughvid_data/1764241b-0de6-4876-a4d8-f02afbc07d94.wav,1.0
584e7f0d-f2e9-400f-bb06-5f630d3349a1,coughvid_data/584e7f0d-f2e9-400f-bb06-5f630d3349a1.wav,coughvid_data/584e7f0d-f2e9-400f-bb06-5f630d3349a1.wav,0.0
df7ba640-0e3e-499f-b1e1-ef685c1c4540,coughvid_data/df7ba640-0e3e-499f-b1e1-ef685c1c4540.wav,coughvid_data/df7ba640-0e3e-499f-b1e1-ef685c1c4540.wav,1.0
2af81102-a290-4b4d-9322-552754c03bb2,coughvid_data/2af81102-a290-4b4d-9322-552754c03bb2.wav,coughvid_data/2af81102-a290-4b4d-9322-552754c03bb2.wav,0.0
9a672728-6f39-4035-b0b8-f49dfecc162a,coughvid_data/9a672728-6f39-4035-b0b8-f49dfecc162a.wav,coughvid_data/9a672728-6f39-4035-b0b8-f49dfecc162a.wav,0.0
e3691619-aace-4a44-bf4f-db7fbc57c3ba,coughvid_data/e3691619-aace-4a44-bf4f-db7fbc57c3ba.wav,coughvid_data/e3691619-aace-4a44-bf4f-db7fbc57c3ba.wav,0.0
51101e25-1d43-4cd6-b512-833b6c63510b,coughvid_data/51101e25-1d43-4cd6-b512-833b6c63510b.wav,coughvid_data/51101e25-1d43-4cd6-b512-833b6c63510b.wav,1.0
d8ff7469-0623-470e-b0be-0e96e29d5c42,coughvid_data/d8ff7469-0623-470e-b0be-0e96e29d5c42.wav,coughvid_data/d8ff7469-0623-470e-b0be-0e96e29d5c42.wav,0.0
76ff5005-001b-4bdd-a2ef-7e59eca33855,coughvid_data/76ff5005-001b-4bdd-a2ef-7e59eca33855.wav,coughvid_data/76ff5005-001b-4bdd-a2ef-7e59eca33855.wav,0.0
c9c4445b-fbd3-4f4d-9ca2-282a669d79c4,coughvid_data/c9c4445b-fbd3-4f4d-9ca2-282a669d79c4.wav,coughvid_data/c9c4445b-fbd3-4f4d-9ca2-282a669d79c4.wav,1.0
ad1e2b4d-c00a-4eb8-ba61-702a4c3844a1,coughvid_data/ad1e2b4d-c00a-4eb8-ba61-702a4c3844a1.wav,coughvid_data/ad1e2b4d-c00a-4eb8-ba61-702a4c3844a1.wav,1.0
d13a37e6-981d-435d-a030-33d738c7fb20,coughvid_data/d13a37e6-981d-435d-a030-33d738c7fb20.wav,coughvid_data/d13a37e6-981d-435d-a030-33d738c7fb20.wav,1.0
335a56cc-66bf-4dd0-a60b-f7a596e43c08,coughvid_data/335a56cc-66bf-4dd0-a60b-f7a596e43c08.wav,coughvid_data/335a56cc-66bf-4dd0-a60b-f7a596e43c08.wav,1.0
777eae76-e12b-49d8-aa11-35ea25b340c2,coughvid_data/777eae76-e12b-49d8-aa11-35ea25b340c2.wav,coughvid_data/777eae76-e12b-49d8-aa11-35ea25b340c2.wav,0.0
9ef29144-f74f-4530-99f3-84079c902d63,coughvid_data/9ef29144-f74f-4530-99f3-84079c902d63.wav,coughvid_data/9ef29144-f74f-4530-99f3-84079c902d63.wav,0.0
e247085a-cf34-45be-b3c1-3c609c7d2bf1,coughvid_data/e247085a-cf34-45be-b3c1-3c609c7d2bf1.wav,coughvid_data/e247085a-cf34-45be-b3c1-3c609c7d2bf1.wav,1.0
2fe93646-076b-4859-9847-02e5d706664f,coughvid_data/2fe93646-076b-4859-9847-02e5d706664f.wav,coughvid_data/2fe93646-076b-4859-9847-02e5d706664f.wav,1.0
fe21e561-6cbc-4ecf-8fc8-07041ca307a4,coughvid_data/fe21e561-6cbc-4ecf-8fc8-07041ca307a4.wav,coughvid_data/fe21e561-6cbc-4ecf-8fc8-07041ca307a4.wav,0.0
b6208691-2e8d-4ac1-83bb-400b653d61d5,coughvid_data/b6208691-2e8d-4ac1-83bb-400b653d61d5.wav,coughvid_data/b6208691-2e8d-4ac1-83bb-400b653d61d5.wav,0.0
556387d7-a120-4c52-a658-a87383a4fcb0,coughvid_data/556387d7-a120-4c52-a658-a87383a4fcb0.wav,coughvid_data/556387d7-a120-4c52-a658-a87383a4fcb0.wav,0.0
92807b5a-3358-4bb1-b79e-6d12bf93fe98,coughvid_data/92807b5a-3358-4bb1-b79e-6d12bf93fe98.wav,coughvid_data/92807b5a-3358-4bb1-b79e-6d12bf93fe98.wav,0.0
5df5ed42-05a9-4912-a0f2-aec967449115,coughvid_data/5df5ed42-05a9-4912-a0f2-aec967449115.wav,coughvid_data/5df5ed42-05a9-4912-a0f2-aec967449115.wav,0.0
144cd672-7f14-4fe9-952b-450ca6f16536,coughvid_data/144cd672-7f14-4fe9-952b-450ca6f16536.wav,coughvid_data/144cd672-7f14-4fe9-952b-450ca6f16536.wav,1.0
34f70ca8-443a-46b5-8ded-554828047a4e,coughvid_data/34f70ca8-443a-46b5-8ded-554828047a4e.wav,coughvid_data/34f70ca8-443a-46b5-8ded-554828047a4e.wav,0.0
7c2f9375-357e-493a-b84b-6352e18719be,coughvid_data/7c2f9375-357e-493a-b84b-6352e18719be.wav,coughvid_data/7c2f9375-357e-493a-b84b-6352e18719be.wav,1.0
9d3d8b24-87cc-4596-a5e5-c2fea505de36,coughvid_data/9d3d8b24-87cc-4596-a5e5-c2fea505de36.wav,coughvid_data/9d3d8b24-87cc-4596-a5e5-c2fea505de36.wav,0.0
77125d66-b976-47fe-8cf5-9c42d2afd98a,coughvid_data/77125d66-b976-47fe-8cf5-9c42d2afd98a.wav,coughvid_data/77125d66-b976-47fe-8cf5-9c42d2afd98a.wav,1.0
830be54b-3557-4246-8825-e321c3ec08ab,coughvid_data/830be54b-3557-4246-8825-e321c3ec08ab.wav,coughvid_data/830be54b-3557-4246-8825-e321c3ec08ab.wav,0.0
48d08e4a-0c0d-4139-9969-2c65714f61f8,coughvid_data/48d08e4a-0c0d-4139-9969-2c65714f61f8.wav,coughvid_data/48d08e4a-0c0d-4139-9969-2c65714f61f8.wav,0.0
b20d2127-d3bb-40d3-9402-eee262ad1e12,coughvid_data/b20d2127-d3bb-40d3-9402-eee262ad1e12.wav,coughvid_data/b20d2127-d3bb-40d3-9402-eee262ad1e12.wav,1.0
e694f2f8-88f0-4bce-bf29-ceeb89d6d59b,coughvid_data/e694f2f8-88f0-4bce-bf29-ceeb89d6d59b.wav,coughvid_data/e694f2f8-88f0-4bce-bf29-ceeb89d6d59b.wav,1.0
bf942548-016e-4a21-84db-6b9070b478e5,coughvid_data/bf942548-016e-4a21-84db-6b9070b478e5.wav,coughvid_data/bf942548-016e-4a21-84db-6b9070b478e5.wav,0.0
3d4a9cc4-3488-4e1c-a05e-d86c091a05e5,coughvid_data/3d4a9cc4-3488-4e1c-a05e-d86c091a05e5.wav,coughvid_data/3d4a9cc4-3488-4e1c-a05e-d86c091a05e5.wav,0.0
63f67eee-4a31-438a-86e8-96cb3760355c,coughvid_data/63f67eee-4a31-438a-86e8-96cb3760355c.wav,coughvid_data/63f67eee-4a31-438a-86e8-96cb3760355c.wav,1.0
69edcd83-4f15-4519-a5ff-a4f9c00a31a5,coughvid_data/69edcd83-4f15-4519-a5ff-a4f9c00a31a5.wav,coughvid_data/69edcd83-4f15-4519-a5ff-a4f9c00a31a5.wav,0.0
aee901a0-aba4-43a1-a97b-c00652b10454,coughvid_data/aee901a0-aba4-43a1-a97b-c00652b10454.wav,coughvid_data/aee901a0-aba4-43a1-a97b-c00652b10454.wav,1.0
98d7734d-5522-40da-9f04-b349f9a32916,coughvid_data/98d7734d-5522-40da-9f04-b349f9a32916.wav,coughvid_data/98d7734d-5522-40da-9f04-b349f9a32916.wav,0.0
727073c0-a07e-4463-b8a8-e58497c82678,coughvid_data/727073c0-a07e-4463-b8a8-e58497c82678.wav,coughvid_data/727073c0-a07e-4463-b8a8-e58497c82678.wav,0.0
5683cd42-347e-4fbf-8cd5-aa60c3e5b6cc,coughvid_data/5683cd42-347e-4fbf-8cd5-aa60c3e5b6cc.wav,coughvid_data/5683cd42-347e-4fbf-8cd5-aa60c3e5b6cc.wav,1.0
8f2857f1-e7af-48ed-942b-c38c54c60432,coughvid_data/8f2857f1-e7af-48ed-942b-c38c54c60432.wav,coughvid_data/8f2857f1-e7af-48ed-942b-c38c54c60432.wav,0.0
43b32c3c-3c0d-47cd-9491-d677caf8ab2c,coughvid_data/43b32c3c-3c0d-47cd-9491-d677caf8ab2c.wav,coughvid_data/43b32c3c-3c0d-47cd-9491-d677caf8ab2c.wav,1.0
5e66b1a7-2a02-4063-9658-806489f34437,coughvid_data/5e66b1a7-2a02-4063-9658-806489f34437.wav,coughvid_data/5e66b1a7-2a02-4063-9658-806489f34437.wav,1.0
df26664f-a61e-4468-98df-1c559a11250c,coughvid_data/df26664f-a61e-4468-98df-1c559a11250c.wav,coughvid_data/df26664f-a61e-4468-98df-1c559a11250c.wav,1.0
65607d98-7018-4016-8667-db9be5448386,coughvid_data/65607d98-7018-4016-8667-db9be5448386.wav,coughvid_data/65607d98-7018-4016-8667-db9be5448386.wav,0.0
b1ff7625-135d-4a9a-b2e5-5b2a4c095c5d,coughvid_data/b1ff7625-135d-4a9a-b2e5-5b2a4c095c5d.wav,coughvid_data/b1ff7625-135d-4a9a-b2e5-5b2a4c095c5d.wav,1.0
d509f8da-2b2c-474f-8814-74e6b4d22efe,coughvid_data/d509f8da-2b2c-474f-8814-74e6b4d22efe.wav,coughvid_data/d509f8da-2b2c-474f-8814-74e6b4d22efe.wav,1.0
b6c716a1-e53c-411f-b984-690a2c7680ba,coughvid_data/b6c716a1-e53c-411f-b984-690a2c7680ba.wav,coughvid_data/b6c716a1-e53c-411f-b984-690a2c7680ba.wav,1.0
7789dcaa-f298-4724-a0ae-4f9c99241d39,coughvid_data/7789dcaa-f298-4724-a0ae-4f9c99241d39.wav,coughvid_data/7789dcaa-f298-4724-a0ae-4f9c99241d39.wav,1.0
b79736c9-a17c-479b-8cc7-6ddae5076471,coughvid_data/b79736c9-a17c-479b-8cc7-6ddae5076471.wav,coughvid_data/b79736c9-a17c-479b-8cc7-6ddae5076471.wav,0.0
2af98a92-3cd8-43ae-9493-7cddf0075edf,coughvid_data/2af98a92-3cd8-43ae-9493-7cddf0075edf.wav,coughvid_data/2af98a92-3cd8-43ae-9493-7cddf0075edf.wav,0.0
27e2d6b3-c746-4b9b-b4dd-94fb5971f6a1,coughvid_data/27e2d6b3-c746-4b9b-b4dd-94fb5971f6a1.wav,coughvid_data/27e2d6b3-c746-4b9b-b4dd-94fb5971f6a1.wav,0.0
fe10c1a6-80f9-4b9e-ad13-3cdc9fbd045b,coughvid_data/fe10c1a6-80f9-4b9e-ad13-3cdc9fbd045b.wav,coughvid_data/fe10c1a6-80f9-4b9e-ad13-3cdc9fbd045b.wav,1.0
c16f96bf-dc05-445b-aed6-5758aa0ec5c8,coughvid_data/c16f96bf-dc05-445b-aed6-5758aa0ec5c8.wav,coughvid_data/c16f96bf-dc05-445b-aed6-5758aa0ec5c8.wav,1.0
87ea59c4-d5f7-4f17-a218-5a25754a6787,coughvid_data/87ea59c4-d5f7-4f17-a218-5a25754a6787.wav,coughvid_data/87ea59c4-d5f7-4f17-a218-5a25754a6787.wav,0.0
ab8ecc44-d33a-4e85-8e31-28cfe827fd17,coughvid_data/ab8ecc44-d33a-4e85-8e31-28cfe827fd17.wav,coughvid_data/ab8ecc44-d33a-4e85-8e31-28cfe827fd17.wav,1.0
612a1eb0-d52e-4604-b8c2-27a17a1a1673,coughvid_data/612a1eb0-d52e-4604-b8c2-27a17a1a1673.wav,coughvid_data/612a1eb0-d52e-4604-b8c2-27a17a1a1673.wav,1.0
ba4aca02-f565-4fa2-a7f5-dd64145336fb,coughvid_data/ba4aca02-f565-4fa2-a7f5-dd64145336fb.wav,coughvid_data/ba4aca02-f565-4fa2-a7f5-dd64145336fb.wav,1.0
d674483c-0d91-4e05-acd5-c4a3fc7d66ae,coughvid_data/d674483c-0d91-4e05-acd5-c4a3fc7d66ae.wav,coughvid_data/d674483c-0d91-4e05-acd5-c4a3fc7d66ae.wav,1.0
7206e980-6174-42b2-a680-c0b8aa29f38e,coughvid_data/7206e980-6174-42b2-a680-c0b8aa29f38e.wav,coughvid_data/7206e980-6174-42b2-a680-c0b8aa29f38e.wav,1.0
effe41be-bcf7-4f4a-9f52-1bf3435ab8f2,coughvid_data/effe41be-bcf7-4f4a-9f52-1bf3435ab8f2.wav,coughvid_data/effe41be-bcf7-4f4a-9f52-1bf3435ab8f2.wav,1.0
f2620b99-325e-4118-8d6b-f27956dbf6ee,coughvid_data/f2620b99-325e-4118-8d6b-f27956dbf6ee.wav,coughvid_data/f2620b99-325e-4118-8d6b-f27956dbf6ee.wav,0.0
6fc15e71-e709-4d96-a2ab-fe2a061d88fb,coughvid_data/6fc15e71-e709-4d96-a2ab-fe2a061d88fb.wav,coughvid_data/6fc15e71-e709-4d96-a2ab-fe2a061d88fb.wav,1.0
d7c8e0dd-6901-402d-a688-8bad8be174cf,coughvid_data/d7c8e0dd-6901-402d-a688-8bad8be174cf.wav,coughvid_data/d7c8e0dd-6901-402d-a688-8bad8be174cf.wav,0.0
6688438b-e01b-468f-91aa-d625d94b2d8d,coughvid_data/6688438b-e01b-468f-91aa-d625d94b2d8d.wav,coughvid_data/6688438b-e01b-468f-91aa-d625d94b2d8d.wav,1.0
1be0a04c-c37d-4b77-b7b9-037123f95d0b,coughvid_data/1be0a04c-c37d-4b77-b7b9-037123f95d0b.wav,coughvid_data/1be0a04c-c37d-4b77-b7b9-037123f95d0b.wav,0.0
c7087ecd-1661-419b-8506-9b98939a2b49,coughvid_data/c7087ecd-1661-419b-8506-9b98939a2b49.wav,coughvid_data/c7087ecd-1661-419b-8506-9b98939a2b49.wav,0.0
f6eda35d-3b88-41dc-8679-19d9f50d3ded,coughvid_data/f6eda35d-3b88-41dc-8679-19d9f50d3ded.wav,coughvid_data/f6eda35d-3b88-41dc-8679-19d9f50d3ded.wav,1.0
25b416f7-61e8-44e9-bcca-a8341da72590,coughvid_data/25b416f7-61e8-44e9-bcca-a8341da72590.wav,coughvid_data/25b416f7-61e8-44e9-bcca-a8341da72590.wav,1.0
f361bb71-e176-4305-bae1-3d224b9de67c,coughvid_data/f361bb71-e176-4305-bae1-3d224b9de67c.wav,coughvid_data/f361bb71-e176-4305-bae1-3d224b9de67c.wav,0.0
964b9bfb-1a77-4e11-ae02-94f68a96f330,coughvid_data/964b9bfb-1a77-4e11-ae02-94f68a96f330.wav,coughvid_data/964b9bfb-1a77-4e11-ae02-94f68a96f330.wav,1.0
381685cd-8164-4133-8d5a-05e7a90e64e2,coughvid_data/381685cd-8164-4133-8d5a-05e7a90e64e2.wav,coughvid_data/381685cd-8164-4133-8d5a-05e7a90e64e2.wav,0.0
5c478014-ca5d-4f99-b172-65a49e146f2f,coughvid_data/5c478014-ca5d-4f99-b172-65a49e146f2f.wav,coughvid_data/5c478014-ca5d-4f99-b172-65a49e146f2f.wav,0.0
babe4887-ac1e-4033-84bd-786783e55b3e,coughvid_data/babe4887-ac1e-4033-84bd-786783e55b3e.wav,coughvid_data/babe4887-ac1e-4033-84bd-786783e55b3e.wav,1.0
dbf3ee1f-33c6-4ba9-849d-698f65693dfd,coughvid_data/dbf3ee1f-33c6-4ba9-849d-698f65693dfd.wav,coughvid_data/dbf3ee1f-33c6-4ba9-849d-698f65693dfd.wav,0.0
6d9855b9-7cd1-4311-9233-7ca9231278ba,coughvid_data/6d9855b9-7cd1-4311-9233-7ca9231278ba.wav,coughvid_data/6d9855b9-7cd1-4311-9233-7ca9231278ba.wav,1.0
2c4b75df-f37b-4306-9b27-8e712b1118bf,coughvid_data/2c4b75df-f37b-4306-9b27-8e712b1118bf.wav,coughvid_data/2c4b75df-f37b-4306-9b27-8e712b1118bf.wav,1.0
1f7f7de1-3d61-4046-92c1-8686c7b33b57,coughvid_data/1f7f7de1-3d61-4046-92c1-8686c7b33b57.wav,coughvid_data/1f7f7de1-3d61-4046-92c1-8686c7b33b57.wav,0.0
fb235a42-2348-4426-8935-8d522f39cfb9,coughvid_data/fb235a42-2348-4426-8935-8d522f39cfb9.wav,coughvid_data/fb235a42-2348-4426-8935-8d522f39cfb9.wav,0.0
5d30f1d3-4e0f-4cb1-934a-a1ca128cda5a,coughvid_data/5d30f1d3-4e0f-4cb1-934a-a1ca128cda5a.wav,coughvid_data/5d30f1d3-4e0f-4cb1-934a-a1ca128cda5a.wav,1.0
7b5698cb-b713-4f6d-bb5f-6142b6f509a3,coughvid_data/7b5698cb-b713-4f6d-bb5f-6142b6f509a3.wav,coughvid_data/7b5698cb-b713-4f6d-bb5f-6142b6f509a3.wav,1.0
c284b317-2ef3-4214-b838-86fda8bfead7,coughvid_data/c284b317-2ef3-4214-b838-86fda8bfead7.wav,coughvid_data/c284b317-2ef3-4214-b838-86fda8bfead7.wav,1.0
b5c12582-9e98-41f8-a7a2-052ca6afcf47,coughvid_data/b5c12582-9e98-41f8-a7a2-052ca6afcf47.wav,coughvid_data/b5c12582-9e98-41f8-a7a2-052ca6afcf47.wav,0.0
300e987b-f3d0-49cc-9e09-55b0df128667,coughvid_data/300e987b-f3d0-49cc-9e09-55b0df128667.wav,coughvid_data/300e987b-f3d0-49cc-9e09-55b0df128667.wav,0.0
4d3e2692-09e7-4c9e-a164-b89973961f5f,coughvid_data/4d3e2692-09e7-4c9e-a164-b89973961f5f.wav,coughvid_data/4d3e2692-09e7-4c9e-a164-b89973961f5f.wav,1.0
f3bc8a3e-3fe7-46a2-936f-1f6ae0cdab86,coughvid_data/f3bc8a3e-3fe7-46a2-936f-1f6ae0cdab86.wav,coughvid_data/f3bc8a3e-3fe7-46a2-936f-1f6ae0cdab86.wav,1.0
09115490-33a9-461c-9437-d7f71be057b0,coughvid_data/09115490-33a9-461c-9437-d7f71be057b0.wav,coughvid_data/09115490-33a9-461c-9437-d7f71be057b0.wav,1.0
b3259b3d-030c-4a19-9d67-d0b7f3e45875,coughvid_data/b3259b3d-030c-4a19-9d67-d0b7f3e45875.wav,coughvid_data/b3259b3d-030c-4a19-9d67-d0b7f3e45875.wav,1.0
e6169a2a-ad7e-4e5a-9dcd-7f1d5237b144,coughvid_data/e6169a2a-ad7e-4e5a-9dcd-7f1d5237b144.wav,coughvid_data/e6169a2a-ad7e-4e5a-9dcd-7f1d5237b144.wav,1.0
7c0c7e95-4a6b-4d75-b46c-6cb8cf280094,coughvid_data/7c0c7e95-4a6b-4d75-b46c-6cb8cf280094.wav,coughvid_data/7c0c7e95-4a6b-4d75-b46c-6cb8cf280094.wav,1.0
7763252c-e1eb-47df-9366-1340f4e1a816,coughvid_data/7763252c-e1eb-47df-9366-1340f4e1a816.wav,coughvid_data/7763252c-e1eb-47df-9366-1340f4e1a816.wav,1.0
3b91fffd-12c7-4445-a2ac-950cbb750ebc,coughvid_data/3b91fffd-12c7-4445-a2ac-950cbb750ebc.wav,coughvid_data/3b91fffd-12c7-4445-a2ac-950cbb750ebc.wav,1.0
0fd3da5d-68c8-44e5-b8c6-53251c9bbb2b,coughvid_data/0fd3da5d-68c8-44e5-b8c6-53251c9bbb2b.wav,coughvid_data/0fd3da5d-68c8-44e5-b8c6-53251c9bbb2b.wav,0.0
997e1be8-23cf-4944-b15f-23ebd5ff0979,coughvid_data/997e1be8-23cf-4944-b15f-23ebd5ff0979.wav,coughvid_data/997e1be8-23cf-4944-b15f-23ebd5ff0979.wav,0.0
c388d50a-8fd3-4070-a0cc-bdf17c88f919,coughvid_data/c388d50a-8fd3-4070-a0cc-bdf17c88f919.wav,coughvid_data/c388d50a-8fd3-4070-a0cc-bdf17c88f919.wav,1.0
b9d5b190-bb52-4a04-aa42-bb2bd1372505,coughvid_data/b9d5b190-bb52-4a04-aa42-bb2bd1372505.wav,coughvid_data/b9d5b190-bb52-4a04-aa42-bb2bd1372505.wav,0.0
1878b488-f729-4fa2-bc4a-b0aa819d31cc,coughvid_data/1878b488-f729-4fa2-bc4a-b0aa819d31cc.wav,coughvid_data/1878b488-f729-4fa2-bc4a-b0aa819d31cc.wav,0.0
49084335-3fa5-43f7-8a56-cf9dc53aec0a,coughvid_data/49084335-3fa5-43f7-8a56-cf9dc53aec0a.wav,coughvid_data/49084335-3fa5-43f7-8a56-cf9dc53aec0a.wav,1.0
6478394b-6c6d-451a-8887-996a8e6d8fb8,coughvid_data/6478394b-6c6d-451a-8887-996a8e6d8fb8.wav,coughvid_data/6478394b-6c6d-451a-8887-996a8e6d8fb8.wav,1.0
433ecbf4-f30c-4252-bb8c-072bb13f07ab,coughvid_data/433ecbf4-f30c-4252-bb8c-072bb13f07ab.wav,coughvid_data/433ecbf4-f30c-4252-bb8c-072bb13f07ab.wav,1.0
5fd93d38-c7aa-49db-bedb-f6913fcbb829,coughvid_data/5fd93d38-c7aa-49db-bedb-f6913fcbb829.wav,coughvid_data/5fd93d38-c7aa-49db-bedb-f6913fcbb829.wav,0.0
3dd54737-5d02-44f4-a984-dadb295f6744,coughvid_data/3dd54737-5d02-44f4-a984-dadb295f6744.wav,coughvid_data/3dd54737-5d02-44f4-a984-dadb295f6744.wav,0.0
166bff8f-e87c-4222-9809-c82f38a66543,coughvid_data/166bff8f-e87c-4222-9809-c82f38a66543.wav,coughvid_data/166bff8f-e87c-4222-9809-c82f38a66543.wav,0.0
ed69315d-6e64-45ed-8a5d-d97b44470e1f,coughvid_data/ed69315d-6e64-45ed-8a5d-d97b44470e1f.wav,coughvid_data/ed69315d-6e64-45ed-8a5d-d97b44470e1f.wav,1.0
9254bd84-4c4e-40cf-94d0-47a0bdf550ce,coughvid_data/9254bd84-4c4e-40cf-94d0-47a0bdf550ce.wav,coughvid_data/9254bd84-4c4e-40cf-94d0-47a0bdf550ce.wav,1.0
7d2e2a21-5785-4e29-805d-4000c5b0ee82,coughvid_data/7d2e2a21-5785-4e29-805d-4000c5b0ee82.wav,coughvid_data/7d2e2a21-5785-4e29-805d-4000c5b0ee82.wav,1.0
3678d5bf-7e10-48d4-ac99-5246ab3f3a97,coughvid_data/3678d5bf-7e10-48d4-ac99-5246ab3f3a97.wav,coughvid_data/3678d5bf-7e10-48d4-ac99-5246ab3f3a97.wav,0.0
893d0052-f2ef-4210-95a3-14f30ddcbd5e,coughvid_data/893d0052-f2ef-4210-95a3-14f30ddcbd5e.wav,coughvid_data/893d0052-f2ef-4210-95a3-14f30ddcbd5e.wav,0.0
bc4b3a35-f576-495e-9fca-942aa831beae,coughvid_data/bc4b3a35-f576-495e-9fca-942aa831beae.wav,coughvid_data/bc4b3a35-f576-495e-9fca-942aa831beae.wav,0.0
814944e8-3deb-4d6a-a56d-6e9400d6cd98,coughvid_data/814944e8-3deb-4d6a-a56d-6e9400d6cd98.wav,coughvid_data/814944e8-3deb-4d6a-a56d-6e9400d6cd98.wav,1.0
0c3f056d-dd20-4e29-849b-05e78bc6d42d,coughvid_data/0c3f056d-dd20-4e29-849b-05e78bc6d42d.wav,coughvid_data/0c3f056d-dd20-4e29-849b-05e78bc6d42d.wav,1.0
d27dadfe-0991-4afb-9039-3d7a266901b3,coughvid_data/d27dadfe-0991-4afb-9039-3d7a266901b3.wav,coughvid_data/d27dadfe-0991-4afb-9039-3d7a266901b3.wav,1.0
345c774d-5e56-4d55-8209-a2d54821ad39,coughvid_data/345c774d-5e56-4d55-8209-a2d54821ad39.wav,coughvid_data/345c774d-5e56-4d55-8209-a2d54821ad39.wav,1.0
7496b261-7505-4bb2-8120-7ae04c8f2235,coughvid_data/7496b261-7505-4bb2-8120-7ae04c8f2235.wav,coughvid_data/7496b261-7505-4bb2-8120-7ae04c8f2235.wav,1.0
a620732c-b2af-48ae-85d9-efe520cb159e,coughvid_data/a620732c-b2af-48ae-85d9-efe520cb159e.wav,coughvid_data/a620732c-b2af-48ae-85d9-efe520cb159e.wav,0.0
3be23405-2584-49fd-8f74-a22fbeeea044,coughvid_data/3be23405-2584-49fd-8f74-a22fbeeea044.wav,coughvid_data/3be23405-2584-49fd-8f74-a22fbeeea044.wav,0.0
4bac55d4-de55-4b39-b82f-e774d764cea7,coughvid_data/4bac55d4-de55-4b39-b82f-e774d764cea7.wav,coughvid_data/4bac55d4-de55-4b39-b82f-e774d764cea7.wav,0.0
03b7911f-7d3f-4ec7-b7ef-7549cf990e14,coughvid_data/03b7911f-7d3f-4ec7-b7ef-7549cf990e14.wav,coughvid_data/03b7911f-7d3f-4ec7-b7ef-7549cf990e14.wav,0.0
18df8766-52b6-40e3-b1a0-1411a452057f,coughvid_data/18df8766-52b6-40e3-b1a0-1411a452057f.wav,coughvid_data/18df8766-52b6-40e3-b1a0-1411a452057f.wav,1.0
9c1d4519-c8dd-486d-ace7-2eec70f75406,coughvid_data/9c1d4519-c8dd-486d-ace7-2eec70f75406.wav,coughvid_data/9c1d4519-c8dd-486d-ace7-2eec70f75406.wav,0.0
a0e66b5a-ac4f-42e7-8f3d-d63616740d38,coughvid_data/a0e66b5a-ac4f-42e7-8f3d-d63616740d38.wav,coughvid_data/a0e66b5a-ac4f-42e7-8f3d-d63616740d38.wav,0.0
6f15a26d-affc-4642-9f45-39af331691db,coughvid_data/6f15a26d-affc-4642-9f45-39af331691db.wav,coughvid_data/6f15a26d-affc-4642-9f45-39af331691db.wav,0.0
5da58204-45d4-4b21-8a4a-0242cd558fdf,coughvid_data/5da58204-45d4-4b21-8a4a-0242cd558fdf.wav,coughvid_data/5da58204-45d4-4b21-8a4a-0242cd558fdf.wav,1.0
2c54c5a9-b590-4b18-b5f1-a86d3a6cb789,coughvid_data/2c54c5a9-b590-4b18-b5f1-a86d3a6cb789.wav,coughvid_data/2c54c5a9-b590-4b18-b5f1-a86d3a6cb789.wav,0.0
44fa5c49-a51a-4e2e-a239-413a81573efc,coughvid_data/44fa5c49-a51a-4e2e-a239-413a81573efc.wav,coughvid_data/44fa5c49-a51a-4e2e-a239-413a81573efc.wav,0.0
0288d081-951c-45f1-9fa6-9ce81a222716,coughvid_data/0288d081-951c-45f1-9fa6-9ce81a222716.wav,coughvid_data/0288d081-951c-45f1-9fa6-9ce81a222716.wav,0.0
62e9d308-ba25-45fe-8b5d-01cec32c3fd5,coughvid_data/62e9d308-ba25-45fe-8b5d-01cec32c3fd5.wav,coughvid_data/62e9d308-ba25-45fe-8b5d-01cec32c3fd5.wav,1.0
7ece7e93-9098-45f8-bad8-44b91ae96ac6,coughvid_data/7ece7e93-9098-45f8-bad8-44b91ae96ac6.wav,coughvid_data/7ece7e93-9098-45f8-bad8-44b91ae96ac6.wav,1.0
3431e2b0-e77d-482b-ac23-197a803ad69d,coughvid_data/3431e2b0-e77d-482b-ac23-197a803ad69d.wav,coughvid_data/3431e2b0-e77d-482b-ac23-197a803ad69d.wav,0.0
46d8c156-9f6b-45bf-b2af-ea8ecb192f88,coughvid_data/46d8c156-9f6b-45bf-b2af-ea8ecb192f88.wav,coughvid_data/46d8c156-9f6b-45bf-b2af-ea8ecb192f88.wav,1.0
736f5911-0cf7-44dc-9ac9-88c5ef1edcc0,coughvid_data/736f5911-0cf7-44dc-9ac9-88c5ef1edcc0.wav,coughvid_data/736f5911-0cf7-44dc-9ac9-88c5ef1edcc0.wav,1.0
766d4ba6-5864-4386-ac70-34362252a09c,coughvid_data/766d4ba6-5864-4386-ac70-34362252a09c.wav,coughvid_data/766d4ba6-5864-4386-ac70-34362252a09c.wav,1.0
f0d937be-e63f-4c3a-b705-99a912dbab07,coughvid_data/f0d937be-e63f-4c3a-b705-99a912dbab07.wav,coughvid_data/f0d937be-e63f-4c3a-b705-99a912dbab07.wav,1.0
697d000f-b7ab-4bb8-bee7-2c9983976300,coughvid_data/697d000f-b7ab-4bb8-bee7-2c9983976300.wav,coughvid_data/697d000f-b7ab-4bb8-bee7-2c9983976300.wav,1.0
ed342b19-b5f3-4b04-8a0f-0c85feb53843,coughvid_data/ed342b19-b5f3-4b04-8a0f-0c85feb53843.wav,coughvid_data/ed342b19-b5f3-4b04-8a0f-0c85feb53843.wav,0.0
7ba06981-a635-46f9-adc1-9e9725136c30,coughvid_data/7ba06981-a635-46f9-adc1-9e9725136c30.wav,coughvid_data/7ba06981-a635-46f9-adc1-9e9725136c30.wav,0.0
6b4345f6-2865-4d4d-bba4-ea5a5fe9f72c,coughvid_data/6b4345f6-2865-4d4d-bba4-ea5a5fe9f72c.wav,coughvid_data/6b4345f6-2865-4d4d-bba4-ea5a5fe9f72c.wav,0.0
a72f97bf-484c-4680-951f-da12797bc712,coughvid_data/a72f97bf-484c-4680-951f-da12797bc712.wav,coughvid_data/a72f97bf-484c-4680-951f-da12797bc712.wav,0.0
14b74cd8-f433-4d8c-88ee-c77717c52a1b,coughvid_data/14b74cd8-f433-4d8c-88ee-c77717c52a1b.wav,coughvid_data/14b74cd8-f433-4d8c-88ee-c77717c52a1b.wav,1.0
f03f8029-13b4-4ba1-9858-b807a2812781,coughvid_data/f03f8029-13b4-4ba1-9858-b807a2812781.wav,coughvid_data/f03f8029-13b4-4ba1-9858-b807a2812781.wav,1.0
5e668555-d522-44ca-a261-26eee6ca3677,coughvid_data/5e668555-d522-44ca-a261-26eee6ca3677.wav,coughvid_data/5e668555-d522-44ca-a261-26eee6ca3677.wav,1.0
25b4f2e9-c4b4-442f-a731-941bee5e2c11,coughvid_data/25b4f2e9-c4b4-442f-a731-941bee5e2c11.wav,coughvid_data/25b4f2e9-c4b4-442f-a731-941bee5e2c11.wav,1.0
596b84b5-ecd5-4038-9cc6-28d189425988,coughvid_data/596b84b5-ecd5-4038-9cc6-28d189425988.wav,coughvid_data/596b84b5-ecd5-4038-9cc6-28d189425988.wav,1.0
67f91a34-ab5e-4c99-9ac9-09650ddb1ba4,coughvid_data/67f91a34-ab5e-4c99-9ac9-09650ddb1ba4.wav,coughvid_data/67f91a34-ab5e-4c99-9ac9-09650ddb1ba4.wav,1.0
8e75f1b5-f57a-4721-9fda-277646a5b8c8,coughvid_data/8e75f1b5-f57a-4721-9fda-277646a5b8c8.wav,coughvid_data/8e75f1b5-f57a-4721-9fda-277646a5b8c8.wav,1.0
ff0c946c-c655-498b-8a6e-1173ec83a32b,coughvid_data/ff0c946c-c655-498b-8a6e-1173ec83a32b.wav,coughvid_data/ff0c946c-c655-498b-8a6e-1173ec83a32b.wav,1.0
8d553d2b-0679-4122-9502-ac2f14c83513,coughvid_data/8d553d2b-0679-4122-9502-ac2f14c83513.wav,coughvid_data/8d553d2b-0679-4122-9502-ac2f14c83513.wav,1.0
5e3b962f-5ce4-4113-88ee-f7adfa3e1f71,coughvid_data/5e3b962f-5ce4-4113-88ee-f7adfa3e1f71.wav,coughvid_data/5e3b962f-5ce4-4113-88ee-f7adfa3e1f71.wav,0.0
f058ed99-d413-4e82-a77a-4e3ab5ed85fd,coughvid_data/f058ed99-d413-4e82-a77a-4e3ab5ed85fd.wav,coughvid_data/f058ed99-d413-4e82-a77a-4e3ab5ed85fd.wav,1.0
d6dfd034-ba40-4350-8a2b-1e533d27b96b,coughvid_data/d6dfd034-ba40-4350-8a2b-1e533d27b96b.wav,coughvid_data/d6dfd034-ba40-4350-8a2b-1e533d27b96b.wav,1.0
5a1a6550-fd43-4174-ab10-0d7103147ec6,coughvid_data/5a1a6550-fd43-4174-ab10-0d7103147ec6.wav,coughvid_data/5a1a6550-fd43-4174-ab10-0d7103147ec6.wav,1.0
e7b94eb1-f37d-4bfe-bc67-e8e13a8870f6,coughvid_data/e7b94eb1-f37d-4bfe-bc67-e8e13a8870f6.wav,coughvid_data/e7b94eb1-f37d-4bfe-bc67-e8e13a8870f6.wav,1.0
3096c92f-b1d5-4106-aa72-46231ef9d9cf,coughvid_data/3096c92f-b1d5-4106-aa72-46231ef9d9cf.wav,coughvid_data/3096c92f-b1d5-4106-aa72-46231ef9d9cf.wav,1.0
484d1602-c67e-4a80-864d-b8ba60c284c7,coughvid_data/484d1602-c67e-4a80-864d-b8ba60c284c7.wav,coughvid_data/484d1602-c67e-4a80-864d-b8ba60c284c7.wav,0.0
447acfd1-7a6c-45b7-853d-daad6a8fabbc,coughvid_data/447acfd1-7a6c-45b7-853d-daad6a8fabbc.wav,coughvid_data/447acfd1-7a6c-45b7-853d-daad6a8fabbc.wav,1.0
3722d824-c4bc-489d-8a8f-6bb171129e19,coughvid_data/3722d824-c4bc-489d-8a8f-6bb171129e19.wav,coughvid_data/3722d824-c4bc-489d-8a8f-6bb171129e19.wav,1.0
ffa0c923-37dd-4ed5-a128-9c2c328437d8,coughvid_data/ffa0c923-37dd-4ed5-a128-9c2c328437d8.wav,coughvid_data/ffa0c923-37dd-4ed5-a128-9c2c328437d8.wav,1.0
ee81db75-dd90-45fc-a2a4-3dfb689f2fbd,coughvid_data/ee81db75-dd90-45fc-a2a4-3dfb689f2fbd.wav,coughvid_data/ee81db75-dd90-45fc-a2a4-3dfb689f2fbd.wav,1.0
26118e3a-39ec-42e8-8304-e52865655f37,coughvid_data/26118e3a-39ec-42e8-8304-e52865655f37.wav,coughvid_data/26118e3a-39ec-42e8-8304-e52865655f37.wav,1.0
28b68991-11d8-48dd-b0ce-ab7bb44f0383,coughvid_data/28b68991-11d8-48dd-b0ce-ab7bb44f0383.wav,coughvid_data/28b68991-11d8-48dd-b0ce-ab7bb44f0383.wav,0.0
8b3402f3-b003-49c8-a5d9-b1713e8c1b8b,coughvid_data/8b3402f3-b003-49c8-a5d9-b1713e8c1b8b.wav,coughvid_data/8b3402f3-b003-49c8-a5d9-b1713e8c1b8b.wav,1.0
c6df75bd-f375-4c34-a534-12ab9064bb9c,coughvid_data/c6df75bd-f375-4c34-a534-12ab9064bb9c.wav,coughvid_data/c6df75bd-f375-4c34-a534-12ab9064bb9c.wav,1.0
d4fafa90-d3e2-4b68-be92-a11c4b5f3809,coughvid_data/d4fafa90-d3e2-4b68-be92-a11c4b5f3809.wav,coughvid_data/d4fafa90-d3e2-4b68-be92-a11c4b5f3809.wav,1.0
f9057730-3290-44e4-9219-9c855ecc472c,coughvid_data/f9057730-3290-44e4-9219-9c855ecc472c.wav,coughvid_data/f9057730-3290-44e4-9219-9c855ecc472c.wav,1.0
78d48559-41a1-45be-8356-e7c8a4e769c7,coughvid_data/78d48559-41a1-45be-8356-e7c8a4e769c7.wav,coughvid_data/78d48559-41a1-45be-8356-e7c8a4e769c7.wav,0.0
2596fada-4a4c-43d7-b3e2-8f62171d46cd,coughvid_data/2596fada-4a4c-43d7-b3e2-8f62171d46cd.wav,coughvid_data/2596fada-4a4c-43d7-b3e2-8f62171d46cd.wav,0.0
b551c936-7f27-40a4-bf3b-2d8c4edfbae8,coughvid_data/b551c936-7f27-40a4-bf3b-2d8c4edfbae8.wav,coughvid_data/b551c936-7f27-40a4-bf3b-2d8c4edfbae8.wav,1.0
87a7ab03-6b42-4ace-ac2a-67caf7ef3aff,coughvid_data/87a7ab03-6b42-4ace-ac2a-67caf7ef3aff.wav,coughvid_data/87a7ab03-6b42-4ace-ac2a-67caf7ef3aff.wav,1.0
18b502f6-cd14-41ce-b14c-64d7cd66fc4e,coughvid_data/18b502f6-cd14-41ce-b14c-64d7cd66fc4e.wav,coughvid_data/18b502f6-cd14-41ce-b14c-64d7cd66fc4e.wav,0.0
8e6888bb-9c73-4d5f-b42a-66abe5382954,coughvid_data/8e6888bb-9c73-4d5f-b42a-66abe5382954.wav,coughvid_data/8e6888bb-9c73-4d5f-b42a-66abe5382954.wav,0.0
57f95125-ae38-400a-a5b6-37949f122085,coughvid_data/57f95125-ae38-400a-a5b6-37949f122085.wav,coughvid_data/57f95125-ae38-400a-a5b6-37949f122085.wav,1.0
eaaa21f7-0d1d-420d-b806-5555d4896ca2,coughvid_data/eaaa21f7-0d1d-420d-b806-5555d4896ca2.wav,coughvid_data/eaaa21f7-0d1d-420d-b806-5555d4896ca2.wav,0.0
b35fbddf-cff7-498f-97d1-30b73d7c724b,coughvid_data/b35fbddf-cff7-498f-97d1-30b73d7c724b.wav,coughvid_data/b35fbddf-cff7-498f-97d1-30b73d7c724b.wav,0.0
009304e3-ce74-4ee5-8278-729982451539,coughvid_data/009304e3-ce74-4ee5-8278-729982451539.wav,coughvid_data/009304e3-ce74-4ee5-8278-729982451539.wav,0.0
82870f9f-a5f4-41e8-aae4-e8dd262967e4,coughvid_data/82870f9f-a5f4-41e8-aae4-e8dd262967e4.wav,coughvid_data/82870f9f-a5f4-41e8-aae4-e8dd262967e4.wav,0.0
c92b4415-838c-4713-a713-6f04ddcac839,coughvid_data/c92b4415-838c-4713-a713-6f04ddcac839.wav,coughvid_data/c92b4415-838c-4713-a713-6f04ddcac839.wav,0.0
d6317e4f-69e0-4b7d-a16c-d59ff4dfd52c,coughvid_data/d6317e4f-69e0-4b7d-a16c-d59ff4dfd52c.wav,coughvid_data/d6317e4f-69e0-4b7d-a16c-d59ff4dfd52c.wav,1.0
475412b9-ac1f-40ab-a5b8-c32e7f94847a,coughvid_data/475412b9-ac1f-40ab-a5b8-c32e7f94847a.wav,coughvid_data/475412b9-ac1f-40ab-a5b8-c32e7f94847a.wav,1.0
a967c5fc-0997-4c99-b724-f229f98fa50d,coughvid_data/a967c5fc-0997-4c99-b724-f229f98fa50d.wav,coughvid_data/a967c5fc-0997-4c99-b724-f229f98fa50d.wav,1.0
78e927fd-986d-42a0-9361-95ac0b7e6d43,coughvid_data/78e927fd-986d-42a0-9361-95ac0b7e6d43.wav,coughvid_data/78e927fd-986d-42a0-9361-95ac0b7e6d43.wav,1.0
5cbcdf72-eab6-435e-84c4-181334230eb6,coughvid_data/5cbcdf72-eab6-435e-84c4-181334230eb6.wav,coughvid_data/5cbcdf72-eab6-435e-84c4-181334230eb6.wav,0.0
a1e0a47b-2aee-4b08-b9a4-7f4ae9737d03,coughvid_data/a1e0a47b-2aee-4b08-b9a4-7f4ae9737d03.wav,coughvid_data/a1e0a47b-2aee-4b08-b9a4-7f4ae9737d03.wav,1.0
ae05888f-fab3-4754-a98c-c3e76c82504d,coughvid_data/ae05888f-fab3-4754-a98c-c3e76c82504d.wav,coughvid_data/ae05888f-fab3-4754-a98c-c3e76c82504d.wav,1.0
7cf08d23-ed1e-41fa-86d4-3ec4e6b67660,coughvid_data/7cf08d23-ed1e-41fa-86d4-3ec4e6b67660.wav,coughvid_data/7cf08d23-ed1e-41fa-86d4-3ec4e6b67660.wav,1.0
d0d4bdf2-9a89-40d2-8eae-ede138767f9e,coughvid_data/d0d4bdf2-9a89-40d2-8eae-ede138767f9e.wav,coughvid_data/d0d4bdf2-9a89-40d2-8eae-ede138767f9e.wav,1.0
f01f2cd9-563e-4a3d-a736-a13faa8c570c,coughvid_data/f01f2cd9-563e-4a3d-a736-a13faa8c570c.wav,coughvid_data/f01f2cd9-563e-4a3d-a736-a13faa8c570c.wav,1.0
99bea7bd-3ed8-4b93-955e-82ff35f0d070,coughvid_data/99bea7bd-3ed8-4b93-955e-82ff35f0d070.wav,coughvid_data/99bea7bd-3ed8-4b93-955e-82ff35f0d070.wav,1.0
23f7c963-5cbd-4266-8b90-8fc0692fe035,coughvid_data/23f7c963-5cbd-4266-8b90-8fc0692fe035.wav,coughvid_data/23f7c963-5cbd-4266-8b90-8fc0692fe035.wav,1.0
eaae35ec-aa8c-4994-8dee-06a66de618e6,coughvid_data/eaae35ec-aa8c-4994-8dee-06a66de618e6.wav,coughvid_data/eaae35ec-aa8c-4994-8dee-06a66de618e6.wav,0.0
01a040f2-b10c-4be9-b226-6266d964d5dc,coughvid_data/01a040f2-b10c-4be9-b226-6266d964d5dc.wav,coughvid_data/01a040f2-b10c-4be9-b226-6266d964d5dc.wav,1.0
357780b4-c757-4747-888e-8bc5cf0de5be,coughvid_data/357780b4-c757-4747-888e-8bc5cf0de5be.wav,coughvid_data/357780b4-c757-4747-888e-8bc5cf0de5be.wav,0.0
a69d7fc8-6cac-417e-9008-89bef72f1fa7,coughvid_data/a69d7fc8-6cac-417e-9008-89bef72f1fa7.wav,coughvid_data/a69d7fc8-6cac-417e-9008-89bef72f1fa7.wav,1.0
7fc532a3-d07e-45e1-81e1-9e352ad951e8,coughvid_data/7fc532a3-d07e-45e1-81e1-9e352ad951e8.wav,coughvid_data/7fc532a3-d07e-45e1-81e1-9e352ad951e8.wav,1.0
b165261b-ed56-433c-8cf4-7b2c4aa763eb,coughvid_data/b165261b-ed56-433c-8cf4-7b2c4aa763eb.wav,coughvid_data/b165261b-ed56-433c-8cf4-7b2c4aa763eb.wav,1.0
b83535bf-a5c8-4f03-aa68-597967e05abc,coughvid_data/b83535bf-a5c8-4f03-aa68-597967e05abc.wav,coughvid_data/b83535bf-a5c8-4f03-aa68-597967e05abc.wav,0.0
047a865e-c8fa-4bc0-a71f-168618bbee65,coughvid_data/047a865e-c8fa-4bc0-a71f-168618bbee65.wav,coughvid_data/047a865e-c8fa-4bc0-a71f-168618bbee65.wav,0.0
5dcc1fbb-4a8f-44bf-bf18-99e8aa868bcf,coughvid_data/5dcc1fbb-4a8f-44bf-bf18-99e8aa868bcf.wav,coughvid_data/5dcc1fbb-4a8f-44bf-bf18-99e8aa868bcf.wav,0.0
c797f80f-6a2d-400b-b73a-1a413e7e52eb,coughvid_data/c797f80f-6a2d-400b-b73a-1a413e7e52eb.wav,coughvid_data/c797f80f-6a2d-400b-b73a-1a413e7e52eb.wav,1.0
25a2b5bd-ed5d-4eab-ae09-ed670060ad9d,coughvid_data/25a2b5bd-ed5d-4eab-ae09-ed670060ad9d.wav,coughvid_data/25a2b5bd-ed5d-4eab-ae09-ed670060ad9d.wav,1.0
5b306faa-b133-4029-a3b7-26a121ae6a0c,coughvid_data/5b306faa-b133-4029-a3b7-26a121ae6a0c.wav,coughvid_data/5b306faa-b133-4029-a3b7-26a121ae6a0c.wav,1.0
ad63d24d-de1e-432e-a76c-758a98413c96,coughvid_data/ad63d24d-de1e-432e-a76c-758a98413c96.wav,coughvid_data/ad63d24d-de1e-432e-a76c-758a98413c96.wav,1.0
7d6cb06d-668a-4b60-8b1d-bb5ea8f36bf5,coughvid_data/7d6cb06d-668a-4b60-8b1d-bb5ea8f36bf5.wav,coughvid_data/7d6cb06d-668a-4b60-8b1d-bb5ea8f36bf5.wav,1.0
0f746594-9aa2-4681-addd-bea6230b9027,coughvid_data/0f746594-9aa2-4681-addd-bea6230b9027.wav,coughvid_data/0f746594-9aa2-4681-addd-bea6230b9027.wav,1.0
ee25eaac-47a2-4238-8a21-aac87b8804bc,coughvid_data/ee25eaac-47a2-4238-8a21-aac87b8804bc.wav,coughvid_data/ee25eaac-47a2-4238-8a21-aac87b8804bc.wav,0.0
bfb8bc9c-485b-4979-bf5c-bd818039d118,coughvid_data/bfb8bc9c-485b-4979-bf5c-bd818039d118.wav,coughvid_data/bfb8bc9c-485b-4979-bf5c-bd818039d118.wav,0.0
02575c65-f62f-42b1-a985-05febc8ae228,coughvid_data/02575c65-f62f-42b1-a985-05febc8ae228.wav,coughvid_data/02575c65-f62f-42b1-a985-05febc8ae228.wav,1.0
ae60478b-c889-4dbc-b71f-d026424038b3,coughvid_data/ae60478b-c889-4dbc-b71f-d026424038b3.wav,coughvid_data/ae60478b-c889-4dbc-b71f-d026424038b3.wav,0.0
cb60f30d-8180-4858-be96-d70271fc39d3,coughvid_data/cb60f30d-8180-4858-be96-d70271fc39d3.wav,coughvid_data/cb60f30d-8180-4858-be96-d70271fc39d3.wav,0.0
d9b4a30f-682d-4889-b65f-b359f4ebc74d,coughvid_data/d9b4a30f-682d-4889-b65f-b359f4ebc74d.wav,coughvid_data/d9b4a30f-682d-4889-b65f-b359f4ebc74d.wav,1.0
d27bf6d3-f741-417a-89e9-4133fa1fabac,coughvid_data/d27bf6d3-f741-417a-89e9-4133fa1fabac.wav,coughvid_data/d27bf6d3-f741-417a-89e9-4133fa1fabac.wav,1.0
e7c55809-d7d5-4b9f-9e6e-4ea6c9a8404a,coughvid_data/e7c55809-d7d5-4b9f-9e6e-4ea6c9a8404a.wav,coughvid_data/e7c55809-d7d5-4b9f-9e6e-4ea6c9a8404a.wav,1.0
545c655f-89ef-41c5-919a-11b2a09b0e49,coughvid_data/545c655f-89ef-41c5-919a-11b2a09b0e49.wav,coughvid_data/545c655f-89ef-41c5-919a-11b2a09b0e49.wav,1.0
69b48f61-6962-471b-a9c9-b20a508c4880,coughvid_data/69b48f61-6962-471b-a9c9-b20a508c4880.wav,coughvid_data/69b48f61-6962-471b-a9c9-b20a508c4880.wav,1.0
0a5909e2-c7cf-403a-a874-038e6ac9be03,coughvid_data/0a5909e2-c7cf-403a-a874-038e6ac9be03.wav,coughvid_data/0a5909e2-c7cf-403a-a874-038e6ac9be03.wav,0.0
2d6cdbd3-16e1-4fb1-9045-7a2628416420,coughvid_data/2d6cdbd3-16e1-4fb1-9045-7a2628416420.wav,coughvid_data/2d6cdbd3-16e1-4fb1-9045-7a2628416420.wav,1.0
e01c4f08-23aa-46c6-9bba-cef3486006b2,coughvid_data/e01c4f08-23aa-46c6-9bba-cef3486006b2.wav,coughvid_data/e01c4f08-23aa-46c6-9bba-cef3486006b2.wav,0.0
be4256f4-c5de-4dbe-b382-40e1f70b58b9,coughvid_data/be4256f4-c5de-4dbe-b382-40e1f70b58b9.wav,coughvid_data/be4256f4-c5de-4dbe-b382-40e1f70b58b9.wav,1.0
23869b5e-cbdb-4607-a104-f6943355a25b,coughvid_data/23869b5e-cbdb-4607-a104-f6943355a25b.wav,coughvid_data/23869b5e-cbdb-4607-a104-f6943355a25b.wav,0.0
b10c9f66-ada4-455b-9f83-d6b4dc1d5aea,coughvid_data/b10c9f66-ada4-455b-9f83-d6b4dc1d5aea.wav,coughvid_data/b10c9f66-ada4-455b-9f83-d6b4dc1d5aea.wav,1.0
c168b0ce-ce49-40c4-bc9f-d99bfe7e5e2a,coughvid_data/c168b0ce-ce49-40c4-bc9f-d99bfe7e5e2a.wav,coughvid_data/c168b0ce-ce49-40c4-bc9f-d99bfe7e5e2a.wav,1.0
ddcd43e9-1e72-44a9-8461-9e5ec1e30f91,coughvid_data/ddcd43e9-1e72-44a9-8461-9e5ec1e30f91.wav,coughvid_data/ddcd43e9-1e72-44a9-8461-9e5ec1e30f91.wav,1.0
88ef457d-7086-4537-9a8a-415a42892ce0,coughvid_data/88ef457d-7086-4537-9a8a-415a42892ce0.wav,coughvid_data/88ef457d-7086-4537-9a8a-415a42892ce0.wav,0.0
c4247805-ffac-4a80-ae37-87bf65a471b8,coughvid_data/c4247805-ffac-4a80-ae37-87bf65a471b8.wav,coughvid_data/c4247805-ffac-4a80-ae37-87bf65a471b8.wav,1.0
9c3aba09-7fcb-402c-a62d-bfd7493207fc,coughvid_data/9c3aba09-7fcb-402c-a62d-bfd7493207fc.wav,coughvid_data/9c3aba09-7fcb-402c-a62d-bfd7493207fc.wav,1.0
14e01a93-3e20-4f13-afab-09cd766cc59c,coughvid_data/14e01a93-3e20-4f13-afab-09cd766cc59c.wav,coughvid_data/14e01a93-3e20-4f13-afab-09cd766cc59c.wav,0.0
c14f5508-b4ec-4bfa-b595-a67ac96934b5,coughvid_data/c14f5508-b4ec-4bfa-b595-a67ac96934b5.wav,coughvid_data/c14f5508-b4ec-4bfa-b595-a67ac96934b5.wav,0.0
3063fcf8-b42f-4acd-856c-5092d032fecf,coughvid_data/3063fcf8-b42f-4acd-856c-5092d032fecf.wav,coughvid_data/3063fcf8-b42f-4acd-856c-5092d032fecf.wav,1.0
fe02400d-61cc-4b46-a4df-11f93caaf9e4,coughvid_data/fe02400d-61cc-4b46-a4df-11f93caaf9e4.wav,coughvid_data/fe02400d-61cc-4b46-a4df-11f93caaf9e4.wav,1.0
4a988687-7cc3-4933-b0ea-a55d2d881f58,coughvid_data/4a988687-7cc3-4933-b0ea-a55d2d881f58.wav,coughvid_data/4a988687-7cc3-4933-b0ea-a55d2d881f58.wav,0.0
116d1994-0b9f-4d19-b85a-776e105df504,coughvid_data/116d1994-0b9f-4d19-b85a-776e105df504.wav,coughvid_data/116d1994-0b9f-4d19-b85a-776e105df504.wav,0.0
9c7ef311-2180-42c3-b270-bf173066d315,coughvid_data/9c7ef311-2180-42c3-b270-bf173066d315.wav,coughvid_data/9c7ef311-2180-42c3-b270-bf173066d315.wav,1.0
9a8f04d8-47cc-441a-bf55-767a0a8e7bab,coughvid_data/9a8f04d8-47cc-441a-bf55-767a0a8e7bab.wav,coughvid_data/9a8f04d8-47cc-441a-bf55-767a0a8e7bab.wav,1.0
fd1efc4d-3425-4df1-8467-bd728df07dd3,coughvid_data/fd1efc4d-3425-4df1-8467-bd728df07dd3.wav,coughvid_data/fd1efc4d-3425-4df1-8467-bd728df07dd3.wav,1.0
97b409cb-0dd3-4b43-8248-ea56ec0cef30,coughvid_data/97b409cb-0dd3-4b43-8248-ea56ec0cef30.wav,coughvid_data/97b409cb-0dd3-4b43-8248-ea56ec0cef30.wav,1.0
7fa14bd0-6415-4dd0-af1b-4eea19be7fdc,coughvid_data/7fa14bd0-6415-4dd0-af1b-4eea19be7fdc.wav,coughvid_data/7fa14bd0-6415-4dd0-af1b-4eea19be7fdc.wav,0.0
926b7df7-2e5f-4617-9d9b-2e2ce6a53e79,coughvid_data/926b7df7-2e5f-4617-9d9b-2e2ce6a53e79.wav,coughvid_data/926b7df7-2e5f-4617-9d9b-2e2ce6a53e79.wav,1.0
6aae23c2-2650-4ec3-b985-38e3cfd43c1b,coughvid_data/6aae23c2-2650-4ec3-b985-38e3cfd43c1b.wav,coughvid_data/6aae23c2-2650-4ec3-b985-38e3cfd43c1b.wav,1.0
acc31838-4b49-4754-8dea-53d160134538,coughvid_data/acc31838-4b49-4754-8dea-53d160134538.wav,coughvid_data/acc31838-4b49-4754-8dea-53d160134538.wav,1.0
b1721d71-0900-4322-bb3b-82bb971b5d4e,coughvid_data/b1721d71-0900-4322-bb3b-82bb971b5d4e.wav,coughvid_data/b1721d71-0900-4322-bb3b-82bb971b5d4e.wav,0.0
f62fc961-262b-426d-bcf9-898264a87dad,coughvid_data/f62fc961-262b-426d-bcf9-898264a87dad.wav,coughvid_data/f62fc961-262b-426d-bcf9-898264a87dad.wav,0.0
2370156d-cbfe-4cf2-a780-a97199bfb5cb,coughvid_data/2370156d-cbfe-4cf2-a780-a97199bfb5cb.wav,coughvid_data/2370156d-cbfe-4cf2-a780-a97199bfb5cb.wav,1.0
c079fde1-4ec8-4972-a50d-a7d497c3361b,coughvid_data/c079fde1-4ec8-4972-a50d-a7d497c3361b.wav,coughvid_data/c079fde1-4ec8-4972-a50d-a7d497c3361b.wav,0.0
26c44d16-5217-4bcc-a0f2-11a827257cca,coughvid_data/26c44d16-5217-4bcc-a0f2-11a827257cca.wav,coughvid_data/26c44d16-5217-4bcc-a0f2-11a827257cca.wav,0.0
0e6ecb01-fe98-4770-b0b8-9f99f31fd05d,coughvid_data/0e6ecb01-fe98-4770-b0b8-9f99f31fd05d.wav,coughvid_data/0e6ecb01-fe98-4770-b0b8-9f99f31fd05d.wav,0.0
d42ed1c4-408b-405c-8e75-a6defec533f1,coughvid_data/d42ed1c4-408b-405c-8e75-a6defec533f1.wav,coughvid_data/d42ed1c4-408b-405c-8e75-a6defec533f1.wav,0.0
c9d48011-73e7-49ac-87e7-23834bb78863,coughvid_data/c9d48011-73e7-49ac-87e7-23834bb78863.wav,coughvid_data/c9d48011-73e7-49ac-87e7-23834bb78863.wav,0.0
657ae474-47dc-4f22-add4-59f2c5d9ed61,coughvid_data/657ae474-47dc-4f22-add4-59f2c5d9ed61.wav,coughvid_data/657ae474-47dc-4f22-add4-59f2c5d9ed61.wav,1.0
1a1521a9-e1c2-45c1-b991-7eef3758f0c7,coughvid_data/1a1521a9-e1c2-45c1-b991-7eef3758f0c7.wav,coughvid_data/1a1521a9-e1c2-45c1-b991-7eef3758f0c7.wav,1.0
7a7c2f1a-2924-47e1-bc90-ac8c4029c6e1,coughvid_data/7a7c2f1a-2924-47e1-bc90-ac8c4029c6e1.wav,coughvid_data/7a7c2f1a-2924-47e1-bc90-ac8c4029c6e1.wav,1.0
4b65541f-1159-47a7-8de8-6956716edd8b,coughvid_data/4b65541f-1159-47a7-8de8-6956716edd8b.wav,coughvid_data/4b65541f-1159-47a7-8de8-6956716edd8b.wav,1.0
abe46f50-dd3a-4685-8a83-7d9793e49c07,coughvid_data/abe46f50-dd3a-4685-8a83-7d9793e49c07.wav,coughvid_data/abe46f50-dd3a-4685-8a83-7d9793e49c07.wav,1.0
1c38fb27-96f0-4fe0-ba6a-3025d7c361c2,coughvid_data/1c38fb27-96f0-4fe0-ba6a-3025d7c361c2.wav,coughvid_data/1c38fb27-96f0-4fe0-ba6a-3025d7c361c2.wav,1.0
83dbfe53-4748-4196-8787-99edc0e73ebe,coughvid_data/83dbfe53-4748-4196-8787-99edc0e73ebe.wav,coughvid_data/83dbfe53-4748-4196-8787-99edc0e73ebe.wav,1.0
224b2340-4492-46f2-95f4-9e77287e0df7,coughvid_data/224b2340-4492-46f2-95f4-9e77287e0df7.wav,coughvid_data/224b2340-4492-46f2-95f4-9e77287e0df7.wav,0.0
05458ac9-b4d3-4558-b6b2-b2bf7036f16c,coughvid_data/05458ac9-b4d3-4558-b6b2-b2bf7036f16c.wav,coughvid_data/05458ac9-b4d3-4558-b6b2-b2bf7036f16c.wav,1.0
7084dc7a-d3e7-4e66-b94a-aa7bc42c3233,coughvid_data/7084dc7a-d3e7-4e66-b94a-aa7bc42c3233.wav,coughvid_data/7084dc7a-d3e7-4e66-b94a-aa7bc42c3233.wav,1.0
94d4711d-3ac6-43c0-836f-9315f22b556f,coughvid_data/94d4711d-3ac6-43c0-836f-9315f22b556f.wav,coughvid_data/94d4711d-3ac6-43c0-836f-9315f22b556f.wav,1.0
fc53ad09-3834-44da-be50-a9da6fa34fd3,coughvid_data/fc53ad09-3834-44da-be50-a9da6fa34fd3.wav,coughvid_data/fc53ad09-3834-44da-be50-a9da6fa34fd3.wav,1.0
bbe090fd-1c13-4ca9-951d-1b510362dd0c,coughvid_data/bbe090fd-1c13-4ca9-951d-1b510362dd0c.wav,coughvid_data/bbe090fd-1c13-4ca9-951d-1b510362dd0c.wav,0.0
4c37d1c5-558a-4e76-958f-f0a14669b061,coughvid_data/4c37d1c5-558a-4e76-958f-f0a14669b061.wav,coughvid_data/4c37d1c5-558a-4e76-958f-f0a14669b061.wav,1.0
fc8ada0c-bc61-4479-aa56-f74fff5e8eab,coughvid_data/fc8ada0c-bc61-4479-aa56-f74fff5e8eab.wav,coughvid_data/fc8ada0c-bc61-4479-aa56-f74fff5e8eab.wav,0.0
438dde9a-23fb-4b24-993e-04d68f367a7c,coughvid_data/438dde9a-23fb-4b24-993e-04d68f367a7c.wav,coughvid_data/438dde9a-23fb-4b24-993e-04d68f367a7c.wav,1.0
5bc2b579-4b76-4c5c-bc59-45dcc3525437,coughvid_data/5bc2b579-4b76-4c5c-bc59-45dcc3525437.wav,coughvid_data/5bc2b579-4b76-4c5c-bc59-45dcc3525437.wav,0.0
99184c85-8e25-4371-bfda-e39092650797,coughvid_data/99184c85-8e25-4371-bfda-e39092650797.wav,coughvid_data/99184c85-8e25-4371-bfda-e39092650797.wav,0.0
b74176fe-cc78-4daa-8541-10ba8968439d,coughvid_data/b74176fe-cc78-4daa-8541-10ba8968439d.wav,coughvid_data/b74176fe-cc78-4daa-8541-10ba8968439d.wav,1.0
dad804d2-5fff-4365-aa42-5724e470b6ac,coughvid_data/dad804d2-5fff-4365-aa42-5724e470b6ac.wav,coughvid_data/dad804d2-5fff-4365-aa42-5724e470b6ac.wav,0.0
34882cc1-0e82-42cd-8e16-ccc9ebe64210,coughvid_data/34882cc1-0e82-42cd-8e16-ccc9ebe64210.wav,coughvid_data/34882cc1-0e82-42cd-8e16-ccc9ebe64210.wav,1.0
5b0ec48c-f457-418f-9657-0548c9a93536,coughvid_data/5b0ec48c-f457-418f-9657-0548c9a93536.wav,coughvid_data/5b0ec48c-f457-418f-9657-0548c9a93536.wav,1.0
0a375f1b-b3f3-4991-b9d4-9f6c22bf0bdd,coughvid_data/0a375f1b-b3f3-4991-b9d4-9f6c22bf0bdd.wav,coughvid_data/0a375f1b-b3f3-4991-b9d4-9f6c22bf0bdd.wav,0.0
617cb7d1-4a83-4ce1-a08d-d5388a3e284d,coughvid_data/617cb7d1-4a83-4ce1-a08d-d5388a3e284d.wav,coughvid_data/617cb7d1-4a83-4ce1-a08d-d5388a3e284d.wav,0.0
652fd2e5-f25b-47f2-87be-1b3d3a6bb0bb,coughvid_data/652fd2e5-f25b-47f2-87be-1b3d3a6bb0bb.wav,coughvid_data/652fd2e5-f25b-47f2-87be-1b3d3a6bb0bb.wav,1.0
f7052a6b-a0a8-4269-9b5b-eb3a4a3a6ca9,coughvid_data/f7052a6b-a0a8-4269-9b5b-eb3a4a3a6ca9.wav,coughvid_data/f7052a6b-a0a8-4269-9b5b-eb3a4a3a6ca9.wav,0.0
adc7fd3d-187e-4d20-8835-b424c787a198,coughvid_data/adc7fd3d-187e-4d20-8835-b424c787a198.wav,coughvid_data/adc7fd3d-187e-4d20-8835-b424c787a198.wav,1.0
420172c6-6572-48c0-bcb6-6f14a2e66bdd,coughvid_data/420172c6-6572-48c0-bcb6-6f14a2e66bdd.wav,coughvid_data/420172c6-6572-48c0-bcb6-6f14a2e66bdd.wav,1.0
551825d7-748a-4125-8e89-4e4ab6523962,coughvid_data/551825d7-748a-4125-8e89-4e4ab6523962.wav,coughvid_data/551825d7-748a-4125-8e89-4e4ab6523962.wav,1.0
3f1a088e-a015-4205-ae73-c411d3a1cf15,coughvid_data/3f1a088e-a015-4205-ae73-c411d3a1cf15.wav,coughvid_data/3f1a088e-a015-4205-ae73-c411d3a1cf15.wav,1.0
9db6876e-f5bf-4084-acbd-8882a2882e50,coughvid_data/9db6876e-f5bf-4084-acbd-8882a2882e50.wav,coughvid_data/9db6876e-f5bf-4084-acbd-8882a2882e50.wav,0.0
d772d693-1d82-41f9-9bb4-37b111767ddf,coughvid_data/d772d693-1d82-41f9-9bb4-37b111767ddf.wav,coughvid_data/d772d693-1d82-41f9-9bb4-37b111767ddf.wav,1.0
9c62a04a-4229-42b1-b5af-837b1f317e4e,coughvid_data/9c62a04a-4229-42b1-b5af-837b1f317e4e.wav,coughvid_data/9c62a04a-4229-42b1-b5af-837b1f317e4e.wav,1.0
432f54d8-937e-4113-9b42-bdc7b1a20e3e,coughvid_data/432f54d8-937e-4113-9b42-bdc7b1a20e3e.wav,coughvid_data/432f54d8-937e-4113-9b42-bdc7b1a20e3e.wav,0.0
c5714369-e71e-480a-b036-aa590f3c6064,coughvid_data/c5714369-e71e-480a-b036-aa590f3c6064.wav,coughvid_data/c5714369-e71e-480a-b036-aa590f3c6064.wav,0.0
f648c8d2-86db-4f23-a1b9-a0b437cef2e0,coughvid_data/f648c8d2-86db-4f23-a1b9-a0b437cef2e0.wav,coughvid_data/f648c8d2-86db-4f23-a1b9-a0b437cef2e0.wav,1.0
0e653b82-8714-4bd9-a21f-f07b231636be,coughvid_data/0e653b82-8714-4bd9-a21f-f07b231636be.wav,coughvid_data/0e653b82-8714-4bd9-a21f-f07b231636be.wav,0.0
b1eb43ed-f4e2-4ad6-ab34-b178642fdf90,coughvid_data/b1eb43ed-f4e2-4ad6-ab34-b178642fdf90.wav,coughvid_data/b1eb43ed-f4e2-4ad6-ab34-b178642fdf90.wav,1.0
52280b3f-acd3-43a6-a4b8-3a4cc5653c86,coughvid_data/52280b3f-acd3-43a6-a4b8-3a4cc5653c86.wav,coughvid_data/52280b3f-acd3-43a6-a4b8-3a4cc5653c86.wav,0.0
23d44776-f4f4-448d-8c1e-bc60363feab7,coughvid_data/23d44776-f4f4-448d-8c1e-bc60363feab7.wav,coughvid_data/23d44776-f4f4-448d-8c1e-bc60363feab7.wav,0.0
4e51182f-469b-482b-87cd-995709a57044,coughvid_data/4e51182f-469b-482b-87cd-995709a57044.wav,coughvid_data/4e51182f-469b-482b-87cd-995709a57044.wav,0.0
1e482601-9be3-47ff-a3b2-94b7c6875b3e,coughvid_data/1e482601-9be3-47ff-a3b2-94b7c6875b3e.wav,coughvid_data/1e482601-9be3-47ff-a3b2-94b7c6875b3e.wav,0.0
c29d86c8-abbd-44ef-82f6-22171d2a2f5a,coughvid_data/c29d86c8-abbd-44ef-82f6-22171d2a2f5a.wav,coughvid_data/c29d86c8-abbd-44ef-82f6-22171d2a2f5a.wav,1.0
4e332e64-8ef2-4336-b75f-f000b9873313,coughvid_data/4e332e64-8ef2-4336-b75f-f000b9873313.wav,coughvid_data/4e332e64-8ef2-4336-b75f-f000b9873313.wav,1.0
85cf4597-35bc-437c-8168-1d46ed9fcee3,coughvid_data/85cf4597-35bc-437c-8168-1d46ed9fcee3.wav,coughvid_data/85cf4597-35bc-437c-8168-1d46ed9fcee3.wav,0.0
c915b23d-83e9-4152-b5bd-e8864c75f655,coughvid_data/c915b23d-83e9-4152-b5bd-e8864c75f655.wav,coughvid_data/c915b23d-83e9-4152-b5bd-e8864c75f655.wav,0.0
2ffcea9d-0da9-44fc-8319-49c105faabdc,coughvid_data/2ffcea9d-0da9-44fc-8319-49c105faabdc.wav,coughvid_data/2ffcea9d-0da9-44fc-8319-49c105faabdc.wav,0.0
6d48ad01-bcfe-4a81-9086-e8354183ff1d,coughvid_data/6d48ad01-bcfe-4a81-9086-e8354183ff1d.wav,coughvid_data/6d48ad01-bcfe-4a81-9086-e8354183ff1d.wav,0.0
f46622c6-cb02-4271-816b-2d3b0fe0aab6,coughvid_data/f46622c6-cb02-4271-816b-2d3b0fe0aab6.wav,coughvid_data/f46622c6-cb02-4271-816b-2d3b0fe0aab6.wav,1.0
97483731-f897-4821-b033-db820a700777,coughvid_data/97483731-f897-4821-b033-db820a700777.wav,coughvid_data/97483731-f897-4821-b033-db820a700777.wav,0.0
3a7087b0-5bae-4de8-84bc-d7de139a72f0,coughvid_data/3a7087b0-5bae-4de8-84bc-d7de139a72f0.wav,coughvid_data/3a7087b0-5bae-4de8-84bc-d7de139a72f0.wav,0.0
5dc80019-6206-49cb-9c55-5761ba9a60bd,coughvid_data/5dc80019-6206-49cb-9c55-5761ba9a60bd.wav,coughvid_data/5dc80019-6206-49cb-9c55-5761ba9a60bd.wav,0.0
ea37f7be-27fc-4703-974f-5bb47ab036ba,coughvid_data/ea37f7be-27fc-4703-974f-5bb47ab036ba.wav,coughvid_data/ea37f7be-27fc-4703-974f-5bb47ab036ba.wav,1.0
53bc1b64-2ca0-4218-9bb3-cd1efacd55be,coughvid_data/53bc1b64-2ca0-4218-9bb3-cd1efacd55be.wav,coughvid_data/53bc1b64-2ca0-4218-9bb3-cd1efacd55be.wav,1.0
d6185db1-0868-40c5-ad2f-5bf40edfb3d1,coughvid_data/d6185db1-0868-40c5-ad2f-5bf40edfb3d1.wav,coughvid_data/d6185db1-0868-40c5-ad2f-5bf40edfb3d1.wav,1.0
26412427-b0a5-4676-a750-56e481a37bd7,coughvid_data/26412427-b0a5-4676-a750-56e481a37bd7.wav,coughvid_data/26412427-b0a5-4676-a750-56e481a37bd7.wav,1.0
43b42906-c379-47c3-9795-57218ce4a8b5,coughvid_data/43b42906-c379-47c3-9795-57218ce4a8b5.wav,coughvid_data/43b42906-c379-47c3-9795-57218ce4a8b5.wav,1.0
a8e4c4cd-1c51-41fe-9381-c456d6a4baff,coughvid_data/a8e4c4cd-1c51-41fe-9381-c456d6a4baff.wav,coughvid_data/a8e4c4cd-1c51-41fe-9381-c456d6a4baff.wav,1.0
8d9936de-b32a-4817-ac26-d14c088f956d,coughvid_data/8d9936de-b32a-4817-ac26-d14c088f956d.wav,coughvid_data/8d9936de-b32a-4817-ac26-d14c088f956d.wav,1.0
d755a00c-8822-49c9-ad7f-2e51654e051e,coughvid_data/d755a00c-8822-49c9-ad7f-2e51654e051e.wav,coughvid_data/d755a00c-8822-49c9-ad7f-2e51654e051e.wav,1.0
36654a2c-c2b6-4ed9-8730-26129c99fe2e,coughvid_data/36654a2c-c2b6-4ed9-8730-26129c99fe2e.wav,coughvid_data/36654a2c-c2b6-4ed9-8730-26129c99fe2e.wav,1.0
a788b44b-fd82-4a7d-be2e-e10e0ffc1123,coughvid_data/a788b44b-fd82-4a7d-be2e-e10e0ffc1123.wav,coughvid_data/a788b44b-fd82-4a7d-be2e-e10e0ffc1123.wav,1.0
efba3cfe-cbc0-4781-a219-a50dbcb7f705,coughvid_data/efba3cfe-cbc0-4781-a219-a50dbcb7f705.wav,coughvid_data/efba3cfe-cbc0-4781-a219-a50dbcb7f705.wav,1.0
688b1eaf-e62a-43eb-a8fc-e126665e13e8,coughvid_data/688b1eaf-e62a-43eb-a8fc-e126665e13e8.wav,coughvid_data/688b1eaf-e62a-43eb-a8fc-e126665e13e8.wav,1.0
dd38f6d2-7d29-4e09-a948-2ddf158b5d1b,coughvid_data/dd38f6d2-7d29-4e09-a948-2ddf158b5d1b.wav,coughvid_data/dd38f6d2-7d29-4e09-a948-2ddf158b5d1b.wav,1.0
65800df4-7da9-4338-b136-689591b57cfd,coughvid_data/65800df4-7da9-4338-b136-689591b57cfd.wav,coughvid_data/65800df4-7da9-4338-b136-689591b57cfd.wav,0.0
10580ab9-fe8b-4329-b338-18df3b389117,coughvid_data/10580ab9-fe8b-4329-b338-18df3b389117.wav,coughvid_data/10580ab9-fe8b-4329-b338-18df3b389117.wav,1.0
21b2bb88-3b7f-4120-9a2a-ccee47298761,coughvid_data/21b2bb88-3b7f-4120-9a2a-ccee47298761.wav,coughvid_data/21b2bb88-3b7f-4120-9a2a-ccee47298761.wav,1.0
1682eb02-6d85-4c98-ac6b-46e3b13d64f9,coughvid_data/1682eb02-6d85-4c98-ac6b-46e3b13d64f9.wav,coughvid_data/1682eb02-6d85-4c98-ac6b-46e3b13d64f9.wav,0.0
e0a6cd08-4fb2-4541-bd07-477bfefc76c2,coughvid_data/e0a6cd08-4fb2-4541-bd07-477bfefc76c2.wav,coughvid_data/e0a6cd08-4fb2-4541-bd07-477bfefc76c2.wav,1.0
1d85426b-1106-474f-9654-2bfb0d98ffac,coughvid_data/1d85426b-1106-474f-9654-2bfb0d98ffac.wav,coughvid_data/1d85426b-1106-474f-9654-2bfb0d98ffac.wav,0.0
e6812683-732d-46cb-86dc-6ef378c40383,coughvid_data/e6812683-732d-46cb-86dc-6ef378c40383.wav,coughvid_data/e6812683-732d-46cb-86dc-6ef378c40383.wav,0.0
a4122c06-8cee-47b7-b7f9-d2367f5eb9ac,coughvid_data/a4122c06-8cee-47b7-b7f9-d2367f5eb9ac.wav,coughvid_data/a4122c06-8cee-47b7-b7f9-d2367f5eb9ac.wav,1.0
17e0e49c-9113-4704-a4ee-50e4ef872a84,coughvid_data/17e0e49c-9113-4704-a4ee-50e4ef872a84.wav,coughvid_data/17e0e49c-9113-4704-a4ee-50e4ef872a84.wav,0.0
a67c35b9-7c25-4d42-8e4a-7a999334ff21,coughvid_data/a67c35b9-7c25-4d42-8e4a-7a999334ff21.wav,coughvid_data/a67c35b9-7c25-4d42-8e4a-7a999334ff21.wav,1.0
0e864468-c453-4957-b894-208ce6f43ef0,coughvid_data/0e864468-c453-4957-b894-208ce6f43ef0.wav,coughvid_data/0e864468-c453-4957-b894-208ce6f43ef0.wav,1.0
192e2cb9-a5b2-492f-8ef4-3d778d3f147f,coughvid_data/192e2cb9-a5b2-492f-8ef4-3d778d3f147f.wav,coughvid_data/192e2cb9-a5b2-492f-8ef4-3d778d3f147f.wav,1.0
18de0231-7be8-4071-ad6f-1941e675fc34,coughvid_data/18de0231-7be8-4071-ad6f-1941e675fc34.wav,coughvid_data/18de0231-7be8-4071-ad6f-1941e675fc34.wav,1.0
751c4649-2d74-46f1-a873-b0d40946e145,coughvid_data/751c4649-2d74-46f1-a873-b0d40946e145.wav,coughvid_data/751c4649-2d74-46f1-a873-b0d40946e145.wav,1.0
15300e59-539e-4c07-a0dd-e3aadb2bf9aa,coughvid_data/15300e59-539e-4c07-a0dd-e3aadb2bf9aa.wav,coughvid_data/15300e59-539e-4c07-a0dd-e3aadb2bf9aa.wav,0.0
49eebdf2-218f-4fc6-bb9a-b083ad774f3f,coughvid_data/49eebdf2-218f-4fc6-bb9a-b083ad774f3f.wav,coughvid_data/49eebdf2-218f-4fc6-bb9a-b083ad774f3f.wav,0.0
c4a975e3-0405-4393-bc9c-d18356b6732a,coughvid_data/c4a975e3-0405-4393-bc9c-d18356b6732a.wav,coughvid_data/c4a975e3-0405-4393-bc9c-d18356b6732a.wav,1.0
57726aeb-33fd-4cb4-87be-2cb100b7b0a5,coughvid_data/57726aeb-33fd-4cb4-87be-2cb100b7b0a5.wav,coughvid_data/57726aeb-33fd-4cb4-87be-2cb100b7b0a5.wav,1.0
7b4448d6-89b4-42d1-8996-b46b9925814e,coughvid_data/7b4448d6-89b4-42d1-8996-b46b9925814e.wav,coughvid_data/7b4448d6-89b4-42d1-8996-b46b9925814e.wav,0.0
ff3a45af-6cac-426e-aae9-be02793675e6,coughvid_data/ff3a45af-6cac-426e-aae9-be02793675e6.wav,coughvid_data/ff3a45af-6cac-426e-aae9-be02793675e6.wav,1.0
b7d11657-fad8-4ac4-b7c8-e826f40f9fff,coughvid_data/b7d11657-fad8-4ac4-b7c8-e826f40f9fff.wav,coughvid_data/b7d11657-fad8-4ac4-b7c8-e826f40f9fff.wav,0.0
2d8a51e8-4c1b-4ca6-9df7-a835f6098617,coughvid_data/2d8a51e8-4c1b-4ca6-9df7-a835f6098617.wav,coughvid_data/2d8a51e8-4c1b-4ca6-9df7-a835f6098617.wav,0.0
c6e8b0d3-76ea-4130-9522-5c241b91946f,coughvid_data/c6e8b0d3-76ea-4130-9522-5c241b91946f.wav,coughvid_data/c6e8b0d3-76ea-4130-9522-5c241b91946f.wav,1.0
fd32d6fd-8481-4e33-bd88-e02d10cd5e9d,coughvid_data/fd32d6fd-8481-4e33-bd88-e02d10cd5e9d.wav,coughvid_data/fd32d6fd-8481-4e33-bd88-e02d10cd5e9d.wav,1.0
f9a2d40a-65b2-4eae-9419-8b00274eec3f,coughvid_data/f9a2d40a-65b2-4eae-9419-8b00274eec3f.wav,coughvid_data/f9a2d40a-65b2-4eae-9419-8b00274eec3f.wav,0.0
30077c18-25c2-49b0-9a2e-8e1dc32b6ecb,coughvid_data/30077c18-25c2-49b0-9a2e-8e1dc32b6ecb.wav,coughvid_data/30077c18-25c2-49b0-9a2e-8e1dc32b6ecb.wav,0.0
8417d48a-6f52-4a6c-b0a1-bce10ced0aa0,coughvid_data/8417d48a-6f52-4a6c-b0a1-bce10ced0aa0.wav,coughvid_data/8417d48a-6f52-4a6c-b0a1-bce10ced0aa0.wav,1.0
6a9f4691-e05d-4c43-8a3f-9136a350fc1c,coughvid_data/6a9f4691-e05d-4c43-8a3f-9136a350fc1c.wav,coughvid_data/6a9f4691-e05d-4c43-8a3f-9136a350fc1c.wav,0.0
7a401b93-4135-4ba1-85d4-8a816d6daecf,coughvid_data/7a401b93-4135-4ba1-85d4-8a816d6daecf.wav,coughvid_data/7a401b93-4135-4ba1-85d4-8a816d6daecf.wav,1.0
d5c506d9-9b17-4886-b5b3-999f8ee8060a,coughvid_data/d5c506d9-9b17-4886-b5b3-999f8ee8060a.wav,coughvid_data/d5c506d9-9b17-4886-b5b3-999f8ee8060a.wav,1.0
1354d380-d890-4128-b918-3f846bf77efe,coughvid_data/1354d380-d890-4128-b918-3f846bf77efe.wav,coughvid_data/1354d380-d890-4128-b918-3f846bf77efe.wav,0.0
2c1f98d5-4278-4bd8-830a-47f554850401,coughvid_data/2c1f98d5-4278-4bd8-830a-47f554850401.wav,coughvid_data/2c1f98d5-4278-4bd8-830a-47f554850401.wav,1.0
8fc668cf-8a12-4b35-8fe5-aff0dea4491f,coughvid_data/8fc668cf-8a12-4b35-8fe5-aff0dea4491f.wav,coughvid_data/8fc668cf-8a12-4b35-8fe5-aff0dea4491f.wav,0.0
e9e60716-d0ae-4b25-933f-217272edb0df,coughvid_data/e9e60716-d0ae-4b25-933f-217272edb0df.wav,coughvid_data/e9e60716-d0ae-4b25-933f-217272edb0df.wav,0.0
bbe14cf2-baab-42ef-aca0-370beb71afb8,coughvid_data/bbe14cf2-baab-42ef-aca0-370beb71afb8.wav,coughvid_data/bbe14cf2-baab-42ef-aca0-370beb71afb8.wav,0.0
65ea277d-f806-4055-8c9d-6961113b2ea4,coughvid_data/65ea277d-f806-4055-8c9d-6961113b2ea4.wav,coughvid_data/65ea277d-f806-4055-8c9d-6961113b2ea4.wav,0.0
2b4364db-cff0-466f-a596-c02b245be1f2,coughvid_data/2b4364db-cff0-466f-a596-c02b245be1f2.wav,coughvid_data/2b4364db-cff0-466f-a596-c02b245be1f2.wav,0.0
09eb466f-7ce1-4a03-ad9a-ba9e336e4b97,coughvid_data/09eb466f-7ce1-4a03-ad9a-ba9e336e4b97.wav,coughvid_data/09eb466f-7ce1-4a03-ad9a-ba9e336e4b97.wav,0.0
a289c703-a737-4af5-860f-8e96be7056bb,coughvid_data/a289c703-a737-4af5-860f-8e96be7056bb.wav,coughvid_data/a289c703-a737-4af5-860f-8e96be7056bb.wav,0.0
41940381-28f4-4591-9fc3-523613637da6,coughvid_data/41940381-28f4-4591-9fc3-523613637da6.wav,coughvid_data/41940381-28f4-4591-9fc3-523613637da6.wav,0.0
afeecd9f-a0be-4f8e-8272-d375efd7de51,coughvid_data/afeecd9f-a0be-4f8e-8272-d375efd7de51.wav,coughvid_data/afeecd9f-a0be-4f8e-8272-d375efd7de51.wav,0.0
223c2208-915b-4789-8067-3983e8bbbd53,coughvid_data/223c2208-915b-4789-8067-3983e8bbbd53.wav,coughvid_data/223c2208-915b-4789-8067-3983e8bbbd53.wav,0.0
d39af61b-d324-4d36-9e7d-8ae13f61ecc6,coughvid_data/d39af61b-d324-4d36-9e7d-8ae13f61ecc6.wav,coughvid_data/d39af61b-d324-4d36-9e7d-8ae13f61ecc6.wav,0.0
6352a786-97a0-4d0a-9dcd-5c68c8effb9b,coughvid_data/6352a786-97a0-4d0a-9dcd-5c68c8effb9b.wav,coughvid_data/6352a786-97a0-4d0a-9dcd-5c68c8effb9b.wav,1.0
79c436f3-a5bb-40c0-b827-eb6a0d2467de,coughvid_data/79c436f3-a5bb-40c0-b827-eb6a0d2467de.wav,coughvid_data/79c436f3-a5bb-40c0-b827-eb6a0d2467de.wav,1.0
0527be95-d7f1-4156-8e37-1587355661ca,coughvid_data/0527be95-d7f1-4156-8e37-1587355661ca.wav,coughvid_data/0527be95-d7f1-4156-8e37-1587355661ca.wav,1.0
fb0ad725-7be2-45af-bf59-03770f4cd5f5,coughvid_data/fb0ad725-7be2-45af-bf59-03770f4cd5f5.wav,coughvid_data/fb0ad725-7be2-45af-bf59-03770f4cd5f5.wav,1.0
29b6feee-6562-48cc-844e-dbfa815a5723,coughvid_data/29b6feee-6562-48cc-844e-dbfa815a5723.wav,coughvid_data/29b6feee-6562-48cc-844e-dbfa815a5723.wav,1.0
028e8abb-c59a-43eb-ae2a-e68d31116a84,coughvid_data/028e8abb-c59a-43eb-ae2a-e68d31116a84.wav,coughvid_data/028e8abb-c59a-43eb-ae2a-e68d31116a84.wav,0.0
d100a001-eb0f-4359-90ee-75720b10f067,coughvid_data/d100a001-eb0f-4359-90ee-75720b10f067.wav,coughvid_data/d100a001-eb0f-4359-90ee-75720b10f067.wav,0.0
1d271a04-c680-4ff5-9b26-f8be6631d449,coughvid_data/1d271a04-c680-4ff5-9b26-f8be6631d449.wav,coughvid_data/1d271a04-c680-4ff5-9b26-f8be6631d449.wav,0.0
ca6907ce-b480-45fb-9f37-630a2508d569,coughvid_data/ca6907ce-b480-45fb-9f37-630a2508d569.wav,coughvid_data/ca6907ce-b480-45fb-9f37-630a2508d569.wav,1.0
0369c200-4fd5-472f-a04b-415ca091901f,coughvid_data/0369c200-4fd5-472f-a04b-415ca091901f.wav,coughvid_data/0369c200-4fd5-472f-a04b-415ca091901f.wav,1.0
ff745dd6-6cde-43f1-807e-23a983d8c18a,coughvid_data/ff745dd6-6cde-43f1-807e-23a983d8c18a.wav,coughvid_data/ff745dd6-6cde-43f1-807e-23a983d8c18a.wav,0.0
447ac0b1-0442-4a72-b847-8c124c0d05d3,coughvid_data/447ac0b1-0442-4a72-b847-8c124c0d05d3.wav,coughvid_data/447ac0b1-0442-4a72-b847-8c124c0d05d3.wav,1.0
7fc329ed-814a-44da-823c-ec2dc47a8228,coughvid_data/7fc329ed-814a-44da-823c-ec2dc47a8228.wav,coughvid_data/7fc329ed-814a-44da-823c-ec2dc47a8228.wav,1.0
6580d2a6-231b-42d3-900d-a0e6f3b5f793,coughvid_data/6580d2a6-231b-42d3-900d-a0e6f3b5f793.wav,coughvid_data/6580d2a6-231b-42d3-900d-a0e6f3b5f793.wav,1.0
0b99d461-9714-49ab-946a-9152f4303760,coughvid_data/0b99d461-9714-49ab-946a-9152f4303760.wav,coughvid_data/0b99d461-9714-49ab-946a-9152f4303760.wav,0.0
5de1d4e0-c0c6-4683-bd76-b894c26ed418,coughvid_data/5de1d4e0-c0c6-4683-bd76-b894c26ed418.wav,coughvid_data/5de1d4e0-c0c6-4683-bd76-b894c26ed418.wav,0.0
9f62b190-1529-4fe1-a8ea-989fd0e60f67,coughvid_data/9f62b190-1529-4fe1-a8ea-989fd0e60f67.wav,coughvid_data/9f62b190-1529-4fe1-a8ea-989fd0e60f67.wav,0.0
269039d8-86f6-41b1-bec0-fb78cb375a6f,coughvid_data/269039d8-86f6-41b1-bec0-fb78cb375a6f.wav,coughvid_data/269039d8-86f6-41b1-bec0-fb78cb375a6f.wav,0.0
78f09849-4d67-4a69-906b-c6dd5cb22892,coughvid_data/78f09849-4d67-4a69-906b-c6dd5cb22892.wav,coughvid_data/78f09849-4d67-4a69-906b-c6dd5cb22892.wav,1.0
f88fa269-bf02-45c2-87b5-5f3705f28daf,coughvid_data/f88fa269-bf02-45c2-87b5-5f3705f28daf.wav,coughvid_data/f88fa269-bf02-45c2-87b5-5f3705f28daf.wav,0.0
4c6e6049-21dd-49b8-bad4-0ef474f8c892,coughvid_data/4c6e6049-21dd-49b8-bad4-0ef474f8c892.wav,coughvid_data/4c6e6049-21dd-49b8-bad4-0ef474f8c892.wav,1.0
70738287-6720-4497-8811-1f2868319d28,coughvid_data/70738287-6720-4497-8811-1f2868319d28.wav,coughvid_data/70738287-6720-4497-8811-1f2868319d28.wav,0.0
26802719-3372-4ec7-841f-d4d4eb36f371,coughvid_data/26802719-3372-4ec7-841f-d4d4eb36f371.wav,coughvid_data/26802719-3372-4ec7-841f-d4d4eb36f371.wav,1.0
0d2ab089-7bdc-415d-9c65-7f59068541ad,coughvid_data/0d2ab089-7bdc-415d-9c65-7f59068541ad.wav,coughvid_data/0d2ab089-7bdc-415d-9c65-7f59068541ad.wav,1.0
c5b22985-e51f-4491-973d-dfcfbe818dc0,coughvid_data/c5b22985-e51f-4491-973d-dfcfbe818dc0.wav,coughvid_data/c5b22985-e51f-4491-973d-dfcfbe818dc0.wav,0.0
6e528bed-b655-4fbe-a915-0a6458762b65,coughvid_data/6e528bed-b655-4fbe-a915-0a6458762b65.wav,coughvid_data/6e528bed-b655-4fbe-a915-0a6458762b65.wav,0.0
12edd79b-2eec-4c68-aa18-e7dbb4284d25,coughvid_data/12edd79b-2eec-4c68-aa18-e7dbb4284d25.wav,coughvid_data/12edd79b-2eec-4c68-aa18-e7dbb4284d25.wav,0.0
46c944a2-a3dc-435f-b1b5-661a5d7a1497,coughvid_data/46c944a2-a3dc-435f-b1b5-661a5d7a1497.wav,coughvid_data/46c944a2-a3dc-435f-b1b5-661a5d7a1497.wav,0.0
734f0a8b-936f-438d-83e6-ae18ddec3408,coughvid_data/734f0a8b-936f-438d-83e6-ae18ddec3408.wav,coughvid_data/734f0a8b-936f-438d-83e6-ae18ddec3408.wav,1.0
fb98365f-37c7-4429-8861-fdf887639695,coughvid_data/fb98365f-37c7-4429-8861-fdf887639695.wav,coughvid_data/fb98365f-37c7-4429-8861-fdf887639695.wav,0.0
6acc0e25-5048-4826-9da2-3c94f4975bd2,coughvid_data/6acc0e25-5048-4826-9da2-3c94f4975bd2.wav,coughvid_data/6acc0e25-5048-4826-9da2-3c94f4975bd2.wav,0.0
39fdca62-1ce2-4e54-9a6b-d4ef5aa80bc5,coughvid_data/39fdca62-1ce2-4e54-9a6b-d4ef5aa80bc5.wav,coughvid_data/39fdca62-1ce2-4e54-9a6b-d4ef5aa80bc5.wav,1.0
6ddcb5c0-75fb-411e-94f5-28437873e4a1,coughvid_data/6ddcb5c0-75fb-411e-94f5-28437873e4a1.wav,coughvid_data/6ddcb5c0-75fb-411e-94f5-28437873e4a1.wav,0.0
6db2154e-65c2-4be2-ab82-6c9aaac151ee,coughvid_data/6db2154e-65c2-4be2-ab82-6c9aaac151ee.wav,coughvid_data/6db2154e-65c2-4be2-ab82-6c9aaac151ee.wav,0.0
2baa4845-c6e6-44a6-b4f3-f239be93bfa7,coughvid_data/2baa4845-c6e6-44a6-b4f3-f239be93bfa7.wav,coughvid_data/2baa4845-c6e6-44a6-b4f3-f239be93bfa7.wav,1.0
63710501-6e04-4e34-9dc7-5e568230a907,coughvid_data/63710501-6e04-4e34-9dc7-5e568230a907.wav,coughvid_data/63710501-6e04-4e34-9dc7-5e568230a907.wav,1.0
d3a4293d-a975-44d2-b030-c3557f40fb18,coughvid_data/d3a4293d-a975-44d2-b030-c3557f40fb18.wav,coughvid_data/d3a4293d-a975-44d2-b030-c3557f40fb18.wav,1.0
3867a09c-3309-4018-b456-07c4b8b9a232,coughvid_data/3867a09c-3309-4018-b456-07c4b8b9a232.wav,coughvid_data/3867a09c-3309-4018-b456-07c4b8b9a232.wav,1.0
f0cd6f47-5e6a-40b4-8632-f01f880c0d2d,coughvid_data/f0cd6f47-5e6a-40b4-8632-f01f880c0d2d.wav,coughvid_data/f0cd6f47-5e6a-40b4-8632-f01f880c0d2d.wav,1.0
c72e32f7-3bb8-4eb5-b1d0-13463ae63b38,coughvid_data/c72e32f7-3bb8-4eb5-b1d0-13463ae63b38.wav,coughvid_data/c72e32f7-3bb8-4eb5-b1d0-13463ae63b38.wav,1.0
2b78bc06-5bf7-441a-b6dc-d64e0e2c810f,coughvid_data/2b78bc06-5bf7-441a-b6dc-d64e0e2c810f.wav,coughvid_data/2b78bc06-5bf7-441a-b6dc-d64e0e2c810f.wav,0.0
56eda99f-b922-4759-911a-dd561a31146a,coughvid_data/56eda99f-b922-4759-911a-dd561a31146a.wav,coughvid_data/56eda99f-b922-4759-911a-dd561a31146a.wav,1.0
a65ddbdc-34de-466d-93a1-f3bb2e949bb4,coughvid_data/a65ddbdc-34de-466d-93a1-f3bb2e949bb4.wav,coughvid_data/a65ddbdc-34de-466d-93a1-f3bb2e949bb4.wav,0.0
c3323ce6-00f8-4840-ab8c-c79ea31e9116,coughvid_data/c3323ce6-00f8-4840-ab8c-c79ea31e9116.wav,coughvid_data/c3323ce6-00f8-4840-ab8c-c79ea31e9116.wav,1.0
6d3ab66a-0d32-4134-b909-f77aaeb37c91,coughvid_data/6d3ab66a-0d32-4134-b909-f77aaeb37c91.wav,coughvid_data/6d3ab66a-0d32-4134-b909-f77aaeb37c91.wav,0.0
be06bd42-7ca7-4c73-b0a7-a268f157237b,coughvid_data/be06bd42-7ca7-4c73-b0a7-a268f157237b.wav,coughvid_data/be06bd42-7ca7-4c73-b0a7-a268f157237b.wav,0.0
7679c86d-8d79-4c75-b71a-c8f10a457aa5,coughvid_data/7679c86d-8d79-4c75-b71a-c8f10a457aa5.wav,coughvid_data/7679c86d-8d79-4c75-b71a-c8f10a457aa5.wav,0.0
b50eaf82-ff67-422e-bc8c-cb85032d2b9d,coughvid_data/b50eaf82-ff67-422e-bc8c-cb85032d2b9d.wav,coughvid_data/b50eaf82-ff67-422e-bc8c-cb85032d2b9d.wav,0.0
343f50d7-e7b3-4999-9bc7-27ff549b4b16,coughvid_data/343f50d7-e7b3-4999-9bc7-27ff549b4b16.wav,coughvid_data/343f50d7-e7b3-4999-9bc7-27ff549b4b16.wav,0.0
8a4cad52-6101-4450-8804-c7ff4a48c209,coughvid_data/8a4cad52-6101-4450-8804-c7ff4a48c209.wav,coughvid_data/8a4cad52-6101-4450-8804-c7ff4a48c209.wav,0.0
a0903fb2-0b19-45ce-8b89-b0aa44e35a71,coughvid_data/a0903fb2-0b19-45ce-8b89-b0aa44e35a71.wav,coughvid_data/a0903fb2-0b19-45ce-8b89-b0aa44e35a71.wav,0.0
542e2d32-8c6f-43ea-80c2-1197b13f9845,coughvid_data/542e2d32-8c6f-43ea-80c2-1197b13f9845.wav,coughvid_data/542e2d32-8c6f-43ea-80c2-1197b13f9845.wav,1.0
1af7ed19-daf5-42de-9f31-5ed1111b7ef7,coughvid_data/1af7ed19-daf5-42de-9f31-5ed1111b7ef7.wav,coughvid_data/1af7ed19-daf5-42de-9f31-5ed1111b7ef7.wav,0.0
e341fad4-d485-47d2-9607-a2dd266d7cd1,coughvid_data/e341fad4-d485-47d2-9607-a2dd266d7cd1.wav,coughvid_data/e341fad4-d485-47d2-9607-a2dd266d7cd1.wav,1.0
b304678e-5759-40e1-9985-88591900b1bf,coughvid_data/b304678e-5759-40e1-9985-88591900b1bf.wav,coughvid_data/b304678e-5759-40e1-9985-88591900b1bf.wav,1.0
67bfe963-9812-4acd-9536-a80713f775b5,coughvid_data/67bfe963-9812-4acd-9536-a80713f775b5.wav,coughvid_data/67bfe963-9812-4acd-9536-a80713f775b5.wav,0.0
6e0b8589-9001-4b5f-aa92-c2f59af9968f,coughvid_data/6e0b8589-9001-4b5f-aa92-c2f59af9968f.wav,coughvid_data/6e0b8589-9001-4b5f-aa92-c2f59af9968f.wav,1.0
8f54532e-c65e-424a-b76e-e52a55c26db6,coughvid_data/8f54532e-c65e-424a-b76e-e52a55c26db6.wav,coughvid_data/8f54532e-c65e-424a-b76e-e52a55c26db6.wav,0.0
5aa37322-c3d3-4a00-990e-4a5ce265fbfe,coughvid_data/5aa37322-c3d3-4a00-990e-4a5ce265fbfe.wav,coughvid_data/5aa37322-c3d3-4a00-990e-4a5ce265fbfe.wav,1.0
0557559a-7845-4093-b4a3-5ac4a7cdff46,coughvid_data/0557559a-7845-4093-b4a3-5ac4a7cdff46.wav,coughvid_data/0557559a-7845-4093-b4a3-5ac4a7cdff46.wav,0.0
7f3098e6-beb2-426a-ab4a-6a2b1a97a6c7,coughvid_data/7f3098e6-beb2-426a-ab4a-6a2b1a97a6c7.wav,coughvid_data/7f3098e6-beb2-426a-ab4a-6a2b1a97a6c7.wav,1.0
059ae242-fffd-44c7-b821-9d73f93449aa,coughvid_data/059ae242-fffd-44c7-b821-9d73f93449aa.wav,coughvid_data/059ae242-fffd-44c7-b821-9d73f93449aa.wav,1.0
98c01b81-5927-4290-aa7d-8df7f8caa067,coughvid_data/98c01b81-5927-4290-aa7d-8df7f8caa067.wav,coughvid_data/98c01b81-5927-4290-aa7d-8df7f8caa067.wav,1.0
67fbf333-0bca-4758-8f79-11fca54cbca5,coughvid_data/67fbf333-0bca-4758-8f79-11fca54cbca5.wav,coughvid_data/67fbf333-0bca-4758-8f79-11fca54cbca5.wav,1.0
1eef18a6-9608-427d-addb-41a1474668f3,coughvid_data/1eef18a6-9608-427d-addb-41a1474668f3.wav,coughvid_data/1eef18a6-9608-427d-addb-41a1474668f3.wav,1.0
76335ed3-26c3-4992-a352-56f07e24027c,coughvid_data/76335ed3-26c3-4992-a352-56f07e24027c.wav,coughvid_data/76335ed3-26c3-4992-a352-56f07e24027c.wav,1.0
26fb8414-98a4-4170-ab9a-b6ffeaabff15,coughvid_data/26fb8414-98a4-4170-ab9a-b6ffeaabff15.wav,coughvid_data/26fb8414-98a4-4170-ab9a-b6ffeaabff15.wav,1.0
d7ad5be9-a949-4248-b9a7-bdea1367b031,coughvid_data/d7ad5be9-a949-4248-b9a7-bdea1367b031.wav,coughvid_data/d7ad5be9-a949-4248-b9a7-bdea1367b031.wav,0.0
d73c9e68-b3cf-4e01-bc47-9e8b1cb5c857,coughvid_data/d73c9e68-b3cf-4e01-bc47-9e8b1cb5c857.wav,coughvid_data/d73c9e68-b3cf-4e01-bc47-9e8b1cb5c857.wav,0.0
aaf2182e-c492-4dbc-ae9f-949c699b623a,coughvid_data/aaf2182e-c492-4dbc-ae9f-949c699b623a.wav,coughvid_data/aaf2182e-c492-4dbc-ae9f-949c699b623a.wav,0.0
891635c8-8c7c-42c0-bfa8-1723f9943746,coughvid_data/891635c8-8c7c-42c0-bfa8-1723f9943746.wav,coughvid_data/891635c8-8c7c-42c0-bfa8-1723f9943746.wav,1.0
418842f8-bc45-410b-81b7-5c5adc64199c,coughvid_data/418842f8-bc45-410b-81b7-5c5adc64199c.wav,coughvid_data/418842f8-bc45-410b-81b7-5c5adc64199c.wav,0.0
031db289-6d26-44e9-bb7b-3bf74c895154,coughvid_data/031db289-6d26-44e9-bb7b-3bf74c895154.wav,coughvid_data/031db289-6d26-44e9-bb7b-3bf74c895154.wav,0.0
9d6a37df-1cd8-4cb0-8982-e594609b44d3,coughvid_data/9d6a37df-1cd8-4cb0-8982-e594609b44d3.wav,coughvid_data/9d6a37df-1cd8-4cb0-8982-e594609b44d3.wav,0.0
bff87a3e-3e0a-41c7-a2ff-259e78268b81,coughvid_data/bff87a3e-3e0a-41c7-a2ff-259e78268b81.wav,coughvid_data/bff87a3e-3e0a-41c7-a2ff-259e78268b81.wav,0.0
c9a3e042-8864-4088-84c7-f46d76cf79e9,coughvid_data/c9a3e042-8864-4088-84c7-f46d76cf79e9.wav,coughvid_data/c9a3e042-8864-4088-84c7-f46d76cf79e9.wav,0.0
4c98548d-6e9e-4832-8b77-b7af79c9e987,coughvid_data/4c98548d-6e9e-4832-8b77-b7af79c9e987.wav,coughvid_data/4c98548d-6e9e-4832-8b77-b7af79c9e987.wav,1.0
571b52d1-524e-4846-bef9-f9ee1f30dbdd,coughvid_data/571b52d1-524e-4846-bef9-f9ee1f30dbdd.wav,coughvid_data/571b52d1-524e-4846-bef9-f9ee1f30dbdd.wav,1.0
d5286bf2-cff2-40a4-8075-e198c28c8e5a,coughvid_data/d5286bf2-cff2-40a4-8075-e198c28c8e5a.wav,coughvid_data/d5286bf2-cff2-40a4-8075-e198c28c8e5a.wav,0.0
7df02d2f-e62b-4313-863e-8e7c67983fa0,coughvid_data/7df02d2f-e62b-4313-863e-8e7c67983fa0.wav,coughvid_data/7df02d2f-e62b-4313-863e-8e7c67983fa0.wav,1.0
defedfcf-c42b-47f0-aab6-b3632ebf5090,coughvid_data/defedfcf-c42b-47f0-aab6-b3632ebf5090.wav,coughvid_data/defedfcf-c42b-47f0-aab6-b3632ebf5090.wav,1.0
50054da6-eda9-4985-94fb-a6c78f999542,coughvid_data/50054da6-eda9-4985-94fb-a6c78f999542.wav,coughvid_data/50054da6-eda9-4985-94fb-a6c78f999542.wav,1.0
b7e35a34-e316-4885-91d6-48af1df5bf93,coughvid_data/b7e35a34-e316-4885-91d6-48af1df5bf93.wav,coughvid_data/b7e35a34-e316-4885-91d6-48af1df5bf93.wav,1.0
06461575-204a-4d14-9a4c-20e9936aee6d,coughvid_data/06461575-204a-4d14-9a4c-20e9936aee6d.wav,coughvid_data/06461575-204a-4d14-9a4c-20e9936aee6d.wav,1.0
615f886b-cdfc-414c-abd4-5dd8165b8d35,coughvid_data/615f886b-cdfc-414c-abd4-5dd8165b8d35.wav,coughvid_data/615f886b-cdfc-414c-abd4-5dd8165b8d35.wav,0.0
b5948106-8736-4bf6-bfae-c12c5667d953,coughvid_data/b5948106-8736-4bf6-bfae-c12c5667d953.wav,coughvid_data/b5948106-8736-4bf6-bfae-c12c5667d953.wav,0.0
21c17fbf-2f1d-4cc1-aece-c04afe52eea7,coughvid_data/21c17fbf-2f1d-4cc1-aece-c04afe52eea7.wav,coughvid_data/21c17fbf-2f1d-4cc1-aece-c04afe52eea7.wav,0.0
02e59170-07cd-49eb-8d1f-59f9b0a0bec7,coughvid_data/02e59170-07cd-49eb-8d1f-59f9b0a0bec7.wav,coughvid_data/02e59170-07cd-49eb-8d1f-59f9b0a0bec7.wav,1.0
e3b695a9-08b0-4bcc-8a1c-be17000a4de0,coughvid_data/e3b695a9-08b0-4bcc-8a1c-be17000a4de0.wav,coughvid_data/e3b695a9-08b0-4bcc-8a1c-be17000a4de0.wav,1.0
bf6f1a7f-2d9a-4bbc-875f-e47aac6624dd,coughvid_data/bf6f1a7f-2d9a-4bbc-875f-e47aac6624dd.wav,coughvid_data/bf6f1a7f-2d9a-4bbc-875f-e47aac6624dd.wav,0.0
bfbe1669-de3f-4c7e-a9e7-3600f46fd541,coughvid_data/bfbe1669-de3f-4c7e-a9e7-3600f46fd541.wav,coughvid_data/bfbe1669-de3f-4c7e-a9e7-3600f46fd541.wav,1.0
aa93007f-38dd-4261-812b-5411cff3c8b0,coughvid_data/aa93007f-38dd-4261-812b-5411cff3c8b0.wav,coughvid_data/aa93007f-38dd-4261-812b-5411cff3c8b0.wav,1.0
e5afc038-4511-49d8-9540-07e27a990096,coughvid_data/e5afc038-4511-49d8-9540-07e27a990096.wav,coughvid_data/e5afc038-4511-49d8-9540-07e27a990096.wav,1.0
674d3eba-baac-470c-890c-ae513a338747,coughvid_data/674d3eba-baac-470c-890c-ae513a338747.wav,coughvid_data/674d3eba-baac-470c-890c-ae513a338747.wav,0.0
159181c2-2082-45c9-9280-7413119ca7f9,coughvid_data/159181c2-2082-45c9-9280-7413119ca7f9.wav,coughvid_data/159181c2-2082-45c9-9280-7413119ca7f9.wav,0.0
01e92753-8737-447d-a8c6-d323b712b608,coughvid_data/01e92753-8737-447d-a8c6-d323b712b608.wav,coughvid_data/01e92753-8737-447d-a8c6-d323b712b608.wav,1.0
5818a1ac-ecb3-400b-a289-4bb784b66445,coughvid_data/5818a1ac-ecb3-400b-a289-4bb784b66445.wav,coughvid_data/5818a1ac-ecb3-400b-a289-4bb784b66445.wav,0.0
be815305-c4a6-4ab8-abd2-38caf35b3137,coughvid_data/be815305-c4a6-4ab8-abd2-38caf35b3137.wav,coughvid_data/be815305-c4a6-4ab8-abd2-38caf35b3137.wav,0.0
7e2f4bb0-a4a1-4e62-a26f-f4174ab4954b,coughvid_data/7e2f4bb0-a4a1-4e62-a26f-f4174ab4954b.wav,coughvid_data/7e2f4bb0-a4a1-4e62-a26f-f4174ab4954b.wav,1.0
a2322bb0-908e-4642-825a-4da20cfa150d,coughvid_data/a2322bb0-908e-4642-825a-4da20cfa150d.wav,coughvid_data/a2322bb0-908e-4642-825a-4da20cfa150d.wav,1.0
b959bcb2-1909-4903-920d-2307e88ffc95,coughvid_data/b959bcb2-1909-4903-920d-2307e88ffc95.wav,coughvid_data/b959bcb2-1909-4903-920d-2307e88ffc95.wav,1.0
bdc901c8-73a0-4759-933c-baac79d37826,coughvid_data/bdc901c8-73a0-4759-933c-baac79d37826.wav,coughvid_data/bdc901c8-73a0-4759-933c-baac79d37826.wav,1.0
cbf1aba5-e767-4f36-a8f2-bc84b847a5b7,coughvid_data/cbf1aba5-e767-4f36-a8f2-bc84b847a5b7.wav,coughvid_data/cbf1aba5-e767-4f36-a8f2-bc84b847a5b7.wav,1.0
0db78979-06e5-4265-ba10-74f2bd05cc6f,coughvid_data/0db78979-06e5-4265-ba10-74f2bd05cc6f.wav,coughvid_data/0db78979-06e5-4265-ba10-74f2bd05cc6f.wav,1.0
d02896fa-5cfd-4d94-b3f3-6763cc109cf8,coughvid_data/d02896fa-5cfd-4d94-b3f3-6763cc109cf8.wav,coughvid_data/d02896fa-5cfd-4d94-b3f3-6763cc109cf8.wav,0.0
b1821263-6041-423f-93d6-a174d97bc4d7,coughvid_data/b1821263-6041-423f-93d6-a174d97bc4d7.wav,coughvid_data/b1821263-6041-423f-93d6-a174d97bc4d7.wav,1.0
22ea20c6-b3e8-4ca9-907c-bfba5f9bdf25,coughvid_data/22ea20c6-b3e8-4ca9-907c-bfba5f9bdf25.wav,coughvid_data/22ea20c6-b3e8-4ca9-907c-bfba5f9bdf25.wav,1.0
428bd34a-1ddf-4287-a902-b8ddb94eeb5d,coughvid_data/428bd34a-1ddf-4287-a902-b8ddb94eeb5d.wav,coughvid_data/428bd34a-1ddf-4287-a902-b8ddb94eeb5d.wav,1.0
1fa6ac75-9fe4-4927-bbbe-60e06ff36882,coughvid_data/1fa6ac75-9fe4-4927-bbbe-60e06ff36882.wav,coughvid_data/1fa6ac75-9fe4-4927-bbbe-60e06ff36882.wav,0.0
6f4e8174-1f6b-439f-b2cc-bc1d0222ec56,coughvid_data/6f4e8174-1f6b-439f-b2cc-bc1d0222ec56.wav,coughvid_data/6f4e8174-1f6b-439f-b2cc-bc1d0222ec56.wav,0.0
1cce9fef-44c2-4397-b691-51e0d6d449ee,coughvid_data/1cce9fef-44c2-4397-b691-51e0d6d449ee.wav,coughvid_data/1cce9fef-44c2-4397-b691-51e0d6d449ee.wav,1.0
9678a654-909c-4fd6-8460-a5a3f01a7f6a,coughvid_data/9678a654-909c-4fd6-8460-a5a3f01a7f6a.wav,coughvid_data/9678a654-909c-4fd6-8460-a5a3f01a7f6a.wav,0.0
58eac2ea-61ee-4e11-b200-7a824ae7e87f,coughvid_data/58eac2ea-61ee-4e11-b200-7a824ae7e87f.wav,coughvid_data/58eac2ea-61ee-4e11-b200-7a824ae7e87f.wav,1.0
0a1c8e24-81d7-404e-8a85-b3fd3999ecb5,coughvid_data/0a1c8e24-81d7-404e-8a85-b3fd3999ecb5.wav,coughvid_data/0a1c8e24-81d7-404e-8a85-b3fd3999ecb5.wav,0.0
f2a5ca6e-969d-41d7-95a6-a177dab918e2,coughvid_data/f2a5ca6e-969d-41d7-95a6-a177dab918e2.wav,coughvid_data/f2a5ca6e-969d-41d7-95a6-a177dab918e2.wav,1.0
939f6444-0101-4d2f-b408-927b4c865ecd,coughvid_data/939f6444-0101-4d2f-b408-927b4c865ecd.wav,coughvid_data/939f6444-0101-4d2f-b408-927b4c865ecd.wav,0.0
78ea1ea4-1d2b-4c1d-8fbe-22832125e323,coughvid_data/78ea1ea4-1d2b-4c1d-8fbe-22832125e323.wav,coughvid_data/78ea1ea4-1d2b-4c1d-8fbe-22832125e323.wav,0.0
bbad03ad-f3c2-4a2f-8dd9-062510aa02a0,coughvid_data/bbad03ad-f3c2-4a2f-8dd9-062510aa02a0.wav,coughvid_data/bbad03ad-f3c2-4a2f-8dd9-062510aa02a0.wav,1.0
0c0aa4a7-91b3-43ef-b9f2-03c0beb3f27e,coughvid_data/0c0aa4a7-91b3-43ef-b9f2-03c0beb3f27e.wav,coughvid_data/0c0aa4a7-91b3-43ef-b9f2-03c0beb3f27e.wav,0.0
ebb392b8-6885-4858-8e32-d2789b71afbc,coughvid_data/ebb392b8-6885-4858-8e32-d2789b71afbc.wav,coughvid_data/ebb392b8-6885-4858-8e32-d2789b71afbc.wav,0.0
ab802dfe-5c54-4d56-8126-654622be1519,coughvid_data/ab802dfe-5c54-4d56-8126-654622be1519.wav,coughvid_data/ab802dfe-5c54-4d56-8126-654622be1519.wav,1.0
04e10696-ab11-47b4-a393-90d557da1fb3,coughvid_data/04e10696-ab11-47b4-a393-90d557da1fb3.wav,coughvid_data/04e10696-ab11-47b4-a393-90d557da1fb3.wav,0.0
73355692-2d70-414e-a51e-935a21a45f43,coughvid_data/73355692-2d70-414e-a51e-935a21a45f43.wav,coughvid_data/73355692-2d70-414e-a51e-935a21a45f43.wav,1.0
e3b57d9a-88a5-4db3-a814-73f41132ffd4,coughvid_data/e3b57d9a-88a5-4db3-a814-73f41132ffd4.wav,coughvid_data/e3b57d9a-88a5-4db3-a814-73f41132ffd4.wav,1.0
335c224c-170d-42a6-bb7f-15356ac98070,coughvid_data/335c224c-170d-42a6-bb7f-15356ac98070.wav,coughvid_data/335c224c-170d-42a6-bb7f-15356ac98070.wav,1.0
1524ba9d-116b-4980-b5a7-c894159fc8c4,coughvid_data/1524ba9d-116b-4980-b5a7-c894159fc8c4.wav,coughvid_data/1524ba9d-116b-4980-b5a7-c894159fc8c4.wav,0.0
5040b2f9-4254-4c3e-bf5a-1729c538f8bc,coughvid_data/5040b2f9-4254-4c3e-bf5a-1729c538f8bc.wav,coughvid_data/5040b2f9-4254-4c3e-bf5a-1729c538f8bc.wav,1.0
72abc51b-2461-43bb-b131-4913d96d2c3b,coughvid_data/72abc51b-2461-43bb-b131-4913d96d2c3b.wav,coughvid_data/72abc51b-2461-43bb-b131-4913d96d2c3b.wav,1.0
f761b8e2-3ed3-4acb-8402-4ec668ebf108,coughvid_data/f761b8e2-3ed3-4acb-8402-4ec668ebf108.wav,coughvid_data/f761b8e2-3ed3-4acb-8402-4ec668ebf108.wav,1.0
f0e77dff-a9a9-4829-b182-83653f5dbca4,coughvid_data/f0e77dff-a9a9-4829-b182-83653f5dbca4.wav,coughvid_data/f0e77dff-a9a9-4829-b182-83653f5dbca4.wav,0.0
ff49f6b7-fa54-4780-a4be-b0594e628aae,coughvid_data/ff49f6b7-fa54-4780-a4be-b0594e628aae.wav,coughvid_data/ff49f6b7-fa54-4780-a4be-b0594e628aae.wav,1.0
8ad052ea-7e0a-4ff8-8601-64376c7ec195,coughvid_data/8ad052ea-7e0a-4ff8-8601-64376c7ec195.wav,coughvid_data/8ad052ea-7e0a-4ff8-8601-64376c7ec195.wav,1.0
bec7ea19-1c2b-45f9-9ffe-984ab769dac3,coughvid_data/bec7ea19-1c2b-45f9-9ffe-984ab769dac3.wav,coughvid_data/bec7ea19-1c2b-45f9-9ffe-984ab769dac3.wav,0.0
0137b859-fcf9-452e-869f-611f77a1a89f,coughvid_data/0137b859-fcf9-452e-869f-611f77a1a89f.wav,coughvid_data/0137b859-fcf9-452e-869f-611f77a1a89f.wav,0.0
d86c5904-2d26-47dc-bf86-612f8f44d581,coughvid_data/d86c5904-2d26-47dc-bf86-612f8f44d581.wav,coughvid_data/d86c5904-2d26-47dc-bf86-612f8f44d581.wav,0.0
0bc6222b-d7d1-4488-8ced-bd573a76ff9c,coughvid_data/0bc6222b-d7d1-4488-8ced-bd573a76ff9c.wav,coughvid_data/0bc6222b-d7d1-4488-8ced-bd573a76ff9c.wav,1.0
a9b1f69e-57ac-4995-9952-bbbeaa677018,coughvid_data/a9b1f69e-57ac-4995-9952-bbbeaa677018.wav,coughvid_data/a9b1f69e-57ac-4995-9952-bbbeaa677018.wav,1.0
6b134b81-1e82-4e58-8357-60e814c83300,coughvid_data/6b134b81-1e82-4e58-8357-60e814c83300.wav,coughvid_data/6b134b81-1e82-4e58-8357-60e814c83300.wav,0.0
2c4e6d17-685f-4b8b-bcda-9b346fab2b5f,coughvid_data/2c4e6d17-685f-4b8b-bcda-9b346fab2b5f.wav,coughvid_data/2c4e6d17-685f-4b8b-bcda-9b346fab2b5f.wav,1.0
cfbb0268-3928-40f4-87cb-5012a9b6babc,coughvid_data/cfbb0268-3928-40f4-87cb-5012a9b6babc.wav,coughvid_data/cfbb0268-3928-40f4-87cb-5012a9b6babc.wav,0.0
e5a8ba45-4182-442c-82af-121f4dadf9a0,coughvid_data/e5a8ba45-4182-442c-82af-121f4dadf9a0.wav,coughvid_data/e5a8ba45-4182-442c-82af-121f4dadf9a0.wav,0.0
fe3a053c-474a-43c7-a636-373e2abb9bad,coughvid_data/fe3a053c-474a-43c7-a636-373e2abb9bad.wav,coughvid_data/fe3a053c-474a-43c7-a636-373e2abb9bad.wav,0.0
d3184d07-13a8-467e-a828-083082e276b8,coughvid_data/d3184d07-13a8-467e-a828-083082e276b8.wav,coughvid_data/d3184d07-13a8-467e-a828-083082e276b8.wav,0.0
25dfdafd-c9b6-440b-9c44-1cb85664b6d8,coughvid_data/25dfdafd-c9b6-440b-9c44-1cb85664b6d8.wav,coughvid_data/25dfdafd-c9b6-440b-9c44-1cb85664b6d8.wav,1.0
c328456d-638e-4a1b-8853-8526e713b1c8,coughvid_data/c328456d-638e-4a1b-8853-8526e713b1c8.wav,coughvid_data/c328456d-638e-4a1b-8853-8526e713b1c8.wav,1.0
c31525ca-cab6-407e-b6c9-5794ba4689f9,coughvid_data/c31525ca-cab6-407e-b6c9-5794ba4689f9.wav,coughvid_data/c31525ca-cab6-407e-b6c9-5794ba4689f9.wav,0.0
c3f82cad-dd48-4daa-b5d2-96a91ddb2a57,coughvid_data/c3f82cad-dd48-4daa-b5d2-96a91ddb2a57.wav,coughvid_data/c3f82cad-dd48-4daa-b5d2-96a91ddb2a57.wav,0.0
a291869d-1619-4ebe-a0e4-fefc480e20c3,coughvid_data/a291869d-1619-4ebe-a0e4-fefc480e20c3.wav,coughvid_data/a291869d-1619-4ebe-a0e4-fefc480e20c3.wav,1.0
951b6318-e834-4f99-82a3-50ec8c38811d,coughvid_data/951b6318-e834-4f99-82a3-50ec8c38811d.wav,coughvid_data/951b6318-e834-4f99-82a3-50ec8c38811d.wav,1.0
6ac1cde9-7727-49d2-848c-983e2e541845,coughvid_data/6ac1cde9-7727-49d2-848c-983e2e541845.wav,coughvid_data/6ac1cde9-7727-49d2-848c-983e2e541845.wav,1.0
f30448f4-4255-4c48-9657-b4d5ac68f443,coughvid_data/f30448f4-4255-4c48-9657-b4d5ac68f443.wav,coughvid_data/f30448f4-4255-4c48-9657-b4d5ac68f443.wav,1.0
08ccc5f2-0124-491d-b717-f5e01f2ed2a5,coughvid_data/08ccc5f2-0124-491d-b717-f5e01f2ed2a5.wav,coughvid_data/08ccc5f2-0124-491d-b717-f5e01f2ed2a5.wav,0.0
e0a457c4-cfe8-494c-95a1-6d312cbb7be0,coughvid_data/e0a457c4-cfe8-494c-95a1-6d312cbb7be0.wav,coughvid_data/e0a457c4-cfe8-494c-95a1-6d312cbb7be0.wav,0.0
6bc122e1-cc37-4a1b-bad7-ca4da655c5a7,coughvid_data/6bc122e1-cc37-4a1b-bad7-ca4da655c5a7.wav,coughvid_data/6bc122e1-cc37-4a1b-bad7-ca4da655c5a7.wav,0.0
99fabbdc-0339-4c0e-93ea-640ebec2c18f,coughvid_data/99fabbdc-0339-4c0e-93ea-640ebec2c18f.wav,coughvid_data/99fabbdc-0339-4c0e-93ea-640ebec2c18f.wav,0.0
a833cde8-3442-46bf-94d5-2d5d8c011682,coughvid_data/a833cde8-3442-46bf-94d5-2d5d8c011682.wav,coughvid_data/a833cde8-3442-46bf-94d5-2d5d8c011682.wav,1.0
d1c95183-899f-44dd-8223-afda6e6d127d,coughvid_data/d1c95183-899f-44dd-8223-afda6e6d127d.wav,coughvid_data/d1c95183-899f-44dd-8223-afda6e6d127d.wav,0.0
635e31af-c740-4a0a-a014-cf0cc8d337f4,coughvid_data/635e31af-c740-4a0a-a014-cf0cc8d337f4.wav,coughvid_data/635e31af-c740-4a0a-a014-cf0cc8d337f4.wav,0.0
c2a352f9-6526-44e0-9f81-54e01acd139b,coughvid_data/c2a352f9-6526-44e0-9f81-54e01acd139b.wav,coughvid_data/c2a352f9-6526-44e0-9f81-54e01acd139b.wav,0.0
c16da178-6ed2-416e-bfd5-0e652048293e,coughvid_data/c16da178-6ed2-416e-bfd5-0e652048293e.wav,coughvid_data/c16da178-6ed2-416e-bfd5-0e652048293e.wav,0.0
13023b4c-dc4c-4600-b2a5-58e869cfc00f,coughvid_data/13023b4c-dc4c-4600-b2a5-58e869cfc00f.wav,coughvid_data/13023b4c-dc4c-4600-b2a5-58e869cfc00f.wav,0.0
846b467e-afc4-4c2d-b4e3-6158afc0e8ed,coughvid_data/846b467e-afc4-4c2d-b4e3-6158afc0e8ed.wav,coughvid_data/846b467e-afc4-4c2d-b4e3-6158afc0e8ed.wav,1.0
2cf82624-80ea-4902-bd68-49dc0af579d3,coughvid_data/2cf82624-80ea-4902-bd68-49dc0af579d3.wav,coughvid_data/2cf82624-80ea-4902-bd68-49dc0af579d3.wav,0.0
25e59482-9d33-4a0c-bfbf-5438b9c0c9ea,coughvid_data/25e59482-9d33-4a0c-bfbf-5438b9c0c9ea.wav,coughvid_data/25e59482-9d33-4a0c-bfbf-5438b9c0c9ea.wav,1.0
0b110058-23cc-4396-9e99-34f78cb72ce8,coughvid_data/0b110058-23cc-4396-9e99-34f78cb72ce8.wav,coughvid_data/0b110058-23cc-4396-9e99-34f78cb72ce8.wav,1.0
fda2a898-77fc-4548-915c-fa275f6a31ed,coughvid_data/fda2a898-77fc-4548-915c-fa275f6a31ed.wav,coughvid_data/fda2a898-77fc-4548-915c-fa275f6a31ed.wav,1.0
cd3447e2-5b9a-4cf4-9b6a-13561918c14a,coughvid_data/cd3447e2-5b9a-4cf4-9b6a-13561918c14a.wav,coughvid_data/cd3447e2-5b9a-4cf4-9b6a-13561918c14a.wav,1.0
72377e95-4c8f-43a7-8319-7c82a2772ab5,coughvid_data/72377e95-4c8f-43a7-8319-7c82a2772ab5.wav,coughvid_data/72377e95-4c8f-43a7-8319-7c82a2772ab5.wav,1.0
157b05f0-ba0e-4498-bb12-d2ef4d43e029,coughvid_data/157b05f0-ba0e-4498-bb12-d2ef4d43e029.wav,coughvid_data/157b05f0-ba0e-4498-bb12-d2ef4d43e029.wav,0.0
371b2fa7-4447-4cc6-8476-2ebe842feb09,coughvid_data/371b2fa7-4447-4cc6-8476-2ebe842feb09.wav,coughvid_data/371b2fa7-4447-4cc6-8476-2ebe842feb09.wav,0.0
7aee2bec-406d-4330-8925-ae66ad403d9a,coughvid_data/7aee2bec-406d-4330-8925-ae66ad403d9a.wav,coughvid_data/7aee2bec-406d-4330-8925-ae66ad403d9a.wav,1.0
0e4b23e4-54c7-4f3f-8e53-7f7ab01cac03,coughvid_data/0e4b23e4-54c7-4f3f-8e53-7f7ab01cac03.wav,coughvid_data/0e4b23e4-54c7-4f3f-8e53-7f7ab01cac03.wav,0.0
3532bacb-6c27-4dba-a5a1-9d894b7d4355,coughvid_data/3532bacb-6c27-4dba-a5a1-9d894b7d4355.wav,coughvid_data/3532bacb-6c27-4dba-a5a1-9d894b7d4355.wav,1.0
c6f428ef-5e9e-4ee9-ac88-aa50b5d435ad,coughvid_data/c6f428ef-5e9e-4ee9-ac88-aa50b5d435ad.wav,coughvid_data/c6f428ef-5e9e-4ee9-ac88-aa50b5d435ad.wav,1.0
bd17d3a3-a355-41f5-8f76-3dc07b8e0964,coughvid_data/bd17d3a3-a355-41f5-8f76-3dc07b8e0964.wav,coughvid_data/bd17d3a3-a355-41f5-8f76-3dc07b8e0964.wav,0.0
a32674f2-7a85-4c1f-8e4d-02697c6ea91f,coughvid_data/a32674f2-7a85-4c1f-8e4d-02697c6ea91f.wav,coughvid_data/a32674f2-7a85-4c1f-8e4d-02697c6ea91f.wav,1.0
f1b87f04-f5b9-4b68-853a-0a0e02e09bfc,coughvid_data/f1b87f04-f5b9-4b68-853a-0a0e02e09bfc.wav,coughvid_data/f1b87f04-f5b9-4b68-853a-0a0e02e09bfc.wav,0.0
492df15c-93f3-4c50-87a2-0981fa9ec5e7,coughvid_data/492df15c-93f3-4c50-87a2-0981fa9ec5e7.wav,coughvid_data/492df15c-93f3-4c50-87a2-0981fa9ec5e7.wav,1.0
71209e83-06e0-41d8-b78d-cf32ca0f5c57,coughvid_data/71209e83-06e0-41d8-b78d-cf32ca0f5c57.wav,coughvid_data/71209e83-06e0-41d8-b78d-cf32ca0f5c57.wav,0.0
ed418cfd-1304-46d0-a307-7710a73cadd3,coughvid_data/ed418cfd-1304-46d0-a307-7710a73cadd3.wav,coughvid_data/ed418cfd-1304-46d0-a307-7710a73cadd3.wav,0.0
d7927980-6982-472b-9a88-4b68d3250d48,coughvid_data/d7927980-6982-472b-9a88-4b68d3250d48.wav,coughvid_data/d7927980-6982-472b-9a88-4b68d3250d48.wav,0.0
22769b0e-ca0e-4fc8-8eef-c4aaaad11988,coughvid_data/22769b0e-ca0e-4fc8-8eef-c4aaaad11988.wav,coughvid_data/22769b0e-ca0e-4fc8-8eef-c4aaaad11988.wav,0.0
fbf06309-8a4b-4b1b-b9e1-302c48196d4e,coughvid_data/fbf06309-8a4b-4b1b-b9e1-302c48196d4e.wav,coughvid_data/fbf06309-8a4b-4b1b-b9e1-302c48196d4e.wav,0.0
f24eb21f-83a4-4a83-a00b-af6450f51ec8,coughvid_data/f24eb21f-83a4-4a83-a00b-af6450f51ec8.wav,coughvid_data/f24eb21f-83a4-4a83-a00b-af6450f51ec8.wav,1.0
32a150f7-8a0a-4c5e-b156-23552e4d58de,coughvid_data/32a150f7-8a0a-4c5e-b156-23552e4d58de.wav,coughvid_data/32a150f7-8a0a-4c5e-b156-23552e4d58de.wav,0.0
01a4c8d6-05df-4c24-b993-f1a9672507c5,coughvid_data/01a4c8d6-05df-4c24-b993-f1a9672507c5.wav,coughvid_data/01a4c8d6-05df-4c24-b993-f1a9672507c5.wav,1.0
81346647-f314-464a-8476-d6f581a1f829,coughvid_data/81346647-f314-464a-8476-d6f581a1f829.wav,coughvid_data/81346647-f314-464a-8476-d6f581a1f829.wav,1.0
9a89b97c-c071-411c-9a24-309af013a6ce,coughvid_data/9a89b97c-c071-411c-9a24-309af013a6ce.wav,coughvid_data/9a89b97c-c071-411c-9a24-309af013a6ce.wav,1.0
fce2785d-edab-486d-bb63-cceaf342be87,coughvid_data/fce2785d-edab-486d-bb63-cceaf342be87.wav,coughvid_data/fce2785d-edab-486d-bb63-cceaf342be87.wav,1.0
777e1e0a-bd6b-4e7c-92b4-abc99e70ff6b,coughvid_data/777e1e0a-bd6b-4e7c-92b4-abc99e70ff6b.wav,coughvid_data/777e1e0a-bd6b-4e7c-92b4-abc99e70ff6b.wav,1.0
dbaa1779-dc53-4ec8-9396-ffa401356b16,coughvid_data/dbaa1779-dc53-4ec8-9396-ffa401356b16.wav,coughvid_data/dbaa1779-dc53-4ec8-9396-ffa401356b16.wav,0.0
60073131-6385-401b-b181-51d05dd44090,coughvid_data/60073131-6385-401b-b181-51d05dd44090.wav,coughvid_data/60073131-6385-401b-b181-51d05dd44090.wav,1.0
956cfa4a-e7b0-4746-8038-f9891f9b776a,coughvid_data/956cfa4a-e7b0-4746-8038-f9891f9b776a.wav,coughvid_data/956cfa4a-e7b0-4746-8038-f9891f9b776a.wav,1.0
c26cb811-1629-492a-9669-127320889bc2,coughvid_data/c26cb811-1629-492a-9669-127320889bc2.wav,coughvid_data/c26cb811-1629-492a-9669-127320889bc2.wav,1.0
08efc570-8987-4d40-b9c6-7af0406ee70b,coughvid_data/08efc570-8987-4d40-b9c6-7af0406ee70b.wav,coughvid_data/08efc570-8987-4d40-b9c6-7af0406ee70b.wav,0.0
34094d8d-3f64-4d8c-a057-4dd99a08d788,coughvid_data/34094d8d-3f64-4d8c-a057-4dd99a08d788.wav,coughvid_data/34094d8d-3f64-4d8c-a057-4dd99a08d788.wav,0.0
398447df-fe65-41b9-b4f9-96f546c371f9,coughvid_data/398447df-fe65-41b9-b4f9-96f546c371f9.wav,coughvid_data/398447df-fe65-41b9-b4f9-96f546c371f9.wav,0.0
93296d55-b478-403a-a8cd-5e1b4bab6b07,coughvid_data/93296d55-b478-403a-a8cd-5e1b4bab6b07.wav,coughvid_data/93296d55-b478-403a-a8cd-5e1b4bab6b07.wav,1.0
20c748f1-3eba-47dd-84fa-b9160e4a1ac6,coughvid_data/20c748f1-3eba-47dd-84fa-b9160e4a1ac6.wav,coughvid_data/20c748f1-3eba-47dd-84fa-b9160e4a1ac6.wav,1.0
a7a5848b-300f-42c9-8007-affa8e03ba19,coughvid_data/a7a5848b-300f-42c9-8007-affa8e03ba19.wav,coughvid_data/a7a5848b-300f-42c9-8007-affa8e03ba19.wav,1.0
315fa446-7894-4a91-a74e-661feec055f4,coughvid_data/315fa446-7894-4a91-a74e-661feec055f4.wav,coughvid_data/315fa446-7894-4a91-a74e-661feec055f4.wav,0.0
231aba52-50ae-46e6-a7bb-7e08da87320f,coughvid_data/231aba52-50ae-46e6-a7bb-7e08da87320f.wav,coughvid_data/231aba52-50ae-46e6-a7bb-7e08da87320f.wav,1.0
6e54188c-13df-450f-af76-005693e1716f,coughvid_data/6e54188c-13df-450f-af76-005693e1716f.wav,coughvid_data/6e54188c-13df-450f-af76-005693e1716f.wav,0.0
92c04890-cf04-4042-9d15-798b2152386f,coughvid_data/92c04890-cf04-4042-9d15-798b2152386f.wav,coughvid_data/92c04890-cf04-4042-9d15-798b2152386f.wav,1.0
06a6d9d3-cdcb-44c1-b006-4470ecc509b0,coughvid_data/06a6d9d3-cdcb-44c1-b006-4470ecc509b0.wav,coughvid_data/06a6d9d3-cdcb-44c1-b006-4470ecc509b0.wav,0.0
10820737-de4d-4d54-b239-9e0ff6b09361,coughvid_data/10820737-de4d-4d54-b239-9e0ff6b09361.wav,coughvid_data/10820737-de4d-4d54-b239-9e0ff6b09361.wav,0.0
1ea18b05-197f-498f-b539-0a02133f4030,coughvid_data/1ea18b05-197f-498f-b539-0a02133f4030.wav,coughvid_data/1ea18b05-197f-498f-b539-0a02133f4030.wav,0.0
429020e9-eeab-43f6-a72b-6f19fdcdb054,coughvid_data/429020e9-eeab-43f6-a72b-6f19fdcdb054.wav,coughvid_data/429020e9-eeab-43f6-a72b-6f19fdcdb054.wav,1.0
1266d596-9264-45fb-8cff-296c0d404a35,coughvid_data/1266d596-9264-45fb-8cff-296c0d404a35.wav,coughvid_data/1266d596-9264-45fb-8cff-296c0d404a35.wav,0.0
b35c9f6c-4e1d-4c3f-a733-5905c3ee387d,coughvid_data/b35c9f6c-4e1d-4c3f-a733-5905c3ee387d.wav,coughvid_data/b35c9f6c-4e1d-4c3f-a733-5905c3ee387d.wav,1.0
66636b7b-3e0e-4613-9f1f-4ec16fb313c3,coughvid_data/66636b7b-3e0e-4613-9f1f-4ec16fb313c3.wav,coughvid_data/66636b7b-3e0e-4613-9f1f-4ec16fb313c3.wav,1.0
f1b952ed-8ecc-4eda-87db-f8180fda93b0,coughvid_data/f1b952ed-8ecc-4eda-87db-f8180fda93b0.wav,coughvid_data/f1b952ed-8ecc-4eda-87db-f8180fda93b0.wav,0.0
3e989c3a-802a-491a-8d11-ae4c3d7ea627,coughvid_data/3e989c3a-802a-491a-8d11-ae4c3d7ea627.wav,coughvid_data/3e989c3a-802a-491a-8d11-ae4c3d7ea627.wav,0.0
1a228f1f-b2db-4dbd-858d-aa97ab44be3d,coughvid_data/1a228f1f-b2db-4dbd-858d-aa97ab44be3d.wav,coughvid_data/1a228f1f-b2db-4dbd-858d-aa97ab44be3d.wav,0.0
7f8e60f4-5cbd-4ec6-bc73-e8ab2b6c3abd,coughvid_data/7f8e60f4-5cbd-4ec6-bc73-e8ab2b6c3abd.wav,coughvid_data/7f8e60f4-5cbd-4ec6-bc73-e8ab2b6c3abd.wav,1.0
eaf8eec2-6228-45e3-9085-7e987ba6b8e8,coughvid_data/eaf8eec2-6228-45e3-9085-7e987ba6b8e8.wav,coughvid_data/eaf8eec2-6228-45e3-9085-7e987ba6b8e8.wav,1.0
8c29882a-21e8-4cd8-a811-fbe2ed8aef05,coughvid_data/8c29882a-21e8-4cd8-a811-fbe2ed8aef05.wav,coughvid_data/8c29882a-21e8-4cd8-a811-fbe2ed8aef05.wav,0.0
f2f56438-1835-4f49-8f64-0d18dabb9628,coughvid_data/f2f56438-1835-4f49-8f64-0d18dabb9628.wav,coughvid_data/f2f56438-1835-4f49-8f64-0d18dabb9628.wav,0.0
a14ac807-5cf3-44d8-acd6-830dd0d086ea,coughvid_data/a14ac807-5cf3-44d8-acd6-830dd0d086ea.wav,coughvid_data/a14ac807-5cf3-44d8-acd6-830dd0d086ea.wav,1.0
755e779e-454d-4125-bc14-4c5211970100,coughvid_data/755e779e-454d-4125-bc14-4c5211970100.wav,coughvid_data/755e779e-454d-4125-bc14-4c5211970100.wav,1.0
1ddb096b-c0a7-4e5b-960a-98757cb86569,coughvid_data/1ddb096b-c0a7-4e5b-960a-98757cb86569.wav,coughvid_data/1ddb096b-c0a7-4e5b-960a-98757cb86569.wav,1.0
2c424ec5-6693-40c9-83f8-4cb5b603fab0,coughvid_data/2c424ec5-6693-40c9-83f8-4cb5b603fab0.wav,coughvid_data/2c424ec5-6693-40c9-83f8-4cb5b603fab0.wav,1.0
f5a43e48-f091-4ff5-bda9-3899d06c95e3,coughvid_data/f5a43e48-f091-4ff5-bda9-3899d06c95e3.wav,coughvid_data/f5a43e48-f091-4ff5-bda9-3899d06c95e3.wav,1.0
e915a529-529f-4be2-b6c0-89eb23b246ca,coughvid_data/e915a529-529f-4be2-b6c0-89eb23b246ca.wav,coughvid_data/e915a529-529f-4be2-b6c0-89eb23b246ca.wav,0.0
48012a40-d81e-45a6-a48c-3829cfa4cb02,coughvid_data/48012a40-d81e-45a6-a48c-3829cfa4cb02.wav,coughvid_data/48012a40-d81e-45a6-a48c-3829cfa4cb02.wav,1.0
cbe792ac-397c-4b38-91d3-043fef882f90,coughvid_data/cbe792ac-397c-4b38-91d3-043fef882f90.wav,coughvid_data/cbe792ac-397c-4b38-91d3-043fef882f90.wav,1.0
f0d7ec87-ffb8-4de0-83f5-9ed367d567a7,coughvid_data/f0d7ec87-ffb8-4de0-83f5-9ed367d567a7.wav,coughvid_data/f0d7ec87-ffb8-4de0-83f5-9ed367d567a7.wav,0.0
6fd4dbaf-47a0-49d1-84cf-e3e613ee57ee,coughvid_data/6fd4dbaf-47a0-49d1-84cf-e3e613ee57ee.wav,coughvid_data/6fd4dbaf-47a0-49d1-84cf-e3e613ee57ee.wav,1.0
90229ed2-857b-43c9-b7f4-f16ebd8e87a8,coughvid_data/90229ed2-857b-43c9-b7f4-f16ebd8e87a8.wav,coughvid_data/90229ed2-857b-43c9-b7f4-f16ebd8e87a8.wav,1.0
fa641666-b850-48eb-85be-989e3c466ddb,coughvid_data/fa641666-b850-48eb-85be-989e3c466ddb.wav,coughvid_data/fa641666-b850-48eb-85be-989e3c466ddb.wav,1.0
f7568930-35b2-47f1-bca0-bccdb9501a95,coughvid_data/f7568930-35b2-47f1-bca0-bccdb9501a95.wav,coughvid_data/f7568930-35b2-47f1-bca0-bccdb9501a95.wav,0.0
1122a43f-1a4b-4292-903e-963b8463a56c,coughvid_data/1122a43f-1a4b-4292-903e-963b8463a56c.wav,coughvid_data/1122a43f-1a4b-4292-903e-963b8463a56c.wav,1.0
5959c8ed-924e-41f4-8299-e38fa04871f4,coughvid_data/5959c8ed-924e-41f4-8299-e38fa04871f4.wav,coughvid_data/5959c8ed-924e-41f4-8299-e38fa04871f4.wav,1.0
600d04ee-7fbc-42fa-b6af-f4bfe7752566,coughvid_data/600d04ee-7fbc-42fa-b6af-f4bfe7752566.wav,coughvid_data/600d04ee-7fbc-42fa-b6af-f4bfe7752566.wav,0.0
4344101d-3fc1-47fd-be0d-c8d4b4caa940,coughvid_data/4344101d-3fc1-47fd-be0d-c8d4b4caa940.wav,coughvid_data/4344101d-3fc1-47fd-be0d-c8d4b4caa940.wav,0.0
386954a1-e543-4f93-bed3-70075ef82f99,coughvid_data/386954a1-e543-4f93-bed3-70075ef82f99.wav,coughvid_data/386954a1-e543-4f93-bed3-70075ef82f99.wav,1.0
68028e0f-89b8-4a79-9af1-06412ab645f0,coughvid_data/68028e0f-89b8-4a79-9af1-06412ab645f0.wav,coughvid_data/68028e0f-89b8-4a79-9af1-06412ab645f0.wav,0.0
082bd6f2-b8ac-4df8-89b3-892eb2c44f44,coughvid_data/082bd6f2-b8ac-4df8-89b3-892eb2c44f44.wav,coughvid_data/082bd6f2-b8ac-4df8-89b3-892eb2c44f44.wav,1.0
c96b9365-6711-4039-9c87-f88a7805828e,coughvid_data/c96b9365-6711-4039-9c87-f88a7805828e.wav,coughvid_data/c96b9365-6711-4039-9c87-f88a7805828e.wav,0.0
f0fe802e-da40-4cd9-8d1f-2f45918911a0,coughvid_data/f0fe802e-da40-4cd9-8d1f-2f45918911a0.wav,coughvid_data/f0fe802e-da40-4cd9-8d1f-2f45918911a0.wav,0.0
5416209d-3c8b-4eb6-b9aa-05669a145b6b,coughvid_data/5416209d-3c8b-4eb6-b9aa-05669a145b6b.wav,coughvid_data/5416209d-3c8b-4eb6-b9aa-05669a145b6b.wav,1.0
93d06c12-d84a-4117-b9b7-3e20ad7dc957,coughvid_data/93d06c12-d84a-4117-b9b7-3e20ad7dc957.wav,coughvid_data/93d06c12-d84a-4117-b9b7-3e20ad7dc957.wav,0.0
9154418a-bdfb-4d6f-959e-16d289ba59ef,coughvid_data/9154418a-bdfb-4d6f-959e-16d289ba59ef.wav,coughvid_data/9154418a-bdfb-4d6f-959e-16d289ba59ef.wav,1.0
a92773de-a51d-46ed-8747-c46e0f660e64,coughvid_data/a92773de-a51d-46ed-8747-c46e0f660e64.wav,coughvid_data/a92773de-a51d-46ed-8747-c46e0f660e64.wav,1.0
98e0e81c-f971-4306-8973-a6d59cf8ee5e,coughvid_data/98e0e81c-f971-4306-8973-a6d59cf8ee5e.wav,coughvid_data/98e0e81c-f971-4306-8973-a6d59cf8ee5e.wav,0.0
5f8f24de-db47-4180-88ea-f10264e876cf,coughvid_data/5f8f24de-db47-4180-88ea-f10264e876cf.wav,coughvid_data/5f8f24de-db47-4180-88ea-f10264e876cf.wav,1.0
3fd181de-a621-4343-b21e-8a0e85c7d388,coughvid_data/3fd181de-a621-4343-b21e-8a0e85c7d388.wav,coughvid_data/3fd181de-a621-4343-b21e-8a0e85c7d388.wav,0.0
e3c966b3-5c2d-4e86-9ec2-09ae12f03d20,coughvid_data/e3c966b3-5c2d-4e86-9ec2-09ae12f03d20.wav,coughvid_data/e3c966b3-5c2d-4e86-9ec2-09ae12f03d20.wav,0.0
deed6204-88f7-4d5c-824c-44c662fc5ad3,coughvid_data/deed6204-88f7-4d5c-824c-44c662fc5ad3.wav,coughvid_data/deed6204-88f7-4d5c-824c-44c662fc5ad3.wav,0.0
03ad83d5-4fef-4d78-b945-fa0d996054e6,coughvid_data/03ad83d5-4fef-4d78-b945-fa0d996054e6.wav,coughvid_data/03ad83d5-4fef-4d78-b945-fa0d996054e6.wav,0.0
703b38f3-00e1-43a9-91e3-f32e4cfd897d,coughvid_data/703b38f3-00e1-43a9-91e3-f32e4cfd897d.wav,coughvid_data/703b38f3-00e1-43a9-91e3-f32e4cfd897d.wav,0.0
42943d1a-6c39-4bb9-a01c-6e3b86b52823,coughvid_data/42943d1a-6c39-4bb9-a01c-6e3b86b52823.wav,coughvid_data/42943d1a-6c39-4bb9-a01c-6e3b86b52823.wav,0.0
453a2e23-38b2-4b65-a2d8-0e89ec37c872,coughvid_data/453a2e23-38b2-4b65-a2d8-0e89ec37c872.wav,coughvid_data/453a2e23-38b2-4b65-a2d8-0e89ec37c872.wav,1.0
90fb4548-1d6a-43b2-aabf-3f8f4779fa5d,coughvid_data/90fb4548-1d6a-43b2-aabf-3f8f4779fa5d.wav,coughvid_data/90fb4548-1d6a-43b2-aabf-3f8f4779fa5d.wav,1.0
54a2a90d-3d65-4ff5-92cd-eabaa2143271,coughvid_data/54a2a90d-3d65-4ff5-92cd-eabaa2143271.wav,coughvid_data/54a2a90d-3d65-4ff5-92cd-eabaa2143271.wav,0.0
eca815b2-4851-4f57-b302-b5e012a44158,coughvid_data/eca815b2-4851-4f57-b302-b5e012a44158.wav,coughvid_data/eca815b2-4851-4f57-b302-b5e012a44158.wav,1.0
7a8b3ae6-ede2-45e9-a517-1be374a8d9b5,coughvid_data/7a8b3ae6-ede2-45e9-a517-1be374a8d9b5.wav,coughvid_data/7a8b3ae6-ede2-45e9-a517-1be374a8d9b5.wav,1.0
22ac9dc4-858e-4db5-886e-792d7553e67f,coughvid_data/22ac9dc4-858e-4db5-886e-792d7553e67f.wav,coughvid_data/22ac9dc4-858e-4db5-886e-792d7553e67f.wav,1.0
1d5897ed-986a-4099-a2e7-037a5fbf9d6b,coughvid_data/1d5897ed-986a-4099-a2e7-037a5fbf9d6b.wav,coughvid_data/1d5897ed-986a-4099-a2e7-037a5fbf9d6b.wav,0.0
195a2608-6cd7-4197-9e13-00af313740ce,coughvid_data/195a2608-6cd7-4197-9e13-00af313740ce.wav,coughvid_data/195a2608-6cd7-4197-9e13-00af313740ce.wav,1.0
4c89c375-73e9-43fc-8253-7dc83efc2ab2,coughvid_data/4c89c375-73e9-43fc-8253-7dc83efc2ab2.wav,coughvid_data/4c89c375-73e9-43fc-8253-7dc83efc2ab2.wav,1.0
075c2fc3-7c84-442b-b138-3345db4f31fd,coughvid_data/075c2fc3-7c84-442b-b138-3345db4f31fd.wav,coughvid_data/075c2fc3-7c84-442b-b138-3345db4f31fd.wav,0.0
b6512cec-01ce-43c1-b0fc-d89eb49bcc65,coughvid_data/b6512cec-01ce-43c1-b0fc-d89eb49bcc65.wav,coughvid_data/b6512cec-01ce-43c1-b0fc-d89eb49bcc65.wav,0.0
5b534a13-dcee-4490-80c7-4978a6c1d6b5,coughvid_data/5b534a13-dcee-4490-80c7-4978a6c1d6b5.wav,coughvid_data/5b534a13-dcee-4490-80c7-4978a6c1d6b5.wav,1.0
6793221c-3716-4cbb-9eb0-58afe524e8b8,coughvid_data/6793221c-3716-4cbb-9eb0-58afe524e8b8.wav,coughvid_data/6793221c-3716-4cbb-9eb0-58afe524e8b8.wav,1.0
61716d56-8676-4234-8cbc-c2ea724c1405,coughvid_data/61716d56-8676-4234-8cbc-c2ea724c1405.wav,coughvid_data/61716d56-8676-4234-8cbc-c2ea724c1405.wav,1.0
9d2a9390-a7e3-499a-bae1-3edb02e3bfbf,coughvid_data/9d2a9390-a7e3-499a-bae1-3edb02e3bfbf.wav,coughvid_data/9d2a9390-a7e3-499a-bae1-3edb02e3bfbf.wav,1.0
b8e51654-6a88-4f1e-88f2-4a89a81c58cd,coughvid_data/b8e51654-6a88-4f1e-88f2-4a89a81c58cd.wav,coughvid_data/b8e51654-6a88-4f1e-88f2-4a89a81c58cd.wav,0.0
b763767c-f43d-46a6-bb9c-7ede85fa30a8,coughvid_data/b763767c-f43d-46a6-bb9c-7ede85fa30a8.wav,coughvid_data/b763767c-f43d-46a6-bb9c-7ede85fa30a8.wav,0.0
8da542e9-1d78-4ffb-9b9f-4bb710aef58e,coughvid_data/8da542e9-1d78-4ffb-9b9f-4bb710aef58e.wav,coughvid_data/8da542e9-1d78-4ffb-9b9f-4bb710aef58e.wav,1.0
b80dfc54-5749-4a4b-b154-404fdd662116,coughvid_data/b80dfc54-5749-4a4b-b154-404fdd662116.wav,coughvid_data/b80dfc54-5749-4a4b-b154-404fdd662116.wav,1.0
e6c280c9-2ea3-4c1c-8de5-e11db65a786a,coughvid_data/e6c280c9-2ea3-4c1c-8de5-e11db65a786a.wav,coughvid_data/e6c280c9-2ea3-4c1c-8de5-e11db65a786a.wav,1.0
39de41cf-f32a-4ffc-805b-e0247d258ac7,coughvid_data/39de41cf-f32a-4ffc-805b-e0247d258ac7.wav,coughvid_data/39de41cf-f32a-4ffc-805b-e0247d258ac7.wav,0.0
3d66f63b-9164-4fae-b849-6c48fd0a7086,coughvid_data/3d66f63b-9164-4fae-b849-6c48fd0a7086.wav,coughvid_data/3d66f63b-9164-4fae-b849-6c48fd0a7086.wav,0.0
17bdb57b-7907-4ede-8598-e472cb6c53f2,coughvid_data/17bdb57b-7907-4ede-8598-e472cb6c53f2.wav,coughvid_data/17bdb57b-7907-4ede-8598-e472cb6c53f2.wav,0.0
81e15c1b-2748-4a15-aa41-225d89ff6194,coughvid_data/81e15c1b-2748-4a15-aa41-225d89ff6194.wav,coughvid_data/81e15c1b-2748-4a15-aa41-225d89ff6194.wav,1.0
1c34985e-04bd-4db9-828d-3e0d658f4705,coughvid_data/1c34985e-04bd-4db9-828d-3e0d658f4705.wav,coughvid_data/1c34985e-04bd-4db9-828d-3e0d658f4705.wav,0.0
0c274db7-c73f-45a6-a1d5-d1ef81cf7e55,coughvid_data/0c274db7-c73f-45a6-a1d5-d1ef81cf7e55.wav,coughvid_data/0c274db7-c73f-45a6-a1d5-d1ef81cf7e55.wav,0.0
d50c919f-945b-4caa-842f-f246e9786b80,coughvid_data/d50c919f-945b-4caa-842f-f246e9786b80.wav,coughvid_data/d50c919f-945b-4caa-842f-f246e9786b80.wav,1.0
2a99f94f-1eb3-48b9-96bd-a242fbd92708,coughvid_data/2a99f94f-1eb3-48b9-96bd-a242fbd92708.wav,coughvid_data/2a99f94f-1eb3-48b9-96bd-a242fbd92708.wav,0.0
8e3e4cc2-c095-448d-8492-80a61ac1bdaf,coughvid_data/8e3e4cc2-c095-448d-8492-80a61ac1bdaf.wav,coughvid_data/8e3e4cc2-c095-448d-8492-80a61ac1bdaf.wav,1.0
630293f6-40bb-4929-aede-f9505f91e9c0,coughvid_data/630293f6-40bb-4929-aede-f9505f91e9c0.wav,coughvid_data/630293f6-40bb-4929-aede-f9505f91e9c0.wav,1.0
f623b9db-dada-4fc1-992a-519ebcc96b3d,coughvid_data/f623b9db-dada-4fc1-992a-519ebcc96b3d.wav,coughvid_data/f623b9db-dada-4fc1-992a-519ebcc96b3d.wav,0.0
17c3f6bb-4ccc-4efb-b01d-a97fbc81f7c1,coughvid_data/17c3f6bb-4ccc-4efb-b01d-a97fbc81f7c1.wav,coughvid_data/17c3f6bb-4ccc-4efb-b01d-a97fbc81f7c1.wav,1.0
1a8024af-014f-4bef-9add-ca3a8b9956c4,coughvid_data/1a8024af-014f-4bef-9add-ca3a8b9956c4.wav,coughvid_data/1a8024af-014f-4bef-9add-ca3a8b9956c4.wav,1.0
19be811b-c07f-4f88-b72e-0e335dd7c906,coughvid_data/19be811b-c07f-4f88-b72e-0e335dd7c906.wav,coughvid_data/19be811b-c07f-4f88-b72e-0e335dd7c906.wav,1.0
4b23d454-ea53-4964-8170-861a9cc81e11,coughvid_data/4b23d454-ea53-4964-8170-861a9cc81e11.wav,coughvid_data/4b23d454-ea53-4964-8170-861a9cc81e11.wav,0.0
db174c7d-8624-4248-8963-5512f3f7500e,coughvid_data/db174c7d-8624-4248-8963-5512f3f7500e.wav,coughvid_data/db174c7d-8624-4248-8963-5512f3f7500e.wav,1.0
823cad93-c740-483f-b51a-fd002df18693,coughvid_data/823cad93-c740-483f-b51a-fd002df18693.wav,coughvid_data/823cad93-c740-483f-b51a-fd002df18693.wav,0.0
b4f57df5-9809-4855-aa86-dd6830443014,coughvid_data/b4f57df5-9809-4855-aa86-dd6830443014.wav,coughvid_data/b4f57df5-9809-4855-aa86-dd6830443014.wav,1.0
7e0e4997-fe78-4b1c-a9f6-3b76d4499a85,coughvid_data/7e0e4997-fe78-4b1c-a9f6-3b76d4499a85.wav,coughvid_data/7e0e4997-fe78-4b1c-a9f6-3b76d4499a85.wav,1.0
233f6a35-0654-42dd-bfc4-45587ebf65e9,coughvid_data/233f6a35-0654-42dd-bfc4-45587ebf65e9.wav,coughvid_data/233f6a35-0654-42dd-bfc4-45587ebf65e9.wav,1.0
ad57b898-49b6-416f-93f3-772392d7b2c6,coughvid_data/ad57b898-49b6-416f-93f3-772392d7b2c6.wav,coughvid_data/ad57b898-49b6-416f-93f3-772392d7b2c6.wav,0.0
469ae5ff-657d-444f-b8a0-d0a9a20d1cff,coughvid_data/469ae5ff-657d-444f-b8a0-d0a9a20d1cff.wav,coughvid_data/469ae5ff-657d-444f-b8a0-d0a9a20d1cff.wav,1.0
64b22f8b-7c8c-48ed-84aa-7cd81593931e,coughvid_data/64b22f8b-7c8c-48ed-84aa-7cd81593931e.wav,coughvid_data/64b22f8b-7c8c-48ed-84aa-7cd81593931e.wav,0.0
aea57179-6432-4d62-92a2-ea2debcffb0a,coughvid_data/aea57179-6432-4d62-92a2-ea2debcffb0a.wav,coughvid_data/aea57179-6432-4d62-92a2-ea2debcffb0a.wav,0.0
a04244ad-cf91-4825-a5af-e032fb8974e4,coughvid_data/a04244ad-cf91-4825-a5af-e032fb8974e4.wav,coughvid_data/a04244ad-cf91-4825-a5af-e032fb8974e4.wav,1.0
3607e908-a11c-4c55-99f7-e3735f4ed13d,coughvid_data/3607e908-a11c-4c55-99f7-e3735f4ed13d.wav,coughvid_data/3607e908-a11c-4c55-99f7-e3735f4ed13d.wav,1.0
8691d8e6-8d83-4d7c-b3d7-590f822c47fc,coughvid_data/8691d8e6-8d83-4d7c-b3d7-590f822c47fc.wav,coughvid_data/8691d8e6-8d83-4d7c-b3d7-590f822c47fc.wav,1.0
8b729de6-daf8-492b-ade2-3a346ab64510,coughvid_data/8b729de6-daf8-492b-ade2-3a346ab64510.wav,coughvid_data/8b729de6-daf8-492b-ade2-3a346ab64510.wav,1.0
ed4eecca-4cfc-41a4-80a3-a6caf8a7141e,coughvid_data/ed4eecca-4cfc-41a4-80a3-a6caf8a7141e.wav,coughvid_data/ed4eecca-4cfc-41a4-80a3-a6caf8a7141e.wav,1.0
326ac014-2d75-4359-be28-7f1b6ee345da,coughvid_data/326ac014-2d75-4359-be28-7f1b6ee345da.wav,coughvid_data/326ac014-2d75-4359-be28-7f1b6ee345da.wav,1.0
56c630ce-821e-4dfd-83fa-24da13a4fd31,coughvid_data/56c630ce-821e-4dfd-83fa-24da13a4fd31.wav,coughvid_data/56c630ce-821e-4dfd-83fa-24da13a4fd31.wav,1.0
25890602-367a-4831-ad1a-8b47735e23da,coughvid_data/25890602-367a-4831-ad1a-8b47735e23da.wav,coughvid_data/25890602-367a-4831-ad1a-8b47735e23da.wav,1.0
a44885ef-9dca-4679-ad16-693b66e6d67b,coughvid_data/a44885ef-9dca-4679-ad16-693b66e6d67b.wav,coughvid_data/a44885ef-9dca-4679-ad16-693b66e6d67b.wav,0.0
eddb9858-947a-4667-b56b-e6ebabfbfb53,coughvid_data/eddb9858-947a-4667-b56b-e6ebabfbfb53.wav,coughvid_data/eddb9858-947a-4667-b56b-e6ebabfbfb53.wav,0.0
3e82091b-3634-4111-8c6b-06cd6caddc2c,coughvid_data/3e82091b-3634-4111-8c6b-06cd6caddc2c.wav,coughvid_data/3e82091b-3634-4111-8c6b-06cd6caddc2c.wav,0.0
a5afcb1f-8e2e-4d85-b1ed-dd5155ae1e72,coughvid_data/a5afcb1f-8e2e-4d85-b1ed-dd5155ae1e72.wav,coughvid_data/a5afcb1f-8e2e-4d85-b1ed-dd5155ae1e72.wav,1.0
fb8ae5c2-e11b-41b2-85ce-deff8e145426,coughvid_data/fb8ae5c2-e11b-41b2-85ce-deff8e145426.wav,coughvid_data/fb8ae5c2-e11b-41b2-85ce-deff8e145426.wav,0.0
1ed9491a-4036-4308-bc44-5036fc2e9f28,coughvid_data/1ed9491a-4036-4308-bc44-5036fc2e9f28.wav,coughvid_data/1ed9491a-4036-4308-bc44-5036fc2e9f28.wav,1.0
e040c309-1588-47ea-ba0c-9e3b6a8f8358,coughvid_data/e040c309-1588-47ea-ba0c-9e3b6a8f8358.wav,coughvid_data/e040c309-1588-47ea-ba0c-9e3b6a8f8358.wav,1.0
621b0753-8d3e-4fc6-a840-fa3ea70b4ac1,coughvid_data/621b0753-8d3e-4fc6-a840-fa3ea70b4ac1.wav,coughvid_data/621b0753-8d3e-4fc6-a840-fa3ea70b4ac1.wav,0.0
5315512c-19ef-4afc-8d9e-b85dc330ddc7,coughvid_data/5315512c-19ef-4afc-8d9e-b85dc330ddc7.wav,coughvid_data/5315512c-19ef-4afc-8d9e-b85dc330ddc7.wav,0.0
f7f64e7a-55d1-4958-b913-3dcca610a2c7,coughvid_data/f7f64e7a-55d1-4958-b913-3dcca610a2c7.wav,coughvid_data/f7f64e7a-55d1-4958-b913-3dcca610a2c7.wav,0.0
6857db62-0aa5-476d-a9a9-e527b4713723,coughvid_data/6857db62-0aa5-476d-a9a9-e527b4713723.wav,coughvid_data/6857db62-0aa5-476d-a9a9-e527b4713723.wav,0.0
650578c5-4d05-4087-b986-a24d9cd2dfb0,coughvid_data/650578c5-4d05-4087-b986-a24d9cd2dfb0.wav,coughvid_data/650578c5-4d05-4087-b986-a24d9cd2dfb0.wav,1.0
0d50fcbb-7193-4340-b72a-905854a8b99d,coughvid_data/0d50fcbb-7193-4340-b72a-905854a8b99d.wav,coughvid_data/0d50fcbb-7193-4340-b72a-905854a8b99d.wav,0.0
526924d8-789f-4668-b919-32f4b2276fe7,coughvid_data/526924d8-789f-4668-b919-32f4b2276fe7.wav,coughvid_data/526924d8-789f-4668-b919-32f4b2276fe7.wav,0.0
7acfccac-e469-47c8-8e62-6bc002b5803f,coughvid_data/7acfccac-e469-47c8-8e62-6bc002b5803f.wav,coughvid_data/7acfccac-e469-47c8-8e62-6bc002b5803f.wav,1.0
d4e734b0-d99f-4ab4-803f-1f96b056c3aa,coughvid_data/d4e734b0-d99f-4ab4-803f-1f96b056c3aa.wav,coughvid_data/d4e734b0-d99f-4ab4-803f-1f96b056c3aa.wav,1.0
86bb00e5-00ad-49ea-9c13-510a6816d94d,coughvid_data/86bb00e5-00ad-49ea-9c13-510a6816d94d.wav,coughvid_data/86bb00e5-00ad-49ea-9c13-510a6816d94d.wav,1.0
1464b94a-fddb-4d5c-9b86-391820c434ae,coughvid_data/1464b94a-fddb-4d5c-9b86-391820c434ae.wav,coughvid_data/1464b94a-fddb-4d5c-9b86-391820c434ae.wav,1.0
ea07f124-9e41-47e8-bad0-05d60b52df58,coughvid_data/ea07f124-9e41-47e8-bad0-05d60b52df58.wav,coughvid_data/ea07f124-9e41-47e8-bad0-05d60b52df58.wav,1.0
9f3b58ee-7a5a-4f39-8b07-897027430b2d,coughvid_data/9f3b58ee-7a5a-4f39-8b07-897027430b2d.wav,coughvid_data/9f3b58ee-7a5a-4f39-8b07-897027430b2d.wav,1.0
b459a8c5-2481-4700-aa27-6c7496939c2c,coughvid_data/b459a8c5-2481-4700-aa27-6c7496939c2c.wav,coughvid_data/b459a8c5-2481-4700-aa27-6c7496939c2c.wav,0.0
ab272d68-e4b6-4ad9-a3f0-0246fcf248f2,coughvid_data/ab272d68-e4b6-4ad9-a3f0-0246fcf248f2.wav,coughvid_data/ab272d68-e4b6-4ad9-a3f0-0246fcf248f2.wav,1.0
1c21cb68-6ea8-4aa1-af22-2e64007554d7,coughvid_data/1c21cb68-6ea8-4aa1-af22-2e64007554d7.wav,coughvid_data/1c21cb68-6ea8-4aa1-af22-2e64007554d7.wav,1.0
3c65a39a-d51c-4ed8-b529-af449dbf1a89,coughvid_data/3c65a39a-d51c-4ed8-b529-af449dbf1a89.wav,coughvid_data/3c65a39a-d51c-4ed8-b529-af449dbf1a89.wav,0.0
c6617253-e583-4c55-b0e2-3b1038668d96,coughvid_data/c6617253-e583-4c55-b0e2-3b1038668d96.wav,coughvid_data/c6617253-e583-4c55-b0e2-3b1038668d96.wav,1.0
e1bb355c-4c0d-41c4-9360-9b9139363d12,coughvid_data/e1bb355c-4c0d-41c4-9360-9b9139363d12.wav,coughvid_data/e1bb355c-4c0d-41c4-9360-9b9139363d12.wav,0.0
f5b8f8e8-8480-483f-8d49-2cb53aa22e8a,coughvid_data/f5b8f8e8-8480-483f-8d49-2cb53aa22e8a.wav,coughvid_data/f5b8f8e8-8480-483f-8d49-2cb53aa22e8a.wav,1.0
57c25c39-f510-44e3-9ca0-0f694c81a440,coughvid_data/57c25c39-f510-44e3-9ca0-0f694c81a440.wav,coughvid_data/57c25c39-f510-44e3-9ca0-0f694c81a440.wav,1.0
f9692553-4794-4060-bc83-d8301418f5f2,coughvid_data/f9692553-4794-4060-bc83-d8301418f5f2.wav,coughvid_data/f9692553-4794-4060-bc83-d8301418f5f2.wav,1.0
58bb4166-02b6-43ff-956d-16a33d87598b,coughvid_data/58bb4166-02b6-43ff-956d-16a33d87598b.wav,coughvid_data/58bb4166-02b6-43ff-956d-16a33d87598b.wav,1.0
04c3d6a6-4773-4544-97aa-e25058686a0e,coughvid_data/04c3d6a6-4773-4544-97aa-e25058686a0e.wav,coughvid_data/04c3d6a6-4773-4544-97aa-e25058686a0e.wav,1.0
7f281b5a-7e29-4a5a-9f05-a675b8058e64,coughvid_data/7f281b5a-7e29-4a5a-9f05-a675b8058e64.wav,coughvid_data/7f281b5a-7e29-4a5a-9f05-a675b8058e64.wav,0.0
fb5cf5db-4575-4e11-9b7c-720461228ee2,coughvid_data/fb5cf5db-4575-4e11-9b7c-720461228ee2.wav,coughvid_data/fb5cf5db-4575-4e11-9b7c-720461228ee2.wav,0.0
bdcfa855-f0c6-48b5-8dbc-de88639d25f7,coughvid_data/bdcfa855-f0c6-48b5-8dbc-de88639d25f7.wav,coughvid_data/bdcfa855-f0c6-48b5-8dbc-de88639d25f7.wav,0.0
b3b71210-d2d5-4d62-b50d-e7cd658488a3,coughvid_data/b3b71210-d2d5-4d62-b50d-e7cd658488a3.wav,coughvid_data/b3b71210-d2d5-4d62-b50d-e7cd658488a3.wav,1.0
6fe32e9d-c238-4cec-bc0d-215300d55bef,coughvid_data/6fe32e9d-c238-4cec-bc0d-215300d55bef.wav,coughvid_data/6fe32e9d-c238-4cec-bc0d-215300d55bef.wav,1.0
8fa21bf5-3bc8-4571-a745-72080a21bdda,coughvid_data/8fa21bf5-3bc8-4571-a745-72080a21bdda.wav,coughvid_data/8fa21bf5-3bc8-4571-a745-72080a21bdda.wav,0.0
b8673adc-2b9d-4bb9-bd7b-a5ee2c1df077,coughvid_data/b8673adc-2b9d-4bb9-bd7b-a5ee2c1df077.wav,coughvid_data/b8673adc-2b9d-4bb9-bd7b-a5ee2c1df077.wav,1.0
1f287912-8ec4-4e84-9a37-cb29c230e775,coughvid_data/1f287912-8ec4-4e84-9a37-cb29c230e775.wav,coughvid_data/1f287912-8ec4-4e84-9a37-cb29c230e775.wav,1.0
07605d5e-6800-4f1c-83de-0cab036d59bd,coughvid_data/07605d5e-6800-4f1c-83de-0cab036d59bd.wav,coughvid_data/07605d5e-6800-4f1c-83de-0cab036d59bd.wav,1.0
d4f5656c-8ecf-467b-9036-06cc6a9b9aaf,coughvid_data/d4f5656c-8ecf-467b-9036-06cc6a9b9aaf.wav,coughvid_data/d4f5656c-8ecf-467b-9036-06cc6a9b9aaf.wav,0.0
8eba9da5-25d3-4815-b089-7b56fdd98293,coughvid_data/8eba9da5-25d3-4815-b089-7b56fdd98293.wav,coughvid_data/8eba9da5-25d3-4815-b089-7b56fdd98293.wav,0.0
a35b4934-d972-465b-a8db-3902b84529a2,coughvid_data/a35b4934-d972-465b-a8db-3902b84529a2.wav,coughvid_data/a35b4934-d972-465b-a8db-3902b84529a2.wav,1.0
6efeffcd-e1bb-4b58-a5d3-39f6afcfdb03,coughvid_data/6efeffcd-e1bb-4b58-a5d3-39f6afcfdb03.wav,coughvid_data/6efeffcd-e1bb-4b58-a5d3-39f6afcfdb03.wav,0.0
0c91c8a3-fffb-40aa-9818-196841dafc03,coughvid_data/0c91c8a3-fffb-40aa-9818-196841dafc03.wav,coughvid_data/0c91c8a3-fffb-40aa-9818-196841dafc03.wav,1.0
b9ef71d6-3895-4e82-ae41-fded7ef9479d,coughvid_data/b9ef71d6-3895-4e82-ae41-fded7ef9479d.wav,coughvid_data/b9ef71d6-3895-4e82-ae41-fded7ef9479d.wav,0.0
952c0483-b8a7-4bd8-bef5-c829f7ced3f6,coughvid_data/952c0483-b8a7-4bd8-bef5-c829f7ced3f6.wav,coughvid_data/952c0483-b8a7-4bd8-bef5-c829f7ced3f6.wav,1.0
b7e99caf-383c-4e90-8104-99268c112e1b,coughvid_data/b7e99caf-383c-4e90-8104-99268c112e1b.wav,coughvid_data/b7e99caf-383c-4e90-8104-99268c112e1b.wav,0.0
f38c821b-1893-4581-8625-2a70f2db59b0,coughvid_data/f38c821b-1893-4581-8625-2a70f2db59b0.wav,coughvid_data/f38c821b-1893-4581-8625-2a70f2db59b0.wav,0.0
89d87c56-f5db-458e-b10b-1dc2d41f7f62,coughvid_data/89d87c56-f5db-458e-b10b-1dc2d41f7f62.wav,coughvid_data/89d87c56-f5db-458e-b10b-1dc2d41f7f62.wav,1.0
809eebed-4314-493d-99eb-00a809886733,coughvid_data/809eebed-4314-493d-99eb-00a809886733.wav,coughvid_data/809eebed-4314-493d-99eb-00a809886733.wav,1.0
adca559a-c779-48c8-b9ac-8b48e106d536,coughvid_data/adca559a-c779-48c8-b9ac-8b48e106d536.wav,coughvid_data/adca559a-c779-48c8-b9ac-8b48e106d536.wav,0.0
f36a329b-5cec-491c-9b24-1fecf8969dea,coughvid_data/f36a329b-5cec-491c-9b24-1fecf8969dea.wav,coughvid_data/f36a329b-5cec-491c-9b24-1fecf8969dea.wav,1.0
efdc1fe6-2c52-438e-8943-aaf97a387cae,coughvid_data/efdc1fe6-2c52-438e-8943-aaf97a387cae.wav,coughvid_data/efdc1fe6-2c52-438e-8943-aaf97a387cae.wav,1.0
c17ba342-a118-475b-a345-5e52e00d6606,coughvid_data/c17ba342-a118-475b-a345-5e52e00d6606.wav,coughvid_data/c17ba342-a118-475b-a345-5e52e00d6606.wav,1.0
145096cf-12d2-4b79-a941-02600f0b75b9,coughvid_data/145096cf-12d2-4b79-a941-02600f0b75b9.wav,coughvid_data/145096cf-12d2-4b79-a941-02600f0b75b9.wav,0.0
2bb183aa-f336-4386-a968-0d2fca77ee72,coughvid_data/2bb183aa-f336-4386-a968-0d2fca77ee72.wav,coughvid_data/2bb183aa-f336-4386-a968-0d2fca77ee72.wav,1.0
f782c775-8065-4756-866f-e8638bad9c51,coughvid_data/f782c775-8065-4756-866f-e8638bad9c51.wav,coughvid_data/f782c775-8065-4756-866f-e8638bad9c51.wav,0.0
1f079fb7-a126-411a-b246-a3faff8430ce,coughvid_data/1f079fb7-a126-411a-b246-a3faff8430ce.wav,coughvid_data/1f079fb7-a126-411a-b246-a3faff8430ce.wav,1.0
bc493553-d1c2-491f-9f6b-8c9f9529a55b,coughvid_data/bc493553-d1c2-491f-9f6b-8c9f9529a55b.wav,coughvid_data/bc493553-d1c2-491f-9f6b-8c9f9529a55b.wav,1.0
6c6e6556-cbb0-460c-8d2f-23c754a3050e,coughvid_data/6c6e6556-cbb0-460c-8d2f-23c754a3050e.wav,coughvid_data/6c6e6556-cbb0-460c-8d2f-23c754a3050e.wav,1.0
ee7e64ca-d399-4122-988e-d192f9789945,coughvid_data/ee7e64ca-d399-4122-988e-d192f9789945.wav,coughvid_data/ee7e64ca-d399-4122-988e-d192f9789945.wav,0.0
6f5aac6d-27f9-468d-b3c0-e1ac6f4a550c,coughvid_data/6f5aac6d-27f9-468d-b3c0-e1ac6f4a550c.wav,coughvid_data/6f5aac6d-27f9-468d-b3c0-e1ac6f4a550c.wav,1.0
4135c879-cf93-4c85-bcd6-e92dda88f530,coughvid_data/4135c879-cf93-4c85-bcd6-e92dda88f530.wav,coughvid_data/4135c879-cf93-4c85-bcd6-e92dda88f530.wav,1.0
53513dd5-62d8-4a5f-bbe8-46c95d7358a2,coughvid_data/53513dd5-62d8-4a5f-bbe8-46c95d7358a2.wav,coughvid_data/53513dd5-62d8-4a5f-bbe8-46c95d7358a2.wav,1.0
2040e4c5-d776-4614-b747-974d41f1d398,coughvid_data/2040e4c5-d776-4614-b747-974d41f1d398.wav,coughvid_data/2040e4c5-d776-4614-b747-974d41f1d398.wav,1.0
3aac052c-4344-4350-a877-59f8a5270b02,coughvid_data/3aac052c-4344-4350-a877-59f8a5270b02.wav,coughvid_data/3aac052c-4344-4350-a877-59f8a5270b02.wav,1.0
5e6dd1dd-897d-40ff-a73d-8242327dc508,coughvid_data/5e6dd1dd-897d-40ff-a73d-8242327dc508.wav,coughvid_data/5e6dd1dd-897d-40ff-a73d-8242327dc508.wav,1.0
4baadfbc-5d53-4b4f-9276-e03938931b37,coughvid_data/4baadfbc-5d53-4b4f-9276-e03938931b37.wav,coughvid_data/4baadfbc-5d53-4b4f-9276-e03938931b37.wav,1.0
8da56e9f-643a-45d4-8d28-2903146bc059,coughvid_data/8da56e9f-643a-45d4-8d28-2903146bc059.wav,coughvid_data/8da56e9f-643a-45d4-8d28-2903146bc059.wav,1.0
4cadad3c-f60a-44a8-9dbf-e392a3796758,coughvid_data/4cadad3c-f60a-44a8-9dbf-e392a3796758.wav,coughvid_data/4cadad3c-f60a-44a8-9dbf-e392a3796758.wav,0.0
bad23f65-8ba2-4fea-b252-fbb347750830,coughvid_data/bad23f65-8ba2-4fea-b252-fbb347750830.wav,coughvid_data/bad23f65-8ba2-4fea-b252-fbb347750830.wav,1.0
ec2a24f3-98c9-4636-9515-c07025b7b956,coughvid_data/ec2a24f3-98c9-4636-9515-c07025b7b956.wav,coughvid_data/ec2a24f3-98c9-4636-9515-c07025b7b956.wav,1.0
b6b3fe13-12e2-4bd0-a646-589e754a717c,coughvid_data/b6b3fe13-12e2-4bd0-a646-589e754a717c.wav,coughvid_data/b6b3fe13-12e2-4bd0-a646-589e754a717c.wav,1.0
7a08411e-3129-4464-9a99-7cadfed7e1da,coughvid_data/7a08411e-3129-4464-9a99-7cadfed7e1da.wav,coughvid_data/7a08411e-3129-4464-9a99-7cadfed7e1da.wav,0.0
d2150c82-49c0-4fb9-9f04-7db44aa8919f,coughvid_data/d2150c82-49c0-4fb9-9f04-7db44aa8919f.wav,coughvid_data/d2150c82-49c0-4fb9-9f04-7db44aa8919f.wav,1.0
813c6893-97ca-4c22-a6b7-7212e8da26e5,coughvid_data/813c6893-97ca-4c22-a6b7-7212e8da26e5.wav,coughvid_data/813c6893-97ca-4c22-a6b7-7212e8da26e5.wav,0.0
815f829f-44c3-4d7c-996f-78e014e6f9a8,coughvid_data/815f829f-44c3-4d7c-996f-78e014e6f9a8.wav,coughvid_data/815f829f-44c3-4d7c-996f-78e014e6f9a8.wav,0.0
604ad311-6ac5-4166-8362-c24b43d1cc90,coughvid_data/604ad311-6ac5-4166-8362-c24b43d1cc90.wav,coughvid_data/604ad311-6ac5-4166-8362-c24b43d1cc90.wav,1.0
f1630b72-4640-4d5e-a0f1-f5bae6848252,coughvid_data/f1630b72-4640-4d5e-a0f1-f5bae6848252.wav,coughvid_data/f1630b72-4640-4d5e-a0f1-f5bae6848252.wav,0.0
9e32c12f-f5b3-4405-9d63-4b2eca12bd4d,coughvid_data/9e32c12f-f5b3-4405-9d63-4b2eca12bd4d.wav,coughvid_data/9e32c12f-f5b3-4405-9d63-4b2eca12bd4d.wav,1.0
a9d6d23c-aa4b-463f-9638-d7ed427a922f,coughvid_data/a9d6d23c-aa4b-463f-9638-d7ed427a922f.wav,coughvid_data/a9d6d23c-aa4b-463f-9638-d7ed427a922f.wav,1.0
d06f0a54-c04e-4029-9f97-bda175ec0a69,coughvid_data/d06f0a54-c04e-4029-9f97-bda175ec0a69.wav,coughvid_data/d06f0a54-c04e-4029-9f97-bda175ec0a69.wav,1.0
f65339f1-fc76-4631-b0e1-3b7c6c6cb99c,coughvid_data/f65339f1-fc76-4631-b0e1-3b7c6c6cb99c.wav,coughvid_data/f65339f1-fc76-4631-b0e1-3b7c6c6cb99c.wav,1.0
4ab7ec4d-56b5-4b31-8e07-cb4a5440ecb2,coughvid_data/4ab7ec4d-56b5-4b31-8e07-cb4a5440ecb2.wav,coughvid_data/4ab7ec4d-56b5-4b31-8e07-cb4a5440ecb2.wav,0.0
dd235b59-b0df-4eb7-9024-3b11e1515888,coughvid_data/dd235b59-b0df-4eb7-9024-3b11e1515888.wav,coughvid_data/dd235b59-b0df-4eb7-9024-3b11e1515888.wav,1.0
61a9a79e-4bc1-4729-81bb-d74a9c392761,coughvid_data/61a9a79e-4bc1-4729-81bb-d74a9c392761.wav,coughvid_data/61a9a79e-4bc1-4729-81bb-d74a9c392761.wav,1.0
d5c91ea6-25d8-4e32-a60c-bb850bc33d6d,coughvid_data/d5c91ea6-25d8-4e32-a60c-bb850bc33d6d.wav,coughvid_data/d5c91ea6-25d8-4e32-a60c-bb850bc33d6d.wav,1.0
1b208457-5a9e-4768-a03c-1434aa8736c5,coughvid_data/1b208457-5a9e-4768-a03c-1434aa8736c5.wav,coughvid_data/1b208457-5a9e-4768-a03c-1434aa8736c5.wav,1.0
13851b4d-1ed9-4be5-85c3-b602ab2e8c88,coughvid_data/13851b4d-1ed9-4be5-85c3-b602ab2e8c88.wav,coughvid_data/13851b4d-1ed9-4be5-85c3-b602ab2e8c88.wav,1.0
f32437c3-d32f-4f3e-a62a-594e5ef70a22,coughvid_data/f32437c3-d32f-4f3e-a62a-594e5ef70a22.wav,coughvid_data/f32437c3-d32f-4f3e-a62a-594e5ef70a22.wav,0.0
52ef816c-2d60-4d09-aab8-b139480b1b56,coughvid_data/52ef816c-2d60-4d09-aab8-b139480b1b56.wav,coughvid_data/52ef816c-2d60-4d09-aab8-b139480b1b56.wav,1.0
533d2b1f-990e-47a2-a52c-db61a9c41e84,coughvid_data/533d2b1f-990e-47a2-a52c-db61a9c41e84.wav,coughvid_data/533d2b1f-990e-47a2-a52c-db61a9c41e84.wav,1.0
167f9e60-d48b-4562-b639-17c20eb881cb,coughvid_data/167f9e60-d48b-4562-b639-17c20eb881cb.wav,coughvid_data/167f9e60-d48b-4562-b639-17c20eb881cb.wav,0.0
8100e2b7-11ac-4cea-af3c-fff1fad042f6,coughvid_data/8100e2b7-11ac-4cea-af3c-fff1fad042f6.wav,coughvid_data/8100e2b7-11ac-4cea-af3c-fff1fad042f6.wav,1.0
de98a922-dcba-4c38-a917-3568d832ebaa,coughvid_data/de98a922-dcba-4c38-a917-3568d832ebaa.wav,coughvid_data/de98a922-dcba-4c38-a917-3568d832ebaa.wav,0.0
3e4585a9-f3b7-488b-a9e8-7d98377bbb55,coughvid_data/3e4585a9-f3b7-488b-a9e8-7d98377bbb55.wav,coughvid_data/3e4585a9-f3b7-488b-a9e8-7d98377bbb55.wav,1.0
d46ee6d3-1049-476f-bd3f-e2fd98f7b0de,coughvid_data/d46ee6d3-1049-476f-bd3f-e2fd98f7b0de.wav,coughvid_data/d46ee6d3-1049-476f-bd3f-e2fd98f7b0de.wav,1.0
58197075-2e55-4233-8bed-16cb2ba56df2,coughvid_data/58197075-2e55-4233-8bed-16cb2ba56df2.wav,coughvid_data/58197075-2e55-4233-8bed-16cb2ba56df2.wav,0.0
51d68dc8-0f8e-45a4-9772-182bceab521f,coughvid_data/51d68dc8-0f8e-45a4-9772-182bceab521f.wav,coughvid_data/51d68dc8-0f8e-45a4-9772-182bceab521f.wav,1.0
b91b7cfc-5576-4b33-b167-dfc8a7eea44a,coughvid_data/b91b7cfc-5576-4b33-b167-dfc8a7eea44a.wav,coughvid_data/b91b7cfc-5576-4b33-b167-dfc8a7eea44a.wav,1.0
54a7563d-4553-4f95-bcde-9891f9a69851,coughvid_data/54a7563d-4553-4f95-bcde-9891f9a69851.wav,coughvid_data/54a7563d-4553-4f95-bcde-9891f9a69851.wav,0.0
78f5f98d-3fdb-4b72-879c-607b1bbd43b3,coughvid_data/78f5f98d-3fdb-4b72-879c-607b1bbd43b3.wav,coughvid_data/78f5f98d-3fdb-4b72-879c-607b1bbd43b3.wav,0.0
5911fb77-57a0-4d35-93b5-4a966574df35,coughvid_data/5911fb77-57a0-4d35-93b5-4a966574df35.wav,coughvid_data/5911fb77-57a0-4d35-93b5-4a966574df35.wav,1.0
b22dadca-0057-441b-8c29-d4440b86c4ba,coughvid_data/b22dadca-0057-441b-8c29-d4440b86c4ba.wav,coughvid_data/b22dadca-0057-441b-8c29-d4440b86c4ba.wav,1.0
b574962d-26de-4e23-810f-87c5ebca851e,coughvid_data/b574962d-26de-4e23-810f-87c5ebca851e.wav,coughvid_data/b574962d-26de-4e23-810f-87c5ebca851e.wav,1.0
cfe9fb37-1c89-41e5-8126-e78b84d8afd6,coughvid_data/cfe9fb37-1c89-41e5-8126-e78b84d8afd6.wav,coughvid_data/cfe9fb37-1c89-41e5-8126-e78b84d8afd6.wav,0.0
686ad7ec-891e-474a-836c-84db9b3a9f73,coughvid_data/686ad7ec-891e-474a-836c-84db9b3a9f73.wav,coughvid_data/686ad7ec-891e-474a-836c-84db9b3a9f73.wav,1.0
242cbe80-9ebf-4f21-84ea-77dea8867bf1,coughvid_data/242cbe80-9ebf-4f21-84ea-77dea8867bf1.wav,coughvid_data/242cbe80-9ebf-4f21-84ea-77dea8867bf1.wav,0.0
69a06c3e-11cd-4c15-9ddf-5f4856397c95,coughvid_data/69a06c3e-11cd-4c15-9ddf-5f4856397c95.wav,coughvid_data/69a06c3e-11cd-4c15-9ddf-5f4856397c95.wav,1.0
e697b40d-c0d8-4622-a477-a10a49de7a5e,coughvid_data/e697b40d-c0d8-4622-a477-a10a49de7a5e.wav,coughvid_data/e697b40d-c0d8-4622-a477-a10a49de7a5e.wav,0.0
93b08a57-7d1b-4a66-8afe-1eeb85aec8d7,coughvid_data/93b08a57-7d1b-4a66-8afe-1eeb85aec8d7.wav,coughvid_data/93b08a57-7d1b-4a66-8afe-1eeb85aec8d7.wav,1.0
4cb0e693-9794-498b-b566-f6538ad1c169,coughvid_data/4cb0e693-9794-498b-b566-f6538ad1c169.wav,coughvid_data/4cb0e693-9794-498b-b566-f6538ad1c169.wav,0.0
c4f61616-d7e0-4f68-a052-2fe75a26b793,coughvid_data/c4f61616-d7e0-4f68-a052-2fe75a26b793.wav,coughvid_data/c4f61616-d7e0-4f68-a052-2fe75a26b793.wav,1.0
f9386b7d-910d-475c-9e76-5eb4283e1637,coughvid_data/f9386b7d-910d-475c-9e76-5eb4283e1637.wav,coughvid_data/f9386b7d-910d-475c-9e76-5eb4283e1637.wav,0.0
b27a5857-8df6-4f29-99ad-a572c02b597a,coughvid_data/b27a5857-8df6-4f29-99ad-a572c02b597a.wav,coughvid_data/b27a5857-8df6-4f29-99ad-a572c02b597a.wav,1.0
118aa082-0f0c-4c42-a15d-30144d8ff97f,coughvid_data/118aa082-0f0c-4c42-a15d-30144d8ff97f.wav,coughvid_data/118aa082-0f0c-4c42-a15d-30144d8ff97f.wav,1.0
9ffac012-4f92-4959-a5f9-8a37ffd1c3c8,coughvid_data/9ffac012-4f92-4959-a5f9-8a37ffd1c3c8.wav,coughvid_data/9ffac012-4f92-4959-a5f9-8a37ffd1c3c8.wav,0.0
81cab5de-c76e-4031-91d2-1447be56503e,coughvid_data/81cab5de-c76e-4031-91d2-1447be56503e.wav,coughvid_data/81cab5de-c76e-4031-91d2-1447be56503e.wav,1.0
ba77dc9a-3c16-4704-9c9b-a042a4fff650,coughvid_data/ba77dc9a-3c16-4704-9c9b-a042a4fff650.wav,coughvid_data/ba77dc9a-3c16-4704-9c9b-a042a4fff650.wav,1.0
e14fd711-11cb-4fca-9c88-b2b0124a1c21,coughvid_data/e14fd711-11cb-4fca-9c88-b2b0124a1c21.wav,coughvid_data/e14fd711-11cb-4fca-9c88-b2b0124a1c21.wav,1.0
b94d694a-c37e-4dd6-934e-c07b7d07b4d8,coughvid_data/b94d694a-c37e-4dd6-934e-c07b7d07b4d8.wav,coughvid_data/b94d694a-c37e-4dd6-934e-c07b7d07b4d8.wav,1.0
a862d5e3-07c6-41c0-9df8-8704a8ca95c1,coughvid_data/a862d5e3-07c6-41c0-9df8-8704a8ca95c1.wav,coughvid_data/a862d5e3-07c6-41c0-9df8-8704a8ca95c1.wav,0.0
906c93d3-6615-478b-a7a1-803a5a15d360,coughvid_data/906c93d3-6615-478b-a7a1-803a5a15d360.wav,coughvid_data/906c93d3-6615-478b-a7a1-803a5a15d360.wav,1.0
2124c72a-e68c-4c9d-b1d7-6ed8553dd7c9,coughvid_data/2124c72a-e68c-4c9d-b1d7-6ed8553dd7c9.wav,coughvid_data/2124c72a-e68c-4c9d-b1d7-6ed8553dd7c9.wav,0.0
e48fb5f5-bd14-4337-804f-6a64f81ddedc,coughvid_data/e48fb5f5-bd14-4337-804f-6a64f81ddedc.wav,coughvid_data/e48fb5f5-bd14-4337-804f-6a64f81ddedc.wav,0.0
a454c7f7-2ab6-4885-ae18-c79bd77f0887,coughvid_data/a454c7f7-2ab6-4885-ae18-c79bd77f0887.wav,coughvid_data/a454c7f7-2ab6-4885-ae18-c79bd77f0887.wav,1.0
c57131aa-3787-43e1-a70a-4ca9b53618d6,coughvid_data/c57131aa-3787-43e1-a70a-4ca9b53618d6.wav,coughvid_data/c57131aa-3787-43e1-a70a-4ca9b53618d6.wav,1.0
0a4539a3-f6ea-474a-98de-f9fdfbd76049,coughvid_data/0a4539a3-f6ea-474a-98de-f9fdfbd76049.wav,coughvid_data/0a4539a3-f6ea-474a-98de-f9fdfbd76049.wav,1.0
80b5f394-80ba-4a4a-b699-0d70db7345d1,coughvid_data/80b5f394-80ba-4a4a-b699-0d70db7345d1.wav,coughvid_data/80b5f394-80ba-4a4a-b699-0d70db7345d1.wav,0.0
53d34001-4418-4961-a2d7-02d14490ff53,coughvid_data/53d34001-4418-4961-a2d7-02d14490ff53.wav,coughvid_data/53d34001-4418-4961-a2d7-02d14490ff53.wav,1.0
4f3955c4-b264-4c56-8ca8-f3d4a6ea2ddd,coughvid_data/4f3955c4-b264-4c56-8ca8-f3d4a6ea2ddd.wav,coughvid_data/4f3955c4-b264-4c56-8ca8-f3d4a6ea2ddd.wav,0.0
7675019b-522c-42ea-867c-f3ff0bfc3db6,coughvid_data/7675019b-522c-42ea-867c-f3ff0bfc3db6.wav,coughvid_data/7675019b-522c-42ea-867c-f3ff0bfc3db6.wav,1.0
34c967ab-8636-4f7f-9414-074b43b56073,coughvid_data/34c967ab-8636-4f7f-9414-074b43b56073.wav,coughvid_data/34c967ab-8636-4f7f-9414-074b43b56073.wav,0.0
481b6359-c6dd-450b-b364-7f9de00ade21,coughvid_data/481b6359-c6dd-450b-b364-7f9de00ade21.wav,coughvid_data/481b6359-c6dd-450b-b364-7f9de00ade21.wav,0.0
a182cac0-f3fe-4ef4-a306-caa6caeb66b6,coughvid_data/a182cac0-f3fe-4ef4-a306-caa6caeb66b6.wav,coughvid_data/a182cac0-f3fe-4ef4-a306-caa6caeb66b6.wav,1.0
c3cfee6c-f953-410b-8f46-3e27e71eaabf,coughvid_data/c3cfee6c-f953-410b-8f46-3e27e71eaabf.wav,coughvid_data/c3cfee6c-f953-410b-8f46-3e27e71eaabf.wav,1.0
53c2fe8c-b6a9-46fb-a8a0-154e1ec63c2b,coughvid_data/53c2fe8c-b6a9-46fb-a8a0-154e1ec63c2b.wav,coughvid_data/53c2fe8c-b6a9-46fb-a8a0-154e1ec63c2b.wav,1.0
cbd4f407-ca09-41d2-853c-290dc752b09a,coughvid_data/cbd4f407-ca09-41d2-853c-290dc752b09a.wav,coughvid_data/cbd4f407-ca09-41d2-853c-290dc752b09a.wav,0.0
0c27559f-cf6a-4caf-9568-fd07f74302b4,coughvid_data/0c27559f-cf6a-4caf-9568-fd07f74302b4.wav,coughvid_data/0c27559f-cf6a-4caf-9568-fd07f74302b4.wav,1.0
2b567975-582f-4195-8123-33905dbc365c,coughvid_data/2b567975-582f-4195-8123-33905dbc365c.wav,coughvid_data/2b567975-582f-4195-8123-33905dbc365c.wav,0.0
7a5b5a70-3bb6-4910-9505-0c79c40082cc,coughvid_data/7a5b5a70-3bb6-4910-9505-0c79c40082cc.wav,coughvid_data/7a5b5a70-3bb6-4910-9505-0c79c40082cc.wav,1.0
2c66fe90-5252-4dce-b376-458cdbf23269,coughvid_data/2c66fe90-5252-4dce-b376-458cdbf23269.wav,coughvid_data/2c66fe90-5252-4dce-b376-458cdbf23269.wav,1.0
040d3594-ae9f-4dec-af7f-b33c8b721412,coughvid_data/040d3594-ae9f-4dec-af7f-b33c8b721412.wav,coughvid_data/040d3594-ae9f-4dec-af7f-b33c8b721412.wav,0.0
f6ffd0b9-8708-4a79-ba7c-1557df8ac814,coughvid_data/f6ffd0b9-8708-4a79-ba7c-1557df8ac814.wav,coughvid_data/f6ffd0b9-8708-4a79-ba7c-1557df8ac814.wav,1.0
2fb223a6-a61f-4c22-b3cd-e239101134ca,coughvid_data/2fb223a6-a61f-4c22-b3cd-e239101134ca.wav,coughvid_data/2fb223a6-a61f-4c22-b3cd-e239101134ca.wav,1.0
d44162c8-e5ce-4f85-ab70-c1836ed404ba,coughvid_data/d44162c8-e5ce-4f85-ab70-c1836ed404ba.wav,coughvid_data/d44162c8-e5ce-4f85-ab70-c1836ed404ba.wav,0.0
607b5ed7-433b-4219-8868-af729a2820d3,coughvid_data/607b5ed7-433b-4219-8868-af729a2820d3.wav,coughvid_data/607b5ed7-433b-4219-8868-af729a2820d3.wav,0.0
7095c6cd-85d2-45dc-984f-f59ee76a6b11,coughvid_data/7095c6cd-85d2-45dc-984f-f59ee76a6b11.wav,coughvid_data/7095c6cd-85d2-45dc-984f-f59ee76a6b11.wav,1.0
4354e237-951a-4acc-a73d-258b5f73d2c3,coughvid_data/4354e237-951a-4acc-a73d-258b5f73d2c3.wav,coughvid_data/4354e237-951a-4acc-a73d-258b5f73d2c3.wav,0.0
90b93955-3158-4fb9-8243-8b73dfc3e653,coughvid_data/90b93955-3158-4fb9-8243-8b73dfc3e653.wav,coughvid_data/90b93955-3158-4fb9-8243-8b73dfc3e653.wav,0.0
9f9d0d5c-44a4-4369-9cc5-35db4b5db530,coughvid_data/9f9d0d5c-44a4-4369-9cc5-35db4b5db530.wav,coughvid_data/9f9d0d5c-44a4-4369-9cc5-35db4b5db530.wav,0.0
8469a131-4174-4d7b-b588-00c9c0f91a28,coughvid_data/8469a131-4174-4d7b-b588-00c9c0f91a28.wav,coughvid_data/8469a131-4174-4d7b-b588-00c9c0f91a28.wav,1.0
3c074d3b-646e-4372-8951-ffd76d34e14e,coughvid_data/3c074d3b-646e-4372-8951-ffd76d34e14e.wav,coughvid_data/3c074d3b-646e-4372-8951-ffd76d34e14e.wav,0.0
8b9d1b0a-e72e-4de3-8c0d-fcc7338b0247,coughvid_data/8b9d1b0a-e72e-4de3-8c0d-fcc7338b0247.wav,coughvid_data/8b9d1b0a-e72e-4de3-8c0d-fcc7338b0247.wav,1.0
60ec717c-d710-40fe-9b29-419da804d4b9,coughvid_data/60ec717c-d710-40fe-9b29-419da804d4b9.wav,coughvid_data/60ec717c-d710-40fe-9b29-419da804d4b9.wav,1.0
2e06c312-d081-4e82-b22d-2a50383dffca,coughvid_data/2e06c312-d081-4e82-b22d-2a50383dffca.wav,coughvid_data/2e06c312-d081-4e82-b22d-2a50383dffca.wav,0.0
4865fd7e-4638-4029-8efc-4b71d0f268e6,coughvid_data/4865fd7e-4638-4029-8efc-4b71d0f268e6.wav,coughvid_data/4865fd7e-4638-4029-8efc-4b71d0f268e6.wav,1.0
236f135f-809e-4e16-a62c-0c46c412777f,coughvid_data/236f135f-809e-4e16-a62c-0c46c412777f.wav,coughvid_data/236f135f-809e-4e16-a62c-0c46c412777f.wav,1.0
b0b48d59-cbf2-472a-9b36-cd7771caf199,coughvid_data/b0b48d59-cbf2-472a-9b36-cd7771caf199.wav,coughvid_data/b0b48d59-cbf2-472a-9b36-cd7771caf199.wav,1.0
3e576855-888e-4c2a-a1e6-e17f08543826,coughvid_data/3e576855-888e-4c2a-a1e6-e17f08543826.wav,coughvid_data/3e576855-888e-4c2a-a1e6-e17f08543826.wav,0.0
176fd03e-3700-4093-a91a-ea31c2fcff1c,coughvid_data/176fd03e-3700-4093-a91a-ea31c2fcff1c.wav,coughvid_data/176fd03e-3700-4093-a91a-ea31c2fcff1c.wav,1.0
75e3cd7e-af07-4b4b-a931-0f6785c2c1f2,coughvid_data/75e3cd7e-af07-4b4b-a931-0f6785c2c1f2.wav,coughvid_data/75e3cd7e-af07-4b4b-a931-0f6785c2c1f2.wav,1.0
78163a39-fd74-4dbb-b167-55af7077e37b,coughvid_data/78163a39-fd74-4dbb-b167-55af7077e37b.wav,coughvid_data/78163a39-fd74-4dbb-b167-55af7077e37b.wav,1.0
79c2ebd8-257a-4cea-86ec-2248abac7f31,coughvid_data/79c2ebd8-257a-4cea-86ec-2248abac7f31.wav,coughvid_data/79c2ebd8-257a-4cea-86ec-2248abac7f31.wav,0.0
805595b3-caed-43f1-b2c4-fa2e8e2fc944,coughvid_data/805595b3-caed-43f1-b2c4-fa2e8e2fc944.wav,coughvid_data/805595b3-caed-43f1-b2c4-fa2e8e2fc944.wav,1.0
39e95d6f-04d6-47a4-87cc-44804672c7e4,coughvid_data/39e95d6f-04d6-47a4-87cc-44804672c7e4.wav,coughvid_data/39e95d6f-04d6-47a4-87cc-44804672c7e4.wav,1.0
70bb2e0d-4da0-43ef-8641-f3253916b98c,coughvid_data/70bb2e0d-4da0-43ef-8641-f3253916b98c.wav,coughvid_data/70bb2e0d-4da0-43ef-8641-f3253916b98c.wav,1.0
31b77bbd-9fc9-4f13-9c3f-e0be8aa58e29,coughvid_data/31b77bbd-9fc9-4f13-9c3f-e0be8aa58e29.wav,coughvid_data/31b77bbd-9fc9-4f13-9c3f-e0be8aa58e29.wav,0.0
afdc0453-80f7-4797-bf70-680a56aa27a0,coughvid_data/afdc0453-80f7-4797-bf70-680a56aa27a0.wav,coughvid_data/afdc0453-80f7-4797-bf70-680a56aa27a0.wav,0.0
e978b2ec-0670-44cf-856f-02c3dff57700,coughvid_data/e978b2ec-0670-44cf-856f-02c3dff57700.wav,coughvid_data/e978b2ec-0670-44cf-856f-02c3dff57700.wav,1.0
da15e5ce-7a0d-46b6-9044-d4ac8cc3722f,coughvid_data/da15e5ce-7a0d-46b6-9044-d4ac8cc3722f.wav,coughvid_data/da15e5ce-7a0d-46b6-9044-d4ac8cc3722f.wav,0.0
a700b1e6-b374-4d94-9379-0261e02969f8,coughvid_data/a700b1e6-b374-4d94-9379-0261e02969f8.wav,coughvid_data/a700b1e6-b374-4d94-9379-0261e02969f8.wav,1.0
256c4fa1-b570-4d29-ba39-594dafb53a8b,coughvid_data/256c4fa1-b570-4d29-ba39-594dafb53a8b.wav,coughvid_data/256c4fa1-b570-4d29-ba39-594dafb53a8b.wav,0.0
db2d08b3-2f01-4723-a26b-d88f2c42b13e,coughvid_data/db2d08b3-2f01-4723-a26b-d88f2c42b13e.wav,coughvid_data/db2d08b3-2f01-4723-a26b-d88f2c42b13e.wav,0.0
a356e317-7698-4f2f-babf-1db281293f03,coughvid_data/a356e317-7698-4f2f-babf-1db281293f03.wav,coughvid_data/a356e317-7698-4f2f-babf-1db281293f03.wav,1.0
5fb9436f-a7b1-4e15-b955-c0230f3b30ab,coughvid_data/5fb9436f-a7b1-4e15-b955-c0230f3b30ab.wav,coughvid_data/5fb9436f-a7b1-4e15-b955-c0230f3b30ab.wav,0.0
37dac510-2e8a-47a5-b864-d229a46d72bf,coughvid_data/37dac510-2e8a-47a5-b864-d229a46d72bf.wav,coughvid_data/37dac510-2e8a-47a5-b864-d229a46d72bf.wav,1.0
d135ea76-1b5e-4703-b180-04c9d6b90518,coughvid_data/d135ea76-1b5e-4703-b180-04c9d6b90518.wav,coughvid_data/d135ea76-1b5e-4703-b180-04c9d6b90518.wav,1.0
da653c7f-0884-41fc-9207-032c466b1201,coughvid_data/da653c7f-0884-41fc-9207-032c466b1201.wav,coughvid_data/da653c7f-0884-41fc-9207-032c466b1201.wav,1.0
f9152154-ac86-4ada-8bab-ea192fa37e96,coughvid_data/f9152154-ac86-4ada-8bab-ea192fa37e96.wav,coughvid_data/f9152154-ac86-4ada-8bab-ea192fa37e96.wav,0.0
8b63352a-5b76-4b6d-9370-dd2daf8050de,coughvid_data/8b63352a-5b76-4b6d-9370-dd2daf8050de.wav,coughvid_data/8b63352a-5b76-4b6d-9370-dd2daf8050de.wav,1.0
4aa2a843-8891-4ca3-b072-7a4e30c554c2,coughvid_data/4aa2a843-8891-4ca3-b072-7a4e30c554c2.wav,coughvid_data/4aa2a843-8891-4ca3-b072-7a4e30c554c2.wav,1.0
eb9724cb-0610-44de-9df4-c48b93b543b5,coughvid_data/eb9724cb-0610-44de-9df4-c48b93b543b5.wav,coughvid_data/eb9724cb-0610-44de-9df4-c48b93b543b5.wav,0.0
94fe7683-dc3b-491f-88a9-336b42ceca8b,coughvid_data/94fe7683-dc3b-491f-88a9-336b42ceca8b.wav,coughvid_data/94fe7683-dc3b-491f-88a9-336b42ceca8b.wav,0.0
d3a333df-616f-4135-8521-cbce5dd28a1e,coughvid_data/d3a333df-616f-4135-8521-cbce5dd28a1e.wav,coughvid_data/d3a333df-616f-4135-8521-cbce5dd28a1e.wav,0.0
6812e2b0-8935-4fc4-a0ec-3ace2a668132,coughvid_data/6812e2b0-8935-4fc4-a0ec-3ace2a668132.wav,coughvid_data/6812e2b0-8935-4fc4-a0ec-3ace2a668132.wav,1.0
0f659759-8a05-4235-80c9-284870b3fab9,coughvid_data/0f659759-8a05-4235-80c9-284870b3fab9.wav,coughvid_data/0f659759-8a05-4235-80c9-284870b3fab9.wav,1.0
6fff0687-1502-4531-93f7-ed6ce05d8158,coughvid_data/6fff0687-1502-4531-93f7-ed6ce05d8158.wav,coughvid_data/6fff0687-1502-4531-93f7-ed6ce05d8158.wav,0.0
dff83863-6ceb-416a-9846-26b13bab1bfa,coughvid_data/dff83863-6ceb-416a-9846-26b13bab1bfa.wav,coughvid_data/dff83863-6ceb-416a-9846-26b13bab1bfa.wav,1.0
b2ef84c1-d9ab-49b7-844d-9b63fb816ee0,coughvid_data/b2ef84c1-d9ab-49b7-844d-9b63fb816ee0.wav,coughvid_data/b2ef84c1-d9ab-49b7-844d-9b63fb816ee0.wav,0.0
5c796911-2c05-4e57-86d4-851d28479702,coughvid_data/5c796911-2c05-4e57-86d4-851d28479702.wav,coughvid_data/5c796911-2c05-4e57-86d4-851d28479702.wav,1.0
9f885d4e-d075-4045-aed2-7b8449d545db,coughvid_data/9f885d4e-d075-4045-aed2-7b8449d545db.wav,coughvid_data/9f885d4e-d075-4045-aed2-7b8449d545db.wav,0.0
db29f3e1-98c5-4032-a579-8e2f287b7fa2,coughvid_data/db29f3e1-98c5-4032-a579-8e2f287b7fa2.wav,coughvid_data/db29f3e1-98c5-4032-a579-8e2f287b7fa2.wav,0.0
aa31bbbb-ceed-47e4-b404-2609afb292ff,coughvid_data/aa31bbbb-ceed-47e4-b404-2609afb292ff.wav,coughvid_data/aa31bbbb-ceed-47e4-b404-2609afb292ff.wav,1.0
ae95cd49-c9a9-43ae-b4b6-0e29d6669d7e,coughvid_data/ae95cd49-c9a9-43ae-b4b6-0e29d6669d7e.wav,coughvid_data/ae95cd49-c9a9-43ae-b4b6-0e29d6669d7e.wav,0.0
39e5c559-93d3-4bf6-b350-42b9f426b2b0,coughvid_data/39e5c559-93d3-4bf6-b350-42b9f426b2b0.wav,coughvid_data/39e5c559-93d3-4bf6-b350-42b9f426b2b0.wav,0.0
fe2ccc12-a45d-4a84-8f5c-6d9842578fba,coughvid_data/fe2ccc12-a45d-4a84-8f5c-6d9842578fba.wav,coughvid_data/fe2ccc12-a45d-4a84-8f5c-6d9842578fba.wav,0.0
7a372c4a-1043-43b1-a03c-f2296dfd6b68,coughvid_data/7a372c4a-1043-43b1-a03c-f2296dfd6b68.wav,coughvid_data/7a372c4a-1043-43b1-a03c-f2296dfd6b68.wav,1.0
be80d5dc-927e-4e42-baff-580c9be0ff51,coughvid_data/be80d5dc-927e-4e42-baff-580c9be0ff51.wav,coughvid_data/be80d5dc-927e-4e42-baff-580c9be0ff51.wav,0.0
aecf3d2b-ff68-4e32-8829-4137c34b8944,coughvid_data/aecf3d2b-ff68-4e32-8829-4137c34b8944.wav,coughvid_data/aecf3d2b-ff68-4e32-8829-4137c34b8944.wav,0.0
b973f0bc-586f-4559-8015-ab7a2a5579fc,coughvid_data/b973f0bc-586f-4559-8015-ab7a2a5579fc.wav,coughvid_data/b973f0bc-586f-4559-8015-ab7a2a5579fc.wav,0.0
6102c127-173a-457b-9df2-648c7068f47d,coughvid_data/6102c127-173a-457b-9df2-648c7068f47d.wav,coughvid_data/6102c127-173a-457b-9df2-648c7068f47d.wav,0.0
49bc7b95-fbe5-4933-886e-8752b8acf842,coughvid_data/49bc7b95-fbe5-4933-886e-8752b8acf842.wav,coughvid_data/49bc7b95-fbe5-4933-886e-8752b8acf842.wav,1.0
733cea55-ee51-45b4-ace6-0f3701a91a6a,coughvid_data/733cea55-ee51-45b4-ace6-0f3701a91a6a.wav,coughvid_data/733cea55-ee51-45b4-ace6-0f3701a91a6a.wav,0.0
d03c0228-3d37-4a99-8233-83171f73eeec,coughvid_data/d03c0228-3d37-4a99-8233-83171f73eeec.wav,coughvid_data/d03c0228-3d37-4a99-8233-83171f73eeec.wav,0.0
55aedc53-0e3a-4af9-a61b-332b07889178,coughvid_data/55aedc53-0e3a-4af9-a61b-332b07889178.wav,coughvid_data/55aedc53-0e3a-4af9-a61b-332b07889178.wav,0.0
dd774ccf-3980-4eda-90d9-aa2fa57bde32,coughvid_data/dd774ccf-3980-4eda-90d9-aa2fa57bde32.wav,coughvid_data/dd774ccf-3980-4eda-90d9-aa2fa57bde32.wav,1.0
5c238c36-c101-4c8c-bcc9-9ead4cb89908,coughvid_data/5c238c36-c101-4c8c-bcc9-9ead4cb89908.wav,coughvid_data/5c238c36-c101-4c8c-bcc9-9ead4cb89908.wav,1.0
eb753f8e-5b19-4038-922c-0ae31fbf0353,coughvid_data/eb753f8e-5b19-4038-922c-0ae31fbf0353.wav,coughvid_data/eb753f8e-5b19-4038-922c-0ae31fbf0353.wav,0.0
c7c2ea06-7d8a-4ac3-87f0-2ce6c478858a,coughvid_data/c7c2ea06-7d8a-4ac3-87f0-2ce6c478858a.wav,coughvid_data/c7c2ea06-7d8a-4ac3-87f0-2ce6c478858a.wav,1.0
abfd1115-f0ed-4d68-a6e8-4712959d1155,coughvid_data/abfd1115-f0ed-4d68-a6e8-4712959d1155.wav,coughvid_data/abfd1115-f0ed-4d68-a6e8-4712959d1155.wav,0.0
96d74d27-92ff-4886-b3a4-14e2d7886bfe,coughvid_data/96d74d27-92ff-4886-b3a4-14e2d7886bfe.wav,coughvid_data/96d74d27-92ff-4886-b3a4-14e2d7886bfe.wav,1.0
e5f7d912-9037-4b30-b3d4-ed987e75a807,coughvid_data/e5f7d912-9037-4b30-b3d4-ed987e75a807.wav,coughvid_data/e5f7d912-9037-4b30-b3d4-ed987e75a807.wav,0.0
b35a6d4e-6398-44d2-b68d-07a5d0585115,coughvid_data/b35a6d4e-6398-44d2-b68d-07a5d0585115.wav,coughvid_data/b35a6d4e-6398-44d2-b68d-07a5d0585115.wav,0.0
358430ba-c48d-4011-98a2-977f82a2511f,coughvid_data/358430ba-c48d-4011-98a2-977f82a2511f.wav,coughvid_data/358430ba-c48d-4011-98a2-977f82a2511f.wav,1.0
f23f6883-a21d-477e-87f7-b751ed38f401,coughvid_data/f23f6883-a21d-477e-87f7-b751ed38f401.wav,coughvid_data/f23f6883-a21d-477e-87f7-b751ed38f401.wav,1.0
17bb78a8-ef63-48eb-bf2e-ad8494ce5d35,coughvid_data/17bb78a8-ef63-48eb-bf2e-ad8494ce5d35.wav,coughvid_data/17bb78a8-ef63-48eb-bf2e-ad8494ce5d35.wav,0.0
1188b399-f254-402b-82d6-61d2ddd743a8,coughvid_data/1188b399-f254-402b-82d6-61d2ddd743a8.wav,coughvid_data/1188b399-f254-402b-82d6-61d2ddd743a8.wav,0.0
7792ff31-b93b-431d-a249-4b034c0ffcfb,coughvid_data/7792ff31-b93b-431d-a249-4b034c0ffcfb.wav,coughvid_data/7792ff31-b93b-431d-a249-4b034c0ffcfb.wav,1.0
af7b3522-9a1a-4290-a336-ffea7c0206a2,coughvid_data/af7b3522-9a1a-4290-a336-ffea7c0206a2.wav,coughvid_data/af7b3522-9a1a-4290-a336-ffea7c0206a2.wav,1.0
af955580-9dfe-4045-b718-155078558bc4,coughvid_data/af955580-9dfe-4045-b718-155078558bc4.wav,coughvid_data/af955580-9dfe-4045-b718-155078558bc4.wav,0.0
91738679-071f-4cef-8e45-64a6679f0b24,coughvid_data/91738679-071f-4cef-8e45-64a6679f0b24.wav,coughvid_data/91738679-071f-4cef-8e45-64a6679f0b24.wav,0.0
26d5d94f-0453-4927-aaaf-0cbbdfd47dd2,coughvid_data/26d5d94f-0453-4927-aaaf-0cbbdfd47dd2.wav,coughvid_data/26d5d94f-0453-4927-aaaf-0cbbdfd47dd2.wav,0.0
7740806a-f77e-446d-a531-21a3d6e96391,coughvid_data/7740806a-f77e-446d-a531-21a3d6e96391.wav,coughvid_data/7740806a-f77e-446d-a531-21a3d6e96391.wav,0.0
fa34b7cd-7b97-41ce-9b72-89cb8954d65c,coughvid_data/fa34b7cd-7b97-41ce-9b72-89cb8954d65c.wav,coughvid_data/fa34b7cd-7b97-41ce-9b72-89cb8954d65c.wav,1.0
2f30566d-34b3-4eb6-be5f-c4ed3079b25a,coughvid_data/2f30566d-34b3-4eb6-be5f-c4ed3079b25a.wav,coughvid_data/2f30566d-34b3-4eb6-be5f-c4ed3079b25a.wav,1.0
2ca90447-9b69-499a-8afe-0d4be71dea75,coughvid_data/2ca90447-9b69-499a-8afe-0d4be71dea75.wav,coughvid_data/2ca90447-9b69-499a-8afe-0d4be71dea75.wav,0.0
af7a5e59-dfe1-4cab-b2d4-e8763535f6aa,coughvid_data/af7a5e59-dfe1-4cab-b2d4-e8763535f6aa.wav,coughvid_data/af7a5e59-dfe1-4cab-b2d4-e8763535f6aa.wav,0.0
73cd0d8f-dcac-48fc-a79e-555feec523b2,coughvid_data/73cd0d8f-dcac-48fc-a79e-555feec523b2.wav,coughvid_data/73cd0d8f-dcac-48fc-a79e-555feec523b2.wav,0.0
2143cf57-eed4-44b4-86aa-ca6ac076bba2,coughvid_data/2143cf57-eed4-44b4-86aa-ca6ac076bba2.wav,coughvid_data/2143cf57-eed4-44b4-86aa-ca6ac076bba2.wav,0.0
bac8326b-2652-443d-8b58-af96cdf5284d,coughvid_data/bac8326b-2652-443d-8b58-af96cdf5284d.wav,coughvid_data/bac8326b-2652-443d-8b58-af96cdf5284d.wav,1.0
eca5e8d0-6c99-4fc4-8e81-b0221e3a032f,coughvid_data/eca5e8d0-6c99-4fc4-8e81-b0221e3a032f.wav,coughvid_data/eca5e8d0-6c99-4fc4-8e81-b0221e3a032f.wav,1.0
4d6a6e61-d55b-4b2a-aa6a-519cf4d7ea01,coughvid_data/4d6a6e61-d55b-4b2a-aa6a-519cf4d7ea01.wav,coughvid_data/4d6a6e61-d55b-4b2a-aa6a-519cf4d7ea01.wav,0.0
0e2972f4-7fd8-4534-a004-90d3f0df6e7c,coughvid_data/0e2972f4-7fd8-4534-a004-90d3f0df6e7c.wav,coughvid_data/0e2972f4-7fd8-4534-a004-90d3f0df6e7c.wav,0.0
a55e2abf-3994-453e-bcd0-595ae727c288,coughvid_data/a55e2abf-3994-453e-bcd0-595ae727c288.wav,coughvid_data/a55e2abf-3994-453e-bcd0-595ae727c288.wav,0.0
a17a8352-3764-4405-b5d8-b64ecb8b314d,coughvid_data/a17a8352-3764-4405-b5d8-b64ecb8b314d.wav,coughvid_data/a17a8352-3764-4405-b5d8-b64ecb8b314d.wav,1.0
577a32f4-f4c7-41a6-bf54-62a93ea9be23,coughvid_data/577a32f4-f4c7-41a6-bf54-62a93ea9be23.wav,coughvid_data/577a32f4-f4c7-41a6-bf54-62a93ea9be23.wav,1.0
bcf4a4bd-42c8-4f8a-9578-7200cbe247b2,coughvid_data/bcf4a4bd-42c8-4f8a-9578-7200cbe247b2.wav,coughvid_data/bcf4a4bd-42c8-4f8a-9578-7200cbe247b2.wav,1.0
b527e0dc-1ef4-4253-b1a7-7e380dfb1449,coughvid_data/b527e0dc-1ef4-4253-b1a7-7e380dfb1449.wav,coughvid_data/b527e0dc-1ef4-4253-b1a7-7e380dfb1449.wav,1.0
3a9a0908-65e1-45b5-add8-588e33024588,coughvid_data/3a9a0908-65e1-45b5-add8-588e33024588.wav,coughvid_data/3a9a0908-65e1-45b5-add8-588e33024588.wav,1.0
93d85777-43fb-4fbf-a63b-95434133437b,coughvid_data/93d85777-43fb-4fbf-a63b-95434133437b.wav,coughvid_data/93d85777-43fb-4fbf-a63b-95434133437b.wav,1.0
761b61c5-1e8c-403c-8367-0c0ca2472ad7,coughvid_data/761b61c5-1e8c-403c-8367-0c0ca2472ad7.wav,coughvid_data/761b61c5-1e8c-403c-8367-0c0ca2472ad7.wav,1.0
ecb67a2c-e8e8-4dce-994b-8d4127823943,coughvid_data/ecb67a2c-e8e8-4dce-994b-8d4127823943.wav,coughvid_data/ecb67a2c-e8e8-4dce-994b-8d4127823943.wav,1.0
f199bed8-ebd9-4f86-86d7-b1076c6ee54a,coughvid_data/f199bed8-ebd9-4f86-86d7-b1076c6ee54a.wav,coughvid_data/f199bed8-ebd9-4f86-86d7-b1076c6ee54a.wav,0.0
361128b3-c350-4f00-8f1f-6f0d9150fe03,coughvid_data/361128b3-c350-4f00-8f1f-6f0d9150fe03.wav,coughvid_data/361128b3-c350-4f00-8f1f-6f0d9150fe03.wav,1.0
9bb76165-45f4-4deb-bc06-d3039380763f,coughvid_data/9bb76165-45f4-4deb-bc06-d3039380763f.wav,coughvid_data/9bb76165-45f4-4deb-bc06-d3039380763f.wav,0.0
aac64f58-94f9-4498-8b8d-73d780c7718e,coughvid_data/aac64f58-94f9-4498-8b8d-73d780c7718e.wav,coughvid_data/aac64f58-94f9-4498-8b8d-73d780c7718e.wav,1.0
49dce27e-b1f2-4ee9-855d-b91335524ec9,coughvid_data/49dce27e-b1f2-4ee9-855d-b91335524ec9.wav,coughvid_data/49dce27e-b1f2-4ee9-855d-b91335524ec9.wav,0.0
b7d7639a-91c2-4378-98e9-2097781f6f63,coughvid_data/b7d7639a-91c2-4378-98e9-2097781f6f63.wav,coughvid_data/b7d7639a-91c2-4378-98e9-2097781f6f63.wav,0.0
3eb327cb-2039-4380-817b-7cefa2032adb,coughvid_data/3eb327cb-2039-4380-817b-7cefa2032adb.wav,coughvid_data/3eb327cb-2039-4380-817b-7cefa2032adb.wav,1.0
f87d25cd-c9b0-409c-be18-39a7f80f2ff0,coughvid_data/f87d25cd-c9b0-409c-be18-39a7f80f2ff0.wav,coughvid_data/f87d25cd-c9b0-409c-be18-39a7f80f2ff0.wav,1.0
4e1282d5-a230-442e-a6aa-d93aee42124e,coughvid_data/4e1282d5-a230-442e-a6aa-d93aee42124e.wav,coughvid_data/4e1282d5-a230-442e-a6aa-d93aee42124e.wav,1.0
e1df1db5-593b-4b6c-8cff-573d93f55166,coughvid_data/e1df1db5-593b-4b6c-8cff-573d93f55166.wav,coughvid_data/e1df1db5-593b-4b6c-8cff-573d93f55166.wav,0.0
5b446b33-3aad-4932-9f3d-a7d7a51edd15,coughvid_data/5b446b33-3aad-4932-9f3d-a7d7a51edd15.wav,coughvid_data/5b446b33-3aad-4932-9f3d-a7d7a51edd15.wav,1.0
c9594e04-fbbd-433d-a55f-8a6db2c35c6a,coughvid_data/c9594e04-fbbd-433d-a55f-8a6db2c35c6a.wav,coughvid_data/c9594e04-fbbd-433d-a55f-8a6db2c35c6a.wav,0.0
3a0cb1cf-69ac-45bd-8e3c-fd5dc1d3e054,coughvid_data/3a0cb1cf-69ac-45bd-8e3c-fd5dc1d3e054.wav,coughvid_data/3a0cb1cf-69ac-45bd-8e3c-fd5dc1d3e054.wav,1.0
7aa0987e-c286-409a-a938-693b7084a75e,coughvid_data/7aa0987e-c286-409a-a938-693b7084a75e.wav,coughvid_data/7aa0987e-c286-409a-a938-693b7084a75e.wav,0.0
90d280ed-de50-4229-83aa-dfdfd3f82a88,coughvid_data/90d280ed-de50-4229-83aa-dfdfd3f82a88.wav,coughvid_data/90d280ed-de50-4229-83aa-dfdfd3f82a88.wav,1.0
debb32e1-04cb-415f-aeb0-e18990579a60,coughvid_data/debb32e1-04cb-415f-aeb0-e18990579a60.wav,coughvid_data/debb32e1-04cb-415f-aeb0-e18990579a60.wav,1.0
0358b80d-4378-4765-a733-5fb2294cb255,coughvid_data/0358b80d-4378-4765-a733-5fb2294cb255.wav,coughvid_data/0358b80d-4378-4765-a733-5fb2294cb255.wav,1.0
12968fed-d100-4aad-adaf-2c65f7a6cd7d,coughvid_data/12968fed-d100-4aad-adaf-2c65f7a6cd7d.wav,coughvid_data/12968fed-d100-4aad-adaf-2c65f7a6cd7d.wav,0.0
4648e3a5-0cd4-47ae-b751-16e20ff86436,coughvid_data/4648e3a5-0cd4-47ae-b751-16e20ff86436.wav,coughvid_data/4648e3a5-0cd4-47ae-b751-16e20ff86436.wav,0.0
40e89f7f-2b41-4331-97db-b3f6a140d4d2,coughvid_data/40e89f7f-2b41-4331-97db-b3f6a140d4d2.wav,coughvid_data/40e89f7f-2b41-4331-97db-b3f6a140d4d2.wav,1.0
8215562f-a31f-46f0-aa24-317cca33b9a3,coughvid_data/8215562f-a31f-46f0-aa24-317cca33b9a3.wav,coughvid_data/8215562f-a31f-46f0-aa24-317cca33b9a3.wav,0.0
7a4f5b22-cb11-4fe2-85dd-4be0e14cad6f,coughvid_data/7a4f5b22-cb11-4fe2-85dd-4be0e14cad6f.wav,coughvid_data/7a4f5b22-cb11-4fe2-85dd-4be0e14cad6f.wav,1.0
5dea9d9a-9e9e-43fd-87fb-579b2b1a9b8a,coughvid_data/5dea9d9a-9e9e-43fd-87fb-579b2b1a9b8a.wav,coughvid_data/5dea9d9a-9e9e-43fd-87fb-579b2b1a9b8a.wav,0.0
992350a8-378d-4888-aaf9-06cabb561262,coughvid_data/992350a8-378d-4888-aaf9-06cabb561262.wav,coughvid_data/992350a8-378d-4888-aaf9-06cabb561262.wav,1.0
c44757dd-e1e8-4eeb-ab12-2635c244c71c,coughvid_data/c44757dd-e1e8-4eeb-ab12-2635c244c71c.wav,coughvid_data/c44757dd-e1e8-4eeb-ab12-2635c244c71c.wav,1.0
686027ff-edc1-4aee-94e9-0174af79245b,coughvid_data/686027ff-edc1-4aee-94e9-0174af79245b.wav,coughvid_data/686027ff-edc1-4aee-94e9-0174af79245b.wav,1.0
4a5a160e-0578-4b0c-bf35-2f624f44bb7e,coughvid_data/4a5a160e-0578-4b0c-bf35-2f624f44bb7e.wav,coughvid_data/4a5a160e-0578-4b0c-bf35-2f624f44bb7e.wav,0.0
09856cc5-98d6-4c34-98ac-5fa30a9f05ad,coughvid_data/09856cc5-98d6-4c34-98ac-5fa30a9f05ad.wav,coughvid_data/09856cc5-98d6-4c34-98ac-5fa30a9f05ad.wav,0.0
c045e0f3-e63c-4a19-990a-fdb18fe149a3,coughvid_data/c045e0f3-e63c-4a19-990a-fdb18fe149a3.wav,coughvid_data/c045e0f3-e63c-4a19-990a-fdb18fe149a3.wav,0.0
3a36b31d-a87c-48af-8492-d019103b62c2,coughvid_data/3a36b31d-a87c-48af-8492-d019103b62c2.wav,coughvid_data/3a36b31d-a87c-48af-8492-d019103b62c2.wav,1.0
a87d4477-158c-4074-819d-a2a5a055d83e,coughvid_data/a87d4477-158c-4074-819d-a2a5a055d83e.wav,coughvid_data/a87d4477-158c-4074-819d-a2a5a055d83e.wav,0.0
bb6d7a31-c46c-41f9-b8e3-90ba8ee33522,coughvid_data/bb6d7a31-c46c-41f9-b8e3-90ba8ee33522.wav,coughvid_data/bb6d7a31-c46c-41f9-b8e3-90ba8ee33522.wav,1.0
ab6d0c4e-1eed-486c-8176-4dd9ff319268,coughvid_data/ab6d0c4e-1eed-486c-8176-4dd9ff319268.wav,coughvid_data/ab6d0c4e-1eed-486c-8176-4dd9ff319268.wav,1.0
60b8a4b9-004d-4537-ab28-4540b3d91e00,coughvid_data/60b8a4b9-004d-4537-ab28-4540b3d91e00.wav,coughvid_data/60b8a4b9-004d-4537-ab28-4540b3d91e00.wav,0.0
c07892ea-7245-4bec-8d71-29c9ab7b899c,coughvid_data/c07892ea-7245-4bec-8d71-29c9ab7b899c.wav,coughvid_data/c07892ea-7245-4bec-8d71-29c9ab7b899c.wav,0.0
7e1a0510-d4f0-42dd-8152-3d8796e50a0b,coughvid_data/7e1a0510-d4f0-42dd-8152-3d8796e50a0b.wav,coughvid_data/7e1a0510-d4f0-42dd-8152-3d8796e50a0b.wav,0.0
f2754494-682c-4fd2-ac4f-4066455fed06,coughvid_data/f2754494-682c-4fd2-ac4f-4066455fed06.wav,coughvid_data/f2754494-682c-4fd2-ac4f-4066455fed06.wav,1.0
2f282f5c-1877-4fa8-9496-9c1702b1369e,coughvid_data/2f282f5c-1877-4fa8-9496-9c1702b1369e.wav,coughvid_data/2f282f5c-1877-4fa8-9496-9c1702b1369e.wav,1.0
369b1ed1-ce8d-4424-9c22-f4ec244e5f98,coughvid_data/369b1ed1-ce8d-4424-9c22-f4ec244e5f98.wav,coughvid_data/369b1ed1-ce8d-4424-9c22-f4ec244e5f98.wav,0.0
0258c88d-f133-4d76-8c7b-8268a0048565,coughvid_data/0258c88d-f133-4d76-8c7b-8268a0048565.wav,coughvid_data/0258c88d-f133-4d76-8c7b-8268a0048565.wav,0.0
2a429ba4-6aa4-4f28-9908-025d4db2405e,coughvid_data/2a429ba4-6aa4-4f28-9908-025d4db2405e.wav,coughvid_data/2a429ba4-6aa4-4f28-9908-025d4db2405e.wav,1.0
778c38b9-431e-467c-85b0-468e79deacd8,coughvid_data/778c38b9-431e-467c-85b0-468e79deacd8.wav,coughvid_data/778c38b9-431e-467c-85b0-468e79deacd8.wav,1.0
75bdfa13-fef0-402c-babe-bf668ccb844b,coughvid_data/75bdfa13-fef0-402c-babe-bf668ccb844b.wav,coughvid_data/75bdfa13-fef0-402c-babe-bf668ccb844b.wav,1.0
8109d14d-12e4-4ab7-8706-9b2679aed8c4,coughvid_data/8109d14d-12e4-4ab7-8706-9b2679aed8c4.wav,coughvid_data/8109d14d-12e4-4ab7-8706-9b2679aed8c4.wav,1.0
b5e4d3ec-457e-4a39-8ae7-5b86368c1104,coughvid_data/b5e4d3ec-457e-4a39-8ae7-5b86368c1104.wav,coughvid_data/b5e4d3ec-457e-4a39-8ae7-5b86368c1104.wav,1.0
f52dd0e5-e4f0-47d4-b8e7-58660e13a32c,coughvid_data/f52dd0e5-e4f0-47d4-b8e7-58660e13a32c.wav,coughvid_data/f52dd0e5-e4f0-47d4-b8e7-58660e13a32c.wav,0.0
ed3123c4-0095-468b-83de-078173dd7938,coughvid_data/ed3123c4-0095-468b-83de-078173dd7938.wav,coughvid_data/ed3123c4-0095-468b-83de-078173dd7938.wav,1.0
d03652fb-bda0-4deb-8acc-495154739348,coughvid_data/d03652fb-bda0-4deb-8acc-495154739348.wav,coughvid_data/d03652fb-bda0-4deb-8acc-495154739348.wav,0.0
e6b0ede6-d1aa-4085-bfa6-2b297c59f1ff,coughvid_data/e6b0ede6-d1aa-4085-bfa6-2b297c59f1ff.wav,coughvid_data/e6b0ede6-d1aa-4085-bfa6-2b297c59f1ff.wav,1.0
91d61517-6993-43aa-9855-4d9fda33df10,coughvid_data/91d61517-6993-43aa-9855-4d9fda33df10.wav,coughvid_data/91d61517-6993-43aa-9855-4d9fda33df10.wav,0.0
6d1d20d4-38b8-4598-8092-78afdf5eeecc,coughvid_data/6d1d20d4-38b8-4598-8092-78afdf5eeecc.wav,coughvid_data/6d1d20d4-38b8-4598-8092-78afdf5eeecc.wav,1.0
1d57ca1f-f31c-4943-b5ea-35da93dd2c2a,coughvid_data/1d57ca1f-f31c-4943-b5ea-35da93dd2c2a.wav,coughvid_data/1d57ca1f-f31c-4943-b5ea-35da93dd2c2a.wav,1.0
05507eef-9568-44f0-8e80-e95c137903f4,coughvid_data/05507eef-9568-44f0-8e80-e95c137903f4.wav,coughvid_data/05507eef-9568-44f0-8e80-e95c137903f4.wav,1.0
3ad0b416-2c80-4126-8d53-4c8cc952786d,coughvid_data/3ad0b416-2c80-4126-8d53-4c8cc952786d.wav,coughvid_data/3ad0b416-2c80-4126-8d53-4c8cc952786d.wav,0.0
adf7e0bf-3310-4ec3-b536-b9116030f009,coughvid_data/adf7e0bf-3310-4ec3-b536-b9116030f009.wav,coughvid_data/adf7e0bf-3310-4ec3-b536-b9116030f009.wav,0.0
9ac28868-7f14-4b6e-af86-6634f04edf65,coughvid_data/9ac28868-7f14-4b6e-af86-6634f04edf65.wav,coughvid_data/9ac28868-7f14-4b6e-af86-6634f04edf65.wav,1.0
a6d02c3c-09c9-4cea-8c12-02fbfd7403f1,coughvid_data/a6d02c3c-09c9-4cea-8c12-02fbfd7403f1.wav,coughvid_data/a6d02c3c-09c9-4cea-8c12-02fbfd7403f1.wav,1.0
6dc5d977-6900-4b75-b46d-58a0854b0408,coughvid_data/6dc5d977-6900-4b75-b46d-58a0854b0408.wav,coughvid_data/6dc5d977-6900-4b75-b46d-58a0854b0408.wav,1.0
21d9e00f-1fcd-41a1-9a31-be1b54e5d831,coughvid_data/21d9e00f-1fcd-41a1-9a31-be1b54e5d831.wav,coughvid_data/21d9e00f-1fcd-41a1-9a31-be1b54e5d831.wav,0.0
dd02cf1b-3ba6-430e-87e5-2616b7446d54,coughvid_data/dd02cf1b-3ba6-430e-87e5-2616b7446d54.wav,coughvid_data/dd02cf1b-3ba6-430e-87e5-2616b7446d54.wav,1.0
6302b7ab-a363-4946-9ee5-369e7fc4639c,coughvid_data/6302b7ab-a363-4946-9ee5-369e7fc4639c.wav,coughvid_data/6302b7ab-a363-4946-9ee5-369e7fc4639c.wav,0.0
0438a2af-3b19-46b1-9680-f416975db70c,coughvid_data/0438a2af-3b19-46b1-9680-f416975db70c.wav,coughvid_data/0438a2af-3b19-46b1-9680-f416975db70c.wav,0.0
f5de7d24-32a8-4dea-90aa-21e1652be0fa,coughvid_data/f5de7d24-32a8-4dea-90aa-21e1652be0fa.wav,coughvid_data/f5de7d24-32a8-4dea-90aa-21e1652be0fa.wav,0.0
48aa4603-27f3-4ec2-a6e8-f3860257a2ba,coughvid_data/48aa4603-27f3-4ec2-a6e8-f3860257a2ba.wav,coughvid_data/48aa4603-27f3-4ec2-a6e8-f3860257a2ba.wav,1.0
1273d304-c974-473a-b9eb-f8c42e3a8389,coughvid_data/1273d304-c974-473a-b9eb-f8c42e3a8389.wav,coughvid_data/1273d304-c974-473a-b9eb-f8c42e3a8389.wav,1.0
aa0e78b9-090b-4930-8ff3-afe77505edfc,coughvid_data/aa0e78b9-090b-4930-8ff3-afe77505edfc.wav,coughvid_data/aa0e78b9-090b-4930-8ff3-afe77505edfc.wav,1.0
83b92249-2387-4604-ba03-dfba2e9560da,coughvid_data/83b92249-2387-4604-ba03-dfba2e9560da.wav,coughvid_data/83b92249-2387-4604-ba03-dfba2e9560da.wav,1.0
9e169e54-7024-4d03-bfa8-567dd5679efe,coughvid_data/9e169e54-7024-4d03-bfa8-567dd5679efe.wav,coughvid_data/9e169e54-7024-4d03-bfa8-567dd5679efe.wav,1.0
abe31790-0076-4e40-a200-6203543b67bd,coughvid_data/abe31790-0076-4e40-a200-6203543b67bd.wav,coughvid_data/abe31790-0076-4e40-a200-6203543b67bd.wav,1.0
916c9769-0e48-4cdd-912e-68a5a366b48e,coughvid_data/916c9769-0e48-4cdd-912e-68a5a366b48e.wav,coughvid_data/916c9769-0e48-4cdd-912e-68a5a366b48e.wav,0.0
152c6ea5-81bf-4dba-a47e-409ba4293921,coughvid_data/152c6ea5-81bf-4dba-a47e-409ba4293921.wav,coughvid_data/152c6ea5-81bf-4dba-a47e-409ba4293921.wav,1.0
ba2cf4ff-8f2a-4da6-84b0-824f7bb2e13c,coughvid_data/ba2cf4ff-8f2a-4da6-84b0-824f7bb2e13c.wav,coughvid_data/ba2cf4ff-8f2a-4da6-84b0-824f7bb2e13c.wav,0.0
c39aab97-4362-4163-91c2-b474d85965c6,coughvid_data/c39aab97-4362-4163-91c2-b474d85965c6.wav,coughvid_data/c39aab97-4362-4163-91c2-b474d85965c6.wav,1.0
c70d8f62-419a-4764-82ae-a88ed1d128a1,coughvid_data/c70d8f62-419a-4764-82ae-a88ed1d128a1.wav,coughvid_data/c70d8f62-419a-4764-82ae-a88ed1d128a1.wav,1.0
9752eb4a-d9b4-49ce-88a8-05ed2e5832d4,coughvid_data/9752eb4a-d9b4-49ce-88a8-05ed2e5832d4.wav,coughvid_data/9752eb4a-d9b4-49ce-88a8-05ed2e5832d4.wav,1.0
0969d0c4-34ce-4e9a-8cf1-1b18403587e8,coughvid_data/0969d0c4-34ce-4e9a-8cf1-1b18403587e8.wav,coughvid_data/0969d0c4-34ce-4e9a-8cf1-1b18403587e8.wav,1.0
69944514-eee0-462e-8055-96961aad77e3,coughvid_data/69944514-eee0-462e-8055-96961aad77e3.wav,coughvid_data/69944514-eee0-462e-8055-96961aad77e3.wav,1.0
2770179a-7b23-4b96-8e34-0ee8373a0888,coughvid_data/2770179a-7b23-4b96-8e34-0ee8373a0888.wav,coughvid_data/2770179a-7b23-4b96-8e34-0ee8373a0888.wav,1.0
99d322ed-c367-4d45-b6d1-f008b47f1af9,coughvid_data/99d322ed-c367-4d45-b6d1-f008b47f1af9.wav,coughvid_data/99d322ed-c367-4d45-b6d1-f008b47f1af9.wav,1.0
0336e68b-83ed-46fd-81be-1c31210af857,coughvid_data/0336e68b-83ed-46fd-81be-1c31210af857.wav,coughvid_data/0336e68b-83ed-46fd-81be-1c31210af857.wav,0.0
1e9de09f-dd16-4e11-a238-4de2536dfa6d,coughvid_data/1e9de09f-dd16-4e11-a238-4de2536dfa6d.wav,coughvid_data/1e9de09f-dd16-4e11-a238-4de2536dfa6d.wav,0.0
14d93484-c142-41ae-bf8a-f3acf2815d3b,coughvid_data/14d93484-c142-41ae-bf8a-f3acf2815d3b.wav,coughvid_data/14d93484-c142-41ae-bf8a-f3acf2815d3b.wav,1.0
659b9aec-66f9-41d1-b4dd-796a6150a448,coughvid_data/659b9aec-66f9-41d1-b4dd-796a6150a448.wav,coughvid_data/659b9aec-66f9-41d1-b4dd-796a6150a448.wav,1.0
a3e6ccb4-84e2-402a-89ac-a94e373051c7,coughvid_data/a3e6ccb4-84e2-402a-89ac-a94e373051c7.wav,coughvid_data/a3e6ccb4-84e2-402a-89ac-a94e373051c7.wav,1.0
52cf6aec-babb-4074-b430-a373febd0e15,coughvid_data/52cf6aec-babb-4074-b430-a373febd0e15.wav,coughvid_data/52cf6aec-babb-4074-b430-a373febd0e15.wav,0.0
5af2208c-46ce-4f8e-ada3-f4b58b8e10aa,coughvid_data/5af2208c-46ce-4f8e-ada3-f4b58b8e10aa.wav,coughvid_data/5af2208c-46ce-4f8e-ada3-f4b58b8e10aa.wav,0.0
d5b78472-9b05-49df-bcd7-67a62c2c9c47,coughvid_data/d5b78472-9b05-49df-bcd7-67a62c2c9c47.wav,coughvid_data/d5b78472-9b05-49df-bcd7-67a62c2c9c47.wav,0.0
e5155145-4f7d-4a0c-b63c-4095ec8fbc76,coughvid_data/e5155145-4f7d-4a0c-b63c-4095ec8fbc76.wav,coughvid_data/e5155145-4f7d-4a0c-b63c-4095ec8fbc76.wav,1.0
aaa74f6d-cac5-497f-b346-f073b0baa0b7,coughvid_data/aaa74f6d-cac5-497f-b346-f073b0baa0b7.wav,coughvid_data/aaa74f6d-cac5-497f-b346-f073b0baa0b7.wav,0.0
48067926-3f37-492a-8927-0dad3d24f9e3,coughvid_data/48067926-3f37-492a-8927-0dad3d24f9e3.wav,coughvid_data/48067926-3f37-492a-8927-0dad3d24f9e3.wav,1.0
6bfcd19e-f3df-4393-a16e-b241762e1743,coughvid_data/6bfcd19e-f3df-4393-a16e-b241762e1743.wav,coughvid_data/6bfcd19e-f3df-4393-a16e-b241762e1743.wav,1.0
11a77c37-0186-46c8-9a7e-e21d70e49f01,coughvid_data/11a77c37-0186-46c8-9a7e-e21d70e49f01.wav,coughvid_data/11a77c37-0186-46c8-9a7e-e21d70e49f01.wav,0.0
1f8b01d8-278c-4555-88de-32eace7f933a,coughvid_data/1f8b01d8-278c-4555-88de-32eace7f933a.wav,coughvid_data/1f8b01d8-278c-4555-88de-32eace7f933a.wav,0.0
56da1f04-fe81-4928-a1de-0f3b9d333c12,coughvid_data/56da1f04-fe81-4928-a1de-0f3b9d333c12.wav,coughvid_data/56da1f04-fe81-4928-a1de-0f3b9d333c12.wav,1.0
834e3ddf-a42b-44b8-a482-6c8dfdd0a7b0,coughvid_data/834e3ddf-a42b-44b8-a482-6c8dfdd0a7b0.wav,coughvid_data/834e3ddf-a42b-44b8-a482-6c8dfdd0a7b0.wav,1.0
764264f5-6be8-4c31-832e-2f86b972da1f,coughvid_data/764264f5-6be8-4c31-832e-2f86b972da1f.wav,coughvid_data/764264f5-6be8-4c31-832e-2f86b972da1f.wav,1.0
7d0f7c10-c2fb-4a0b-8917-00c1bbfa9ba9,coughvid_data/7d0f7c10-c2fb-4a0b-8917-00c1bbfa9ba9.wav,coughvid_data/7d0f7c10-c2fb-4a0b-8917-00c1bbfa9ba9.wav,1.0
07fb12c1-5a28-495f-b972-058c46674ae3,coughvid_data/07fb12c1-5a28-495f-b972-058c46674ae3.wav,coughvid_data/07fb12c1-5a28-495f-b972-058c46674ae3.wav,0.0
b79ee74a-d7f1-4ddd-a84e-e708cedc060b,coughvid_data/b79ee74a-d7f1-4ddd-a84e-e708cedc060b.wav,coughvid_data/b79ee74a-d7f1-4ddd-a84e-e708cedc060b.wav,1.0
9aa736ee-5c1c-4288-aaa5-5741ef2acc95,coughvid_data/9aa736ee-5c1c-4288-aaa5-5741ef2acc95.wav,coughvid_data/9aa736ee-5c1c-4288-aaa5-5741ef2acc95.wav,1.0
a4ca8568-dcc2-457a-9087-9342c5bb4a62,coughvid_data/a4ca8568-dcc2-457a-9087-9342c5bb4a62.wav,coughvid_data/a4ca8568-dcc2-457a-9087-9342c5bb4a62.wav,1.0
522a43ec-3d80-43e4-97c9-c21ceb8b7a63,coughvid_data/522a43ec-3d80-43e4-97c9-c21ceb8b7a63.wav,coughvid_data/522a43ec-3d80-43e4-97c9-c21ceb8b7a63.wav,1.0
1b8dcbab-b5c0-4048-ab7a-6e20628a10e5,coughvid_data/1b8dcbab-b5c0-4048-ab7a-6e20628a10e5.wav,coughvid_data/1b8dcbab-b5c0-4048-ab7a-6e20628a10e5.wav,1.0
1d431934-f720-4784-9e11-8dd71d6e6114,coughvid_data/1d431934-f720-4784-9e11-8dd71d6e6114.wav,coughvid_data/1d431934-f720-4784-9e11-8dd71d6e6114.wav,1.0
8a68a830-e1bd-44e1-a0ce-3bcaf8d1fb41,coughvid_data/8a68a830-e1bd-44e1-a0ce-3bcaf8d1fb41.wav,coughvid_data/8a68a830-e1bd-44e1-a0ce-3bcaf8d1fb41.wav,1.0
3f85f8a6-0a3b-4f89-8ff7-6dfdeb18d176,coughvid_data/3f85f8a6-0a3b-4f89-8ff7-6dfdeb18d176.wav,coughvid_data/3f85f8a6-0a3b-4f89-8ff7-6dfdeb18d176.wav,1.0
22023690-b1ba-4737-b026-9da38680fc1e,coughvid_data/22023690-b1ba-4737-b026-9da38680fc1e.wav,coughvid_data/22023690-b1ba-4737-b026-9da38680fc1e.wav,1.0
2e4190f7-98da-4f42-b827-6057bd6f94c8,coughvid_data/2e4190f7-98da-4f42-b827-6057bd6f94c8.wav,coughvid_data/2e4190f7-98da-4f42-b827-6057bd6f94c8.wav,0.0
1417e213-083f-4a63-8e53-a5ec451f23ad,coughvid_data/1417e213-083f-4a63-8e53-a5ec451f23ad.wav,coughvid_data/1417e213-083f-4a63-8e53-a5ec451f23ad.wav,1.0
fc9d659b-1040-480d-9628-6517f23f02db,coughvid_data/fc9d659b-1040-480d-9628-6517f23f02db.wav,coughvid_data/fc9d659b-1040-480d-9628-6517f23f02db.wav,0.0
ffa718e8-da65-4602-8da8-cda7cdc568f2,coughvid_data/ffa718e8-da65-4602-8da8-cda7cdc568f2.wav,coughvid_data/ffa718e8-da65-4602-8da8-cda7cdc568f2.wav,1.0
ed5f5776-506b-42ac-85f6-021619d319b9,coughvid_data/ed5f5776-506b-42ac-85f6-021619d319b9.wav,coughvid_data/ed5f5776-506b-42ac-85f6-021619d319b9.wav,1.0
b0f208f9-2bb8-4de3-b144-ecc04a5e10d3,coughvid_data/b0f208f9-2bb8-4de3-b144-ecc04a5e10d3.wav,coughvid_data/b0f208f9-2bb8-4de3-b144-ecc04a5e10d3.wav,1.0
bb828486-f7ca-4ded-93e8-3e4f6d4e49fb,coughvid_data/bb828486-f7ca-4ded-93e8-3e4f6d4e49fb.wav,coughvid_data/bb828486-f7ca-4ded-93e8-3e4f6d4e49fb.wav,0.0
61c880bd-9f76-4785-a4c5-ca883d39f545,coughvid_data/61c880bd-9f76-4785-a4c5-ca883d39f545.wav,coughvid_data/61c880bd-9f76-4785-a4c5-ca883d39f545.wav,1.0
42a7a21d-d77a-4b57-83fc-1966d1e5306b,coughvid_data/42a7a21d-d77a-4b57-83fc-1966d1e5306b.wav,coughvid_data/42a7a21d-d77a-4b57-83fc-1966d1e5306b.wav,1.0
7d607d04-df23-46a1-b6ce-d6915728d827,coughvid_data/7d607d04-df23-46a1-b6ce-d6915728d827.wav,coughvid_data/7d607d04-df23-46a1-b6ce-d6915728d827.wav,1.0
2057d2a9-8189-45fd-8e27-3f67bc8aa55b,coughvid_data/2057d2a9-8189-45fd-8e27-3f67bc8aa55b.wav,coughvid_data/2057d2a9-8189-45fd-8e27-3f67bc8aa55b.wav,1.0
e4ef196d-ac9b-4377-aae4-c873f4a82410,coughvid_data/e4ef196d-ac9b-4377-aae4-c873f4a82410.wav,coughvid_data/e4ef196d-ac9b-4377-aae4-c873f4a82410.wav,0.0
1d9cad87-3aec-4bca-aa06-dbccf1755287,coughvid_data/1d9cad87-3aec-4bca-aa06-dbccf1755287.wav,coughvid_data/1d9cad87-3aec-4bca-aa06-dbccf1755287.wav,0.0
418f603c-4c16-44cf-aa67-2305ec0954e7,coughvid_data/418f603c-4c16-44cf-aa67-2305ec0954e7.wav,coughvid_data/418f603c-4c16-44cf-aa67-2305ec0954e7.wav,0.0
1c5e0a5b-94e9-4acb-b505-0417d9ec3621,coughvid_data/1c5e0a5b-94e9-4acb-b505-0417d9ec3621.wav,coughvid_data/1c5e0a5b-94e9-4acb-b505-0417d9ec3621.wav,1.0
cb3a19eb-16e8-42bf-94b4-ab311ed67f4f,coughvid_data/cb3a19eb-16e8-42bf-94b4-ab311ed67f4f.wav,coughvid_data/cb3a19eb-16e8-42bf-94b4-ab311ed67f4f.wav,1.0
91769a4a-9151-4bba-bec0-5ea286cee7be,coughvid_data/91769a4a-9151-4bba-bec0-5ea286cee7be.wav,coughvid_data/91769a4a-9151-4bba-bec0-5ea286cee7be.wav,0.0
bb03c52d-65d2-4712-a6ff-9607d0acb3b2,coughvid_data/bb03c52d-65d2-4712-a6ff-9607d0acb3b2.wav,coughvid_data/bb03c52d-65d2-4712-a6ff-9607d0acb3b2.wav,0.0
64ff0a57-3000-465e-b47c-82f326b28368,coughvid_data/64ff0a57-3000-465e-b47c-82f326b28368.wav,coughvid_data/64ff0a57-3000-465e-b47c-82f326b28368.wav,1.0
93a40349-efc6-4fd7-82d3-c14ef6fad257,coughvid_data/93a40349-efc6-4fd7-82d3-c14ef6fad257.wav,coughvid_data/93a40349-efc6-4fd7-82d3-c14ef6fad257.wav,1.0
a7d03882-fc6f-4edf-84fa-b2dd8724f6df,coughvid_data/a7d03882-fc6f-4edf-84fa-b2dd8724f6df.wav,coughvid_data/a7d03882-fc6f-4edf-84fa-b2dd8724f6df.wav,1.0
70b6cbf4-70cd-4f35-874e-9125a59aa0f3,coughvid_data/70b6cbf4-70cd-4f35-874e-9125a59aa0f3.wav,coughvid_data/70b6cbf4-70cd-4f35-874e-9125a59aa0f3.wav,1.0
ea39407f-0079-4feb-9e0c-5d884cc6b9ac,coughvid_data/ea39407f-0079-4feb-9e0c-5d884cc6b9ac.wav,coughvid_data/ea39407f-0079-4feb-9e0c-5d884cc6b9ac.wav,1.0
43a5b1b9-41c4-4911-8a67-ee1621b797a4,coughvid_data/43a5b1b9-41c4-4911-8a67-ee1621b797a4.wav,coughvid_data/43a5b1b9-41c4-4911-8a67-ee1621b797a4.wav,1.0
30f275f4-7248-4909-9753-f9d7b294d3bd,coughvid_data/30f275f4-7248-4909-9753-f9d7b294d3bd.wav,coughvid_data/30f275f4-7248-4909-9753-f9d7b294d3bd.wav,1.0
0f6c2099-2197-4871-bfac-d327b968d995,coughvid_data/0f6c2099-2197-4871-bfac-d327b968d995.wav,coughvid_data/0f6c2099-2197-4871-bfac-d327b968d995.wav,0.0
5239b499-d50b-4e1e-ba49-65c67033722f,coughvid_data/5239b499-d50b-4e1e-ba49-65c67033722f.wav,coughvid_data/5239b499-d50b-4e1e-ba49-65c67033722f.wav,1.0
88bad32c-a9b8-427d-abb9-a9b14202805a,coughvid_data/88bad32c-a9b8-427d-abb9-a9b14202805a.wav,coughvid_data/88bad32c-a9b8-427d-abb9-a9b14202805a.wav,1.0
85764493-079c-404a-aca2-d7d00a655739,coughvid_data/85764493-079c-404a-aca2-d7d00a655739.wav,coughvid_data/85764493-079c-404a-aca2-d7d00a655739.wav,1.0
30a969aa-bf65-4a71-bdcb-2403fd5b0161,coughvid_data/30a969aa-bf65-4a71-bdcb-2403fd5b0161.wav,coughvid_data/30a969aa-bf65-4a71-bdcb-2403fd5b0161.wav,0.0
6d17c68c-4b55-4cb1-9846-f9ee4db423a9,coughvid_data/6d17c68c-4b55-4cb1-9846-f9ee4db423a9.wav,coughvid_data/6d17c68c-4b55-4cb1-9846-f9ee4db423a9.wav,0.0
a52ebc83-6a2b-46b1-9bbe-60a9b9fc09ea,coughvid_data/a52ebc83-6a2b-46b1-9bbe-60a9b9fc09ea.wav,coughvid_data/a52ebc83-6a2b-46b1-9bbe-60a9b9fc09ea.wav,0.0
6bb6052d-379c-4351-9426-2b11fbfb73bf,coughvid_data/6bb6052d-379c-4351-9426-2b11fbfb73bf.wav,coughvid_data/6bb6052d-379c-4351-9426-2b11fbfb73bf.wav,0.0
e2bf9bf4-03eb-4cc8-ba8f-dac6251d1a6e,coughvid_data/e2bf9bf4-03eb-4cc8-ba8f-dac6251d1a6e.wav,coughvid_data/e2bf9bf4-03eb-4cc8-ba8f-dac6251d1a6e.wav,1.0
1421c541-7648-4065-a3b9-db50c8a4e118,coughvid_data/1421c541-7648-4065-a3b9-db50c8a4e118.wav,coughvid_data/1421c541-7648-4065-a3b9-db50c8a4e118.wav,1.0
d5e9a1af-2571-40f7-99c7-77cfe71657c5,coughvid_data/d5e9a1af-2571-40f7-99c7-77cfe71657c5.wav,coughvid_data/d5e9a1af-2571-40f7-99c7-77cfe71657c5.wav,1.0
4c9d75fc-9a5f-4c0d-8b3d-3c143856240a,coughvid_data/4c9d75fc-9a5f-4c0d-8b3d-3c143856240a.wav,coughvid_data/4c9d75fc-9a5f-4c0d-8b3d-3c143856240a.wav,0.0
486dd43d-63a6-4ad6-8a00-2787b31c245e,coughvid_data/486dd43d-63a6-4ad6-8a00-2787b31c245e.wav,coughvid_data/486dd43d-63a6-4ad6-8a00-2787b31c245e.wav,1.0
2b243e9c-37f2-4552-ac69-4cdf0e070b9a,coughvid_data/2b243e9c-37f2-4552-ac69-4cdf0e070b9a.wav,coughvid_data/2b243e9c-37f2-4552-ac69-4cdf0e070b9a.wav,1.0
5e0b6e89-d9b6-4cca-984d-cdcae3fdd4c0,coughvid_data/5e0b6e89-d9b6-4cca-984d-cdcae3fdd4c0.wav,coughvid_data/5e0b6e89-d9b6-4cca-984d-cdcae3fdd4c0.wav,1.0
765b5041-7669-459f-b323-0ac7a65fe4a6,coughvid_data/765b5041-7669-459f-b323-0ac7a65fe4a6.wav,coughvid_data/765b5041-7669-459f-b323-0ac7a65fe4a6.wav,1.0
b628ffa3-9f52-49a0-9a92-b027373d77a4,coughvid_data/b628ffa3-9f52-49a0-9a92-b027373d77a4.wav,coughvid_data/b628ffa3-9f52-49a0-9a92-b027373d77a4.wav,0.0
a818de24-fb0c-403a-9604-8a1cbb0f8b97,coughvid_data/a818de24-fb0c-403a-9604-8a1cbb0f8b97.wav,coughvid_data/a818de24-fb0c-403a-9604-8a1cbb0f8b97.wav,0.0
a5b0f7bf-93c0-423c-8963-8f868485d3c8,coughvid_data/a5b0f7bf-93c0-423c-8963-8f868485d3c8.wav,coughvid_data/a5b0f7bf-93c0-423c-8963-8f868485d3c8.wav,1.0
a600c297-c86d-41ad-8049-6c21bc3898ce,coughvid_data/a600c297-c86d-41ad-8049-6c21bc3898ce.wav,coughvid_data/a600c297-c86d-41ad-8049-6c21bc3898ce.wav,1.0
67b8fc39-ecfa-48e1-a655-27d6a0c12b64,coughvid_data/67b8fc39-ecfa-48e1-a655-27d6a0c12b64.wav,coughvid_data/67b8fc39-ecfa-48e1-a655-27d6a0c12b64.wav,1.0
0f72237a-7280-46f0-8a52-53e2af1c1282,coughvid_data/0f72237a-7280-46f0-8a52-53e2af1c1282.wav,coughvid_data/0f72237a-7280-46f0-8a52-53e2af1c1282.wav,0.0
0a5cf3d4-bc32-46f8-8d03-d4fbc9db7cb2,coughvid_data/0a5cf3d4-bc32-46f8-8d03-d4fbc9db7cb2.wav,coughvid_data/0a5cf3d4-bc32-46f8-8d03-d4fbc9db7cb2.wav,1.0
50020010-236c-42cf-a1f5-e95676389a3f,coughvid_data/50020010-236c-42cf-a1f5-e95676389a3f.wav,coughvid_data/50020010-236c-42cf-a1f5-e95676389a3f.wav,1.0
5a517de2-fe21-42dd-aa3f-25d46565cab7,coughvid_data/5a517de2-fe21-42dd-aa3f-25d46565cab7.wav,coughvid_data/5a517de2-fe21-42dd-aa3f-25d46565cab7.wav,1.0
63e84dff-6ba4-4175-b541-e4f1e665a3c1,coughvid_data/63e84dff-6ba4-4175-b541-e4f1e665a3c1.wav,coughvid_data/63e84dff-6ba4-4175-b541-e4f1e665a3c1.wav,0.0
13a52863-759c-49a4-9af0-12fc5cd9874e,coughvid_data/13a52863-759c-49a4-9af0-12fc5cd9874e.wav,coughvid_data/13a52863-759c-49a4-9af0-12fc5cd9874e.wav,0.0
c2931a8f-2194-4f16-8f3b-8c6b0cc7758e,coughvid_data/c2931a8f-2194-4f16-8f3b-8c6b0cc7758e.wav,coughvid_data/c2931a8f-2194-4f16-8f3b-8c6b0cc7758e.wav,0.0
e3339746-3b57-4e47-885b-51ae5d01857d,coughvid_data/e3339746-3b57-4e47-885b-51ae5d01857d.wav,coughvid_data/e3339746-3b57-4e47-885b-51ae5d01857d.wav,0.0
a67eff8a-1ec6-4eae-aed5-f4d67b4f23aa,coughvid_data/a67eff8a-1ec6-4eae-aed5-f4d67b4f23aa.wav,coughvid_data/a67eff8a-1ec6-4eae-aed5-f4d67b4f23aa.wav,1.0
f1cc91c1-0c1b-4bcf-8bbc-5d664297f9ff,coughvid_data/f1cc91c1-0c1b-4bcf-8bbc-5d664297f9ff.wav,coughvid_data/f1cc91c1-0c1b-4bcf-8bbc-5d664297f9ff.wav,1.0
3a9d752b-81c4-4ef5-add3-a78c5fbee7f2,coughvid_data/3a9d752b-81c4-4ef5-add3-a78c5fbee7f2.wav,coughvid_data/3a9d752b-81c4-4ef5-add3-a78c5fbee7f2.wav,1.0
98bc6487-d323-4c2e-af17-47b367468f46,coughvid_data/98bc6487-d323-4c2e-af17-47b367468f46.wav,coughvid_data/98bc6487-d323-4c2e-af17-47b367468f46.wav,1.0
69e49b0d-bed9-43ba-81a0-9ec24f51d3cc,coughvid_data/69e49b0d-bed9-43ba-81a0-9ec24f51d3cc.wav,coughvid_data/69e49b0d-bed9-43ba-81a0-9ec24f51d3cc.wav,1.0
86dcd18b-3040-4bf6-9a0b-54dc6d1dca07,coughvid_data/86dcd18b-3040-4bf6-9a0b-54dc6d1dca07.wav,coughvid_data/86dcd18b-3040-4bf6-9a0b-54dc6d1dca07.wav,1.0
09334995-2126-4706-91de-e79f04bde754,coughvid_data/09334995-2126-4706-91de-e79f04bde754.wav,coughvid_data/09334995-2126-4706-91de-e79f04bde754.wav,0.0
7cc19567-40ba-406e-8b2d-42f4df2f2dca,coughvid_data/7cc19567-40ba-406e-8b2d-42f4df2f2dca.wav,coughvid_data/7cc19567-40ba-406e-8b2d-42f4df2f2dca.wav,1.0
fff30afc-db62-4408-a585-07ca9a254fcc,coughvid_data/fff30afc-db62-4408-a585-07ca9a254fcc.wav,coughvid_data/fff30afc-db62-4408-a585-07ca9a254fcc.wav,1.0
790ea585-ae1f-43ec-b457-51cc83e774be,coughvid_data/790ea585-ae1f-43ec-b457-51cc83e774be.wav,coughvid_data/790ea585-ae1f-43ec-b457-51cc83e774be.wav,1.0
af8dba8a-3604-4e99-9e6d-da2642323a4f,coughvid_data/af8dba8a-3604-4e99-9e6d-da2642323a4f.wav,coughvid_data/af8dba8a-3604-4e99-9e6d-da2642323a4f.wav,1.0
b37a051e-c2b0-4f38-9b12-51652c511d03,coughvid_data/b37a051e-c2b0-4f38-9b12-51652c511d03.wav,coughvid_data/b37a051e-c2b0-4f38-9b12-51652c511d03.wav,1.0
ff8bfcc9-3df2-4752-8280-63f023fba31c,coughvid_data/ff8bfcc9-3df2-4752-8280-63f023fba31c.wav,coughvid_data/ff8bfcc9-3df2-4752-8280-63f023fba31c.wav,1.0
8a86eba7-9614-4b77-afb4-1f2f5f98cf0c,coughvid_data/8a86eba7-9614-4b77-afb4-1f2f5f98cf0c.wav,coughvid_data/8a86eba7-9614-4b77-afb4-1f2f5f98cf0c.wav,1.0
dbed4bfa-1daa-4793-bbff-26295036db89,coughvid_data/dbed4bfa-1daa-4793-bbff-26295036db89.wav,coughvid_data/dbed4bfa-1daa-4793-bbff-26295036db89.wav,0.0
3d5292e7-8bba-4cee-a7c5-2418d0fe4037,coughvid_data/3d5292e7-8bba-4cee-a7c5-2418d0fe4037.wav,coughvid_data/3d5292e7-8bba-4cee-a7c5-2418d0fe4037.wav,1.0
29976ca1-e552-47fa-bba4-62d752906134,coughvid_data/29976ca1-e552-47fa-bba4-62d752906134.wav,coughvid_data/29976ca1-e552-47fa-bba4-62d752906134.wav,1.0
32508c91-c886-421b-97b4-f194359a7592,coughvid_data/32508c91-c886-421b-97b4-f194359a7592.wav,coughvid_data/32508c91-c886-421b-97b4-f194359a7592.wav,1.0
2415d670-2085-4f5e-8cd6-df6093ca99e8,coughvid_data/2415d670-2085-4f5e-8cd6-df6093ca99e8.wav,coughvid_data/2415d670-2085-4f5e-8cd6-df6093ca99e8.wav,0.0
40b7eb8e-ad94-4925-9059-7972883af6ab,coughvid_data/40b7eb8e-ad94-4925-9059-7972883af6ab.wav,coughvid_data/40b7eb8e-ad94-4925-9059-7972883af6ab.wav,1.0
70194c43-7fb5-429e-9cb3-43d8d5e7c298,coughvid_data/70194c43-7fb5-429e-9cb3-43d8d5e7c298.wav,coughvid_data/70194c43-7fb5-429e-9cb3-43d8d5e7c298.wav,0.0
24c1036f-51e9-4a48-b2cb-530e7404209c,coughvid_data/24c1036f-51e9-4a48-b2cb-530e7404209c.wav,coughvid_data/24c1036f-51e9-4a48-b2cb-530e7404209c.wav,1.0
2e6ad653-27dc-47df-87da-92f67585e904,coughvid_data/2e6ad653-27dc-47df-87da-92f67585e904.wav,coughvid_data/2e6ad653-27dc-47df-87da-92f67585e904.wav,1.0
14acc44f-e9b7-4fea-ad72-2aeccd0d901b,coughvid_data/14acc44f-e9b7-4fea-ad72-2aeccd0d901b.wav,coughvid_data/14acc44f-e9b7-4fea-ad72-2aeccd0d901b.wav,1.0
1b2e1b26-fd64-4532-838f-899137f95f7a,coughvid_data/1b2e1b26-fd64-4532-838f-899137f95f7a.wav,coughvid_data/1b2e1b26-fd64-4532-838f-899137f95f7a.wav,1.0
16d5f486-1a84-47b9-bc54-3c07f0d98d0b,coughvid_data/16d5f486-1a84-47b9-bc54-3c07f0d98d0b.wav,coughvid_data/16d5f486-1a84-47b9-bc54-3c07f0d98d0b.wav,1.0
a2ef8dd8-6612-4372-b9f7-4ec239cf74d2,coughvid_data/a2ef8dd8-6612-4372-b9f7-4ec239cf74d2.wav,coughvid_data/a2ef8dd8-6612-4372-b9f7-4ec239cf74d2.wav,1.0
e0935ad8-2af2-4f47-a870-70fbd58e940b,coughvid_data/e0935ad8-2af2-4f47-a870-70fbd58e940b.wav,coughvid_data/e0935ad8-2af2-4f47-a870-70fbd58e940b.wav,1.0
ae3ac9d3-1474-4d60-ae9e-ee49ddff472e,coughvid_data/ae3ac9d3-1474-4d60-ae9e-ee49ddff472e.wav,coughvid_data/ae3ac9d3-1474-4d60-ae9e-ee49ddff472e.wav,0.0
eca2d124-4481-41be-9a14-81c1d19ea65e,coughvid_data/eca2d124-4481-41be-9a14-81c1d19ea65e.wav,coughvid_data/eca2d124-4481-41be-9a14-81c1d19ea65e.wav,0.0
edf0f133-448e-4c9d-9c01-53b1a4c203f2,coughvid_data/edf0f133-448e-4c9d-9c01-53b1a4c203f2.wav,coughvid_data/edf0f133-448e-4c9d-9c01-53b1a4c203f2.wav,1.0
09f76944-49d5-4c78-8064-474d79a8d871,coughvid_data/09f76944-49d5-4c78-8064-474d79a8d871.wav,coughvid_data/09f76944-49d5-4c78-8064-474d79a8d871.wav,0.0
37f36c52-8a27-4a19-9950-8e17859b4bac,coughvid_data/37f36c52-8a27-4a19-9950-8e17859b4bac.wav,coughvid_data/37f36c52-8a27-4a19-9950-8e17859b4bac.wav,1.0
caa88bed-82ac-4674-9c9f-6d151034bbd2,coughvid_data/caa88bed-82ac-4674-9c9f-6d151034bbd2.wav,coughvid_data/caa88bed-82ac-4674-9c9f-6d151034bbd2.wav,1.0
7b356301-3c6a-4098-83b8-fd7534305f29,coughvid_data/7b356301-3c6a-4098-83b8-fd7534305f29.wav,coughvid_data/7b356301-3c6a-4098-83b8-fd7534305f29.wav,0.0
951166b0-8970-49b0-b9cd-5e07ffe2b7ee,coughvid_data/951166b0-8970-49b0-b9cd-5e07ffe2b7ee.wav,coughvid_data/951166b0-8970-49b0-b9cd-5e07ffe2b7ee.wav,0.0
abfa4d65-93a2-4c1c-833d-c4e83ec14f81,coughvid_data/abfa4d65-93a2-4c1c-833d-c4e83ec14f81.wav,coughvid_data/abfa4d65-93a2-4c1c-833d-c4e83ec14f81.wav,1.0
329176c6-35ff-47ed-b5c6-46abb501b2be,coughvid_data/329176c6-35ff-47ed-b5c6-46abb501b2be.wav,coughvid_data/329176c6-35ff-47ed-b5c6-46abb501b2be.wav,0.0
5e451fb1-d60b-4058-aeea-a4175581bb4c,coughvid_data/5e451fb1-d60b-4058-aeea-a4175581bb4c.wav,coughvid_data/5e451fb1-d60b-4058-aeea-a4175581bb4c.wav,0.0
9501d8a1-1882-48c9-8ca4-da70997bcf6f,coughvid_data/9501d8a1-1882-48c9-8ca4-da70997bcf6f.wav,coughvid_data/9501d8a1-1882-48c9-8ca4-da70997bcf6f.wav,0.0
41120045-59b1-4f29-ab13-336ed9e2583f,coughvid_data/41120045-59b1-4f29-ab13-336ed9e2583f.wav,coughvid_data/41120045-59b1-4f29-ab13-336ed9e2583f.wav,0.0
622b0fc5-d0ae-4fb6-a73e-d7fbd65a17f1,coughvid_data/622b0fc5-d0ae-4fb6-a73e-d7fbd65a17f1.wav,coughvid_data/622b0fc5-d0ae-4fb6-a73e-d7fbd65a17f1.wav,0.0
23468778-8589-42f9-a3be-99c3b800d751,coughvid_data/23468778-8589-42f9-a3be-99c3b800d751.wav,coughvid_data/23468778-8589-42f9-a3be-99c3b800d751.wav,0.0
f22f0dfb-324d-442d-addc-83cd969cb3df,coughvid_data/f22f0dfb-324d-442d-addc-83cd969cb3df.wav,coughvid_data/f22f0dfb-324d-442d-addc-83cd969cb3df.wav,0.0
ddaf3854-51d8-47d6-a81d-c604aae7177e,coughvid_data/ddaf3854-51d8-47d6-a81d-c604aae7177e.wav,coughvid_data/ddaf3854-51d8-47d6-a81d-c604aae7177e.wav,0.0
7e4fb464-fb4e-43a3-915a-8889552ace19,coughvid_data/7e4fb464-fb4e-43a3-915a-8889552ace19.wav,coughvid_data/7e4fb464-fb4e-43a3-915a-8889552ace19.wav,1.0
95c8d2cd-1742-4123-a66a-7b1027233416,coughvid_data/95c8d2cd-1742-4123-a66a-7b1027233416.wav,coughvid_data/95c8d2cd-1742-4123-a66a-7b1027233416.wav,0.0
e61b2aee-73ee-42f3-9568-a03f2fb60e22,coughvid_data/e61b2aee-73ee-42f3-9568-a03f2fb60e22.wav,coughvid_data/e61b2aee-73ee-42f3-9568-a03f2fb60e22.wav,0.0
4bad9211-2bd7-4962-80e8-0bf90cffc94f,coughvid_data/4bad9211-2bd7-4962-80e8-0bf90cffc94f.wav,coughvid_data/4bad9211-2bd7-4962-80e8-0bf90cffc94f.wav,0.0
f57acc5c-b029-4a51-8d66-e50ca704cdd5,coughvid_data/f57acc5c-b029-4a51-8d66-e50ca704cdd5.wav,coughvid_data/f57acc5c-b029-4a51-8d66-e50ca704cdd5.wav,0.0
896dd821-7e47-47a4-8628-e2e9ea4f24c2,coughvid_data/896dd821-7e47-47a4-8628-e2e9ea4f24c2.wav,coughvid_data/896dd821-7e47-47a4-8628-e2e9ea4f24c2.wav,0.0
08b513eb-5799-4664-81ad-a6b8f450c231,coughvid_data/08b513eb-5799-4664-81ad-a6b8f450c231.wav,coughvid_data/08b513eb-5799-4664-81ad-a6b8f450c231.wav,1.0
404a88f0-1626-4022-bf41-3318ce026d27,coughvid_data/404a88f0-1626-4022-bf41-3318ce026d27.wav,coughvid_data/404a88f0-1626-4022-bf41-3318ce026d27.wav,0.0
23d3ff5a-1e5a-41a6-8fbb-2753bfcf251e,coughvid_data/23d3ff5a-1e5a-41a6-8fbb-2753bfcf251e.wav,coughvid_data/23d3ff5a-1e5a-41a6-8fbb-2753bfcf251e.wav,1.0
38ac97a6-0eb0-4c52-8d1d-9697437de978,coughvid_data/38ac97a6-0eb0-4c52-8d1d-9697437de978.wav,coughvid_data/38ac97a6-0eb0-4c52-8d1d-9697437de978.wav,1.0
ac026f81-c7bb-4921-aadf-4e7d082e5f47,coughvid_data/ac026f81-c7bb-4921-aadf-4e7d082e5f47.wav,coughvid_data/ac026f81-c7bb-4921-aadf-4e7d082e5f47.wav,0.0
dea48fea-9054-429b-9a7e-dbe1cba10dc7,coughvid_data/dea48fea-9054-429b-9a7e-dbe1cba10dc7.wav,coughvid_data/dea48fea-9054-429b-9a7e-dbe1cba10dc7.wav,1.0
b8cf1450-d14f-4ed5-af78-b949ec3d1624,coughvid_data/b8cf1450-d14f-4ed5-af78-b949ec3d1624.wav,coughvid_data/b8cf1450-d14f-4ed5-af78-b949ec3d1624.wav,1.0
d754ba3d-eb75-468f-8b7f-30c356fdd184,coughvid_data/d754ba3d-eb75-468f-8b7f-30c356fdd184.wav,coughvid_data/d754ba3d-eb75-468f-8b7f-30c356fdd184.wav,0.0
5769b4dd-4b31-48ca-bf6f-255a139e38ab,coughvid_data/5769b4dd-4b31-48ca-bf6f-255a139e38ab.wav,coughvid_data/5769b4dd-4b31-48ca-bf6f-255a139e38ab.wav,0.0
c4c4e78b-7ac1-4283-b81e-98686507c3d1,coughvid_data/c4c4e78b-7ac1-4283-b81e-98686507c3d1.wav,coughvid_data/c4c4e78b-7ac1-4283-b81e-98686507c3d1.wav,0.0
53b35d9a-436d-4ba1-a37e-7c8a5339e199,coughvid_data/53b35d9a-436d-4ba1-a37e-7c8a5339e199.wav,coughvid_data/53b35d9a-436d-4ba1-a37e-7c8a5339e199.wav,0.0
0d432351-7947-4485-9ac7-b40ca7f88ca0,coughvid_data/0d432351-7947-4485-9ac7-b40ca7f88ca0.wav,coughvid_data/0d432351-7947-4485-9ac7-b40ca7f88ca0.wav,1.0
0df14138-993f-49f5-a518-f60f41d39326,coughvid_data/0df14138-993f-49f5-a518-f60f41d39326.wav,coughvid_data/0df14138-993f-49f5-a518-f60f41d39326.wav,1.0
aa3d2089-d804-4f2d-9308-a684bee8915f,coughvid_data/aa3d2089-d804-4f2d-9308-a684bee8915f.wav,coughvid_data/aa3d2089-d804-4f2d-9308-a684bee8915f.wav,0.0
9b5e2509-569a-4619-9e32-1f05b2fa8627,coughvid_data/9b5e2509-569a-4619-9e32-1f05b2fa8627.wav,coughvid_data/9b5e2509-569a-4619-9e32-1f05b2fa8627.wav,1.0
4d8e27ee-33a5-448b-a97e-f2d931826a17,coughvid_data/4d8e27ee-33a5-448b-a97e-f2d931826a17.wav,coughvid_data/4d8e27ee-33a5-448b-a97e-f2d931826a17.wav,1.0
7a915537-118b-4ad7-96a4-8050b3ec6012,coughvid_data/7a915537-118b-4ad7-96a4-8050b3ec6012.wav,coughvid_data/7a915537-118b-4ad7-96a4-8050b3ec6012.wav,0.0
105d18a9-f281-4e4c-bb7d-1ad9885696c9,coughvid_data/105d18a9-f281-4e4c-bb7d-1ad9885696c9.wav,coughvid_data/105d18a9-f281-4e4c-bb7d-1ad9885696c9.wav,1.0
f53dd8ba-1e90-4be6-b625-246a656dfe97,coughvid_data/f53dd8ba-1e90-4be6-b625-246a656dfe97.wav,coughvid_data/f53dd8ba-1e90-4be6-b625-246a656dfe97.wav,0.0
2479c978-9ca4-4a64-8d84-044cb94cbe82,coughvid_data/2479c978-9ca4-4a64-8d84-044cb94cbe82.wav,coughvid_data/2479c978-9ca4-4a64-8d84-044cb94cbe82.wav,0.0
366ff635-21a3-4a89-95f5-83c67555bd33,coughvid_data/366ff635-21a3-4a89-95f5-83c67555bd33.wav,coughvid_data/366ff635-21a3-4a89-95f5-83c67555bd33.wav,0.0
69560c4e-b4dd-4e4a-ae78-39e3df7ccbd9,coughvid_data/69560c4e-b4dd-4e4a-ae78-39e3df7ccbd9.wav,coughvid_data/69560c4e-b4dd-4e4a-ae78-39e3df7ccbd9.wav,0.0
e8745b4e-ce0c-4243-9d1f-d3605936e5ae,coughvid_data/e8745b4e-ce0c-4243-9d1f-d3605936e5ae.wav,coughvid_data/e8745b4e-ce0c-4243-9d1f-d3605936e5ae.wav,0.0
bcbebf33-393e-42fe-8263-315c7e168f41,coughvid_data/bcbebf33-393e-42fe-8263-315c7e168f41.wav,coughvid_data/bcbebf33-393e-42fe-8263-315c7e168f41.wav,1.0
6bafb7ad-eb3c-456f-b4a1-1f100418d06c,coughvid_data/6bafb7ad-eb3c-456f-b4a1-1f100418d06c.wav,coughvid_data/6bafb7ad-eb3c-456f-b4a1-1f100418d06c.wav,1.0
fb1d1ba1-3420-4b2f-8455-c631a87d808e,coughvid_data/fb1d1ba1-3420-4b2f-8455-c631a87d808e.wav,coughvid_data/fb1d1ba1-3420-4b2f-8455-c631a87d808e.wav,1.0
e18b869f-b152-4fbc-b160-ae7b4bdd6957,coughvid_data/e18b869f-b152-4fbc-b160-ae7b4bdd6957.wav,coughvid_data/e18b869f-b152-4fbc-b160-ae7b4bdd6957.wav,0.0
9c0cdc0e-9f4f-447f-aaf8-60934e953947,coughvid_data/9c0cdc0e-9f4f-447f-aaf8-60934e953947.wav,coughvid_data/9c0cdc0e-9f4f-447f-aaf8-60934e953947.wav,1.0
be329b01-ffe4-4349-9f64-bf20e4496ae2,coughvid_data/be329b01-ffe4-4349-9f64-bf20e4496ae2.wav,coughvid_data/be329b01-ffe4-4349-9f64-bf20e4496ae2.wav,1.0
a26b6a68-33dd-42c2-9b7d-b341932e5c36,coughvid_data/a26b6a68-33dd-42c2-9b7d-b341932e5c36.wav,coughvid_data/a26b6a68-33dd-42c2-9b7d-b341932e5c36.wav,0.0
00e2eb1e-83c1-407e-9332-efbdbcbca8ac,coughvid_data/00e2eb1e-83c1-407e-9332-efbdbcbca8ac.wav,coughvid_data/00e2eb1e-83c1-407e-9332-efbdbcbca8ac.wav,1.0
a9fd71c0-6fba-4f27-874e-3ce18f5e266d,coughvid_data/a9fd71c0-6fba-4f27-874e-3ce18f5e266d.wav,coughvid_data/a9fd71c0-6fba-4f27-874e-3ce18f5e266d.wav,0.0
0733f882-d7fd-4dc5-a1b0-8aeec64fc112,coughvid_data/0733f882-d7fd-4dc5-a1b0-8aeec64fc112.wav,coughvid_data/0733f882-d7fd-4dc5-a1b0-8aeec64fc112.wav,1.0
1c947f06-4892-4bae-b100-81e076115bbc,coughvid_data/1c947f06-4892-4bae-b100-81e076115bbc.wav,coughvid_data/1c947f06-4892-4bae-b100-81e076115bbc.wav,0.0
517b5d20-11bd-4198-80c5-3c7623099b78,coughvid_data/517b5d20-11bd-4198-80c5-3c7623099b78.wav,coughvid_data/517b5d20-11bd-4198-80c5-3c7623099b78.wav,1.0
d1b4bee4-b055-498f-a6bd-c094eeb74a5a,coughvid_data/d1b4bee4-b055-498f-a6bd-c094eeb74a5a.wav,coughvid_data/d1b4bee4-b055-498f-a6bd-c094eeb74a5a.wav,1.0
477d5eb0-f5a4-4c97-9f00-03ace4fbf876,coughvid_data/477d5eb0-f5a4-4c97-9f00-03ace4fbf876.wav,coughvid_data/477d5eb0-f5a4-4c97-9f00-03ace4fbf876.wav,1.0
cf4226b1-8685-4319-8d33-fdee7e8492ea,coughvid_data/cf4226b1-8685-4319-8d33-fdee7e8492ea.wav,coughvid_data/cf4226b1-8685-4319-8d33-fdee7e8492ea.wav,0.0
0f0ab09b-76bf-464e-9c46-75f36acbada8,coughvid_data/0f0ab09b-76bf-464e-9c46-75f36acbada8.wav,coughvid_data/0f0ab09b-76bf-464e-9c46-75f36acbada8.wav,1.0
e1dfd5a6-39de-47b9-aad5-2082dfd5fd98,coughvid_data/e1dfd5a6-39de-47b9-aad5-2082dfd5fd98.wav,coughvid_data/e1dfd5a6-39de-47b9-aad5-2082dfd5fd98.wav,1.0
32cc6e49-fdad-496d-a8c5-1239fdd31244,coughvid_data/32cc6e49-fdad-496d-a8c5-1239fdd31244.wav,coughvid_data/32cc6e49-fdad-496d-a8c5-1239fdd31244.wav,1.0
2a52dd14-574a-4fdb-b328-bdeeef579d59,coughvid_data/2a52dd14-574a-4fdb-b328-bdeeef579d59.wav,coughvid_data/2a52dd14-574a-4fdb-b328-bdeeef579d59.wav,0.0
3c81667a-9948-4fcf-941e-b38c4c5ebda4,coughvid_data/3c81667a-9948-4fcf-941e-b38c4c5ebda4.wav,coughvid_data/3c81667a-9948-4fcf-941e-b38c4c5ebda4.wav,1.0
052c282a-a9a0-451c-bdf0-6f7c3ebe81d5,coughvid_data/052c282a-a9a0-451c-bdf0-6f7c3ebe81d5.wav,coughvid_data/052c282a-a9a0-451c-bdf0-6f7c3ebe81d5.wav,1.0
27bc1655-44e7-4709-997a-b0a192c3cf54,coughvid_data/27bc1655-44e7-4709-997a-b0a192c3cf54.wav,coughvid_data/27bc1655-44e7-4709-997a-b0a192c3cf54.wav,0.0
19e08810-a69d-4a92-88cb-842e1e2161b7,coughvid_data/19e08810-a69d-4a92-88cb-842e1e2161b7.wav,coughvid_data/19e08810-a69d-4a92-88cb-842e1e2161b7.wav,0.0
7c1b43d9-49f7-41ee-a347-2971c161ac7a,coughvid_data/7c1b43d9-49f7-41ee-a347-2971c161ac7a.wav,coughvid_data/7c1b43d9-49f7-41ee-a347-2971c161ac7a.wav,1.0
97eadd9c-3f34-4298-a681-c6b3def6418b,coughvid_data/97eadd9c-3f34-4298-a681-c6b3def6418b.wav,coughvid_data/97eadd9c-3f34-4298-a681-c6b3def6418b.wav,0.0
e1fe9c58-595a-4b92-8c11-4601c278fe1c,coughvid_data/e1fe9c58-595a-4b92-8c11-4601c278fe1c.wav,coughvid_data/e1fe9c58-595a-4b92-8c11-4601c278fe1c.wav,0.0
c7433224-1b64-46cd-9b5e-4b0cec3810e5,coughvid_data/c7433224-1b64-46cd-9b5e-4b0cec3810e5.wav,coughvid_data/c7433224-1b64-46cd-9b5e-4b0cec3810e5.wav,1.0
3c262862-9653-4062-b53f-4f58db3dfb6d,coughvid_data/3c262862-9653-4062-b53f-4f58db3dfb6d.wav,coughvid_data/3c262862-9653-4062-b53f-4f58db3dfb6d.wav,0.0
d85e1b27-4e54-4de2-9f6a-2e66eda131e6,coughvid_data/d85e1b27-4e54-4de2-9f6a-2e66eda131e6.wav,coughvid_data/d85e1b27-4e54-4de2-9f6a-2e66eda131e6.wav,1.0
a937673c-2f44-480e-8ca6-0d6c903f5d95,coughvid_data/a937673c-2f44-480e-8ca6-0d6c903f5d95.wav,coughvid_data/a937673c-2f44-480e-8ca6-0d6c903f5d95.wav,1.0
8696172c-fb42-4e33-b7cf-9224de8ae2e8,coughvid_data/8696172c-fb42-4e33-b7cf-9224de8ae2e8.wav,coughvid_data/8696172c-fb42-4e33-b7cf-9224de8ae2e8.wav,0.0
771f5da4-aebb-4200-909f-b1c41a62c927,coughvid_data/771f5da4-aebb-4200-909f-b1c41a62c927.wav,coughvid_data/771f5da4-aebb-4200-909f-b1c41a62c927.wav,1.0
55913705-4ff7-4780-a6a0-f636f8b76d31,coughvid_data/55913705-4ff7-4780-a6a0-f636f8b76d31.wav,coughvid_data/55913705-4ff7-4780-a6a0-f636f8b76d31.wav,1.0
86c9d6ae-1457-4d78-a501-103b5ddffcd6,coughvid_data/86c9d6ae-1457-4d78-a501-103b5ddffcd6.wav,coughvid_data/86c9d6ae-1457-4d78-a501-103b5ddffcd6.wav,1.0
b94a4d3a-ecf6-4b12-9686-dde6d6bc0ffc,coughvid_data/b94a4d3a-ecf6-4b12-9686-dde6d6bc0ffc.wav,coughvid_data/b94a4d3a-ecf6-4b12-9686-dde6d6bc0ffc.wav,1.0
d49d0325-52f7-460a-98c7-2b499236c6db,coughvid_data/d49d0325-52f7-460a-98c7-2b499236c6db.wav,coughvid_data/d49d0325-52f7-460a-98c7-2b499236c6db.wav,0.0
9215e8eb-d60a-4bea-b045-d17351cac55b,coughvid_data/9215e8eb-d60a-4bea-b045-d17351cac55b.wav,coughvid_data/9215e8eb-d60a-4bea-b045-d17351cac55b.wav,1.0
24f20435-bf37-4ba8-b5e3-47c492e8f52b,coughvid_data/24f20435-bf37-4ba8-b5e3-47c492e8f52b.wav,coughvid_data/24f20435-bf37-4ba8-b5e3-47c492e8f52b.wav,1.0
33ef75e1-e12a-4ca5-b35c-8c29a61f5325,coughvid_data/33ef75e1-e12a-4ca5-b35c-8c29a61f5325.wav,coughvid_data/33ef75e1-e12a-4ca5-b35c-8c29a61f5325.wav,1.0
cfe4590d-86d3-4e98-9ce7-3437c67f421f,coughvid_data/cfe4590d-86d3-4e98-9ce7-3437c67f421f.wav,coughvid_data/cfe4590d-86d3-4e98-9ce7-3437c67f421f.wav,0.0
ffc32f54-038c-46fa-be60-08e6cd98e3ed,coughvid_data/ffc32f54-038c-46fa-be60-08e6cd98e3ed.wav,coughvid_data/ffc32f54-038c-46fa-be60-08e6cd98e3ed.wav,0.0
27001528-726b-4efa-853f-7f1cc8cb5a1b,coughvid_data/27001528-726b-4efa-853f-7f1cc8cb5a1b.wav,coughvid_data/27001528-726b-4efa-853f-7f1cc8cb5a1b.wav,0.0
a286fb10-67fa-432e-80b1-e3f3992f4f95,coughvid_data/a286fb10-67fa-432e-80b1-e3f3992f4f95.wav,coughvid_data/a286fb10-67fa-432e-80b1-e3f3992f4f95.wav,1.0
7829118e-1778-4c9b-8201-196f623ad7fe,coughvid_data/7829118e-1778-4c9b-8201-196f623ad7fe.wav,coughvid_data/7829118e-1778-4c9b-8201-196f623ad7fe.wav,0.0
225437cd-b025-430f-a51a-9c0e19cd372d,coughvid_data/225437cd-b025-430f-a51a-9c0e19cd372d.wav,coughvid_data/225437cd-b025-430f-a51a-9c0e19cd372d.wav,0.0
d51b6235-f8b5-482f-baaa-39c2971e819b,coughvid_data/d51b6235-f8b5-482f-baaa-39c2971e819b.wav,coughvid_data/d51b6235-f8b5-482f-baaa-39c2971e819b.wav,0.0
d62487a3-399a-4575-a6b1-271f1932efbc,coughvid_data/d62487a3-399a-4575-a6b1-271f1932efbc.wav,coughvid_data/d62487a3-399a-4575-a6b1-271f1932efbc.wav,0.0
a12a101c-c947-42ff-b6b6-57852720e82e,coughvid_data/a12a101c-c947-42ff-b6b6-57852720e82e.wav,coughvid_data/a12a101c-c947-42ff-b6b6-57852720e82e.wav,0.0
b2a7fd00-b2e2-43af-afc0-5d9b133c9918,coughvid_data/b2a7fd00-b2e2-43af-afc0-5d9b133c9918.wav,coughvid_data/b2a7fd00-b2e2-43af-afc0-5d9b133c9918.wav,0.0
da646fb7-7bdd-41b7-8a4e-3449e0f43396,coughvid_data/da646fb7-7bdd-41b7-8a4e-3449e0f43396.wav,coughvid_data/da646fb7-7bdd-41b7-8a4e-3449e0f43396.wav,1.0
cde35f52-8719-45da-80e0-ebeb1308f8d4,coughvid_data/cde35f52-8719-45da-80e0-ebeb1308f8d4.wav,coughvid_data/cde35f52-8719-45da-80e0-ebeb1308f8d4.wav,1.0
3b77f17a-843c-4025-8c1c-80dfce734fea,coughvid_data/3b77f17a-843c-4025-8c1c-80dfce734fea.wav,coughvid_data/3b77f17a-843c-4025-8c1c-80dfce734fea.wav,0.0
f19c0f7f-037c-4fbf-8f3a-5426894b232d,coughvid_data/f19c0f7f-037c-4fbf-8f3a-5426894b232d.wav,coughvid_data/f19c0f7f-037c-4fbf-8f3a-5426894b232d.wav,1.0
e6e35b4e-46f7-41e0-a5cf-e18ff4b4c27e,coughvid_data/e6e35b4e-46f7-41e0-a5cf-e18ff4b4c27e.wav,coughvid_data/e6e35b4e-46f7-41e0-a5cf-e18ff4b4c27e.wav,1.0
8f424926-d2e4-47c6-8ef2-8967919fa055,coughvid_data/8f424926-d2e4-47c6-8ef2-8967919fa055.wav,coughvid_data/8f424926-d2e4-47c6-8ef2-8967919fa055.wav,1.0
1d420159-d6e0-4e5b-869f-29efef6ae601,coughvid_data/1d420159-d6e0-4e5b-869f-29efef6ae601.wav,coughvid_data/1d420159-d6e0-4e5b-869f-29efef6ae601.wav,1.0
dcce8ef5-8dcb-402b-9541-8d5be308424b,coughvid_data/dcce8ef5-8dcb-402b-9541-8d5be308424b.wav,coughvid_data/dcce8ef5-8dcb-402b-9541-8d5be308424b.wav,1.0
d5a1411d-d312-44b1-a37d-a387ec13df1a,coughvid_data/d5a1411d-d312-44b1-a37d-a387ec13df1a.wav,coughvid_data/d5a1411d-d312-44b1-a37d-a387ec13df1a.wav,1.0
5c7093b0-fc4c-4c75-891e-0b7795f9cdb2,coughvid_data/5c7093b0-fc4c-4c75-891e-0b7795f9cdb2.wav,coughvid_data/5c7093b0-fc4c-4c75-891e-0b7795f9cdb2.wav,0.0
6c5cdab1-e669-4bb1-b555-d633eb2a8dc7,coughvid_data/6c5cdab1-e669-4bb1-b555-d633eb2a8dc7.wav,coughvid_data/6c5cdab1-e669-4bb1-b555-d633eb2a8dc7.wav,0.0
7a6ca320-482f-4ea4-9464-accca04fb1b3,coughvid_data/7a6ca320-482f-4ea4-9464-accca04fb1b3.wav,coughvid_data/7a6ca320-482f-4ea4-9464-accca04fb1b3.wav,0.0
446f09de-47ce-4df2-b259-e4eba3caabc3,coughvid_data/446f09de-47ce-4df2-b259-e4eba3caabc3.wav,coughvid_data/446f09de-47ce-4df2-b259-e4eba3caabc3.wav,1.0
b04f06d0-a517-43ec-8e0b-2063af75f872,coughvid_data/b04f06d0-a517-43ec-8e0b-2063af75f872.wav,coughvid_data/b04f06d0-a517-43ec-8e0b-2063af75f872.wav,1.0
c88839be-3514-41d8-b3da-be6cd5d2459a,coughvid_data/c88839be-3514-41d8-b3da-be6cd5d2459a.wav,coughvid_data/c88839be-3514-41d8-b3da-be6cd5d2459a.wav,0.0
43a03324-1389-4e23-9d44-2ee831b7e3d2,coughvid_data/43a03324-1389-4e23-9d44-2ee831b7e3d2.wav,coughvid_data/43a03324-1389-4e23-9d44-2ee831b7e3d2.wav,1.0
41e1bac7-ae45-4184-8d68-66225db13b6b,coughvid_data/41e1bac7-ae45-4184-8d68-66225db13b6b.wav,coughvid_data/41e1bac7-ae45-4184-8d68-66225db13b6b.wav,0.0
c8834a06-01f6-4338-a244-f59d0413a5d1,coughvid_data/c8834a06-01f6-4338-a244-f59d0413a5d1.wav,coughvid_data/c8834a06-01f6-4338-a244-f59d0413a5d1.wav,1.0
c81cc9c0-0c7c-491e-ace3-1abbf45b2bc0,coughvid_data/c81cc9c0-0c7c-491e-ace3-1abbf45b2bc0.wav,coughvid_data/c81cc9c0-0c7c-491e-ace3-1abbf45b2bc0.wav,1.0
4aae1950-5168-4172-88eb-e837d1c88335,coughvid_data/4aae1950-5168-4172-88eb-e837d1c88335.wav,coughvid_data/4aae1950-5168-4172-88eb-e837d1c88335.wav,0.0
a8c21d1b-2c7a-4e32-89c2-55fb1c5788f1,coughvid_data/a8c21d1b-2c7a-4e32-89c2-55fb1c5788f1.wav,coughvid_data/a8c21d1b-2c7a-4e32-89c2-55fb1c5788f1.wav,1.0
ff29e182-880b-4208-ad60-6f55ef4c1401,coughvid_data/ff29e182-880b-4208-ad60-6f55ef4c1401.wav,coughvid_data/ff29e182-880b-4208-ad60-6f55ef4c1401.wav,0.0
89cfb583-84b1-4b75-b9ed-2bc197bc1710,coughvid_data/89cfb583-84b1-4b75-b9ed-2bc197bc1710.wav,coughvid_data/89cfb583-84b1-4b75-b9ed-2bc197bc1710.wav,1.0
c52cae2c-3250-45e4-9c3a-4cfb08ef9c98,coughvid_data/c52cae2c-3250-45e4-9c3a-4cfb08ef9c98.wav,coughvid_data/c52cae2c-3250-45e4-9c3a-4cfb08ef9c98.wav,1.0
d90f21db-93fc-4e29-b023-8c2fd6a02931,coughvid_data/d90f21db-93fc-4e29-b023-8c2fd6a02931.wav,coughvid_data/d90f21db-93fc-4e29-b023-8c2fd6a02931.wav,1.0
c6713a0e-9175-4a39-9286-7f3c5f0a1c69,coughvid_data/c6713a0e-9175-4a39-9286-7f3c5f0a1c69.wav,coughvid_data/c6713a0e-9175-4a39-9286-7f3c5f0a1c69.wav,0.0
eaf45bed-30ea-4fd5-bd5e-b8f7b969574c,coughvid_data/eaf45bed-30ea-4fd5-bd5e-b8f7b969574c.wav,coughvid_data/eaf45bed-30ea-4fd5-bd5e-b8f7b969574c.wav,0.0
83c8f828-a825-4590-9ecc-bd28004f73e0,coughvid_data/83c8f828-a825-4590-9ecc-bd28004f73e0.wav,coughvid_data/83c8f828-a825-4590-9ecc-bd28004f73e0.wav,1.0
c48b9e8a-6a66-4112-b279-9dc76c9fabf0,coughvid_data/c48b9e8a-6a66-4112-b279-9dc76c9fabf0.wav,coughvid_data/c48b9e8a-6a66-4112-b279-9dc76c9fabf0.wav,1.0
b1e16d51-2dff-4fc2-9222-1dac6a85e608,coughvid_data/b1e16d51-2dff-4fc2-9222-1dac6a85e608.wav,coughvid_data/b1e16d51-2dff-4fc2-9222-1dac6a85e608.wav,0.0
7c6ddca8-889a-4b66-aa40-bd6d03795774,coughvid_data/7c6ddca8-889a-4b66-aa40-bd6d03795774.wav,coughvid_data/7c6ddca8-889a-4b66-aa40-bd6d03795774.wav,1.0
b1f0f8ae-c4e7-4ce6-85ab-439464c0323d,coughvid_data/b1f0f8ae-c4e7-4ce6-85ab-439464c0323d.wav,coughvid_data/b1f0f8ae-c4e7-4ce6-85ab-439464c0323d.wav,1.0
952475ba-04d5-4885-8e0b-52fe17a059da,coughvid_data/952475ba-04d5-4885-8e0b-52fe17a059da.wav,coughvid_data/952475ba-04d5-4885-8e0b-52fe17a059da.wav,1.0
235dbf1e-8714-4069-a70e-30ca7018f9cf,coughvid_data/235dbf1e-8714-4069-a70e-30ca7018f9cf.wav,coughvid_data/235dbf1e-8714-4069-a70e-30ca7018f9cf.wav,1.0
8c205ad8-93dc-4a0e-8f94-c26ca1e2fa24,coughvid_data/8c205ad8-93dc-4a0e-8f94-c26ca1e2fa24.wav,coughvid_data/8c205ad8-93dc-4a0e-8f94-c26ca1e2fa24.wav,0.0
44f58142-8e23-4349-9e9d-62e99e05736d,coughvid_data/44f58142-8e23-4349-9e9d-62e99e05736d.wav,coughvid_data/44f58142-8e23-4349-9e9d-62e99e05736d.wav,1.0
b8485b5b-78c8-42b5-90bb-7c7e8fe74f48,coughvid_data/b8485b5b-78c8-42b5-90bb-7c7e8fe74f48.wav,coughvid_data/b8485b5b-78c8-42b5-90bb-7c7e8fe74f48.wav,1.0
255dd552-b54f-4d2b-88d5-1458fcf2fcf7,coughvid_data/255dd552-b54f-4d2b-88d5-1458fcf2fcf7.wav,coughvid_data/255dd552-b54f-4d2b-88d5-1458fcf2fcf7.wav,0.0
e32597a5-8110-4571-81b6-804e4051d9cd,coughvid_data/e32597a5-8110-4571-81b6-804e4051d9cd.wav,coughvid_data/e32597a5-8110-4571-81b6-804e4051d9cd.wav,0.0
5fc9d01b-b41b-4c16-b086-29ed4e88650c,coughvid_data/5fc9d01b-b41b-4c16-b086-29ed4e88650c.wav,coughvid_data/5fc9d01b-b41b-4c16-b086-29ed4e88650c.wav,1.0
4c9c13a8-80d2-45ec-82d1-039247723a5d,coughvid_data/4c9c13a8-80d2-45ec-82d1-039247723a5d.wav,coughvid_data/4c9c13a8-80d2-45ec-82d1-039247723a5d.wav,1.0
d62c5824-2a7e-4f33-bcd9-411c425d8726,coughvid_data/d62c5824-2a7e-4f33-bcd9-411c425d8726.wav,coughvid_data/d62c5824-2a7e-4f33-bcd9-411c425d8726.wav,1.0
b32a77ea-623d-4978-9b3e-381f54672add,coughvid_data/b32a77ea-623d-4978-9b3e-381f54672add.wav,coughvid_data/b32a77ea-623d-4978-9b3e-381f54672add.wav,1.0
8ec49160-d8f1-46e8-8f5f-c3864dcf7f93,coughvid_data/8ec49160-d8f1-46e8-8f5f-c3864dcf7f93.wav,coughvid_data/8ec49160-d8f1-46e8-8f5f-c3864dcf7f93.wav,1.0
b5daf60d-ec0f-488a-8840-eaf8036faeb5,coughvid_data/b5daf60d-ec0f-488a-8840-eaf8036faeb5.wav,coughvid_data/b5daf60d-ec0f-488a-8840-eaf8036faeb5.wav,1.0
6ce7447d-af74-41e3-a994-e56759bb8a28,coughvid_data/6ce7447d-af74-41e3-a994-e56759bb8a28.wav,coughvid_data/6ce7447d-af74-41e3-a994-e56759bb8a28.wav,1.0
b575188b-05eb-47b5-9a44-1cfd3adb2102,coughvid_data/b575188b-05eb-47b5-9a44-1cfd3adb2102.wav,coughvid_data/b575188b-05eb-47b5-9a44-1cfd3adb2102.wav,1.0
b133bf51-3b1c-48f9-b12d-96c2fde48b0c,coughvid_data/b133bf51-3b1c-48f9-b12d-96c2fde48b0c.wav,coughvid_data/b133bf51-3b1c-48f9-b12d-96c2fde48b0c.wav,1.0
d0a77283-c76d-4ac4-aaf3-c84836f3bd63,coughvid_data/d0a77283-c76d-4ac4-aaf3-c84836f3bd63.wav,coughvid_data/d0a77283-c76d-4ac4-aaf3-c84836f3bd63.wav,1.0
ffba0ba6-bd58-4fc4-a692-3d996c449a42,coughvid_data/ffba0ba6-bd58-4fc4-a692-3d996c449a42.wav,coughvid_data/ffba0ba6-bd58-4fc4-a692-3d996c449a42.wav,1.0
d6256b7d-a0cc-4928-9c43-fdfc579170e6,coughvid_data/d6256b7d-a0cc-4928-9c43-fdfc579170e6.wav,coughvid_data/d6256b7d-a0cc-4928-9c43-fdfc579170e6.wav,1.0
3daa3dd0-e920-46a8-bca5-2a7f728998d7,coughvid_data/3daa3dd0-e920-46a8-bca5-2a7f728998d7.wav,coughvid_data/3daa3dd0-e920-46a8-bca5-2a7f728998d7.wav,1.0
f840a381-462c-46f2-ba03-1f961162de51,coughvid_data/f840a381-462c-46f2-ba03-1f961162de51.wav,coughvid_data/f840a381-462c-46f2-ba03-1f961162de51.wav,1.0
12f1556b-d3ea-4af0-ac0a-c75d722a69d6,coughvid_data/12f1556b-d3ea-4af0-ac0a-c75d722a69d6.wav,coughvid_data/12f1556b-d3ea-4af0-ac0a-c75d722a69d6.wav,1.0
e6b7228d-9c1b-4ce3-b401-31c949c5da07,coughvid_data/e6b7228d-9c1b-4ce3-b401-31c949c5da07.wav,coughvid_data/e6b7228d-9c1b-4ce3-b401-31c949c5da07.wav,0.0
1fded44a-a2a8-414b-832c-22334b6e56d1,coughvid_data/1fded44a-a2a8-414b-832c-22334b6e56d1.wav,coughvid_data/1fded44a-a2a8-414b-832c-22334b6e56d1.wav,1.0
00389fd1-f404-4124-acd5-61f6635727cb,coughvid_data/00389fd1-f404-4124-acd5-61f6635727cb.wav,coughvid_data/00389fd1-f404-4124-acd5-61f6635727cb.wav,0.0
8396e93f-96ff-4fa3-8ef9-41c4d0ee191e,coughvid_data/8396e93f-96ff-4fa3-8ef9-41c4d0ee191e.wav,coughvid_data/8396e93f-96ff-4fa3-8ef9-41c4d0ee191e.wav,1.0
994914cd-7e11-4f1e-b2c2-a0111f32307f,coughvid_data/994914cd-7e11-4f1e-b2c2-a0111f32307f.wav,coughvid_data/994914cd-7e11-4f1e-b2c2-a0111f32307f.wav,1.0
abbb571e-d65a-4aea-913f-b55b21db4d7b,coughvid_data/abbb571e-d65a-4aea-913f-b55b21db4d7b.wav,coughvid_data/abbb571e-d65a-4aea-913f-b55b21db4d7b.wav,1.0
b05935c3-68d7-4a28-aea9-f92fbe295c6c,coughvid_data/b05935c3-68d7-4a28-aea9-f92fbe295c6c.wav,coughvid_data/b05935c3-68d7-4a28-aea9-f92fbe295c6c.wav,1.0
6791197d-041d-4206-9850-93bb2999bfb1,coughvid_data/6791197d-041d-4206-9850-93bb2999bfb1.wav,coughvid_data/6791197d-041d-4206-9850-93bb2999bfb1.wav,1.0
ea087bdf-96d3-4b9c-8d42-394c3cf04096,coughvid_data/ea087bdf-96d3-4b9c-8d42-394c3cf04096.wav,coughvid_data/ea087bdf-96d3-4b9c-8d42-394c3cf04096.wav,1.0
bb093229-ed6b-407d-b533-2857a1a75d30,coughvid_data/bb093229-ed6b-407d-b533-2857a1a75d30.wav,coughvid_data/bb093229-ed6b-407d-b533-2857a1a75d30.wav,0.0
4c2840ed-fd4b-4a86-b976-5cc040d6ea4e,coughvid_data/4c2840ed-fd4b-4a86-b976-5cc040d6ea4e.wav,coughvid_data/4c2840ed-fd4b-4a86-b976-5cc040d6ea4e.wav,1.0
6cf5f59f-e651-4a4c-9524-b0daf224b68a,coughvid_data/6cf5f59f-e651-4a4c-9524-b0daf224b68a.wav,coughvid_data/6cf5f59f-e651-4a4c-9524-b0daf224b68a.wav,0.0
8a21e96c-f9a1-4d2b-97da-1f862b2fa47d,coughvid_data/8a21e96c-f9a1-4d2b-97da-1f862b2fa47d.wav,coughvid_data/8a21e96c-f9a1-4d2b-97da-1f862b2fa47d.wav,0.0
0f04746a-08e0-40a2-9431-2f57f9166720,coughvid_data/0f04746a-08e0-40a2-9431-2f57f9166720.wav,coughvid_data/0f04746a-08e0-40a2-9431-2f57f9166720.wav,1.0
e40028d6-3869-429b-b827-c3bc2824aa28,coughvid_data/e40028d6-3869-429b-b827-c3bc2824aa28.wav,coughvid_data/e40028d6-3869-429b-b827-c3bc2824aa28.wav,1.0
3c14556e-e214-436b-ba55-6b3682289e92,coughvid_data/3c14556e-e214-436b-ba55-6b3682289e92.wav,coughvid_data/3c14556e-e214-436b-ba55-6b3682289e92.wav,0.0
1966bc2b-06d7-417d-9782-fdef06b7f2df,coughvid_data/1966bc2b-06d7-417d-9782-fdef06b7f2df.wav,coughvid_data/1966bc2b-06d7-417d-9782-fdef06b7f2df.wav,1.0
2a03ec01-2ce2-48ec-bfec-c28fdeeac8f5,coughvid_data/2a03ec01-2ce2-48ec-bfec-c28fdeeac8f5.wav,coughvid_data/2a03ec01-2ce2-48ec-bfec-c28fdeeac8f5.wav,1.0
98fc8cd6-57ce-4084-a396-2f5ec8570625,coughvid_data/98fc8cd6-57ce-4084-a396-2f5ec8570625.wav,coughvid_data/98fc8cd6-57ce-4084-a396-2f5ec8570625.wav,0.0
8c84dca8-93c6-45bd-853e-6ba5d03b2cad,coughvid_data/8c84dca8-93c6-45bd-853e-6ba5d03b2cad.wav,coughvid_data/8c84dca8-93c6-45bd-853e-6ba5d03b2cad.wav,1.0
f2cf5074-0e13-4a77-91e2-775eb92ef760,coughvid_data/f2cf5074-0e13-4a77-91e2-775eb92ef760.wav,coughvid_data/f2cf5074-0e13-4a77-91e2-775eb92ef760.wav,1.0
d5cf692d-84f3-4ab2-b972-b6199ccc72e7,coughvid_data/d5cf692d-84f3-4ab2-b972-b6199ccc72e7.wav,coughvid_data/d5cf692d-84f3-4ab2-b972-b6199ccc72e7.wav,0.0
0baa37ab-3409-4148-801c-72655b993ccb,coughvid_data/0baa37ab-3409-4148-801c-72655b993ccb.wav,coughvid_data/0baa37ab-3409-4148-801c-72655b993ccb.wav,0.0
2825b77e-7169-41a1-8570-498579487e72,coughvid_data/2825b77e-7169-41a1-8570-498579487e72.wav,coughvid_data/2825b77e-7169-41a1-8570-498579487e72.wav,1.0
cb79e4d4-4821-40d0-a904-2160692e8b38,coughvid_data/cb79e4d4-4821-40d0-a904-2160692e8b38.wav,coughvid_data/cb79e4d4-4821-40d0-a904-2160692e8b38.wav,0.0
a199d098-abfd-413e-a3b8-9288ef3db2b6,coughvid_data/a199d098-abfd-413e-a3b8-9288ef3db2b6.wav,coughvid_data/a199d098-abfd-413e-a3b8-9288ef3db2b6.wav,0.0
c18be4ba-eaa8-487a-9343-2c45af6c60aa,coughvid_data/c18be4ba-eaa8-487a-9343-2c45af6c60aa.wav,coughvid_data/c18be4ba-eaa8-487a-9343-2c45af6c60aa.wav,1.0
8b12f319-a20c-411f-abc5-d7d62d5a17c4,coughvid_data/8b12f319-a20c-411f-abc5-d7d62d5a17c4.wav,coughvid_data/8b12f319-a20c-411f-abc5-d7d62d5a17c4.wav,1.0
a8beb18e-d0a1-42f7-a4de-e07548d202da,coughvid_data/a8beb18e-d0a1-42f7-a4de-e07548d202da.wav,coughvid_data/a8beb18e-d0a1-42f7-a4de-e07548d202da.wav,1.0
82113c16-ec93-4a7b-8096-5fbc472ae28d,coughvid_data/82113c16-ec93-4a7b-8096-5fbc472ae28d.wav,coughvid_data/82113c16-ec93-4a7b-8096-5fbc472ae28d.wav,0.0
7b2f7beb-5638-444f-b3e0-65808153945d,coughvid_data/7b2f7beb-5638-444f-b3e0-65808153945d.wav,coughvid_data/7b2f7beb-5638-444f-b3e0-65808153945d.wav,0.0
81cfa992-b9af-425d-944b-e4dee42e54a3,coughvid_data/81cfa992-b9af-425d-944b-e4dee42e54a3.wav,coughvid_data/81cfa992-b9af-425d-944b-e4dee42e54a3.wav,0.0
2476a6ac-fa5b-4e3c-be05-61c3d86d8873,coughvid_data/2476a6ac-fa5b-4e3c-be05-61c3d86d8873.wav,coughvid_data/2476a6ac-fa5b-4e3c-be05-61c3d86d8873.wav,0.0
72c8697e-500b-4290-b456-ce2aadd661fa,coughvid_data/72c8697e-500b-4290-b456-ce2aadd661fa.wav,coughvid_data/72c8697e-500b-4290-b456-ce2aadd661fa.wav,0.0
1a81fd01-c8ad-408f-a024-b2d77f0eb0d3,coughvid_data/1a81fd01-c8ad-408f-a024-b2d77f0eb0d3.wav,coughvid_data/1a81fd01-c8ad-408f-a024-b2d77f0eb0d3.wav,1.0
2a1d889e-c2e0-4768-a847-c1e7b7995157,coughvid_data/2a1d889e-c2e0-4768-a847-c1e7b7995157.wav,coughvid_data/2a1d889e-c2e0-4768-a847-c1e7b7995157.wav,1.0
6a1c70bf-b99d-4287-966c-e5fb169a199a,coughvid_data/6a1c70bf-b99d-4287-966c-e5fb169a199a.wav,coughvid_data/6a1c70bf-b99d-4287-966c-e5fb169a199a.wav,0.0
ec86b666-9979-4799-a06f-9773eba8927f,coughvid_data/ec86b666-9979-4799-a06f-9773eba8927f.wav,coughvid_data/ec86b666-9979-4799-a06f-9773eba8927f.wav,1.0
aaa34fc5-37bd-432b-b5ee-4ec378cc6e7c,coughvid_data/aaa34fc5-37bd-432b-b5ee-4ec378cc6e7c.wav,coughvid_data/aaa34fc5-37bd-432b-b5ee-4ec378cc6e7c.wav,1.0
49944a66-4aa3-4986-b3de-10efa29e13d4,coughvid_data/49944a66-4aa3-4986-b3de-10efa29e13d4.wav,coughvid_data/49944a66-4aa3-4986-b3de-10efa29e13d4.wav,1.0
e5b5e473-8a64-4a50-9404-460a6a4ae83c,coughvid_data/e5b5e473-8a64-4a50-9404-460a6a4ae83c.wav,coughvid_data/e5b5e473-8a64-4a50-9404-460a6a4ae83c.wav,1.0
0f65c497-cad7-4c4b-bbc3-a40ac0d75b99,coughvid_data/0f65c497-cad7-4c4b-bbc3-a40ac0d75b99.wav,coughvid_data/0f65c497-cad7-4c4b-bbc3-a40ac0d75b99.wav,1.0
c64d9cd5-d0e4-41fa-8dd5-b789dac66d84,coughvid_data/c64d9cd5-d0e4-41fa-8dd5-b789dac66d84.wav,coughvid_data/c64d9cd5-d0e4-41fa-8dd5-b789dac66d84.wav,1.0
16aa64e3-3035-4951-8b95-90508c4696d9,coughvid_data/16aa64e3-3035-4951-8b95-90508c4696d9.wav,coughvid_data/16aa64e3-3035-4951-8b95-90508c4696d9.wav,0.0
d085181f-cd24-464a-9bd2-b8fe313d2321,coughvid_data/d085181f-cd24-464a-9bd2-b8fe313d2321.wav,coughvid_data/d085181f-cd24-464a-9bd2-b8fe313d2321.wav,1.0
725c8ebb-6460-4673-8616-8348741e41c5,coughvid_data/725c8ebb-6460-4673-8616-8348741e41c5.wav,coughvid_data/725c8ebb-6460-4673-8616-8348741e41c5.wav,0.0
2d25616a-2bee-492e-a3ff-7c20a6bc5fd3,coughvid_data/2d25616a-2bee-492e-a3ff-7c20a6bc5fd3.wav,coughvid_data/2d25616a-2bee-492e-a3ff-7c20a6bc5fd3.wav,0.0
c695ff62-7008-4caf-aaff-c14e7c88f51c,coughvid_data/c695ff62-7008-4caf-aaff-c14e7c88f51c.wav,coughvid_data/c695ff62-7008-4caf-aaff-c14e7c88f51c.wav,1.0
1b1f2c9b-7cfa-4eb5-837d-36ae3d647c92,coughvid_data/1b1f2c9b-7cfa-4eb5-837d-36ae3d647c92.wav,coughvid_data/1b1f2c9b-7cfa-4eb5-837d-36ae3d647c92.wav,1.0
b090cefb-e5db-4d23-a8d9-88ff8e613fa7,coughvid_data/b090cefb-e5db-4d23-a8d9-88ff8e613fa7.wav,coughvid_data/b090cefb-e5db-4d23-a8d9-88ff8e613fa7.wav,1.0
1227b27b-6873-475d-8d44-3b7853245330,coughvid_data/1227b27b-6873-475d-8d44-3b7853245330.wav,coughvid_data/1227b27b-6873-475d-8d44-3b7853245330.wav,1.0
acee8472-c339-4399-b10f-e1f57329c9a6,coughvid_data/acee8472-c339-4399-b10f-e1f57329c9a6.wav,coughvid_data/acee8472-c339-4399-b10f-e1f57329c9a6.wav,0.0
eb5db267-0123-403a-99da-2ce15429f502,coughvid_data/eb5db267-0123-403a-99da-2ce15429f502.wav,coughvid_data/eb5db267-0123-403a-99da-2ce15429f502.wav,1.0
44272acb-1f36-4881-be9c-791ea83f5568,coughvid_data/44272acb-1f36-4881-be9c-791ea83f5568.wav,coughvid_data/44272acb-1f36-4881-be9c-791ea83f5568.wav,1.0
5d6c723a-7de0-4f33-bf94-5675fd779bff,coughvid_data/5d6c723a-7de0-4f33-bf94-5675fd779bff.wav,coughvid_data/5d6c723a-7de0-4f33-bf94-5675fd779bff.wav,0.0
9580b61a-6173-4739-afe5-0b939387186e,coughvid_data/9580b61a-6173-4739-afe5-0b939387186e.wav,coughvid_data/9580b61a-6173-4739-afe5-0b939387186e.wav,0.0
f3403be7-5cc6-47f1-9260-9d1921a7eb84,coughvid_data/f3403be7-5cc6-47f1-9260-9d1921a7eb84.wav,coughvid_data/f3403be7-5cc6-47f1-9260-9d1921a7eb84.wav,1.0
84f72c20-fca8-423c-bd80-2e131e6a53e9,coughvid_data/84f72c20-fca8-423c-bd80-2e131e6a53e9.wav,coughvid_data/84f72c20-fca8-423c-bd80-2e131e6a53e9.wav,0.0
c52f2281-e6d8-4757-b469-ca64bf1085c3,coughvid_data/c52f2281-e6d8-4757-b469-ca64bf1085c3.wav,coughvid_data/c52f2281-e6d8-4757-b469-ca64bf1085c3.wav,1.0
ea263a8a-8794-454c-a0f0-0bf88de0adba,coughvid_data/ea263a8a-8794-454c-a0f0-0bf88de0adba.wav,coughvid_data/ea263a8a-8794-454c-a0f0-0bf88de0adba.wav,1.0
8174b4fb-8f22-47bf-afea-e19eb89db1df,coughvid_data/8174b4fb-8f22-47bf-afea-e19eb89db1df.wav,coughvid_data/8174b4fb-8f22-47bf-afea-e19eb89db1df.wav,0.0
44d4f33a-4d7e-4b37-9944-102df06d4474,coughvid_data/44d4f33a-4d7e-4b37-9944-102df06d4474.wav,coughvid_data/44d4f33a-4d7e-4b37-9944-102df06d4474.wav,1.0
f97093aa-d65b-4aa5-8e6c-f78e94633218,coughvid_data/f97093aa-d65b-4aa5-8e6c-f78e94633218.wav,coughvid_data/f97093aa-d65b-4aa5-8e6c-f78e94633218.wav,1.0
0e171f70-4dad-4a54-af53-d84d18e8df6b,coughvid_data/0e171f70-4dad-4a54-af53-d84d18e8df6b.wav,coughvid_data/0e171f70-4dad-4a54-af53-d84d18e8df6b.wav,1.0
3d0d8235-9b03-4e1d-b43f-0c92f1e350de,coughvid_data/3d0d8235-9b03-4e1d-b43f-0c92f1e350de.wav,coughvid_data/3d0d8235-9b03-4e1d-b43f-0c92f1e350de.wav,1.0
bbe2fe7f-0289-47b9-bf61-27f99080be9a,coughvid_data/bbe2fe7f-0289-47b9-bf61-27f99080be9a.wav,coughvid_data/bbe2fe7f-0289-47b9-bf61-27f99080be9a.wav,0.0
6a5df469-a543-40eb-87f4-7f84a2383728,coughvid_data/6a5df469-a543-40eb-87f4-7f84a2383728.wav,coughvid_data/6a5df469-a543-40eb-87f4-7f84a2383728.wav,0.0
636ef81e-e131-4ff4-aad8-a414af9150a0,coughvid_data/636ef81e-e131-4ff4-aad8-a414af9150a0.wav,coughvid_data/636ef81e-e131-4ff4-aad8-a414af9150a0.wav,1.0
a22a442e-3c90-4a75-bac5-067b19d345bf,coughvid_data/a22a442e-3c90-4a75-bac5-067b19d345bf.wav,coughvid_data/a22a442e-3c90-4a75-bac5-067b19d345bf.wav,1.0
80b89e0e-8ae8-4c2a-9f7d-29f85e539ca3,coughvid_data/80b89e0e-8ae8-4c2a-9f7d-29f85e539ca3.wav,coughvid_data/80b89e0e-8ae8-4c2a-9f7d-29f85e539ca3.wav,1.0
f8957a9d-94af-4e64-bef3-dcc901a212e8,coughvid_data/f8957a9d-94af-4e64-bef3-dcc901a212e8.wav,coughvid_data/f8957a9d-94af-4e64-bef3-dcc901a212e8.wav,0.0
c105a0db-899b-4553-a282-03b664026015,coughvid_data/c105a0db-899b-4553-a282-03b664026015.wav,coughvid_data/c105a0db-899b-4553-a282-03b664026015.wav,0.0
215c2d82-c0af-4f5b-9d1d-46ade13a8651,coughvid_data/215c2d82-c0af-4f5b-9d1d-46ade13a8651.wav,coughvid_data/215c2d82-c0af-4f5b-9d1d-46ade13a8651.wav,1.0
668e9ab1-52ce-4f41-bb40-f7cc84c7fa7e,coughvid_data/668e9ab1-52ce-4f41-bb40-f7cc84c7fa7e.wav,coughvid_data/668e9ab1-52ce-4f41-bb40-f7cc84c7fa7e.wav,1.0
51b18119-90c0-4f56-aecc-0a0f417581fa,coughvid_data/51b18119-90c0-4f56-aecc-0a0f417581fa.wav,coughvid_data/51b18119-90c0-4f56-aecc-0a0f417581fa.wav,1.0
3be075dd-f2d3-40b3-abc6-195e704954dd,coughvid_data/3be075dd-f2d3-40b3-abc6-195e704954dd.wav,coughvid_data/3be075dd-f2d3-40b3-abc6-195e704954dd.wav,0.0
46549e81-0b94-4da7-9112-2ad0d9f7d3ec,coughvid_data/46549e81-0b94-4da7-9112-2ad0d9f7d3ec.wav,coughvid_data/46549e81-0b94-4da7-9112-2ad0d9f7d3ec.wav,1.0
5aa7caa1-32e3-43fc-b089-069e252bf67c,coughvid_data/5aa7caa1-32e3-43fc-b089-069e252bf67c.wav,coughvid_data/5aa7caa1-32e3-43fc-b089-069e252bf67c.wav,0.0
bff7865f-974a-4933-bcbb-0fb6ed692c73,coughvid_data/bff7865f-974a-4933-bcbb-0fb6ed692c73.wav,coughvid_data/bff7865f-974a-4933-bcbb-0fb6ed692c73.wav,1.0
96adf77e-dad9-428a-b1e1-ec098d5aa1cb,coughvid_data/96adf77e-dad9-428a-b1e1-ec098d5aa1cb.wav,coughvid_data/96adf77e-dad9-428a-b1e1-ec098d5aa1cb.wav,0.0
c758f435-9445-4def-ba07-2747d1f9cf3f,coughvid_data/c758f435-9445-4def-ba07-2747d1f9cf3f.wav,coughvid_data/c758f435-9445-4def-ba07-2747d1f9cf3f.wav,1.0
8f71aa36-4f94-4726-9def-b98b63f03a27,coughvid_data/8f71aa36-4f94-4726-9def-b98b63f03a27.wav,coughvid_data/8f71aa36-4f94-4726-9def-b98b63f03a27.wav,1.0
31240596-40c2-49c5-8d88-c5cb08eeb1fc,coughvid_data/31240596-40c2-49c5-8d88-c5cb08eeb1fc.wav,coughvid_data/31240596-40c2-49c5-8d88-c5cb08eeb1fc.wav,1.0
c2f7ae82-9746-4e64-892c-8b1ff267c1de,coughvid_data/c2f7ae82-9746-4e64-892c-8b1ff267c1de.wav,coughvid_data/c2f7ae82-9746-4e64-892c-8b1ff267c1de.wav,0.0
b7ee006f-3f08-4ee7-92c6-da798549f2f8,coughvid_data/b7ee006f-3f08-4ee7-92c6-da798549f2f8.wav,coughvid_data/b7ee006f-3f08-4ee7-92c6-da798549f2f8.wav,1.0
b46dc541-8b50-4f9b-b22a-761e144f88d9,coughvid_data/b46dc541-8b50-4f9b-b22a-761e144f88d9.wav,coughvid_data/b46dc541-8b50-4f9b-b22a-761e144f88d9.wav,1.0
9a6a9c92-98d7-40ed-a5d1-37377c85120c,coughvid_data/9a6a9c92-98d7-40ed-a5d1-37377c85120c.wav,coughvid_data/9a6a9c92-98d7-40ed-a5d1-37377c85120c.wav,1.0
dea064a4-e8ee-4d73-80ad-99e3fabe5a08,coughvid_data/dea064a4-e8ee-4d73-80ad-99e3fabe5a08.wav,coughvid_data/dea064a4-e8ee-4d73-80ad-99e3fabe5a08.wav,0.0
e2ddb55c-a578-4514-86ff-5dcab478b0ad,coughvid_data/e2ddb55c-a578-4514-86ff-5dcab478b0ad.wav,coughvid_data/e2ddb55c-a578-4514-86ff-5dcab478b0ad.wav,0.0
64645aed-7419-4872-b3c3-f08fa074b5a4,coughvid_data/64645aed-7419-4872-b3c3-f08fa074b5a4.wav,coughvid_data/64645aed-7419-4872-b3c3-f08fa074b5a4.wav,0.0
6ecd2017-dbba-44de-9396-d5613114556d,coughvid_data/6ecd2017-dbba-44de-9396-d5613114556d.wav,coughvid_data/6ecd2017-dbba-44de-9396-d5613114556d.wav,0.0
f2f4ec5f-cf31-4ae5-bb08-076b9e9650b1,coughvid_data/f2f4ec5f-cf31-4ae5-bb08-076b9e9650b1.wav,coughvid_data/f2f4ec5f-cf31-4ae5-bb08-076b9e9650b1.wav,0.0
9a3e9be5-8e72-404f-9f8b-c474729c061e,coughvid_data/9a3e9be5-8e72-404f-9f8b-c474729c061e.wav,coughvid_data/9a3e9be5-8e72-404f-9f8b-c474729c061e.wav,1.0
03ee3447-a840-435b-9114-476182d438be,coughvid_data/03ee3447-a840-435b-9114-476182d438be.wav,coughvid_data/03ee3447-a840-435b-9114-476182d438be.wav,0.0
b11c1ad2-69fa-4066-a4ed-aae6db7aecec,coughvid_data/b11c1ad2-69fa-4066-a4ed-aae6db7aecec.wav,coughvid_data/b11c1ad2-69fa-4066-a4ed-aae6db7aecec.wav,1.0
17e623e8-7179-4805-889b-83ba37063d21,coughvid_data/17e623e8-7179-4805-889b-83ba37063d21.wav,coughvid_data/17e623e8-7179-4805-889b-83ba37063d21.wav,1.0
12be3800-6e1a-4e28-bd59-b8ce49143c25,coughvid_data/12be3800-6e1a-4e28-bd59-b8ce49143c25.wav,coughvid_data/12be3800-6e1a-4e28-bd59-b8ce49143c25.wav,1.0
af425467-0141-4608-b942-ab206356741a,coughvid_data/af425467-0141-4608-b942-ab206356741a.wav,coughvid_data/af425467-0141-4608-b942-ab206356741a.wav,0.0
cb1ec363-40f6-48b5-8c90-833e32dd551f,coughvid_data/cb1ec363-40f6-48b5-8c90-833e32dd551f.wav,coughvid_data/cb1ec363-40f6-48b5-8c90-833e32dd551f.wav,1.0
70516f8a-127d-4d46-8594-448fed63f141,coughvid_data/70516f8a-127d-4d46-8594-448fed63f141.wav,coughvid_data/70516f8a-127d-4d46-8594-448fed63f141.wav,1.0
422a71b9-7343-4d2f-9170-8976d2dc532b,coughvid_data/422a71b9-7343-4d2f-9170-8976d2dc532b.wav,coughvid_data/422a71b9-7343-4d2f-9170-8976d2dc532b.wav,1.0
57d1aaad-6b3c-4f71-8f8a-67afbbbade2c,coughvid_data/57d1aaad-6b3c-4f71-8f8a-67afbbbade2c.wav,coughvid_data/57d1aaad-6b3c-4f71-8f8a-67afbbbade2c.wav,1.0
90438bc2-92f6-4d44-90f0-55288d7999d5,coughvid_data/90438bc2-92f6-4d44-90f0-55288d7999d5.wav,coughvid_data/90438bc2-92f6-4d44-90f0-55288d7999d5.wav,1.0
6211933a-2f29-404d-bf2a-de25b5e8e186,coughvid_data/6211933a-2f29-404d-bf2a-de25b5e8e186.wav,coughvid_data/6211933a-2f29-404d-bf2a-de25b5e8e186.wav,1.0
64dfc0a9-4dcf-4fd5-a9d3-bdd9d1b79f56,coughvid_data/64dfc0a9-4dcf-4fd5-a9d3-bdd9d1b79f56.wav,coughvid_data/64dfc0a9-4dcf-4fd5-a9d3-bdd9d1b79f56.wav,0.0
c051688e-3e85-4934-83f7-e8d9ce5ed8a6,coughvid_data/c051688e-3e85-4934-83f7-e8d9ce5ed8a6.wav,coughvid_data/c051688e-3e85-4934-83f7-e8d9ce5ed8a6.wav,0.0
205bff7f-be76-4963-9700-703d5f40e981,coughvid_data/205bff7f-be76-4963-9700-703d5f40e981.wav,coughvid_data/205bff7f-be76-4963-9700-703d5f40e981.wav,0.0
bbb97b31-8f48-4631-af80-3fcd31a0e0ab,coughvid_data/bbb97b31-8f48-4631-af80-3fcd31a0e0ab.wav,coughvid_data/bbb97b31-8f48-4631-af80-3fcd31a0e0ab.wav,1.0
a11c5923-e6b9-4400-91e7-2ed0a775aa3a,coughvid_data/a11c5923-e6b9-4400-91e7-2ed0a775aa3a.wav,coughvid_data/a11c5923-e6b9-4400-91e7-2ed0a775aa3a.wav,1.0
01ff40e8-63e6-4570-a463-9778ea30cad7,coughvid_data/01ff40e8-63e6-4570-a463-9778ea30cad7.wav,coughvid_data/01ff40e8-63e6-4570-a463-9778ea30cad7.wav,1.0
ea8de5df-c2d2-49b3-b990-fbc2072c5375,coughvid_data/ea8de5df-c2d2-49b3-b990-fbc2072c5375.wav,coughvid_data/ea8de5df-c2d2-49b3-b990-fbc2072c5375.wav,1.0
09fbf2db-c6c9-467f-9697-901061087a2e,coughvid_data/09fbf2db-c6c9-467f-9697-901061087a2e.wav,coughvid_data/09fbf2db-c6c9-467f-9697-901061087a2e.wav,0.0
2971cc1c-f8fa-4ec0-94fa-5876ef26f68f,coughvid_data/2971cc1c-f8fa-4ec0-94fa-5876ef26f68f.wav,coughvid_data/2971cc1c-f8fa-4ec0-94fa-5876ef26f68f.wav,0.0
ed1c509a-617b-4b78-9f40-f72e6c01a6f1,coughvid_data/ed1c509a-617b-4b78-9f40-f72e6c01a6f1.wav,coughvid_data/ed1c509a-617b-4b78-9f40-f72e6c01a6f1.wav,1.0
40cb7a7a-9333-4af9-8046-febfbacbb58d,coughvid_data/40cb7a7a-9333-4af9-8046-febfbacbb58d.wav,coughvid_data/40cb7a7a-9333-4af9-8046-febfbacbb58d.wav,1.0
a6c093be-4939-4fd6-9e84-d2b8361d79d2,coughvid_data/a6c093be-4939-4fd6-9e84-d2b8361d79d2.wav,coughvid_data/a6c093be-4939-4fd6-9e84-d2b8361d79d2.wav,1.0
89644347-b6db-4655-bbb0-099b722a8537,coughvid_data/89644347-b6db-4655-bbb0-099b722a8537.wav,coughvid_data/89644347-b6db-4655-bbb0-099b722a8537.wav,0.0
039d4fc1-28f7-4b06-bcaa-0de5d48e69c8,coughvid_data/039d4fc1-28f7-4b06-bcaa-0de5d48e69c8.wav,coughvid_data/039d4fc1-28f7-4b06-bcaa-0de5d48e69c8.wav,1.0
2e31a174-aeaa-4bb6-86fa-f8351e7e9e13,coughvid_data/2e31a174-aeaa-4bb6-86fa-f8351e7e9e13.wav,coughvid_data/2e31a174-aeaa-4bb6-86fa-f8351e7e9e13.wav,1.0
ea50bf48-bd8b-4b96-ae72-45c56920214c,coughvid_data/ea50bf48-bd8b-4b96-ae72-45c56920214c.wav,coughvid_data/ea50bf48-bd8b-4b96-ae72-45c56920214c.wav,1.0
ea711ed0-23b0-4057-985d-026cacfa354d,coughvid_data/ea711ed0-23b0-4057-985d-026cacfa354d.wav,coughvid_data/ea711ed0-23b0-4057-985d-026cacfa354d.wav,0.0
3d0455fe-14cc-4439-b993-3d88117bc7b7,coughvid_data/3d0455fe-14cc-4439-b993-3d88117bc7b7.wav,coughvid_data/3d0455fe-14cc-4439-b993-3d88117bc7b7.wav,1.0
e47b503d-74b5-4baf-ba22-ecb92b74b69e,coughvid_data/e47b503d-74b5-4baf-ba22-ecb92b74b69e.wav,coughvid_data/e47b503d-74b5-4baf-ba22-ecb92b74b69e.wav,1.0
2de2a744-da97-4955-ba10-a488e73e065c,coughvid_data/2de2a744-da97-4955-ba10-a488e73e065c.wav,coughvid_data/2de2a744-da97-4955-ba10-a488e73e065c.wav,1.0
f7cfc8b1-0477-44e5-b284-40922f204ab4,coughvid_data/f7cfc8b1-0477-44e5-b284-40922f204ab4.wav,coughvid_data/f7cfc8b1-0477-44e5-b284-40922f204ab4.wav,1.0
5a425b95-f525-4638-9d33-4d1b1d1484f7,coughvid_data/5a425b95-f525-4638-9d33-4d1b1d1484f7.wav,coughvid_data/5a425b95-f525-4638-9d33-4d1b1d1484f7.wav,0.0
efe3a34f-2569-440a-8c3b-c1da08bbf930,coughvid_data/efe3a34f-2569-440a-8c3b-c1da08bbf930.wav,coughvid_data/efe3a34f-2569-440a-8c3b-c1da08bbf930.wav,0.0
7c96b372-ec2f-4179-9aad-80acf01e8dde,coughvid_data/7c96b372-ec2f-4179-9aad-80acf01e8dde.wav,coughvid_data/7c96b372-ec2f-4179-9aad-80acf01e8dde.wav,1.0
9aa4efe2-20ca-4bce-859d-97a6cb6c1a43,coughvid_data/9aa4efe2-20ca-4bce-859d-97a6cb6c1a43.wav,coughvid_data/9aa4efe2-20ca-4bce-859d-97a6cb6c1a43.wav,0.0
013cb5f8-58ad-4865-afd5-f0d280f36a5e,coughvid_data/013cb5f8-58ad-4865-afd5-f0d280f36a5e.wav,coughvid_data/013cb5f8-58ad-4865-afd5-f0d280f36a5e.wav,0.0
a9313b02-e058-4352-9735-51ffa74ac471,coughvid_data/a9313b02-e058-4352-9735-51ffa74ac471.wav,coughvid_data/a9313b02-e058-4352-9735-51ffa74ac471.wav,0.0
1912595d-01e9-49e0-9f0e-ed113cd00d96,coughvid_data/1912595d-01e9-49e0-9f0e-ed113cd00d96.wav,coughvid_data/1912595d-01e9-49e0-9f0e-ed113cd00d96.wav,1.0
409147f4-43fd-4564-aad1-f2b8a4508f4f,coughvid_data/409147f4-43fd-4564-aad1-f2b8a4508f4f.wav,coughvid_data/409147f4-43fd-4564-aad1-f2b8a4508f4f.wav,1.0
2a46861d-e845-4e99-8de1-e8211ce706b7,coughvid_data/2a46861d-e845-4e99-8de1-e8211ce706b7.wav,coughvid_data/2a46861d-e845-4e99-8de1-e8211ce706b7.wav,1.0
4402497c-a722-4337-a1d9-e0b1f157419a,coughvid_data/4402497c-a722-4337-a1d9-e0b1f157419a.wav,coughvid_data/4402497c-a722-4337-a1d9-e0b1f157419a.wav,1.0
3a1e54a2-6ff0-4953-a1f7-0c96c4d7dfab,coughvid_data/3a1e54a2-6ff0-4953-a1f7-0c96c4d7dfab.wav,coughvid_data/3a1e54a2-6ff0-4953-a1f7-0c96c4d7dfab.wav,1.0
c79cddc6-a212-44fc-9deb-0eddbf7c953e,coughvid_data/c79cddc6-a212-44fc-9deb-0eddbf7c953e.wav,coughvid_data/c79cddc6-a212-44fc-9deb-0eddbf7c953e.wav,1.0
c23e2714-e80e-4d85-8420-1b4327700a0c,coughvid_data/c23e2714-e80e-4d85-8420-1b4327700a0c.wav,coughvid_data/c23e2714-e80e-4d85-8420-1b4327700a0c.wav,1.0
cdfe6551-a385-42d7-a52a-0821e47e67c5,coughvid_data/cdfe6551-a385-42d7-a52a-0821e47e67c5.wav,coughvid_data/cdfe6551-a385-42d7-a52a-0821e47e67c5.wav,1.0
037f628e-1a10-4364-8191-9f49191cfe5c,coughvid_data/037f628e-1a10-4364-8191-9f49191cfe5c.wav,coughvid_data/037f628e-1a10-4364-8191-9f49191cfe5c.wav,0.0
64493041-a20e-487b-bda4-4b1b33add6b1,coughvid_data/64493041-a20e-487b-bda4-4b1b33add6b1.wav,coughvid_data/64493041-a20e-487b-bda4-4b1b33add6b1.wav,1.0
d2934f58-f1e8-41e3-b60f-1fc737951a8c,coughvid_data/d2934f58-f1e8-41e3-b60f-1fc737951a8c.wav,coughvid_data/d2934f58-f1e8-41e3-b60f-1fc737951a8c.wav,1.0
a0281b30-5616-495c-95d9-ba68626239f5,coughvid_data/a0281b30-5616-495c-95d9-ba68626239f5.wav,coughvid_data/a0281b30-5616-495c-95d9-ba68626239f5.wav,1.0
0acb8223-4c5f-4237-b421-56e438b25007,coughvid_data/0acb8223-4c5f-4237-b421-56e438b25007.wav,coughvid_data/0acb8223-4c5f-4237-b421-56e438b25007.wav,0.0
f25f6a3c-b8d6-4c14-87c1-362fe6533a98,coughvid_data/f25f6a3c-b8d6-4c14-87c1-362fe6533a98.wav,coughvid_data/f25f6a3c-b8d6-4c14-87c1-362fe6533a98.wav,1.0
ec3fc3b7-db7d-4390-878b-95a52b3d582c,coughvid_data/ec3fc3b7-db7d-4390-878b-95a52b3d582c.wav,coughvid_data/ec3fc3b7-db7d-4390-878b-95a52b3d582c.wav,0.0
07b94a4a-aa63-41ae-ae98-d2e16108e286,coughvid_data/07b94a4a-aa63-41ae-ae98-d2e16108e286.wav,coughvid_data/07b94a4a-aa63-41ae-ae98-d2e16108e286.wav,0.0
50cc7a81-f59d-4bae-8baa-bbd6314a66f2,coughvid_data/50cc7a81-f59d-4bae-8baa-bbd6314a66f2.wav,coughvid_data/50cc7a81-f59d-4bae-8baa-bbd6314a66f2.wav,1.0
80195137-f8a6-4e73-a544-27709c2ebf8f,coughvid_data/80195137-f8a6-4e73-a544-27709c2ebf8f.wav,coughvid_data/80195137-f8a6-4e73-a544-27709c2ebf8f.wav,0.0
da34cb95-9a62-4354-8a6c-e73c6cf4773d,coughvid_data/da34cb95-9a62-4354-8a6c-e73c6cf4773d.wav,coughvid_data/da34cb95-9a62-4354-8a6c-e73c6cf4773d.wav,0.0
7882970e-5132-4738-8ad1-2f3689d3fae9,coughvid_data/7882970e-5132-4738-8ad1-2f3689d3fae9.wav,coughvid_data/7882970e-5132-4738-8ad1-2f3689d3fae9.wav,0.0
a5115a55-1187-4983-b9d6-4e423d92f981,coughvid_data/a5115a55-1187-4983-b9d6-4e423d92f981.wav,coughvid_data/a5115a55-1187-4983-b9d6-4e423d92f981.wav,1.0
d4f45b04-9a8c-4409-a91d-ee4da9e62393,coughvid_data/d4f45b04-9a8c-4409-a91d-ee4da9e62393.wav,coughvid_data/d4f45b04-9a8c-4409-a91d-ee4da9e62393.wav,1.0
36f504b0-b61f-4f96-81c8-6bcd2e97c115,coughvid_data/36f504b0-b61f-4f96-81c8-6bcd2e97c115.wav,coughvid_data/36f504b0-b61f-4f96-81c8-6bcd2e97c115.wav,1.0
24a127ce-5f49-4a00-8df7-2493d3fae76b,coughvid_data/24a127ce-5f49-4a00-8df7-2493d3fae76b.wav,coughvid_data/24a127ce-5f49-4a00-8df7-2493d3fae76b.wav,0.0
450dbdc0-e479-43a2-b3d2-8e51b8253649,coughvid_data/450dbdc0-e479-43a2-b3d2-8e51b8253649.wav,coughvid_data/450dbdc0-e479-43a2-b3d2-8e51b8253649.wav,1.0
6f31b83f-d68c-4fef-8ccb-fdd18303aca3,coughvid_data/6f31b83f-d68c-4fef-8ccb-fdd18303aca3.wav,coughvid_data/6f31b83f-d68c-4fef-8ccb-fdd18303aca3.wav,1.0
a830fea9-8f7a-4914-bb51-149cf9a28451,coughvid_data/a830fea9-8f7a-4914-bb51-149cf9a28451.wav,coughvid_data/a830fea9-8f7a-4914-bb51-149cf9a28451.wav,1.0
565c00d9-52e3-4899-8e45-74b6874c4452,coughvid_data/565c00d9-52e3-4899-8e45-74b6874c4452.wav,coughvid_data/565c00d9-52e3-4899-8e45-74b6874c4452.wav,1.0
9b713917-5cdf-4388-826f-1c8e742e3965,coughvid_data/9b713917-5cdf-4388-826f-1c8e742e3965.wav,coughvid_data/9b713917-5cdf-4388-826f-1c8e742e3965.wav,0.0
9dbc0f4c-4ea2-4a0b-ab61-c508b634d7cc,coughvid_data/9dbc0f4c-4ea2-4a0b-ab61-c508b634d7cc.wav,coughvid_data/9dbc0f4c-4ea2-4a0b-ab61-c508b634d7cc.wav,0.0
b6c7efbe-94e4-49ac-bb0b-659499224faa,coughvid_data/b6c7efbe-94e4-49ac-bb0b-659499224faa.wav,coughvid_data/b6c7efbe-94e4-49ac-bb0b-659499224faa.wav,1.0
1dab1f93-75e7-4129-999c-5cd92a276db8,coughvid_data/1dab1f93-75e7-4129-999c-5cd92a276db8.wav,coughvid_data/1dab1f93-75e7-4129-999c-5cd92a276db8.wav,1.0
2e9f53d5-43ba-4412-9f7f-1b371989abe0,coughvid_data/2e9f53d5-43ba-4412-9f7f-1b371989abe0.wav,coughvid_data/2e9f53d5-43ba-4412-9f7f-1b371989abe0.wav,0.0
270c6bf6-7889-4ec0-acec-e4b906c5ea7c,coughvid_data/270c6bf6-7889-4ec0-acec-e4b906c5ea7c.wav,coughvid_data/270c6bf6-7889-4ec0-acec-e4b906c5ea7c.wav,1.0
6567d217-c4c9-4d4e-8a2c-1ab40b58f826,coughvid_data/6567d217-c4c9-4d4e-8a2c-1ab40b58f826.wav,coughvid_data/6567d217-c4c9-4d4e-8a2c-1ab40b58f826.wav,1.0
67e0905b-cfad-4060-a39b-8b6640ee24a1,coughvid_data/67e0905b-cfad-4060-a39b-8b6640ee24a1.wav,coughvid_data/67e0905b-cfad-4060-a39b-8b6640ee24a1.wav,1.0
92c00e6a-c008-410d-ba83-69e4a6007916,coughvid_data/92c00e6a-c008-410d-ba83-69e4a6007916.wav,coughvid_data/92c00e6a-c008-410d-ba83-69e4a6007916.wav,1.0
e3f8a1bd-e4f0-44c7-96f0-16d9513868ec,coughvid_data/e3f8a1bd-e4f0-44c7-96f0-16d9513868ec.wav,coughvid_data/e3f8a1bd-e4f0-44c7-96f0-16d9513868ec.wav,0.0
a08ada1f-32e6-40cf-9513-57cf411cf97d,coughvid_data/a08ada1f-32e6-40cf-9513-57cf411cf97d.wav,coughvid_data/a08ada1f-32e6-40cf-9513-57cf411cf97d.wav,1.0
662867cb-b9a2-42d5-a972-3d4615c8e2d8,coughvid_data/662867cb-b9a2-42d5-a972-3d4615c8e2d8.wav,coughvid_data/662867cb-b9a2-42d5-a972-3d4615c8e2d8.wav,0.0
37d9d372-ba0d-46fe-9b71-b3088ab3ff2b,coughvid_data/37d9d372-ba0d-46fe-9b71-b3088ab3ff2b.wav,coughvid_data/37d9d372-ba0d-46fe-9b71-b3088ab3ff2b.wav,1.0
5830e2bb-5a49-4ec2-9b53-9c6727e54e1a,coughvid_data/5830e2bb-5a49-4ec2-9b53-9c6727e54e1a.wav,coughvid_data/5830e2bb-5a49-4ec2-9b53-9c6727e54e1a.wav,1.0
30a0b80d-2b51-40ff-983a-643c20f97aa2,coughvid_data/30a0b80d-2b51-40ff-983a-643c20f97aa2.wav,coughvid_data/30a0b80d-2b51-40ff-983a-643c20f97aa2.wav,1.0
9d678766-84df-4a87-bf77-a925ea1cd500,coughvid_data/9d678766-84df-4a87-bf77-a925ea1cd500.wav,coughvid_data/9d678766-84df-4a87-bf77-a925ea1cd500.wav,0.0
197fd3fd-2c59-41b3-836a-8c9d51b3fbb0,coughvid_data/197fd3fd-2c59-41b3-836a-8c9d51b3fbb0.wav,coughvid_data/197fd3fd-2c59-41b3-836a-8c9d51b3fbb0.wav,1.0
85880e1a-afd2-485e-8d5c-5462642ec228,coughvid_data/85880e1a-afd2-485e-8d5c-5462642ec228.wav,coughvid_data/85880e1a-afd2-485e-8d5c-5462642ec228.wav,0.0
9877a438-1cca-46dd-bd66-2ceecb717558,coughvid_data/9877a438-1cca-46dd-bd66-2ceecb717558.wav,coughvid_data/9877a438-1cca-46dd-bd66-2ceecb717558.wav,1.0
80411c72-2727-40a3-a781-0d71f1bb717d,coughvid_data/80411c72-2727-40a3-a781-0d71f1bb717d.wav,coughvid_data/80411c72-2727-40a3-a781-0d71f1bb717d.wav,1.0
a67f562c-f932-441f-bfee-929a2c75e41f,coughvid_data/a67f562c-f932-441f-bfee-929a2c75e41f.wav,coughvid_data/a67f562c-f932-441f-bfee-929a2c75e41f.wav,0.0
13fd34d5-ca4a-44b9-bab1-e9a4f9c46d27,coughvid_data/13fd34d5-ca4a-44b9-bab1-e9a4f9c46d27.wav,coughvid_data/13fd34d5-ca4a-44b9-bab1-e9a4f9c46d27.wav,0.0
f0587ead-efbf-41c1-beb3-faefe195629b,coughvid_data/f0587ead-efbf-41c1-beb3-faefe195629b.wav,coughvid_data/f0587ead-efbf-41c1-beb3-faefe195629b.wav,1.0
75beb147-887b-407b-bdb0-e1eeb4de98ba,coughvid_data/75beb147-887b-407b-bdb0-e1eeb4de98ba.wav,coughvid_data/75beb147-887b-407b-bdb0-e1eeb4de98ba.wav,1.0
5aa9d0aa-28d8-477c-8fd1-e59beb9823f0,coughvid_data/5aa9d0aa-28d8-477c-8fd1-e59beb9823f0.wav,coughvid_data/5aa9d0aa-28d8-477c-8fd1-e59beb9823f0.wav,1.0
04d93340-fba9-4027-ade5-614cb8a21297,coughvid_data/04d93340-fba9-4027-ade5-614cb8a21297.wav,coughvid_data/04d93340-fba9-4027-ade5-614cb8a21297.wav,1.0
39e4cc19-0db4-492a-b580-9fc4e4ab62ea,coughvid_data/39e4cc19-0db4-492a-b580-9fc4e4ab62ea.wav,coughvid_data/39e4cc19-0db4-492a-b580-9fc4e4ab62ea.wav,1.0
41fb510a-2032-4786-aaf4-4749b5683b95,coughvid_data/41fb510a-2032-4786-aaf4-4749b5683b95.wav,coughvid_data/41fb510a-2032-4786-aaf4-4749b5683b95.wav,1.0
71e56426-e99f-4c1a-b39a-55d7c687704c,coughvid_data/71e56426-e99f-4c1a-b39a-55d7c687704c.wav,coughvid_data/71e56426-e99f-4c1a-b39a-55d7c687704c.wav,1.0
0ccb9b94-5a4d-41d5-9197-386236ba545f,coughvid_data/0ccb9b94-5a4d-41d5-9197-386236ba545f.wav,coughvid_data/0ccb9b94-5a4d-41d5-9197-386236ba545f.wav,1.0
79267c13-6d11-4781-a554-2606b25c9f45,coughvid_data/79267c13-6d11-4781-a554-2606b25c9f45.wav,coughvid_data/79267c13-6d11-4781-a554-2606b25c9f45.wav,1.0
968ed585-7988-4ebf-868a-cdda1ec77cbd,coughvid_data/968ed585-7988-4ebf-868a-cdda1ec77cbd.wav,coughvid_data/968ed585-7988-4ebf-868a-cdda1ec77cbd.wav,1.0
a05a4f89-9707-427f-b356-d0d4af4efc61,coughvid_data/a05a4f89-9707-427f-b356-d0d4af4efc61.wav,coughvid_data/a05a4f89-9707-427f-b356-d0d4af4efc61.wav,1.0
f942b766-ef1e-42e7-826d-40e053414824,coughvid_data/f942b766-ef1e-42e7-826d-40e053414824.wav,coughvid_data/f942b766-ef1e-42e7-826d-40e053414824.wav,1.0
8a37026e-32a9-4505-85f9-3c9dabccc284,coughvid_data/8a37026e-32a9-4505-85f9-3c9dabccc284.wav,coughvid_data/8a37026e-32a9-4505-85f9-3c9dabccc284.wav,1.0
26b079a2-0954-4ca4-a494-1ef64e7d93f9,coughvid_data/26b079a2-0954-4ca4-a494-1ef64e7d93f9.wav,coughvid_data/26b079a2-0954-4ca4-a494-1ef64e7d93f9.wav,1.0
f2d50426-43b7-4ee0-9eac-c62363a9b16d,coughvid_data/f2d50426-43b7-4ee0-9eac-c62363a9b16d.wav,coughvid_data/f2d50426-43b7-4ee0-9eac-c62363a9b16d.wav,0.0
bc6cdcc2-c2ac-4dfa-92b0-581a7ae0a5e1,coughvid_data/bc6cdcc2-c2ac-4dfa-92b0-581a7ae0a5e1.wav,coughvid_data/bc6cdcc2-c2ac-4dfa-92b0-581a7ae0a5e1.wav,0.0
49fc6f7f-e8d9-4b5b-a9fa-789edbee9e8e,coughvid_data/49fc6f7f-e8d9-4b5b-a9fa-789edbee9e8e.wav,coughvid_data/49fc6f7f-e8d9-4b5b-a9fa-789edbee9e8e.wav,1.0
091f4e75-dd27-47cb-852a-b23923cdd804,coughvid_data/091f4e75-dd27-47cb-852a-b23923cdd804.wav,coughvid_data/091f4e75-dd27-47cb-852a-b23923cdd804.wav,1.0
75fa41ec-7e37-47f2-90c8-ff425405375c,coughvid_data/75fa41ec-7e37-47f2-90c8-ff425405375c.wav,coughvid_data/75fa41ec-7e37-47f2-90c8-ff425405375c.wav,1.0
ed972b5e-7823-49cd-9283-1b48c97fbb44,coughvid_data/ed972b5e-7823-49cd-9283-1b48c97fbb44.wav,coughvid_data/ed972b5e-7823-49cd-9283-1b48c97fbb44.wav,1.0
c591e11e-6fdb-4685-8ae1-44576d877831,coughvid_data/c591e11e-6fdb-4685-8ae1-44576d877831.wav,coughvid_data/c591e11e-6fdb-4685-8ae1-44576d877831.wav,1.0
cd544ead-9f79-490d-8225-d192e2b61bbe,coughvid_data/cd544ead-9f79-490d-8225-d192e2b61bbe.wav,coughvid_data/cd544ead-9f79-490d-8225-d192e2b61bbe.wav,0.0
be5228e8-b324-4b0b-9b72-26dce2f9e500,coughvid_data/be5228e8-b324-4b0b-9b72-26dce2f9e500.wav,coughvid_data/be5228e8-b324-4b0b-9b72-26dce2f9e500.wav,1.0
7ef8ceb1-ddd9-4220-b97f-ddc44e4372fa,coughvid_data/7ef8ceb1-ddd9-4220-b97f-ddc44e4372fa.wav,coughvid_data/7ef8ceb1-ddd9-4220-b97f-ddc44e4372fa.wav,0.0
877fcc80-ea32-4cfa-8f5f-4ae59334527f,coughvid_data/877fcc80-ea32-4cfa-8f5f-4ae59334527f.wav,coughvid_data/877fcc80-ea32-4cfa-8f5f-4ae59334527f.wav,0.0
eea968d1-cbe2-4ea0-bb95-442a4f46f39c,coughvid_data/eea968d1-cbe2-4ea0-bb95-442a4f46f39c.wav,coughvid_data/eea968d1-cbe2-4ea0-bb95-442a4f46f39c.wav,1.0
2376f3ef-8be9-420b-9b6b-db5832e6e8db,coughvid_data/2376f3ef-8be9-420b-9b6b-db5832e6e8db.wav,coughvid_data/2376f3ef-8be9-420b-9b6b-db5832e6e8db.wav,0.0
e60eac7b-a53f-4f66-ab6b-3a57b8dabf8a,coughvid_data/e60eac7b-a53f-4f66-ab6b-3a57b8dabf8a.wav,coughvid_data/e60eac7b-a53f-4f66-ab6b-3a57b8dabf8a.wav,0.0
a694c996-a3c8-48d6-ac26-ab81ff8be4fd,coughvid_data/a694c996-a3c8-48d6-ac26-ab81ff8be4fd.wav,coughvid_data/a694c996-a3c8-48d6-ac26-ab81ff8be4fd.wav,1.0
9ea4d87d-e60f-4a02-94be-20d345222a84,coughvid_data/9ea4d87d-e60f-4a02-94be-20d345222a84.wav,coughvid_data/9ea4d87d-e60f-4a02-94be-20d345222a84.wav,1.0
a084df86-6bef-477e-8b81-ac35f8ac5873,coughvid_data/a084df86-6bef-477e-8b81-ac35f8ac5873.wav,coughvid_data/a084df86-6bef-477e-8b81-ac35f8ac5873.wav,0.0
c5df31f3-a868-400f-aaa1-be7d6b57b844,coughvid_data/c5df31f3-a868-400f-aaa1-be7d6b57b844.wav,coughvid_data/c5df31f3-a868-400f-aaa1-be7d6b57b844.wav,0.0
8bdb1152-446b-4fff-bdca-7f604fbb4b24,coughvid_data/8bdb1152-446b-4fff-bdca-7f604fbb4b24.wav,coughvid_data/8bdb1152-446b-4fff-bdca-7f604fbb4b24.wav,1.0
3481b694-34fe-4b03-a529-88ef085815fd,coughvid_data/3481b694-34fe-4b03-a529-88ef085815fd.wav,coughvid_data/3481b694-34fe-4b03-a529-88ef085815fd.wav,1.0
e60e3368-e96f-407e-ac2f-cee57be95c18,coughvid_data/e60e3368-e96f-407e-ac2f-cee57be95c18.wav,coughvid_data/e60e3368-e96f-407e-ac2f-cee57be95c18.wav,0.0
8741c7d3-1a5a-4f14-9b0e-bf4ab762219e,coughvid_data/8741c7d3-1a5a-4f14-9b0e-bf4ab762219e.wav,coughvid_data/8741c7d3-1a5a-4f14-9b0e-bf4ab762219e.wav,1.0
c233a7a1-c6d8-4f5f-8f87-bfd180c6d32e,coughvid_data/c233a7a1-c6d8-4f5f-8f87-bfd180c6d32e.wav,coughvid_data/c233a7a1-c6d8-4f5f-8f87-bfd180c6d32e.wav,1.0
a71f4cb6-d36f-4aed-a2cf-c77ff84ed6a4,coughvid_data/a71f4cb6-d36f-4aed-a2cf-c77ff84ed6a4.wav,coughvid_data/a71f4cb6-d36f-4aed-a2cf-c77ff84ed6a4.wav,0.0
e813109f-2ef6-4624-8802-dfa936c9852b,coughvid_data/e813109f-2ef6-4624-8802-dfa936c9852b.wav,coughvid_data/e813109f-2ef6-4624-8802-dfa936c9852b.wav,0.0
802697dc-5623-424b-9708-e0597852fd1c,coughvid_data/802697dc-5623-424b-9708-e0597852fd1c.wav,coughvid_data/802697dc-5623-424b-9708-e0597852fd1c.wav,0.0
b78542bc-6ddc-4bb4-8e20-64febc0336c5,coughvid_data/b78542bc-6ddc-4bb4-8e20-64febc0336c5.wav,coughvid_data/b78542bc-6ddc-4bb4-8e20-64febc0336c5.wav,0.0
114f3825-76c1-44a3-9f6e-ca0a93d4521c,coughvid_data/114f3825-76c1-44a3-9f6e-ca0a93d4521c.wav,coughvid_data/114f3825-76c1-44a3-9f6e-ca0a93d4521c.wav,1.0
01d46215-cb26-45a7-92dd-25ca74f4b3a1,coughvid_data/01d46215-cb26-45a7-92dd-25ca74f4b3a1.wav,coughvid_data/01d46215-cb26-45a7-92dd-25ca74f4b3a1.wav,1.0
dc858e5b-2ce1-498c-b820-8b7dd96e240e,coughvid_data/dc858e5b-2ce1-498c-b820-8b7dd96e240e.wav,coughvid_data/dc858e5b-2ce1-498c-b820-8b7dd96e240e.wav,0.0
7748c3d1-4edb-4b04-99f5-f3915f36365e,coughvid_data/7748c3d1-4edb-4b04-99f5-f3915f36365e.wav,coughvid_data/7748c3d1-4edb-4b04-99f5-f3915f36365e.wav,0.0
1481c9b0-c206-431a-9a8d-79d5d8f37895,coughvid_data/1481c9b0-c206-431a-9a8d-79d5d8f37895.wav,coughvid_data/1481c9b0-c206-431a-9a8d-79d5d8f37895.wav,1.0
9e2709db-b6b2-45f7-a0b2-b067e187fe3f,coughvid_data/9e2709db-b6b2-45f7-a0b2-b067e187fe3f.wav,coughvid_data/9e2709db-b6b2-45f7-a0b2-b067e187fe3f.wav,1.0
420e366e-bf61-4250-8a88-6a2d47390e22,coughvid_data/420e366e-bf61-4250-8a88-6a2d47390e22.wav,coughvid_data/420e366e-bf61-4250-8a88-6a2d47390e22.wav,0.0
3d6c0fa2-3a8d-4864-b583-152032decfed,coughvid_data/3d6c0fa2-3a8d-4864-b583-152032decfed.wav,coughvid_data/3d6c0fa2-3a8d-4864-b583-152032decfed.wav,1.0
669ecc82-bad0-43ba-aea0-495543ea3d55,coughvid_data/669ecc82-bad0-43ba-aea0-495543ea3d55.wav,coughvid_data/669ecc82-bad0-43ba-aea0-495543ea3d55.wav,1.0
ec3cc613-474f-4072-aa7d-17614ab5a6dd,coughvid_data/ec3cc613-474f-4072-aa7d-17614ab5a6dd.wav,coughvid_data/ec3cc613-474f-4072-aa7d-17614ab5a6dd.wav,0.0
374cc403-ce3d-45b4-afb7-4e38aa087c82,coughvid_data/374cc403-ce3d-45b4-afb7-4e38aa087c82.wav,coughvid_data/374cc403-ce3d-45b4-afb7-4e38aa087c82.wav,0.0
6f9bb952-5bce-4b0b-8922-8be6780e79f4,coughvid_data/6f9bb952-5bce-4b0b-8922-8be6780e79f4.wav,coughvid_data/6f9bb952-5bce-4b0b-8922-8be6780e79f4.wav,1.0
9ce01a90-7e89-412f-abce-73d2831a6f53,coughvid_data/9ce01a90-7e89-412f-abce-73d2831a6f53.wav,coughvid_data/9ce01a90-7e89-412f-abce-73d2831a6f53.wav,1.0
3c46fbfe-cec8-41b3-9360-9e3e75a784de,coughvid_data/3c46fbfe-cec8-41b3-9360-9e3e75a784de.wav,coughvid_data/3c46fbfe-cec8-41b3-9360-9e3e75a784de.wav,0.0
c723aaaa-0712-4673-80c5-0ddd96a76196,coughvid_data/c723aaaa-0712-4673-80c5-0ddd96a76196.wav,coughvid_data/c723aaaa-0712-4673-80c5-0ddd96a76196.wav,1.0
28864479-8097-4db5-8d1a-0bde2d8b757c,coughvid_data/28864479-8097-4db5-8d1a-0bde2d8b757c.wav,coughvid_data/28864479-8097-4db5-8d1a-0bde2d8b757c.wav,0.0
31619846-b9f2-4deb-a577-8aa868d69bc1,coughvid_data/31619846-b9f2-4deb-a577-8aa868d69bc1.wav,coughvid_data/31619846-b9f2-4deb-a577-8aa868d69bc1.wav,1.0
046167aa-fb52-4182-9c95-5c4df88bb910,coughvid_data/046167aa-fb52-4182-9c95-5c4df88bb910.wav,coughvid_data/046167aa-fb52-4182-9c95-5c4df88bb910.wav,0.0
f567701c-db55-4999-ac47-62ee67266c3a,coughvid_data/f567701c-db55-4999-ac47-62ee67266c3a.wav,coughvid_data/f567701c-db55-4999-ac47-62ee67266c3a.wav,0.0
e939f6b7-9619-4b97-9023-e78672efb761,coughvid_data/e939f6b7-9619-4b97-9023-e78672efb761.wav,coughvid_data/e939f6b7-9619-4b97-9023-e78672efb761.wav,0.0
bbd87814-fc8c-493a-907c-aeb18acf8e44,coughvid_data/bbd87814-fc8c-493a-907c-aeb18acf8e44.wav,coughvid_data/bbd87814-fc8c-493a-907c-aeb18acf8e44.wav,1.0
00981334-b1be-44f7-9d80-9318ebebc618,coughvid_data/00981334-b1be-44f7-9d80-9318ebebc618.wav,coughvid_data/00981334-b1be-44f7-9d80-9318ebebc618.wav,0.0
3538af71-d7d4-48bd-a895-cd63379aeb2e,coughvid_data/3538af71-d7d4-48bd-a895-cd63379aeb2e.wav,coughvid_data/3538af71-d7d4-48bd-a895-cd63379aeb2e.wav,0.0
a523b279-77e0-414b-935f-95a6ded15611,coughvid_data/a523b279-77e0-414b-935f-95a6ded15611.wav,coughvid_data/a523b279-77e0-414b-935f-95a6ded15611.wav,0.0
46cc6067-c816-4e1c-bb98-40418881defb,coughvid_data/46cc6067-c816-4e1c-bb98-40418881defb.wav,coughvid_data/46cc6067-c816-4e1c-bb98-40418881defb.wav,1.0
b062afcd-e4ee-4d70-9206-7614bfe7c840,coughvid_data/b062afcd-e4ee-4d70-9206-7614bfe7c840.wav,coughvid_data/b062afcd-e4ee-4d70-9206-7614bfe7c840.wav,1.0
4782f32c-c71c-4097-997f-35a0fa8c1719,coughvid_data/4782f32c-c71c-4097-997f-35a0fa8c1719.wav,coughvid_data/4782f32c-c71c-4097-997f-35a0fa8c1719.wav,1.0
c01bf7d6-3eda-4d55-9c74-2badd84ff3c9,coughvid_data/c01bf7d6-3eda-4d55-9c74-2badd84ff3c9.wav,coughvid_data/c01bf7d6-3eda-4d55-9c74-2badd84ff3c9.wav,0.0
197b7396-70bb-4bf2-8d45-0ff6b289e64c,coughvid_data/197b7396-70bb-4bf2-8d45-0ff6b289e64c.wav,coughvid_data/197b7396-70bb-4bf2-8d45-0ff6b289e64c.wav,0.0
d44bc1e1-17cd-46f7-9c28-773f1f0dc459,coughvid_data/d44bc1e1-17cd-46f7-9c28-773f1f0dc459.wav,coughvid_data/d44bc1e1-17cd-46f7-9c28-773f1f0dc459.wav,0.0
76338820-314e-4dff-9365-6f12fa03e530,coughvid_data/76338820-314e-4dff-9365-6f12fa03e530.wav,coughvid_data/76338820-314e-4dff-9365-6f12fa03e530.wav,1.0
8d011ba8-6db2-4065-86fd-9bc709f34bc5,coughvid_data/8d011ba8-6db2-4065-86fd-9bc709f34bc5.wav,coughvid_data/8d011ba8-6db2-4065-86fd-9bc709f34bc5.wav,1.0
6e6184cc-f7ea-4a14-84ea-738b38d004e8,coughvid_data/6e6184cc-f7ea-4a14-84ea-738b38d004e8.wav,coughvid_data/6e6184cc-f7ea-4a14-84ea-738b38d004e8.wav,1.0
54c6a5ee-d9b4-4c57-83c2-ab911827b37c,coughvid_data/54c6a5ee-d9b4-4c57-83c2-ab911827b37c.wav,coughvid_data/54c6a5ee-d9b4-4c57-83c2-ab911827b37c.wav,1.0
c9b58abc-3608-4ef8-aefe-d00712ab80b2,coughvid_data/c9b58abc-3608-4ef8-aefe-d00712ab80b2.wav,coughvid_data/c9b58abc-3608-4ef8-aefe-d00712ab80b2.wav,1.0
48c6f4eb-75c7-4f3b-9b5d-2f7f1852d708,coughvid_data/48c6f4eb-75c7-4f3b-9b5d-2f7f1852d708.wav,coughvid_data/48c6f4eb-75c7-4f3b-9b5d-2f7f1852d708.wav,0.0
677c083c-35ca-4692-95f1-3c96a6ff273b,coughvid_data/677c083c-35ca-4692-95f1-3c96a6ff273b.wav,coughvid_data/677c083c-35ca-4692-95f1-3c96a6ff273b.wav,0.0
7876c549-066a-4ea1-a82e-45772114f964,coughvid_data/7876c549-066a-4ea1-a82e-45772114f964.wav,coughvid_data/7876c549-066a-4ea1-a82e-45772114f964.wav,1.0
3397697a-4758-46fc-89d2-91d79ab67aa1,coughvid_data/3397697a-4758-46fc-89d2-91d79ab67aa1.wav,coughvid_data/3397697a-4758-46fc-89d2-91d79ab67aa1.wav,0.0
9bdcb1c5-0f5d-4891-90e4-6748a835b9ce,coughvid_data/9bdcb1c5-0f5d-4891-90e4-6748a835b9ce.wav,coughvid_data/9bdcb1c5-0f5d-4891-90e4-6748a835b9ce.wav,1.0
18b83e0c-5b1b-411b-ad85-45c0154f8f83,coughvid_data/18b83e0c-5b1b-411b-ad85-45c0154f8f83.wav,coughvid_data/18b83e0c-5b1b-411b-ad85-45c0154f8f83.wav,0.0
a10bfeba-1f1f-4b66-92a4-a26ecb381d3e,coughvid_data/a10bfeba-1f1f-4b66-92a4-a26ecb381d3e.wav,coughvid_data/a10bfeba-1f1f-4b66-92a4-a26ecb381d3e.wav,1.0
e389b2e1-e6a3-4b8d-a6f7-080890003015,coughvid_data/e389b2e1-e6a3-4b8d-a6f7-080890003015.wav,coughvid_data/e389b2e1-e6a3-4b8d-a6f7-080890003015.wav,1.0
f86c72e4-736f-42dd-a235-e62744dd0b0f,coughvid_data/f86c72e4-736f-42dd-a235-e62744dd0b0f.wav,coughvid_data/f86c72e4-736f-42dd-a235-e62744dd0b0f.wav,0.0
f3d50342-5592-4c58-8856-bc951d23c36b,coughvid_data/f3d50342-5592-4c58-8856-bc951d23c36b.wav,coughvid_data/f3d50342-5592-4c58-8856-bc951d23c36b.wav,1.0
60abeeaf-3782-4c5d-8d49-ea79548dc4be,coughvid_data/60abeeaf-3782-4c5d-8d49-ea79548dc4be.wav,coughvid_data/60abeeaf-3782-4c5d-8d49-ea79548dc4be.wav,1.0
d8dd429e-db29-4389-96a3-e68e6d8a6b77,coughvid_data/d8dd429e-db29-4389-96a3-e68e6d8a6b77.wav,coughvid_data/d8dd429e-db29-4389-96a3-e68e6d8a6b77.wav,1.0
badf4c5a-0ffb-475f-b462-a374ba9b9fab,coughvid_data/badf4c5a-0ffb-475f-b462-a374ba9b9fab.wav,coughvid_data/badf4c5a-0ffb-475f-b462-a374ba9b9fab.wav,0.0
2e36ee5a-2755-41f2-a1d4-344db8145148,coughvid_data/2e36ee5a-2755-41f2-a1d4-344db8145148.wav,coughvid_data/2e36ee5a-2755-41f2-a1d4-344db8145148.wav,0.0
a831d714-8a84-4d6b-b294-bfe8ec037a00,coughvid_data/a831d714-8a84-4d6b-b294-bfe8ec037a00.wav,coughvid_data/a831d714-8a84-4d6b-b294-bfe8ec037a00.wav,0.0
6b8b6f29-5cd8-47e6-a789-50669f2afd63,coughvid_data/6b8b6f29-5cd8-47e6-a789-50669f2afd63.wav,coughvid_data/6b8b6f29-5cd8-47e6-a789-50669f2afd63.wav,0.0
2653e1ff-5f65-40a3-a053-72678d49e707,coughvid_data/2653e1ff-5f65-40a3-a053-72678d49e707.wav,coughvid_data/2653e1ff-5f65-40a3-a053-72678d49e707.wav,1.0
dffdaa03-175e-444b-a4e5-36d36839256d,coughvid_data/dffdaa03-175e-444b-a4e5-36d36839256d.wav,coughvid_data/dffdaa03-175e-444b-a4e5-36d36839256d.wav,1.0
a92aa33b-d497-4f08-91ba-32aa6b3945e2,coughvid_data/a92aa33b-d497-4f08-91ba-32aa6b3945e2.wav,coughvid_data/a92aa33b-d497-4f08-91ba-32aa6b3945e2.wav,1.0
13b51038-4b8f-4143-be63-a9caf15731fc,coughvid_data/13b51038-4b8f-4143-be63-a9caf15731fc.wav,coughvid_data/13b51038-4b8f-4143-be63-a9caf15731fc.wav,1.0
0d1cb244-e3cb-404d-97f5-99592b92da44,coughvid_data/0d1cb244-e3cb-404d-97f5-99592b92da44.wav,coughvid_data/0d1cb244-e3cb-404d-97f5-99592b92da44.wav,1.0
605fdac6-4f20-450f-b3ec-5232c5173ae7,coughvid_data/605fdac6-4f20-450f-b3ec-5232c5173ae7.wav,coughvid_data/605fdac6-4f20-450f-b3ec-5232c5173ae7.wav,1.0
6e0cb477-3c58-476b-98dc-708b870cc953,coughvid_data/6e0cb477-3c58-476b-98dc-708b870cc953.wav,coughvid_data/6e0cb477-3c58-476b-98dc-708b870cc953.wav,0.0
a6e46de9-75c1-4056-8795-524cab22bc51,coughvid_data/a6e46de9-75c1-4056-8795-524cab22bc51.wav,coughvid_data/a6e46de9-75c1-4056-8795-524cab22bc51.wav,1.0
7f34bb32-f1cf-4918-99c0-1d74624853df,coughvid_data/7f34bb32-f1cf-4918-99c0-1d74624853df.wav,coughvid_data/7f34bb32-f1cf-4918-99c0-1d74624853df.wav,0.0
a51c6404-cba7-4389-bd37-9a9b01ad4976,coughvid_data/a51c6404-cba7-4389-bd37-9a9b01ad4976.wav,coughvid_data/a51c6404-cba7-4389-bd37-9a9b01ad4976.wav,0.0
ff67c047-ffcd-489e-97e6-b2909ba3d141,coughvid_data/ff67c047-ffcd-489e-97e6-b2909ba3d141.wav,coughvid_data/ff67c047-ffcd-489e-97e6-b2909ba3d141.wav,1.0
27c8ed69-2716-42af-91fb-25145f4870af,coughvid_data/27c8ed69-2716-42af-91fb-25145f4870af.wav,coughvid_data/27c8ed69-2716-42af-91fb-25145f4870af.wav,0.0
211f762b-c670-4a9b-8869-564b236c2879,coughvid_data/211f762b-c670-4a9b-8869-564b236c2879.wav,coughvid_data/211f762b-c670-4a9b-8869-564b236c2879.wav,0.0
d7b1b15b-b9d4-4920-9130-8caaf1bfaa72,coughvid_data/d7b1b15b-b9d4-4920-9130-8caaf1bfaa72.wav,coughvid_data/d7b1b15b-b9d4-4920-9130-8caaf1bfaa72.wav,0.0
a23afe21-8306-4454-8479-c8fd5cf2df9c,coughvid_data/a23afe21-8306-4454-8479-c8fd5cf2df9c.wav,coughvid_data/a23afe21-8306-4454-8479-c8fd5cf2df9c.wav,0.0
0f945f82-f4ec-47d2-ad7d-405264658eed,coughvid_data/0f945f82-f4ec-47d2-ad7d-405264658eed.wav,coughvid_data/0f945f82-f4ec-47d2-ad7d-405264658eed.wav,1.0
f3b2243b-b823-471a-8cec-194f3d74de39,coughvid_data/f3b2243b-b823-471a-8cec-194f3d74de39.wav,coughvid_data/f3b2243b-b823-471a-8cec-194f3d74de39.wav,1.0
3cc77934-fd8e-4725-881a-5555c0bc726a,coughvid_data/3cc77934-fd8e-4725-881a-5555c0bc726a.wav,coughvid_data/3cc77934-fd8e-4725-881a-5555c0bc726a.wav,0.0
edd0f863-340f-4e5b-b4ce-a0ef86db8d9a,coughvid_data/edd0f863-340f-4e5b-b4ce-a0ef86db8d9a.wav,coughvid_data/edd0f863-340f-4e5b-b4ce-a0ef86db8d9a.wav,1.0
a6229afb-b8a1-4dc5-890a-6017e2454b46,coughvid_data/a6229afb-b8a1-4dc5-890a-6017e2454b46.wav,coughvid_data/a6229afb-b8a1-4dc5-890a-6017e2454b46.wav,0.0
f3b594a0-7bb4-46f4-8013-f377c4c21e46,coughvid_data/f3b594a0-7bb4-46f4-8013-f377c4c21e46.wav,coughvid_data/f3b594a0-7bb4-46f4-8013-f377c4c21e46.wav,0.0
98fd985d-f942-4e2e-baf3-fc896c6fc673,coughvid_data/98fd985d-f942-4e2e-baf3-fc896c6fc673.wav,coughvid_data/98fd985d-f942-4e2e-baf3-fc896c6fc673.wav,0.0
4914282c-e333-4edd-a842-9bbe04afab43,coughvid_data/4914282c-e333-4edd-a842-9bbe04afab43.wav,coughvid_data/4914282c-e333-4edd-a842-9bbe04afab43.wav,0.0
45cdd56d-76fc-4be9-9784-a141d8bfe517,coughvid_data/45cdd56d-76fc-4be9-9784-a141d8bfe517.wav,coughvid_data/45cdd56d-76fc-4be9-9784-a141d8bfe517.wav,1.0
2dd314a4-118b-459b-a4b6-80f79c9cc030,coughvid_data/2dd314a4-118b-459b-a4b6-80f79c9cc030.wav,coughvid_data/2dd314a4-118b-459b-a4b6-80f79c9cc030.wav,1.0
66f27fee-c82e-4111-b276-4d4ef6a4e383,coughvid_data/66f27fee-c82e-4111-b276-4d4ef6a4e383.wav,coughvid_data/66f27fee-c82e-4111-b276-4d4ef6a4e383.wav,1.0
4bf63408-ecc2-4f79-b9af-16a57c0f4f28,coughvid_data/4bf63408-ecc2-4f79-b9af-16a57c0f4f28.wav,coughvid_data/4bf63408-ecc2-4f79-b9af-16a57c0f4f28.wav,0.0
d3b3dd98-eb99-438e-990b-1ae0064266c4,coughvid_data/d3b3dd98-eb99-438e-990b-1ae0064266c4.wav,coughvid_data/d3b3dd98-eb99-438e-990b-1ae0064266c4.wav,1.0
6686f759-532f-4ca1-95aa-9895735e3e2b,coughvid_data/6686f759-532f-4ca1-95aa-9895735e3e2b.wav,coughvid_data/6686f759-532f-4ca1-95aa-9895735e3e2b.wav,1.0
ffa0fca4-0224-4c37-84b4-bd64add969db,coughvid_data/ffa0fca4-0224-4c37-84b4-bd64add969db.wav,coughvid_data/ffa0fca4-0224-4c37-84b4-bd64add969db.wav,0.0
4bd7f27f-7b95-4958-9ab9-fe1de0e8530a,coughvid_data/4bd7f27f-7b95-4958-9ab9-fe1de0e8530a.wav,coughvid_data/4bd7f27f-7b95-4958-9ab9-fe1de0e8530a.wav,1.0
87fd16d2-953c-4f6b-a46a-8176cb94a6f8,coughvid_data/87fd16d2-953c-4f6b-a46a-8176cb94a6f8.wav,coughvid_data/87fd16d2-953c-4f6b-a46a-8176cb94a6f8.wav,1.0
dbf51a61-ae59-4764-9bb2-0e6c659d96bf,coughvid_data/dbf51a61-ae59-4764-9bb2-0e6c659d96bf.wav,coughvid_data/dbf51a61-ae59-4764-9bb2-0e6c659d96bf.wav,0.0
2abae67b-5a84-4bc7-9c40-880e708fca4d,coughvid_data/2abae67b-5a84-4bc7-9c40-880e708fca4d.wav,coughvid_data/2abae67b-5a84-4bc7-9c40-880e708fca4d.wav,0.0
7cb2b0f2-5687-46d4-bdc6-20aa9d0a9648,coughvid_data/7cb2b0f2-5687-46d4-bdc6-20aa9d0a9648.wav,coughvid_data/7cb2b0f2-5687-46d4-bdc6-20aa9d0a9648.wav,0.0
1a9b03f7-fee4-4482-87b4-29745e62d8b7,coughvid_data/1a9b03f7-fee4-4482-87b4-29745e62d8b7.wav,coughvid_data/1a9b03f7-fee4-4482-87b4-29745e62d8b7.wav,0.0
b1c123de-84db-4732-b8e0-f68a4f06a478,coughvid_data/b1c123de-84db-4732-b8e0-f68a4f06a478.wav,coughvid_data/b1c123de-84db-4732-b8e0-f68a4f06a478.wav,1.0
a63369f7-032c-4b39-b584-340638199652,coughvid_data/a63369f7-032c-4b39-b584-340638199652.wav,coughvid_data/a63369f7-032c-4b39-b584-340638199652.wav,0.0
5375c8b3-25a2-4333-8a41-c85ff48cab17,coughvid_data/5375c8b3-25a2-4333-8a41-c85ff48cab17.wav,coughvid_data/5375c8b3-25a2-4333-8a41-c85ff48cab17.wav,1.0
4650bf82-e6fb-4755-89b7-b2144e81b63b,coughvid_data/4650bf82-e6fb-4755-89b7-b2144e81b63b.wav,coughvid_data/4650bf82-e6fb-4755-89b7-b2144e81b63b.wav,0.0
800a4eec-8e56-45f2-8bd4-5e9b53b9d39c,coughvid_data/800a4eec-8e56-45f2-8bd4-5e9b53b9d39c.wav,coughvid_data/800a4eec-8e56-45f2-8bd4-5e9b53b9d39c.wav,0.0
d691cf54-61af-4e88-8685-dc77d65385bf,coughvid_data/d691cf54-61af-4e88-8685-dc77d65385bf.wav,coughvid_data/d691cf54-61af-4e88-8685-dc77d65385bf.wav,0.0
18aaff99-dfc5-4058-9dff-63e0f5b4078d,coughvid_data/18aaff99-dfc5-4058-9dff-63e0f5b4078d.wav,coughvid_data/18aaff99-dfc5-4058-9dff-63e0f5b4078d.wav,0.0
2c67ed7f-90c4-4e76-9bf2-61d23073a841,coughvid_data/2c67ed7f-90c4-4e76-9bf2-61d23073a841.wav,coughvid_data/2c67ed7f-90c4-4e76-9bf2-61d23073a841.wav,1.0
49064a01-6e0f-45bd-8b1d-853438414e93,coughvid_data/49064a01-6e0f-45bd-8b1d-853438414e93.wav,coughvid_data/49064a01-6e0f-45bd-8b1d-853438414e93.wav,1.0
33b72d50-2a23-4be3-a4fe-d96ff607e5ea,coughvid_data/33b72d50-2a23-4be3-a4fe-d96ff607e5ea.wav,coughvid_data/33b72d50-2a23-4be3-a4fe-d96ff607e5ea.wav,1.0
9333c624-ef59-44f6-9643-fa9b2485c173,coughvid_data/9333c624-ef59-44f6-9643-fa9b2485c173.wav,coughvid_data/9333c624-ef59-44f6-9643-fa9b2485c173.wav,1.0
43a0b9b1-c787-4113-b5e3-9e61a31fc85b,coughvid_data/43a0b9b1-c787-4113-b5e3-9e61a31fc85b.wav,coughvid_data/43a0b9b1-c787-4113-b5e3-9e61a31fc85b.wav,1.0
563a6cd6-55b0-4895-af02-87de034ae948,coughvid_data/563a6cd6-55b0-4895-af02-87de034ae948.wav,coughvid_data/563a6cd6-55b0-4895-af02-87de034ae948.wav,1.0
f3fd464e-a95c-4588-96d9-4fc705821a75,coughvid_data/f3fd464e-a95c-4588-96d9-4fc705821a75.wav,coughvid_data/f3fd464e-a95c-4588-96d9-4fc705821a75.wav,1.0
1c36d6f7-0726-405f-b580-0c74edb70bdb,coughvid_data/1c36d6f7-0726-405f-b580-0c74edb70bdb.wav,coughvid_data/1c36d6f7-0726-405f-b580-0c74edb70bdb.wav,1.0
20d4848f-9d15-431a-8dac-5f7ee2a8de01,coughvid_data/20d4848f-9d15-431a-8dac-5f7ee2a8de01.wav,coughvid_data/20d4848f-9d15-431a-8dac-5f7ee2a8de01.wav,0.0
cfd3865f-18ec-4881-9487-d618672b80ff,coughvid_data/cfd3865f-18ec-4881-9487-d618672b80ff.wav,coughvid_data/cfd3865f-18ec-4881-9487-d618672b80ff.wav,1.0
5b32c2c2-fb33-47e7-93da-86968876ce02,coughvid_data/5b32c2c2-fb33-47e7-93da-86968876ce02.wav,coughvid_data/5b32c2c2-fb33-47e7-93da-86968876ce02.wav,1.0
ee6cda53-7f43-4eda-9d67-f356e7c76c8c,coughvid_data/ee6cda53-7f43-4eda-9d67-f356e7c76c8c.wav,coughvid_data/ee6cda53-7f43-4eda-9d67-f356e7c76c8c.wav,1.0
618de21e-2b05-4255-89aa-9e72ca7ed9b1,coughvid_data/618de21e-2b05-4255-89aa-9e72ca7ed9b1.wav,coughvid_data/618de21e-2b05-4255-89aa-9e72ca7ed9b1.wav,0.0
817ae65f-6360-4395-82ce-8ad0fc2576aa,coughvid_data/817ae65f-6360-4395-82ce-8ad0fc2576aa.wav,coughvid_data/817ae65f-6360-4395-82ce-8ad0fc2576aa.wav,1.0
510640bb-d6db-483f-a754-c5fa1eaaa388,coughvid_data/510640bb-d6db-483f-a754-c5fa1eaaa388.wav,coughvid_data/510640bb-d6db-483f-a754-c5fa1eaaa388.wav,1.0
9aa2c3de-a9c2-4109-99bc-437b01b1f748,coughvid_data/9aa2c3de-a9c2-4109-99bc-437b01b1f748.wav,coughvid_data/9aa2c3de-a9c2-4109-99bc-437b01b1f748.wav,1.0
3f9a82e6-93b5-4d80-b8ae-09d36929d437,coughvid_data/3f9a82e6-93b5-4d80-b8ae-09d36929d437.wav,coughvid_data/3f9a82e6-93b5-4d80-b8ae-09d36929d437.wav,1.0
13b5db2a-513e-4927-a178-db36ced3cfeb,coughvid_data/13b5db2a-513e-4927-a178-db36ced3cfeb.wav,coughvid_data/13b5db2a-513e-4927-a178-db36ced3cfeb.wav,1.0
b1f918a4-c7ca-446f-bb3e-1ad6068998f6,coughvid_data/b1f918a4-c7ca-446f-bb3e-1ad6068998f6.wav,coughvid_data/b1f918a4-c7ca-446f-bb3e-1ad6068998f6.wav,0.0
636c468c-d6db-4a7d-8e0e-31c7f68baa49,coughvid_data/636c468c-d6db-4a7d-8e0e-31c7f68baa49.wav,coughvid_data/636c468c-d6db-4a7d-8e0e-31c7f68baa49.wav,1.0
4ee73081-f0af-4e85-b4a1-b1292ae37f28,coughvid_data/4ee73081-f0af-4e85-b4a1-b1292ae37f28.wav,coughvid_data/4ee73081-f0af-4e85-b4a1-b1292ae37f28.wav,1.0
ec83e7ba-91a6-46c7-aabd-dac5597761bb,coughvid_data/ec83e7ba-91a6-46c7-aabd-dac5597761bb.wav,coughvid_data/ec83e7ba-91a6-46c7-aabd-dac5597761bb.wav,1.0
d428a7ad-246d-4f9a-9694-02c0c067d2b8,coughvid_data/d428a7ad-246d-4f9a-9694-02c0c067d2b8.wav,coughvid_data/d428a7ad-246d-4f9a-9694-02c0c067d2b8.wav,1.0
9c7d9872-b1f0-4b57-8530-7b5ce11b08af,coughvid_data/9c7d9872-b1f0-4b57-8530-7b5ce11b08af.wav,coughvid_data/9c7d9872-b1f0-4b57-8530-7b5ce11b08af.wav,1.0
1066c253-4847-4aa0-bed6-375e931a14c6,coughvid_data/1066c253-4847-4aa0-bed6-375e931a14c6.wav,coughvid_data/1066c253-4847-4aa0-bed6-375e931a14c6.wav,0.0
801cb6c6-67e8-4407-b2df-5eb901af121a,coughvid_data/801cb6c6-67e8-4407-b2df-5eb901af121a.wav,coughvid_data/801cb6c6-67e8-4407-b2df-5eb901af121a.wav,0.0
6e29a18f-97b6-4304-872a-9226eeb3340a,coughvid_data/6e29a18f-97b6-4304-872a-9226eeb3340a.wav,coughvid_data/6e29a18f-97b6-4304-872a-9226eeb3340a.wav,1.0
47a032d2-4bae-4755-a447-bb188d9e09e3,coughvid_data/47a032d2-4bae-4755-a447-bb188d9e09e3.wav,coughvid_data/47a032d2-4bae-4755-a447-bb188d9e09e3.wav,0.0
3207c0ba-506d-4e8f-b468-aa6930aff525,coughvid_data/3207c0ba-506d-4e8f-b468-aa6930aff525.wav,coughvid_data/3207c0ba-506d-4e8f-b468-aa6930aff525.wav,1.0
f108002b-2efd-4c09-abb2-81cc71d60648,coughvid_data/f108002b-2efd-4c09-abb2-81cc71d60648.wav,coughvid_data/f108002b-2efd-4c09-abb2-81cc71d60648.wav,0.0
556041e8-429b-45c4-8de4-0464e4b316e3,coughvid_data/556041e8-429b-45c4-8de4-0464e4b316e3.wav,coughvid_data/556041e8-429b-45c4-8de4-0464e4b316e3.wav,1.0
20bfd5f3-ede4-410c-b6d4-657dce41ca1e,coughvid_data/20bfd5f3-ede4-410c-b6d4-657dce41ca1e.wav,coughvid_data/20bfd5f3-ede4-410c-b6d4-657dce41ca1e.wav,1.0
c7e58fe2-2e65-4d6b-a077-b3223d4cf532,coughvid_data/c7e58fe2-2e65-4d6b-a077-b3223d4cf532.wav,coughvid_data/c7e58fe2-2e65-4d6b-a077-b3223d4cf532.wav,0.0
ee3f54ed-c1f7-4d21-ac1b-71d3e4a894e6,coughvid_data/ee3f54ed-c1f7-4d21-ac1b-71d3e4a894e6.wav,coughvid_data/ee3f54ed-c1f7-4d21-ac1b-71d3e4a894e6.wav,1.0
89c02625-2a7c-4518-9fd5-914c11541027,coughvid_data/89c02625-2a7c-4518-9fd5-914c11541027.wav,coughvid_data/89c02625-2a7c-4518-9fd5-914c11541027.wav,1.0
ae01b179-8664-442a-a5f5-da47e0b3c5ff,coughvid_data/ae01b179-8664-442a-a5f5-da47e0b3c5ff.wav,coughvid_data/ae01b179-8664-442a-a5f5-da47e0b3c5ff.wav,1.0
7ddf0811-1a18-4e03-9e17-a26adce43dd3,coughvid_data/7ddf0811-1a18-4e03-9e17-a26adce43dd3.wav,coughvid_data/7ddf0811-1a18-4e03-9e17-a26adce43dd3.wav,1.0
e22f80eb-5fa3-4a1a-9f58-8d9c56d88fae,coughvid_data/e22f80eb-5fa3-4a1a-9f58-8d9c56d88fae.wav,coughvid_data/e22f80eb-5fa3-4a1a-9f58-8d9c56d88fae.wav,1.0
c0c58d16-7a5f-432c-a82a-ce0791f4e536,coughvid_data/c0c58d16-7a5f-432c-a82a-ce0791f4e536.wav,coughvid_data/c0c58d16-7a5f-432c-a82a-ce0791f4e536.wav,1.0
50d37b44-32a6-4c5d-8eaf-c1373f8210d9,coughvid_data/50d37b44-32a6-4c5d-8eaf-c1373f8210d9.wav,coughvid_data/50d37b44-32a6-4c5d-8eaf-c1373f8210d9.wav,0.0
b33b83fa-1162-41f1-baf3-6f9405599d3a,coughvid_data/b33b83fa-1162-41f1-baf3-6f9405599d3a.wav,coughvid_data/b33b83fa-1162-41f1-baf3-6f9405599d3a.wav,0.0
89590250-a40a-4096-910a-ddced157c199,coughvid_data/89590250-a40a-4096-910a-ddced157c199.wav,coughvid_data/89590250-a40a-4096-910a-ddced157c199.wav,0.0
18569781-c087-447a-993e-c68ff1a58a04,coughvid_data/18569781-c087-447a-993e-c68ff1a58a04.wav,coughvid_data/18569781-c087-447a-993e-c68ff1a58a04.wav,1.0
42efef6f-b823-4fd8-9079-e9e89732924c,coughvid_data/42efef6f-b823-4fd8-9079-e9e89732924c.wav,coughvid_data/42efef6f-b823-4fd8-9079-e9e89732924c.wav,0.0
dcde1965-12d0-4975-9b67-a633f73aca24,coughvid_data/dcde1965-12d0-4975-9b67-a633f73aca24.wav,coughvid_data/dcde1965-12d0-4975-9b67-a633f73aca24.wav,1.0
287ff872-2cd8-441b-ac68-8edd42a5d780,coughvid_data/287ff872-2cd8-441b-ac68-8edd42a5d780.wav,coughvid_data/287ff872-2cd8-441b-ac68-8edd42a5d780.wav,0.0
c1fe6680-e793-4edc-ab9f-3eab4be369f2,coughvid_data/c1fe6680-e793-4edc-ab9f-3eab4be369f2.wav,coughvid_data/c1fe6680-e793-4edc-ab9f-3eab4be369f2.wav,1.0
ae7ee0f8-d516-451d-b7a8-b855b638d74e,coughvid_data/ae7ee0f8-d516-451d-b7a8-b855b638d74e.wav,coughvid_data/ae7ee0f8-d516-451d-b7a8-b855b638d74e.wav,1.0
ff5bc9f2-f79d-4edf-bb0e-4783590d307a,coughvid_data/ff5bc9f2-f79d-4edf-bb0e-4783590d307a.wav,coughvid_data/ff5bc9f2-f79d-4edf-bb0e-4783590d307a.wav,1.0
fa0fdd92-d307-4c81-bdc3-639d43a4604d,coughvid_data/fa0fdd92-d307-4c81-bdc3-639d43a4604d.wav,coughvid_data/fa0fdd92-d307-4c81-bdc3-639d43a4604d.wav,0.0
d66679c6-dc6a-4b87-ba07-15d847757ea2,coughvid_data/d66679c6-dc6a-4b87-ba07-15d847757ea2.wav,coughvid_data/d66679c6-dc6a-4b87-ba07-15d847757ea2.wav,0.0
f07af84a-1580-486b-bf02-534eb8e71bc5,coughvid_data/f07af84a-1580-486b-bf02-534eb8e71bc5.wav,coughvid_data/f07af84a-1580-486b-bf02-534eb8e71bc5.wav,1.0
3c6c78e1-37b4-4ccd-b74f-90e69d03aa7b,coughvid_data/3c6c78e1-37b4-4ccd-b74f-90e69d03aa7b.wav,coughvid_data/3c6c78e1-37b4-4ccd-b74f-90e69d03aa7b.wav,1.0
a377899a-cc85-40ad-95f6-8be0345326e5,coughvid_data/a377899a-cc85-40ad-95f6-8be0345326e5.wav,coughvid_data/a377899a-cc85-40ad-95f6-8be0345326e5.wav,0.0
091e8ac0-1cab-4853-8662-4a127c2f4b64,coughvid_data/091e8ac0-1cab-4853-8662-4a127c2f4b64.wav,coughvid_data/091e8ac0-1cab-4853-8662-4a127c2f4b64.wav,1.0
acaf47a6-3443-43d1-bc89-aad22a5bde42,coughvid_data/acaf47a6-3443-43d1-bc89-aad22a5bde42.wav,coughvid_data/acaf47a6-3443-43d1-bc89-aad22a5bde42.wav,0.0
961b3b0c-3613-4ff8-9e8a-7ef6de75f900,coughvid_data/961b3b0c-3613-4ff8-9e8a-7ef6de75f900.wav,coughvid_data/961b3b0c-3613-4ff8-9e8a-7ef6de75f900.wav,0.0
78dd1905-47b1-49b6-93cb-b8df43324f95,coughvid_data/78dd1905-47b1-49b6-93cb-b8df43324f95.wav,coughvid_data/78dd1905-47b1-49b6-93cb-b8df43324f95.wav,0.0
b0d3b2f1-8861-478a-8063-98e0d4940a95,coughvid_data/b0d3b2f1-8861-478a-8063-98e0d4940a95.wav,coughvid_data/b0d3b2f1-8861-478a-8063-98e0d4940a95.wav,1.0
908f3604-d07c-44fd-aafb-359e6c39bc76,coughvid_data/908f3604-d07c-44fd-aafb-359e6c39bc76.wav,coughvid_data/908f3604-d07c-44fd-aafb-359e6c39bc76.wav,0.0
6c06b6d7-c9a7-49bb-b2e6-699ce4a35fea,coughvid_data/6c06b6d7-c9a7-49bb-b2e6-699ce4a35fea.wav,coughvid_data/6c06b6d7-c9a7-49bb-b2e6-699ce4a35fea.wav,1.0
420ddd03-d309-401f-b9fd-a742dc3162ec,coughvid_data/420ddd03-d309-401f-b9fd-a742dc3162ec.wav,coughvid_data/420ddd03-d309-401f-b9fd-a742dc3162ec.wav,1.0
22fb6b33-13d9-41c7-94e3-a81cb24af19b,coughvid_data/22fb6b33-13d9-41c7-94e3-a81cb24af19b.wav,coughvid_data/22fb6b33-13d9-41c7-94e3-a81cb24af19b.wav,1.0
40b84e4d-9ff4-4b58-bf63-6427a2d101d4,coughvid_data/40b84e4d-9ff4-4b58-bf63-6427a2d101d4.wav,coughvid_data/40b84e4d-9ff4-4b58-bf63-6427a2d101d4.wav,0.0
d0e9561a-db91-45f4-8ce3-cc7609ee5e06,coughvid_data/d0e9561a-db91-45f4-8ce3-cc7609ee5e06.wav,coughvid_data/d0e9561a-db91-45f4-8ce3-cc7609ee5e06.wav,0.0
e5e3fa00-704c-47a9-9c4d-3d71737092f9,coughvid_data/e5e3fa00-704c-47a9-9c4d-3d71737092f9.wav,coughvid_data/e5e3fa00-704c-47a9-9c4d-3d71737092f9.wav,1.0
8669bf9c-f6b5-4e15-be65-433c0f004603,coughvid_data/8669bf9c-f6b5-4e15-be65-433c0f004603.wav,coughvid_data/8669bf9c-f6b5-4e15-be65-433c0f004603.wav,1.0
49aef958-5784-48b9-a35a-5088d3730a8a,coughvid_data/49aef958-5784-48b9-a35a-5088d3730a8a.wav,coughvid_data/49aef958-5784-48b9-a35a-5088d3730a8a.wav,1.0
bff11751-e143-4e5a-b70f-e4b748a6bf33,coughvid_data/bff11751-e143-4e5a-b70f-e4b748a6bf33.wav,coughvid_data/bff11751-e143-4e5a-b70f-e4b748a6bf33.wav,1.0
351deec0-1af9-4a2b-af97-3831f8212033,coughvid_data/351deec0-1af9-4a2b-af97-3831f8212033.wav,coughvid_data/351deec0-1af9-4a2b-af97-3831f8212033.wav,0.0
78637ec8-6570-4b6a-b8fd-a1610022c413,coughvid_data/78637ec8-6570-4b6a-b8fd-a1610022c413.wav,coughvid_data/78637ec8-6570-4b6a-b8fd-a1610022c413.wav,1.0
8678c836-be58-42eb-bd65-f8af8de07147,coughvid_data/8678c836-be58-42eb-bd65-f8af8de07147.wav,coughvid_data/8678c836-be58-42eb-bd65-f8af8de07147.wav,0.0
e7cd521b-46d3-4ba8-b6ee-d0c35ea8e612,coughvid_data/e7cd521b-46d3-4ba8-b6ee-d0c35ea8e612.wav,coughvid_data/e7cd521b-46d3-4ba8-b6ee-d0c35ea8e612.wav,0.0
adaff9bb-1718-48b0-b376-2403b4603fa7,coughvid_data/adaff9bb-1718-48b0-b376-2403b4603fa7.wav,coughvid_data/adaff9bb-1718-48b0-b376-2403b4603fa7.wav,1.0
356ca0b2-925f-42b4-90ea-0174c8da8945,coughvid_data/356ca0b2-925f-42b4-90ea-0174c8da8945.wav,coughvid_data/356ca0b2-925f-42b4-90ea-0174c8da8945.wav,0.0
37f1d0c3-c75a-4942-9ed0-4b7cd99bca55,coughvid_data/37f1d0c3-c75a-4942-9ed0-4b7cd99bca55.wav,coughvid_data/37f1d0c3-c75a-4942-9ed0-4b7cd99bca55.wav,1.0
49a81c8e-bc87-4994-b30d-f0abf5a6df6f,coughvid_data/49a81c8e-bc87-4994-b30d-f0abf5a6df6f.wav,coughvid_data/49a81c8e-bc87-4994-b30d-f0abf5a6df6f.wav,0.0
a6bfc275-765a-40d8-a757-45cab27a76ac,coughvid_data/a6bfc275-765a-40d8-a757-45cab27a76ac.wav,coughvid_data/a6bfc275-765a-40d8-a757-45cab27a76ac.wav,1.0
33b22432-e9a6-4f9d-88d4-ab1d1d9ba2ff,coughvid_data/33b22432-e9a6-4f9d-88d4-ab1d1d9ba2ff.wav,coughvid_data/33b22432-e9a6-4f9d-88d4-ab1d1d9ba2ff.wav,0.0
38e7eda7-5692-4fd5-9c0b-d28c199d2816,coughvid_data/38e7eda7-5692-4fd5-9c0b-d28c199d2816.wav,coughvid_data/38e7eda7-5692-4fd5-9c0b-d28c199d2816.wav,0.0
cf525b6e-8f92-4a2f-9011-24a215929cba,coughvid_data/cf525b6e-8f92-4a2f-9011-24a215929cba.wav,coughvid_data/cf525b6e-8f92-4a2f-9011-24a215929cba.wav,0.0
13355608-b728-4ec4-a616-c4169823798d,coughvid_data/13355608-b728-4ec4-a616-c4169823798d.wav,coughvid_data/13355608-b728-4ec4-a616-c4169823798d.wav,0.0
d85d1969-896c-47ba-9f9b-540e97f922c6,coughvid_data/d85d1969-896c-47ba-9f9b-540e97f922c6.wav,coughvid_data/d85d1969-896c-47ba-9f9b-540e97f922c6.wav,0.0
9e20268b-aa15-442c-ad55-bfa75673b012,coughvid_data/9e20268b-aa15-442c-ad55-bfa75673b012.wav,coughvid_data/9e20268b-aa15-442c-ad55-bfa75673b012.wav,1.0
09f62546-91df-4af3-98bb-cca1df3e8e29,coughvid_data/09f62546-91df-4af3-98bb-cca1df3e8e29.wav,coughvid_data/09f62546-91df-4af3-98bb-cca1df3e8e29.wav,0.0
c85c3f71-6662-4bff-afdd-554395ff8bf7,coughvid_data/c85c3f71-6662-4bff-afdd-554395ff8bf7.wav,coughvid_data/c85c3f71-6662-4bff-afdd-554395ff8bf7.wav,1.0
7c2bd90e-1a6c-4fd9-a9aa-1ced7b00e629,coughvid_data/7c2bd90e-1a6c-4fd9-a9aa-1ced7b00e629.wav,coughvid_data/7c2bd90e-1a6c-4fd9-a9aa-1ced7b00e629.wav,1.0
e5b02b14-2afb-4b71-854b-b7633497e237,coughvid_data/e5b02b14-2afb-4b71-854b-b7633497e237.wav,coughvid_data/e5b02b14-2afb-4b71-854b-b7633497e237.wav,0.0
cb129db6-ba97-48b5-9b70-23885295954a,coughvid_data/cb129db6-ba97-48b5-9b70-23885295954a.wav,coughvid_data/cb129db6-ba97-48b5-9b70-23885295954a.wav,1.0
22ca815b-3174-40b3-adb9-310cdba33149,coughvid_data/22ca815b-3174-40b3-adb9-310cdba33149.wav,coughvid_data/22ca815b-3174-40b3-adb9-310cdba33149.wav,1.0
8aee4c0f-fefc-4b60-8cc3-4067a30a121e,coughvid_data/8aee4c0f-fefc-4b60-8cc3-4067a30a121e.wav,coughvid_data/8aee4c0f-fefc-4b60-8cc3-4067a30a121e.wav,1.0
60c3afcc-fe9b-4d91-b713-0ab357d5c825,coughvid_data/60c3afcc-fe9b-4d91-b713-0ab357d5c825.wav,coughvid_data/60c3afcc-fe9b-4d91-b713-0ab357d5c825.wav,1.0
ffbc6bfc-bd8f-4d65-97a7-638d69f42205,coughvid_data/ffbc6bfc-bd8f-4d65-97a7-638d69f42205.wav,coughvid_data/ffbc6bfc-bd8f-4d65-97a7-638d69f42205.wav,1.0
5dee6b97-ea3b-4810-adf7-b90a93a96f88,coughvid_data/5dee6b97-ea3b-4810-adf7-b90a93a96f88.wav,coughvid_data/5dee6b97-ea3b-4810-adf7-b90a93a96f88.wav,0.0
32e1925f-a753-41ec-884f-13141b0f28bd,coughvid_data/32e1925f-a753-41ec-884f-13141b0f28bd.wav,coughvid_data/32e1925f-a753-41ec-884f-13141b0f28bd.wav,1.0
3fc38a59-a001-43fc-8453-c889c32d2530,coughvid_data/3fc38a59-a001-43fc-8453-c889c32d2530.wav,coughvid_data/3fc38a59-a001-43fc-8453-c889c32d2530.wav,0.0
9b165dbb-4e05-4d6a-89ec-ec3710b11b58,coughvid_data/9b165dbb-4e05-4d6a-89ec-ec3710b11b58.wav,coughvid_data/9b165dbb-4e05-4d6a-89ec-ec3710b11b58.wav,1.0
7898ce79-d117-491d-af2a-63fdd33b3c17,coughvid_data/7898ce79-d117-491d-af2a-63fdd33b3c17.wav,coughvid_data/7898ce79-d117-491d-af2a-63fdd33b3c17.wav,0.0
36fd54ed-ac44-4491-b64f-1e813a84eea4,coughvid_data/36fd54ed-ac44-4491-b64f-1e813a84eea4.wav,coughvid_data/36fd54ed-ac44-4491-b64f-1e813a84eea4.wav,0.0
0aa72afa-cc54-4096-bc26-2a9e9cad184c,coughvid_data/0aa72afa-cc54-4096-bc26-2a9e9cad184c.wav,coughvid_data/0aa72afa-cc54-4096-bc26-2a9e9cad184c.wav,1.0
f1568c82-038a-4888-aa49-8de81a999075,coughvid_data/f1568c82-038a-4888-aa49-8de81a999075.wav,coughvid_data/f1568c82-038a-4888-aa49-8de81a999075.wav,0.0
8d33620a-f041-4c6c-b55d-78c1ac9eb8e5,coughvid_data/8d33620a-f041-4c6c-b55d-78c1ac9eb8e5.wav,coughvid_data/8d33620a-f041-4c6c-b55d-78c1ac9eb8e5.wav,1.0
864f7e0f-962b-4d3c-af39-b9edb1258ad1,coughvid_data/864f7e0f-962b-4d3c-af39-b9edb1258ad1.wav,coughvid_data/864f7e0f-962b-4d3c-af39-b9edb1258ad1.wav,0.0
f19ee976-27fc-413b-9c85-3b3815b61ff4,coughvid_data/f19ee976-27fc-413b-9c85-3b3815b61ff4.wav,coughvid_data/f19ee976-27fc-413b-9c85-3b3815b61ff4.wav,1.0
e32b0a7a-a960-485b-a8c7-2e41b5408a5d,coughvid_data/e32b0a7a-a960-485b-a8c7-2e41b5408a5d.wav,coughvid_data/e32b0a7a-a960-485b-a8c7-2e41b5408a5d.wav,1.0
4515c3d6-4bf2-4597-a563-afcb54a72099,coughvid_data/4515c3d6-4bf2-4597-a563-afcb54a72099.wav,coughvid_data/4515c3d6-4bf2-4597-a563-afcb54a72099.wav,1.0
3c6797d2-bfbe-47eb-b92b-28a96dc145ac,coughvid_data/3c6797d2-bfbe-47eb-b92b-28a96dc145ac.wav,coughvid_data/3c6797d2-bfbe-47eb-b92b-28a96dc145ac.wav,1.0
a1a8ec0f-7c48-4b6e-87d4-9a33a99df8a4,coughvid_data/a1a8ec0f-7c48-4b6e-87d4-9a33a99df8a4.wav,coughvid_data/a1a8ec0f-7c48-4b6e-87d4-9a33a99df8a4.wav,0.0
a2ae6c67-9ab7-4d42-b4c5-e04d890493b2,coughvid_data/a2ae6c67-9ab7-4d42-b4c5-e04d890493b2.wav,coughvid_data/a2ae6c67-9ab7-4d42-b4c5-e04d890493b2.wav,1.0
0e5f3e6b-78a7-4b58-96ca-d76482ad47dd,coughvid_data/0e5f3e6b-78a7-4b58-96ca-d76482ad47dd.wav,coughvid_data/0e5f3e6b-78a7-4b58-96ca-d76482ad47dd.wav,1.0
0e349358-dce5-4b99-9abd-8eacbd8b5cb4,coughvid_data/0e349358-dce5-4b99-9abd-8eacbd8b5cb4.wav,coughvid_data/0e349358-dce5-4b99-9abd-8eacbd8b5cb4.wav,1.0
9d19350e-c916-4b6f-ac7e-d3ad3219b79b,coughvid_data/9d19350e-c916-4b6f-ac7e-d3ad3219b79b.wav,coughvid_data/9d19350e-c916-4b6f-ac7e-d3ad3219b79b.wav,0.0
bf492852-bbc8-4145-811e-dc004c9cb042,coughvid_data/bf492852-bbc8-4145-811e-dc004c9cb042.wav,coughvid_data/bf492852-bbc8-4145-811e-dc004c9cb042.wav,1.0
ff311253-b981-414b-ab3a-98a5104c6e33,coughvid_data/ff311253-b981-414b-ab3a-98a5104c6e33.wav,coughvid_data/ff311253-b981-414b-ab3a-98a5104c6e33.wav,1.0
6c57d6cf-e2f6-4ddb-b5e5-2df10625f65c,coughvid_data/6c57d6cf-e2f6-4ddb-b5e5-2df10625f65c.wav,coughvid_data/6c57d6cf-e2f6-4ddb-b5e5-2df10625f65c.wav,0.0
a4e505f9-5e8e-44e1-be5b-c29e199df7cf,coughvid_data/a4e505f9-5e8e-44e1-be5b-c29e199df7cf.wav,coughvid_data/a4e505f9-5e8e-44e1-be5b-c29e199df7cf.wav,1.0
819d0091-7124-4766-9a96-6e26a2df483d,coughvid_data/819d0091-7124-4766-9a96-6e26a2df483d.wav,coughvid_data/819d0091-7124-4766-9a96-6e26a2df483d.wav,0.0
d2a1d17b-64db-4393-a312-63b92ef37bda,coughvid_data/d2a1d17b-64db-4393-a312-63b92ef37bda.wav,coughvid_data/d2a1d17b-64db-4393-a312-63b92ef37bda.wav,1.0
13fd2781-a5f0-4e46-b9aa-20ecd95d89ea,coughvid_data/13fd2781-a5f0-4e46-b9aa-20ecd95d89ea.wav,coughvid_data/13fd2781-a5f0-4e46-b9aa-20ecd95d89ea.wav,1.0
6433ff0d-5cb4-4866-b943-4363904f9d59,coughvid_data/6433ff0d-5cb4-4866-b943-4363904f9d59.wav,coughvid_data/6433ff0d-5cb4-4866-b943-4363904f9d59.wav,0.0
a965cdc1-2de2-4325-b8b4-7a6f1066f13d,coughvid_data/a965cdc1-2de2-4325-b8b4-7a6f1066f13d.wav,coughvid_data/a965cdc1-2de2-4325-b8b4-7a6f1066f13d.wav,0.0
25191b30-3de7-4a6c-9074-9876156a0c0a,coughvid_data/25191b30-3de7-4a6c-9074-9876156a0c0a.wav,coughvid_data/25191b30-3de7-4a6c-9074-9876156a0c0a.wav,1.0
791f99f2-881b-49a8-9ccc-d95ea7e3c183,coughvid_data/791f99f2-881b-49a8-9ccc-d95ea7e3c183.wav,coughvid_data/791f99f2-881b-49a8-9ccc-d95ea7e3c183.wav,0.0
7aab1d7e-bd8d-4c7e-9e84-3d40ed59671a,coughvid_data/7aab1d7e-bd8d-4c7e-9e84-3d40ed59671a.wav,coughvid_data/7aab1d7e-bd8d-4c7e-9e84-3d40ed59671a.wav,0.0
084f6ab1-5c65-4524-a8e0-1d68395f0f2e,coughvid_data/084f6ab1-5c65-4524-a8e0-1d68395f0f2e.wav,coughvid_data/084f6ab1-5c65-4524-a8e0-1d68395f0f2e.wav,1.0
45227c2c-b57f-4b73-8525-1cc3d54f9a1a,coughvid_data/45227c2c-b57f-4b73-8525-1cc3d54f9a1a.wav,coughvid_data/45227c2c-b57f-4b73-8525-1cc3d54f9a1a.wav,0.0
de637360-5153-409d-8b7c-1aaa47fef1f0,coughvid_data/de637360-5153-409d-8b7c-1aaa47fef1f0.wav,coughvid_data/de637360-5153-409d-8b7c-1aaa47fef1f0.wav,1.0
28debc78-a606-4ca0-8b8d-e19a78face45,coughvid_data/28debc78-a606-4ca0-8b8d-e19a78face45.wav,coughvid_data/28debc78-a606-4ca0-8b8d-e19a78face45.wav,0.0
8f5dc9ed-a588-4503-9bb3-dc86572d7d38,coughvid_data/8f5dc9ed-a588-4503-9bb3-dc86572d7d38.wav,coughvid_data/8f5dc9ed-a588-4503-9bb3-dc86572d7d38.wav,0.0
b750b4b4-e331-456f-80e0-599629df4394,coughvid_data/b750b4b4-e331-456f-80e0-599629df4394.wav,coughvid_data/b750b4b4-e331-456f-80e0-599629df4394.wav,0.0
e33b7aa1-7711-45a4-b398-936478da4e71,coughvid_data/e33b7aa1-7711-45a4-b398-936478da4e71.wav,coughvid_data/e33b7aa1-7711-45a4-b398-936478da4e71.wav,1.0
b10b57fe-78cf-4855-a82e-8a8d74875182,coughvid_data/b10b57fe-78cf-4855-a82e-8a8d74875182.wav,coughvid_data/b10b57fe-78cf-4855-a82e-8a8d74875182.wav,1.0
18dbe9a9-d725-46ff-b661-761fdc3a4a11,coughvid_data/18dbe9a9-d725-46ff-b661-761fdc3a4a11.wav,coughvid_data/18dbe9a9-d725-46ff-b661-761fdc3a4a11.wav,1.0
c53a88c1-1c31-4abc-8e86-af02e1e8e97f,coughvid_data/c53a88c1-1c31-4abc-8e86-af02e1e8e97f.wav,coughvid_data/c53a88c1-1c31-4abc-8e86-af02e1e8e97f.wav,0.0
45d24393-bddf-4ff8-b446-cc5efd53c958,coughvid_data/45d24393-bddf-4ff8-b446-cc5efd53c958.wav,coughvid_data/45d24393-bddf-4ff8-b446-cc5efd53c958.wav,0.0
a623258b-dda4-44e8-bdbb-4e4965d1c0c3,coughvid_data/a623258b-dda4-44e8-bdbb-4e4965d1c0c3.wav,coughvid_data/a623258b-dda4-44e8-bdbb-4e4965d1c0c3.wav,1.0
5ae1f63f-74d4-4974-a75c-2edc3c653e62,coughvid_data/5ae1f63f-74d4-4974-a75c-2edc3c653e62.wav,coughvid_data/5ae1f63f-74d4-4974-a75c-2edc3c653e62.wav,1.0
5831d960-5170-4dfd-91db-2ee39d13fde0,coughvid_data/5831d960-5170-4dfd-91db-2ee39d13fde0.wav,coughvid_data/5831d960-5170-4dfd-91db-2ee39d13fde0.wav,1.0
44743457-ce05-45a3-a288-7bcff7cf3b28,coughvid_data/44743457-ce05-45a3-a288-7bcff7cf3b28.wav,coughvid_data/44743457-ce05-45a3-a288-7bcff7cf3b28.wav,0.0
7225d503-ac31-43c7-a578-22a89dd4a898,coughvid_data/7225d503-ac31-43c7-a578-22a89dd4a898.wav,coughvid_data/7225d503-ac31-43c7-a578-22a89dd4a898.wav,1.0
72a0a65b-0e45-4910-82bd-e21c617ec626,coughvid_data/72a0a65b-0e45-4910-82bd-e21c617ec626.wav,coughvid_data/72a0a65b-0e45-4910-82bd-e21c617ec626.wav,1.0
7005f595-67d6-4620-9ff1-69b781d7b8cd,coughvid_data/7005f595-67d6-4620-9ff1-69b781d7b8cd.wav,coughvid_data/7005f595-67d6-4620-9ff1-69b781d7b8cd.wav,0.0
e3f80c40-a385-40b0-9ca9-972802b77047,coughvid_data/e3f80c40-a385-40b0-9ca9-972802b77047.wav,coughvid_data/e3f80c40-a385-40b0-9ca9-972802b77047.wav,1.0
93164138-85cf-461d-b61a-ba5c05a32e21,coughvid_data/93164138-85cf-461d-b61a-ba5c05a32e21.wav,coughvid_data/93164138-85cf-461d-b61a-ba5c05a32e21.wav,1.0
f34d8c41-041b-496d-b68b-38c4b52579dc,coughvid_data/f34d8c41-041b-496d-b68b-38c4b52579dc.wav,coughvid_data/f34d8c41-041b-496d-b68b-38c4b52579dc.wav,1.0
d5361b23-8490-4fd6-9e98-5b4e572e0a5a,coughvid_data/d5361b23-8490-4fd6-9e98-5b4e572e0a5a.wav,coughvid_data/d5361b23-8490-4fd6-9e98-5b4e572e0a5a.wav,0.0
6b38245f-2a19-4c2e-979c-3c693471fd68,coughvid_data/6b38245f-2a19-4c2e-979c-3c693471fd68.wav,coughvid_data/6b38245f-2a19-4c2e-979c-3c693471fd68.wav,1.0
7c73c0c1-2277-4064-a497-ed8031da25df,coughvid_data/7c73c0c1-2277-4064-a497-ed8031da25df.wav,coughvid_data/7c73c0c1-2277-4064-a497-ed8031da25df.wav,0.0
ab77c2d6-edf7-4368-8cb1-5d8f1b928cef,coughvid_data/ab77c2d6-edf7-4368-8cb1-5d8f1b928cef.wav,coughvid_data/ab77c2d6-edf7-4368-8cb1-5d8f1b928cef.wav,1.0
e4bb3e2b-5e0d-4e21-b519-49be033e0975,coughvid_data/e4bb3e2b-5e0d-4e21-b519-49be033e0975.wav,coughvid_data/e4bb3e2b-5e0d-4e21-b519-49be033e0975.wav,1.0
a8ec3437-2c8f-4d6e-8e23-802b444d6d98,coughvid_data/a8ec3437-2c8f-4d6e-8e23-802b444d6d98.wav,coughvid_data/a8ec3437-2c8f-4d6e-8e23-802b444d6d98.wav,1.0
b4871930-97eb-4d49-9658-ab1ba33af546,coughvid_data/b4871930-97eb-4d49-9658-ab1ba33af546.wav,coughvid_data/b4871930-97eb-4d49-9658-ab1ba33af546.wav,0.0
6e58ca15-395c-4978-b4e6-0cd192a211c9,coughvid_data/6e58ca15-395c-4978-b4e6-0cd192a211c9.wav,coughvid_data/6e58ca15-395c-4978-b4e6-0cd192a211c9.wav,0.0
6cd71899-f79f-4132-a01e-05de7e77ee7c,coughvid_data/6cd71899-f79f-4132-a01e-05de7e77ee7c.wav,coughvid_data/6cd71899-f79f-4132-a01e-05de7e77ee7c.wav,0.0
31d2725d-7490-46c1-8f03-ec6241bfe273,coughvid_data/31d2725d-7490-46c1-8f03-ec6241bfe273.wav,coughvid_data/31d2725d-7490-46c1-8f03-ec6241bfe273.wav,0.0
f7942993-3cc4-46ed-bc66-2a643f2eb4f5,coughvid_data/f7942993-3cc4-46ed-bc66-2a643f2eb4f5.wav,coughvid_data/f7942993-3cc4-46ed-bc66-2a643f2eb4f5.wav,0.0
0b467189-37bc-488a-bf88-43611762fea8,coughvid_data/0b467189-37bc-488a-bf88-43611762fea8.wav,coughvid_data/0b467189-37bc-488a-bf88-43611762fea8.wav,1.0
9a7a863e-5de7-452b-97f5-5b78c5e4b5b2,coughvid_data/9a7a863e-5de7-452b-97f5-5b78c5e4b5b2.wav,coughvid_data/9a7a863e-5de7-452b-97f5-5b78c5e4b5b2.wav,0.0
0321cdc2-3599-4e91-a36e-8b0a44b0f1cd,coughvid_data/0321cdc2-3599-4e91-a36e-8b0a44b0f1cd.wav,coughvid_data/0321cdc2-3599-4e91-a36e-8b0a44b0f1cd.wav,0.0
adc24bde-023b-457e-9be7-9fadbad0b155,coughvid_data/adc24bde-023b-457e-9be7-9fadbad0b155.wav,coughvid_data/adc24bde-023b-457e-9be7-9fadbad0b155.wav,1.0
760194db-a651-4a06-b7b8-bffd126364cf,coughvid_data/760194db-a651-4a06-b7b8-bffd126364cf.wav,coughvid_data/760194db-a651-4a06-b7b8-bffd126364cf.wav,1.0
843518d3-0426-4086-95b1-ddbe35535c95,coughvid_data/843518d3-0426-4086-95b1-ddbe35535c95.wav,coughvid_data/843518d3-0426-4086-95b1-ddbe35535c95.wav,0.0
e8d1faba-512c-4373-844a-e35e52d61a59,coughvid_data/e8d1faba-512c-4373-844a-e35e52d61a59.wav,coughvid_data/e8d1faba-512c-4373-844a-e35e52d61a59.wav,0.0
92bfada9-7b1c-4fcf-82d1-64ad74ad92a6,coughvid_data/92bfada9-7b1c-4fcf-82d1-64ad74ad92a6.wav,coughvid_data/92bfada9-7b1c-4fcf-82d1-64ad74ad92a6.wav,1.0
5ef9fa57-cf7d-4964-a001-05fd72063add,coughvid_data/5ef9fa57-cf7d-4964-a001-05fd72063add.wav,coughvid_data/5ef9fa57-cf7d-4964-a001-05fd72063add.wav,1.0
a23942c7-d9db-4f31-a123-382b84d85b23,coughvid_data/a23942c7-d9db-4f31-a123-382b84d85b23.wav,coughvid_data/a23942c7-d9db-4f31-a123-382b84d85b23.wav,0.0
7adb680d-3e41-459c-be3f-251bbdbf6315,coughvid_data/7adb680d-3e41-459c-be3f-251bbdbf6315.wav,coughvid_data/7adb680d-3e41-459c-be3f-251bbdbf6315.wav,0.0
f2aacb09-1320-413a-b4da-da6af7ed355d,coughvid_data/f2aacb09-1320-413a-b4da-da6af7ed355d.wav,coughvid_data/f2aacb09-1320-413a-b4da-da6af7ed355d.wav,0.0
d54fefaa-1926-4781-9630-0064c529bce3,coughvid_data/d54fefaa-1926-4781-9630-0064c529bce3.wav,coughvid_data/d54fefaa-1926-4781-9630-0064c529bce3.wav,1.0
72b31567-dda2-4dbf-b8a9-82a9d4c9af90,coughvid_data/72b31567-dda2-4dbf-b8a9-82a9d4c9af90.wav,coughvid_data/72b31567-dda2-4dbf-b8a9-82a9d4c9af90.wav,0.0
02805b36-5361-41f5-b41e-583ec496eff6,coughvid_data/02805b36-5361-41f5-b41e-583ec496eff6.wav,coughvid_data/02805b36-5361-41f5-b41e-583ec496eff6.wav,1.0
28924eb3-29c0-49ce-9142-5594980a2eef,coughvid_data/28924eb3-29c0-49ce-9142-5594980a2eef.wav,coughvid_data/28924eb3-29c0-49ce-9142-5594980a2eef.wav,0.0
4f8e47a3-7752-4df7-8509-3fe566018dd6,coughvid_data/4f8e47a3-7752-4df7-8509-3fe566018dd6.wav,coughvid_data/4f8e47a3-7752-4df7-8509-3fe566018dd6.wav,1.0
38ca6635-2c96-4c85-ab76-5a694bcc900a,coughvid_data/38ca6635-2c96-4c85-ab76-5a694bcc900a.wav,coughvid_data/38ca6635-2c96-4c85-ab76-5a694bcc900a.wav,0.0
61f169b9-534c-4a33-ba11-ff774775c3cc,coughvid_data/61f169b9-534c-4a33-ba11-ff774775c3cc.wav,coughvid_data/61f169b9-534c-4a33-ba11-ff774775c3cc.wav,0.0
5c5a3d99-e988-4cd3-b2d0-7f2f14618e19,coughvid_data/5c5a3d99-e988-4cd3-b2d0-7f2f14618e19.wav,coughvid_data/5c5a3d99-e988-4cd3-b2d0-7f2f14618e19.wav,1.0
a0c64999-278b-485e-a016-8325f1c436b3,coughvid_data/a0c64999-278b-485e-a016-8325f1c436b3.wav,coughvid_data/a0c64999-278b-485e-a016-8325f1c436b3.wav,0.0
ff9b843c-7b2e-4239-bdc1-1f5a0827b9fe,coughvid_data/ff9b843c-7b2e-4239-bdc1-1f5a0827b9fe.wav,coughvid_data/ff9b843c-7b2e-4239-bdc1-1f5a0827b9fe.wav,1.0
60602cb0-6ffd-4513-b596-8c050a2c43ca,coughvid_data/60602cb0-6ffd-4513-b596-8c050a2c43ca.wav,coughvid_data/60602cb0-6ffd-4513-b596-8c050a2c43ca.wav,1.0
150fd64e-6298-45e7-9ffa-39dce92afc7d,coughvid_data/150fd64e-6298-45e7-9ffa-39dce92afc7d.wav,coughvid_data/150fd64e-6298-45e7-9ffa-39dce92afc7d.wav,0.0
aa716ab2-0bdb-4e5c-ad2d-4c59c9566e06,coughvid_data/aa716ab2-0bdb-4e5c-ad2d-4c59c9566e06.wav,coughvid_data/aa716ab2-0bdb-4e5c-ad2d-4c59c9566e06.wav,1.0
952e63a6-477b-4e01-aa51-23be6f4ce7c3,coughvid_data/952e63a6-477b-4e01-aa51-23be6f4ce7c3.wav,coughvid_data/952e63a6-477b-4e01-aa51-23be6f4ce7c3.wav,0.0
7b2f0aeb-b301-4719-9cdf-680b05888dc1,coughvid_data/7b2f0aeb-b301-4719-9cdf-680b05888dc1.wav,coughvid_data/7b2f0aeb-b301-4719-9cdf-680b05888dc1.wav,1.0
360c0343-4170-4dc7-9fe3-fa00dbf9e6a4,coughvid_data/360c0343-4170-4dc7-9fe3-fa00dbf9e6a4.wav,coughvid_data/360c0343-4170-4dc7-9fe3-fa00dbf9e6a4.wav,0.0
8f970fca-9470-46f2-9e32-91ec5a7471ad,coughvid_data/8f970fca-9470-46f2-9e32-91ec5a7471ad.wav,coughvid_data/8f970fca-9470-46f2-9e32-91ec5a7471ad.wav,1.0
9fddaa3e-58c9-42ae-80bb-071e3bd01e26,coughvid_data/9fddaa3e-58c9-42ae-80bb-071e3bd01e26.wav,coughvid_data/9fddaa3e-58c9-42ae-80bb-071e3bd01e26.wav,1.0
7f984eed-5e7d-4182-b0c5-3f0e7d4a3fc0,coughvid_data/7f984eed-5e7d-4182-b0c5-3f0e7d4a3fc0.wav,coughvid_data/7f984eed-5e7d-4182-b0c5-3f0e7d4a3fc0.wav,0.0
fa20225c-5d03-4910-b634-f0e582f58257,coughvid_data/fa20225c-5d03-4910-b634-f0e582f58257.wav,coughvid_data/fa20225c-5d03-4910-b634-f0e582f58257.wav,0.0
69826dd7-0897-484e-b17e-f2b508de3ee7,coughvid_data/69826dd7-0897-484e-b17e-f2b508de3ee7.wav,coughvid_data/69826dd7-0897-484e-b17e-f2b508de3ee7.wav,1.0
f8c2bfb9-2333-4366-83d1-c4da5bf12dfe,coughvid_data/f8c2bfb9-2333-4366-83d1-c4da5bf12dfe.wav,coughvid_data/f8c2bfb9-2333-4366-83d1-c4da5bf12dfe.wav,1.0
c2ce82c8-f6d7-46cb-8d07-66c4f8a63f78,coughvid_data/c2ce82c8-f6d7-46cb-8d07-66c4f8a63f78.wav,coughvid_data/c2ce82c8-f6d7-46cb-8d07-66c4f8a63f78.wav,1.0
ae083545-c20d-4272-91c6-4a96a9a0021a,coughvid_data/ae083545-c20d-4272-91c6-4a96a9a0021a.wav,coughvid_data/ae083545-c20d-4272-91c6-4a96a9a0021a.wav,0.0
ca105e6c-0d68-4354-a078-3642a29e7504,coughvid_data/ca105e6c-0d68-4354-a078-3642a29e7504.wav,coughvid_data/ca105e6c-0d68-4354-a078-3642a29e7504.wav,0.0
343f5818-0368-4992-b039-4ea83657b011,coughvid_data/343f5818-0368-4992-b039-4ea83657b011.wav,coughvid_data/343f5818-0368-4992-b039-4ea83657b011.wav,1.0
96a4730a-391e-4597-9c75-2fe40b1d69e4,coughvid_data/96a4730a-391e-4597-9c75-2fe40b1d69e4.wav,coughvid_data/96a4730a-391e-4597-9c75-2fe40b1d69e4.wav,1.0
f8ff0a8d-af90-4889-8668-f2944123983d,coughvid_data/f8ff0a8d-af90-4889-8668-f2944123983d.wav,coughvid_data/f8ff0a8d-af90-4889-8668-f2944123983d.wav,0.0
8095def4-521d-4f8c-830f-9b3b2bac22be,coughvid_data/8095def4-521d-4f8c-830f-9b3b2bac22be.wav,coughvid_data/8095def4-521d-4f8c-830f-9b3b2bac22be.wav,1.0
7bcb0830-15ab-4bbb-9dc4-2f49bd4f2160,coughvid_data/7bcb0830-15ab-4bbb-9dc4-2f49bd4f2160.wav,coughvid_data/7bcb0830-15ab-4bbb-9dc4-2f49bd4f2160.wav,1.0
ff3dfa04-6983-4638-a6d1-c9965d4b2ac3,coughvid_data/ff3dfa04-6983-4638-a6d1-c9965d4b2ac3.wav,coughvid_data/ff3dfa04-6983-4638-a6d1-c9965d4b2ac3.wav,0.0
16d5cfbb-8f68-4c0c-88d8-f3dd6bb6d7d9,coughvid_data/16d5cfbb-8f68-4c0c-88d8-f3dd6bb6d7d9.wav,coughvid_data/16d5cfbb-8f68-4c0c-88d8-f3dd6bb6d7d9.wav,0.0
51d87c9e-18da-4d63-ba2d-4243fb536e8d,coughvid_data/51d87c9e-18da-4d63-ba2d-4243fb536e8d.wav,coughvid_data/51d87c9e-18da-4d63-ba2d-4243fb536e8d.wav,1.0
c49d491d-2800-4018-a68d-d60d4f16974f,coughvid_data/c49d491d-2800-4018-a68d-d60d4f16974f.wav,coughvid_data/c49d491d-2800-4018-a68d-d60d4f16974f.wav,1.0
3ef3d42c-cae9-4fc4-a302-89cf1e629f52,coughvid_data/3ef3d42c-cae9-4fc4-a302-89cf1e629f52.wav,coughvid_data/3ef3d42c-cae9-4fc4-a302-89cf1e629f52.wav,0.0
9a8f3625-3e91-4535-8e76-3416af9460ab,coughvid_data/9a8f3625-3e91-4535-8e76-3416af9460ab.wav,coughvid_data/9a8f3625-3e91-4535-8e76-3416af9460ab.wav,0.0
58b18c98-ca31-4bee-90bd-f67cd516e4ed,coughvid_data/58b18c98-ca31-4bee-90bd-f67cd516e4ed.wav,coughvid_data/58b18c98-ca31-4bee-90bd-f67cd516e4ed.wav,1.0
37a9a8ec-ba7f-4eb7-bc7b-52bebaba630e,coughvid_data/37a9a8ec-ba7f-4eb7-bc7b-52bebaba630e.wav,coughvid_data/37a9a8ec-ba7f-4eb7-bc7b-52bebaba630e.wav,1.0
277c7695-2d88-4995-afe8-ec7e5bb9f9b3,coughvid_data/277c7695-2d88-4995-afe8-ec7e5bb9f9b3.wav,coughvid_data/277c7695-2d88-4995-afe8-ec7e5bb9f9b3.wav,0.0
74aec854-7f2d-4521-b331-9abee2be09f8,coughvid_data/74aec854-7f2d-4521-b331-9abee2be09f8.wav,coughvid_data/74aec854-7f2d-4521-b331-9abee2be09f8.wav,1.0
62bcc06d-4a65-4500-9fcf-d1d4de1fc259,coughvid_data/62bcc06d-4a65-4500-9fcf-d1d4de1fc259.wav,coughvid_data/62bcc06d-4a65-4500-9fcf-d1d4de1fc259.wav,0.0
bf6706c0-09c9-4add-83c3-3133aec078d1,coughvid_data/bf6706c0-09c9-4add-83c3-3133aec078d1.wav,coughvid_data/bf6706c0-09c9-4add-83c3-3133aec078d1.wav,0.0
59538063-0762-4bd1-b8d8-815012e511fd,coughvid_data/59538063-0762-4bd1-b8d8-815012e511fd.wav,coughvid_data/59538063-0762-4bd1-b8d8-815012e511fd.wav,1.0
d5e56f55-97a1-417d-a724-04d6ef10830e,coughvid_data/d5e56f55-97a1-417d-a724-04d6ef10830e.wav,coughvid_data/d5e56f55-97a1-417d-a724-04d6ef10830e.wav,1.0
af7708ed-a7e1-4793-bcdd-31b33f8e3a80,coughvid_data/af7708ed-a7e1-4793-bcdd-31b33f8e3a80.wav,coughvid_data/af7708ed-a7e1-4793-bcdd-31b33f8e3a80.wav,1.0
05565509-d28c-4d2a-9326-25f99afa7fcf,coughvid_data/05565509-d28c-4d2a-9326-25f99afa7fcf.wav,coughvid_data/05565509-d28c-4d2a-9326-25f99afa7fcf.wav,1.0
5f7e5ee5-7872-4229-bda0-b80e0c3eb526,coughvid_data/5f7e5ee5-7872-4229-bda0-b80e0c3eb526.wav,coughvid_data/5f7e5ee5-7872-4229-bda0-b80e0c3eb526.wav,1.0
45468c10-083b-4fea-9883-29a552edd30d,coughvid_data/45468c10-083b-4fea-9883-29a552edd30d.wav,coughvid_data/45468c10-083b-4fea-9883-29a552edd30d.wav,1.0
7cc1fa0a-b4c8-42a8-9a91-5dff75dc1f4a,coughvid_data/7cc1fa0a-b4c8-42a8-9a91-5dff75dc1f4a.wav,coughvid_data/7cc1fa0a-b4c8-42a8-9a91-5dff75dc1f4a.wav,0.0
99524a84-e055-422e-831e-f22188948c84,coughvid_data/99524a84-e055-422e-831e-f22188948c84.wav,coughvid_data/99524a84-e055-422e-831e-f22188948c84.wav,1.0
67b0eab5-c09a-406b-9d1f-17562da9a7dd,coughvid_data/67b0eab5-c09a-406b-9d1f-17562da9a7dd.wav,coughvid_data/67b0eab5-c09a-406b-9d1f-17562da9a7dd.wav,1.0
882f90a6-fb09-49c4-8010-3683a9c82e05,coughvid_data/882f90a6-fb09-49c4-8010-3683a9c82e05.wav,coughvid_data/882f90a6-fb09-49c4-8010-3683a9c82e05.wav,1.0
2c333872-8c6f-4818-a011-7a5efb063509,coughvid_data/2c333872-8c6f-4818-a011-7a5efb063509.wav,coughvid_data/2c333872-8c6f-4818-a011-7a5efb063509.wav,1.0
36c96a4a-b382-4a10-a9b4-d6534c692f0f,coughvid_data/36c96a4a-b382-4a10-a9b4-d6534c692f0f.wav,coughvid_data/36c96a4a-b382-4a10-a9b4-d6534c692f0f.wav,0.0
eeaa9780-b73a-4e0f-b075-4dc5fbb54080,coughvid_data/eeaa9780-b73a-4e0f-b075-4dc5fbb54080.wav,coughvid_data/eeaa9780-b73a-4e0f-b075-4dc5fbb54080.wav,1.0
d5fe6984-fb17-41a3-b0de-e39a738d7756,coughvid_data/d5fe6984-fb17-41a3-b0de-e39a738d7756.wav,coughvid_data/d5fe6984-fb17-41a3-b0de-e39a738d7756.wav,1.0
0f224e1b-b7a2-44c5-a556-90f5a263e34d,coughvid_data/0f224e1b-b7a2-44c5-a556-90f5a263e34d.wav,coughvid_data/0f224e1b-b7a2-44c5-a556-90f5a263e34d.wav,1.0
e02a243d-9a90-4999-885c-6fc9bc070828,coughvid_data/e02a243d-9a90-4999-885c-6fc9bc070828.wav,coughvid_data/e02a243d-9a90-4999-885c-6fc9bc070828.wav,1.0
f1551ad1-499a-44d4-bf99-fa3b83bcd9b9,coughvid_data/f1551ad1-499a-44d4-bf99-fa3b83bcd9b9.wav,coughvid_data/f1551ad1-499a-44d4-bf99-fa3b83bcd9b9.wav,1.0
2687c6bd-f9cc-43a3-b7f3-d0663cc77e65,coughvid_data/2687c6bd-f9cc-43a3-b7f3-d0663cc77e65.wav,coughvid_data/2687c6bd-f9cc-43a3-b7f3-d0663cc77e65.wav,1.0
4fecb6b6-baea-4452-824c-2bab2adbdbcc,coughvid_data/4fecb6b6-baea-4452-824c-2bab2adbdbcc.wav,coughvid_data/4fecb6b6-baea-4452-824c-2bab2adbdbcc.wav,1.0
2533abc8-7d8f-4740-9867-a6467a05c12a,coughvid_data/2533abc8-7d8f-4740-9867-a6467a05c12a.wav,coughvid_data/2533abc8-7d8f-4740-9867-a6467a05c12a.wav,1.0
d46f1203-49a4-4ff1-877b-bd5d0fbd79ab,coughvid_data/d46f1203-49a4-4ff1-877b-bd5d0fbd79ab.wav,coughvid_data/d46f1203-49a4-4ff1-877b-bd5d0fbd79ab.wav,1.0
8b345770-098e-478f-8bd2-39ff0bc0f82b,coughvid_data/8b345770-098e-478f-8bd2-39ff0bc0f82b.wav,coughvid_data/8b345770-098e-478f-8bd2-39ff0bc0f82b.wav,0.0
e3013827-7843-45b0-89c5-8d45b194a939,coughvid_data/e3013827-7843-45b0-89c5-8d45b194a939.wav,coughvid_data/e3013827-7843-45b0-89c5-8d45b194a939.wav,0.0
dee4effb-1ea2-4af8-b17a-457c87820dde,coughvid_data/dee4effb-1ea2-4af8-b17a-457c87820dde.wav,coughvid_data/dee4effb-1ea2-4af8-b17a-457c87820dde.wav,0.0
15742b47-c379-4388-865c-c5ba9f6eb30a,coughvid_data/15742b47-c379-4388-865c-c5ba9f6eb30a.wav,coughvid_data/15742b47-c379-4388-865c-c5ba9f6eb30a.wav,0.0
4e2e7055-185b-4778-baa0-d1460d81b117,coughvid_data/4e2e7055-185b-4778-baa0-d1460d81b117.wav,coughvid_data/4e2e7055-185b-4778-baa0-d1460d81b117.wav,1.0
504cb838-c3a3-4c61-a7e8-f68341f9dac5,coughvid_data/504cb838-c3a3-4c61-a7e8-f68341f9dac5.wav,coughvid_data/504cb838-c3a3-4c61-a7e8-f68341f9dac5.wav,0.0
914cd0fc-3623-4424-bc67-759743a0c593,coughvid_data/914cd0fc-3623-4424-bc67-759743a0c593.wav,coughvid_data/914cd0fc-3623-4424-bc67-759743a0c593.wav,1.0
9bcf60c3-4f9d-4ae0-9eb3-b07588a3e79e,coughvid_data/9bcf60c3-4f9d-4ae0-9eb3-b07588a3e79e.wav,coughvid_data/9bcf60c3-4f9d-4ae0-9eb3-b07588a3e79e.wav,1.0
dba0b27c-bff2-45bc-80a9-ab4cfa49883f,coughvid_data/dba0b27c-bff2-45bc-80a9-ab4cfa49883f.wav,coughvid_data/dba0b27c-bff2-45bc-80a9-ab4cfa49883f.wav,0.0
1b74b344-e14d-4269-94a7-e62d01ac0dbf,coughvid_data/1b74b344-e14d-4269-94a7-e62d01ac0dbf.wav,coughvid_data/1b74b344-e14d-4269-94a7-e62d01ac0dbf.wav,0.0
c7de7840-497e-45fa-8478-710ec32f81e6,coughvid_data/c7de7840-497e-45fa-8478-710ec32f81e6.wav,coughvid_data/c7de7840-497e-45fa-8478-710ec32f81e6.wav,1.0
420b4c81-4136-413d-a332-8a139fd88bde,coughvid_data/420b4c81-4136-413d-a332-8a139fd88bde.wav,coughvid_data/420b4c81-4136-413d-a332-8a139fd88bde.wav,1.0
d3497de7-668f-4679-a7df-ed9d51ecce12,coughvid_data/d3497de7-668f-4679-a7df-ed9d51ecce12.wav,coughvid_data/d3497de7-668f-4679-a7df-ed9d51ecce12.wav,1.0
ba511b63-7e20-473a-82bd-3b7a877e5530,coughvid_data/ba511b63-7e20-473a-82bd-3b7a877e5530.wav,coughvid_data/ba511b63-7e20-473a-82bd-3b7a877e5530.wav,1.0
53995b00-4224-4f6e-8a83-bc2daa19b557,coughvid_data/53995b00-4224-4f6e-8a83-bc2daa19b557.wav,coughvid_data/53995b00-4224-4f6e-8a83-bc2daa19b557.wav,1.0
a63370d6-a5fd-4a4d-afa8-fa877f75e646,coughvid_data/a63370d6-a5fd-4a4d-afa8-fa877f75e646.wav,coughvid_data/a63370d6-a5fd-4a4d-afa8-fa877f75e646.wav,0.0
2d11c4de-f2ca-46c7-95e1-55e3201f5df3,coughvid_data/2d11c4de-f2ca-46c7-95e1-55e3201f5df3.wav,coughvid_data/2d11c4de-f2ca-46c7-95e1-55e3201f5df3.wav,0.0
79fbee8c-d2d4-4158-950b-e56c7b82d89a,coughvid_data/79fbee8c-d2d4-4158-950b-e56c7b82d89a.wav,coughvid_data/79fbee8c-d2d4-4158-950b-e56c7b82d89a.wav,1.0
6ea6af0c-0f77-46d6-a65b-8df3a925d231,coughvid_data/6ea6af0c-0f77-46d6-a65b-8df3a925d231.wav,coughvid_data/6ea6af0c-0f77-46d6-a65b-8df3a925d231.wav,1.0
dfdd5828-51b0-4e6b-98b4-558975c03efb,coughvid_data/dfdd5828-51b0-4e6b-98b4-558975c03efb.wav,coughvid_data/dfdd5828-51b0-4e6b-98b4-558975c03efb.wav,0.0
94c5f400-5a76-4b6d-bd76-98d7f4006598,coughvid_data/94c5f400-5a76-4b6d-bd76-98d7f4006598.wav,coughvid_data/94c5f400-5a76-4b6d-bd76-98d7f4006598.wav,0.0
68da3312-aa17-4e9b-a85b-fc607b60b8bd,coughvid_data/68da3312-aa17-4e9b-a85b-fc607b60b8bd.wav,coughvid_data/68da3312-aa17-4e9b-a85b-fc607b60b8bd.wav,1.0
7c3d2282-27b3-4840-9fa5-56f6fe58f9d8,coughvid_data/7c3d2282-27b3-4840-9fa5-56f6fe58f9d8.wav,coughvid_data/7c3d2282-27b3-4840-9fa5-56f6fe58f9d8.wav,1.0
4fa70ad7-12af-4b32-81bd-f556e8663508,coughvid_data/4fa70ad7-12af-4b32-81bd-f556e8663508.wav,coughvid_data/4fa70ad7-12af-4b32-81bd-f556e8663508.wav,1.0
3728a942-8245-4883-b51b-8a54f9e2a6bd,coughvid_data/3728a942-8245-4883-b51b-8a54f9e2a6bd.wav,coughvid_data/3728a942-8245-4883-b51b-8a54f9e2a6bd.wav,1.0
bd7734c3-0a36-46bf-9bf5-7df5b73131ff,coughvid_data/bd7734c3-0a36-46bf-9bf5-7df5b73131ff.wav,coughvid_data/bd7734c3-0a36-46bf-9bf5-7df5b73131ff.wav,1.0
1f4a4ac4-5077-4e38-b23f-ed1ee80d3f90,coughvid_data/1f4a4ac4-5077-4e38-b23f-ed1ee80d3f90.wav,coughvid_data/1f4a4ac4-5077-4e38-b23f-ed1ee80d3f90.wav,1.0
677473f1-c62a-4c1c-9e54-75c87cb14e40,coughvid_data/677473f1-c62a-4c1c-9e54-75c87cb14e40.wav,coughvid_data/677473f1-c62a-4c1c-9e54-75c87cb14e40.wav,0.0
52e2eeac-a12e-4f4e-8ffa-5edde814c075,coughvid_data/52e2eeac-a12e-4f4e-8ffa-5edde814c075.wav,coughvid_data/52e2eeac-a12e-4f4e-8ffa-5edde814c075.wav,0.0
87718507-05fc-4824-b83e-d7994888c2e1,coughvid_data/87718507-05fc-4824-b83e-d7994888c2e1.wav,coughvid_data/87718507-05fc-4824-b83e-d7994888c2e1.wav,0.0
3eac7035-6848-435f-a103-f4da8f00a182,coughvid_data/3eac7035-6848-435f-a103-f4da8f00a182.wav,coughvid_data/3eac7035-6848-435f-a103-f4da8f00a182.wav,0.0
40bf0c2d-dc1d-4dfe-8a68-a9e1d2056161,coughvid_data/40bf0c2d-dc1d-4dfe-8a68-a9e1d2056161.wav,coughvid_data/40bf0c2d-dc1d-4dfe-8a68-a9e1d2056161.wav,1.0
6df56e50-21ad-49e4-99cf-027f2ae08d2c,coughvid_data/6df56e50-21ad-49e4-99cf-027f2ae08d2c.wav,coughvid_data/6df56e50-21ad-49e4-99cf-027f2ae08d2c.wav,1.0
3d74c62a-40cb-4f3f-8851-d3aae9e44b48,coughvid_data/3d74c62a-40cb-4f3f-8851-d3aae9e44b48.wav,coughvid_data/3d74c62a-40cb-4f3f-8851-d3aae9e44b48.wav,1.0
7a20be05-1000-4fa4-bd52-01027cdecdde,coughvid_data/7a20be05-1000-4fa4-bd52-01027cdecdde.wav,coughvid_data/7a20be05-1000-4fa4-bd52-01027cdecdde.wav,1.0
0033d1d5-ae8c-42f6-a557-822d6ab691cf,coughvid_data/0033d1d5-ae8c-42f6-a557-822d6ab691cf.wav,coughvid_data/0033d1d5-ae8c-42f6-a557-822d6ab691cf.wav,1.0
fc6a34fe-7f14-42e1-8483-d1a8f68a8d88,coughvid_data/fc6a34fe-7f14-42e1-8483-d1a8f68a8d88.wav,coughvid_data/fc6a34fe-7f14-42e1-8483-d1a8f68a8d88.wav,1.0
1cef0276-3e5b-4228-b10b-5bde3c677837,coughvid_data/1cef0276-3e5b-4228-b10b-5bde3c677837.wav,coughvid_data/1cef0276-3e5b-4228-b10b-5bde3c677837.wav,1.0
1c4d7895-724e-4309-9185-d0e83122e6d5,coughvid_data/1c4d7895-724e-4309-9185-d0e83122e6d5.wav,coughvid_data/1c4d7895-724e-4309-9185-d0e83122e6d5.wav,0.0
600bb77b-94dd-425e-a1d7-7ce47344e647,coughvid_data/600bb77b-94dd-425e-a1d7-7ce47344e647.wav,coughvid_data/600bb77b-94dd-425e-a1d7-7ce47344e647.wav,1.0
67efa9ef-ad7b-47b5-9f0c-d2d81c4b6a6c,coughvid_data/67efa9ef-ad7b-47b5-9f0c-d2d81c4b6a6c.wav,coughvid_data/67efa9ef-ad7b-47b5-9f0c-d2d81c4b6a6c.wav,1.0
a04eb6f7-60d9-48e6-a687-32b1ec82e072,coughvid_data/a04eb6f7-60d9-48e6-a687-32b1ec82e072.wav,coughvid_data/a04eb6f7-60d9-48e6-a687-32b1ec82e072.wav,1.0
d472e1f3-20ca-488c-affe-4303fefb9d8b,coughvid_data/d472e1f3-20ca-488c-affe-4303fefb9d8b.wav,coughvid_data/d472e1f3-20ca-488c-affe-4303fefb9d8b.wav,0.0
c08af66c-cb05-4086-96d6-aa20ffdaa45d,coughvid_data/c08af66c-cb05-4086-96d6-aa20ffdaa45d.wav,coughvid_data/c08af66c-cb05-4086-96d6-aa20ffdaa45d.wav,1.0
c08137fd-548d-4e56-8b5c-a75184a8ab93,coughvid_data/c08137fd-548d-4e56-8b5c-a75184a8ab93.wav,coughvid_data/c08137fd-548d-4e56-8b5c-a75184a8ab93.wav,0.0
39abbb34-f1ab-4554-8901-50225c2495a0,coughvid_data/39abbb34-f1ab-4554-8901-50225c2495a0.wav,coughvid_data/39abbb34-f1ab-4554-8901-50225c2495a0.wav,0.0
aacafe92-739b-42f3-b8fe-d81728c7dbdd,coughvid_data/aacafe92-739b-42f3-b8fe-d81728c7dbdd.wav,coughvid_data/aacafe92-739b-42f3-b8fe-d81728c7dbdd.wav,0.0
058afaf0-570d-4a9b-8f1a-f49bb3289e5c,coughvid_data/058afaf0-570d-4a9b-8f1a-f49bb3289e5c.wav,coughvid_data/058afaf0-570d-4a9b-8f1a-f49bb3289e5c.wav,0.0
bad22456-2123-4271-bc99-261d0bd4f8da,coughvid_data/bad22456-2123-4271-bc99-261d0bd4f8da.wav,coughvid_data/bad22456-2123-4271-bc99-261d0bd4f8da.wav,1.0
c8ecadeb-7937-4126-893a-0bb1927e13d7,coughvid_data/c8ecadeb-7937-4126-893a-0bb1927e13d7.wav,coughvid_data/c8ecadeb-7937-4126-893a-0bb1927e13d7.wav,1.0
1aaa2436-8a44-401f-a899-efe9ecab2c02,coughvid_data/1aaa2436-8a44-401f-a899-efe9ecab2c02.wav,coughvid_data/1aaa2436-8a44-401f-a899-efe9ecab2c02.wav,1.0
79077494-0ff2-4184-9221-223794fdd7bd,coughvid_data/79077494-0ff2-4184-9221-223794fdd7bd.wav,coughvid_data/79077494-0ff2-4184-9221-223794fdd7bd.wav,0.0
59242e52-9d81-4411-944e-a68fa14c6c2f,coughvid_data/59242e52-9d81-4411-944e-a68fa14c6c2f.wav,coughvid_data/59242e52-9d81-4411-944e-a68fa14c6c2f.wav,0.0
65f8438f-6ac1-48f7-90de-4500c6026608,coughvid_data/65f8438f-6ac1-48f7-90de-4500c6026608.wav,coughvid_data/65f8438f-6ac1-48f7-90de-4500c6026608.wav,0.0
3b85629e-d488-47de-8354-f8bfefa5f9f6,coughvid_data/3b85629e-d488-47de-8354-f8bfefa5f9f6.wav,coughvid_data/3b85629e-d488-47de-8354-f8bfefa5f9f6.wav,0.0
436924ff-1d88-400f-b0fe-dcfba0d7e387,coughvid_data/436924ff-1d88-400f-b0fe-dcfba0d7e387.wav,coughvid_data/436924ff-1d88-400f-b0fe-dcfba0d7e387.wav,1.0
efdaa612-fa4f-45d7-9d7b-af8f66d75c37,coughvid_data/efdaa612-fa4f-45d7-9d7b-af8f66d75c37.wav,coughvid_data/efdaa612-fa4f-45d7-9d7b-af8f66d75c37.wav,1.0
ff8300c7-fded-4ed0-b396-635f90d9b262,coughvid_data/ff8300c7-fded-4ed0-b396-635f90d9b262.wav,coughvid_data/ff8300c7-fded-4ed0-b396-635f90d9b262.wav,0.0
b61f41d5-8a12-44de-a8c7-f7ab67f35ab7,coughvid_data/b61f41d5-8a12-44de-a8c7-f7ab67f35ab7.wav,coughvid_data/b61f41d5-8a12-44de-a8c7-f7ab67f35ab7.wav,1.0
c16b9f8d-f840-4f6e-832f-435bbcf6c2b6,coughvid_data/c16b9f8d-f840-4f6e-832f-435bbcf6c2b6.wav,coughvid_data/c16b9f8d-f840-4f6e-832f-435bbcf6c2b6.wav,1.0
d8d8d509-ed6a-4780-adca-ed358c5b3c3c,coughvid_data/d8d8d509-ed6a-4780-adca-ed358c5b3c3c.wav,coughvid_data/d8d8d509-ed6a-4780-adca-ed358c5b3c3c.wav,0.0
a8d666fd-531e-43e2-b8ca-667d0015cc78,coughvid_data/a8d666fd-531e-43e2-b8ca-667d0015cc78.wav,coughvid_data/a8d666fd-531e-43e2-b8ca-667d0015cc78.wav,0.0
9d61834f-9ff1-426c-879d-a4d997115be3,coughvid_data/9d61834f-9ff1-426c-879d-a4d997115be3.wav,coughvid_data/9d61834f-9ff1-426c-879d-a4d997115be3.wav,1.0
ca1ffd89-98fe-4091-b2e0-58c45ac4c5c6,coughvid_data/ca1ffd89-98fe-4091-b2e0-58c45ac4c5c6.wav,coughvid_data/ca1ffd89-98fe-4091-b2e0-58c45ac4c5c6.wav,0.0
d7349273-4a6d-4c74-9475-01fb2c93414a,coughvid_data/d7349273-4a6d-4c74-9475-01fb2c93414a.wav,coughvid_data/d7349273-4a6d-4c74-9475-01fb2c93414a.wav,1.0
f989ae6f-5c2b-46b2-a105-e8b18c314099,coughvid_data/f989ae6f-5c2b-46b2-a105-e8b18c314099.wav,coughvid_data/f989ae6f-5c2b-46b2-a105-e8b18c314099.wav,1.0
e33eee38-1799-48ba-b88c-bcbefa59c5cb,coughvid_data/e33eee38-1799-48ba-b88c-bcbefa59c5cb.wav,coughvid_data/e33eee38-1799-48ba-b88c-bcbefa59c5cb.wav,1.0
1a72736a-428c-4c93-8089-3508e384367d,coughvid_data/1a72736a-428c-4c93-8089-3508e384367d.wav,coughvid_data/1a72736a-428c-4c93-8089-3508e384367d.wav,1.0
7536faa8-955a-4119-96dd-a4a286e66444,coughvid_data/7536faa8-955a-4119-96dd-a4a286e66444.wav,coughvid_data/7536faa8-955a-4119-96dd-a4a286e66444.wav,1.0
c9c68d6b-3256-4a2e-9ee2-b81f42c10391,coughvid_data/c9c68d6b-3256-4a2e-9ee2-b81f42c10391.wav,coughvid_data/c9c68d6b-3256-4a2e-9ee2-b81f42c10391.wav,0.0
fe23fb57-7781-440f-b1c2-0353841da928,coughvid_data/fe23fb57-7781-440f-b1c2-0353841da928.wav,coughvid_data/fe23fb57-7781-440f-b1c2-0353841da928.wav,1.0
87836a21-bfd9-43f0-8282-0649bc7d93f0,coughvid_data/87836a21-bfd9-43f0-8282-0649bc7d93f0.wav,coughvid_data/87836a21-bfd9-43f0-8282-0649bc7d93f0.wav,0.0
a26d8ced-2d37-4990-a478-92d16b920878,coughvid_data/a26d8ced-2d37-4990-a478-92d16b920878.wav,coughvid_data/a26d8ced-2d37-4990-a478-92d16b920878.wav,1.0
63331712-3540-4b03-87d0-3f7799d2edcb,coughvid_data/63331712-3540-4b03-87d0-3f7799d2edcb.wav,coughvid_data/63331712-3540-4b03-87d0-3f7799d2edcb.wav,1.0
01bf156f-a8ff-48f6-9335-8a1f5bb4c1b7,coughvid_data/01bf156f-a8ff-48f6-9335-8a1f5bb4c1b7.wav,coughvid_data/01bf156f-a8ff-48f6-9335-8a1f5bb4c1b7.wav,1.0
1b09d5e3-d492-4cd1-9ea1-804a9ff3e72d,coughvid_data/1b09d5e3-d492-4cd1-9ea1-804a9ff3e72d.wav,coughvid_data/1b09d5e3-d492-4cd1-9ea1-804a9ff3e72d.wav,1.0
aab60fbb-8600-453a-950b-42278f55d68f,coughvid_data/aab60fbb-8600-453a-950b-42278f55d68f.wav,coughvid_data/aab60fbb-8600-453a-950b-42278f55d68f.wav,0.0
55761a80-66cf-4b0a-9880-1de029b1d660,coughvid_data/55761a80-66cf-4b0a-9880-1de029b1d660.wav,coughvid_data/55761a80-66cf-4b0a-9880-1de029b1d660.wav,1.0
cf140ccb-b1b8-401e-9bc1-34706dc94674,coughvid_data/cf140ccb-b1b8-401e-9bc1-34706dc94674.wav,coughvid_data/cf140ccb-b1b8-401e-9bc1-34706dc94674.wav,0.0
5929eb5c-9cf5-4b40-8743-a6ccd4f9a12b,coughvid_data/5929eb5c-9cf5-4b40-8743-a6ccd4f9a12b.wav,coughvid_data/5929eb5c-9cf5-4b40-8743-a6ccd4f9a12b.wav,1.0
189a66c5-cc4e-4788-80e8-bf6291d61910,coughvid_data/189a66c5-cc4e-4788-80e8-bf6291d61910.wav,coughvid_data/189a66c5-cc4e-4788-80e8-bf6291d61910.wav,0.0
7ca37da9-815e-4480-82d6-654ce460d565,coughvid_data/7ca37da9-815e-4480-82d6-654ce460d565.wav,coughvid_data/7ca37da9-815e-4480-82d6-654ce460d565.wav,1.0
8815d555-76ba-4803-b536-22df34e872dc,coughvid_data/8815d555-76ba-4803-b536-22df34e872dc.wav,coughvid_data/8815d555-76ba-4803-b536-22df34e872dc.wav,1.0
564470b0-13db-44d7-8ed4-d890e5b56468,coughvid_data/564470b0-13db-44d7-8ed4-d890e5b56468.wav,coughvid_data/564470b0-13db-44d7-8ed4-d890e5b56468.wav,1.0
6f3acced-953a-47aa-a001-b038d80262b2,coughvid_data/6f3acced-953a-47aa-a001-b038d80262b2.wav,coughvid_data/6f3acced-953a-47aa-a001-b038d80262b2.wav,0.0
57451274-caf4-4073-9e5b-6bbbaf059158,coughvid_data/57451274-caf4-4073-9e5b-6bbbaf059158.wav,coughvid_data/57451274-caf4-4073-9e5b-6bbbaf059158.wav,1.0
fd368417-9638-465f-baac-9a08e3fae7fc,coughvid_data/fd368417-9638-465f-baac-9a08e3fae7fc.wav,coughvid_data/fd368417-9638-465f-baac-9a08e3fae7fc.wav,1.0
b98d666c-f0b5-45da-a7c8-6266fb52820c,coughvid_data/b98d666c-f0b5-45da-a7c8-6266fb52820c.wav,coughvid_data/b98d666c-f0b5-45da-a7c8-6266fb52820c.wav,0.0
239ef056-904b-4871-abb4-e041d6b4ba64,coughvid_data/239ef056-904b-4871-abb4-e041d6b4ba64.wav,coughvid_data/239ef056-904b-4871-abb4-e041d6b4ba64.wav,0.0
b8b8bad5-218b-4ade-b765-363274099dd2,coughvid_data/b8b8bad5-218b-4ade-b765-363274099dd2.wav,coughvid_data/b8b8bad5-218b-4ade-b765-363274099dd2.wav,1.0
37ceb984-22ed-4482-926d-349a940872d0,coughvid_data/37ceb984-22ed-4482-926d-349a940872d0.wav,coughvid_data/37ceb984-22ed-4482-926d-349a940872d0.wav,0.0
8b56fa6d-1060-4f6a-973e-1e68c898d39a,coughvid_data/8b56fa6d-1060-4f6a-973e-1e68c898d39a.wav,coughvid_data/8b56fa6d-1060-4f6a-973e-1e68c898d39a.wav,0.0
c3fbf100-17d3-4ff0-89a5-da1c71052ab0,coughvid_data/c3fbf100-17d3-4ff0-89a5-da1c71052ab0.wav,coughvid_data/c3fbf100-17d3-4ff0-89a5-da1c71052ab0.wav,0.0
d620c178-71c5-4d04-9edf-2952f2e849ea,coughvid_data/d620c178-71c5-4d04-9edf-2952f2e849ea.wav,coughvid_data/d620c178-71c5-4d04-9edf-2952f2e849ea.wav,1.0
e305f652-b3ba-44c4-a852-c0b26e888693,coughvid_data/e305f652-b3ba-44c4-a852-c0b26e888693.wav,coughvid_data/e305f652-b3ba-44c4-a852-c0b26e888693.wav,1.0
5ab4d303-64be-4ea4-a65e-8681659e8e5f,coughvid_data/5ab4d303-64be-4ea4-a65e-8681659e8e5f.wav,coughvid_data/5ab4d303-64be-4ea4-a65e-8681659e8e5f.wav,1.0
ab2eaf26-739e-47ff-97f0-28255aa2e8d6,coughvid_data/ab2eaf26-739e-47ff-97f0-28255aa2e8d6.wav,coughvid_data/ab2eaf26-739e-47ff-97f0-28255aa2e8d6.wav,1.0
5fe101a5-aee3-4a59-bf14-1f3ada02f1f8,coughvid_data/5fe101a5-aee3-4a59-bf14-1f3ada02f1f8.wav,coughvid_data/5fe101a5-aee3-4a59-bf14-1f3ada02f1f8.wav,0.0
ff48c5bf-49f2-47c7-a60e-75a83796c429,coughvid_data/ff48c5bf-49f2-47c7-a60e-75a83796c429.wav,coughvid_data/ff48c5bf-49f2-47c7-a60e-75a83796c429.wav,1.0
d5ae4279-5716-4658-ba24-8cb5cf87f40d,coughvid_data/d5ae4279-5716-4658-ba24-8cb5cf87f40d.wav,coughvid_data/d5ae4279-5716-4658-ba24-8cb5cf87f40d.wav,1.0
17e409e9-eeb7-4408-b13c-078a999d89d5,coughvid_data/17e409e9-eeb7-4408-b13c-078a999d89d5.wav,coughvid_data/17e409e9-eeb7-4408-b13c-078a999d89d5.wav,1.0
1e35ccdb-4d0c-4a40-884d-500fa21dae26,coughvid_data/1e35ccdb-4d0c-4a40-884d-500fa21dae26.wav,coughvid_data/1e35ccdb-4d0c-4a40-884d-500fa21dae26.wav,1.0
79e0e7f4-4bc5-476e-85c9-6b28eb8c7bc4,coughvid_data/79e0e7f4-4bc5-476e-85c9-6b28eb8c7bc4.wav,coughvid_data/79e0e7f4-4bc5-476e-85c9-6b28eb8c7bc4.wav,0.0
49c2ff32-3ce6-4890-a03d-d72b2cbda3ce,coughvid_data/49c2ff32-3ce6-4890-a03d-d72b2cbda3ce.wav,coughvid_data/49c2ff32-3ce6-4890-a03d-d72b2cbda3ce.wav,1.0
bb5bb9ca-524f-464e-90cf-e45132ca4af4,coughvid_data/bb5bb9ca-524f-464e-90cf-e45132ca4af4.wav,coughvid_data/bb5bb9ca-524f-464e-90cf-e45132ca4af4.wav,1.0
de39c600-5209-4974-954b-0a07f2ed4b6e,coughvid_data/de39c600-5209-4974-954b-0a07f2ed4b6e.wav,coughvid_data/de39c600-5209-4974-954b-0a07f2ed4b6e.wav,1.0
32acb263-d942-480c-9f46-f923bf1d8854,coughvid_data/32acb263-d942-480c-9f46-f923bf1d8854.wav,coughvid_data/32acb263-d942-480c-9f46-f923bf1d8854.wav,1.0
7668e116-b279-4ee0-90f6-dff5be2df938,coughvid_data/7668e116-b279-4ee0-90f6-dff5be2df938.wav,coughvid_data/7668e116-b279-4ee0-90f6-dff5be2df938.wav,1.0
f786d8aa-4861-41f8-b082-4a31da143f87,coughvid_data/f786d8aa-4861-41f8-b082-4a31da143f87.wav,coughvid_data/f786d8aa-4861-41f8-b082-4a31da143f87.wav,0.0
a3f72c3a-f977-445a-96e4-af8ef65e1ded,coughvid_data/a3f72c3a-f977-445a-96e4-af8ef65e1ded.wav,coughvid_data/a3f72c3a-f977-445a-96e4-af8ef65e1ded.wav,1.0
8f05e2e9-7e8f-4ea4-a723-257dbbac7def,coughvid_data/8f05e2e9-7e8f-4ea4-a723-257dbbac7def.wav,coughvid_data/8f05e2e9-7e8f-4ea4-a723-257dbbac7def.wav,0.0
c34d6285-a7d7-4357-9036-cb4a5caec6f6,coughvid_data/c34d6285-a7d7-4357-9036-cb4a5caec6f6.wav,coughvid_data/c34d6285-a7d7-4357-9036-cb4a5caec6f6.wav,1.0
7acfb031-3863-4b4a-9854-1d4ae2bb548f,coughvid_data/7acfb031-3863-4b4a-9854-1d4ae2bb548f.wav,coughvid_data/7acfb031-3863-4b4a-9854-1d4ae2bb548f.wav,0.0
a108168e-2e20-489f-937f-526ec6242a14,coughvid_data/a108168e-2e20-489f-937f-526ec6242a14.wav,coughvid_data/a108168e-2e20-489f-937f-526ec6242a14.wav,1.0
6a188965-1a5b-4112-8ed7-66f1a1cf4dcb,coughvid_data/6a188965-1a5b-4112-8ed7-66f1a1cf4dcb.wav,coughvid_data/6a188965-1a5b-4112-8ed7-66f1a1cf4dcb.wav,1.0
eeb42d9f-7fda-44b0-896d-503ee9722216,coughvid_data/eeb42d9f-7fda-44b0-896d-503ee9722216.wav,coughvid_data/eeb42d9f-7fda-44b0-896d-503ee9722216.wav,1.0
db2845ce-96fe-4c7a-8d35-b5d6059596ae,coughvid_data/db2845ce-96fe-4c7a-8d35-b5d6059596ae.wav,coughvid_data/db2845ce-96fe-4c7a-8d35-b5d6059596ae.wav,0.0
26f9e573-3e23-424c-a75a-d2b1a91a575c,coughvid_data/26f9e573-3e23-424c-a75a-d2b1a91a575c.wav,coughvid_data/26f9e573-3e23-424c-a75a-d2b1a91a575c.wav,1.0
24735b40-f77c-4724-8e9e-ed99fbeda0ba,coughvid_data/24735b40-f77c-4724-8e9e-ed99fbeda0ba.wav,coughvid_data/24735b40-f77c-4724-8e9e-ed99fbeda0ba.wav,0.0
3484d8b1-c070-4050-82f3-dfa42adb6a4c,coughvid_data/3484d8b1-c070-4050-82f3-dfa42adb6a4c.wav,coughvid_data/3484d8b1-c070-4050-82f3-dfa42adb6a4c.wav,1.0
f66ea54c-09b6-4f1f-8e7b-f9fcce256bc4,coughvid_data/f66ea54c-09b6-4f1f-8e7b-f9fcce256bc4.wav,coughvid_data/f66ea54c-09b6-4f1f-8e7b-f9fcce256bc4.wav,0.0
9ef66350-a17d-4f1e-a8d4-d8d2fe188a57,coughvid_data/9ef66350-a17d-4f1e-a8d4-d8d2fe188a57.wav,coughvid_data/9ef66350-a17d-4f1e-a8d4-d8d2fe188a57.wav,1.0
f6317a34-0969-4f9e-b16c-8b3f7e36b671,coughvid_data/f6317a34-0969-4f9e-b16c-8b3f7e36b671.wav,coughvid_data/f6317a34-0969-4f9e-b16c-8b3f7e36b671.wav,1.0
df1f1e45-0cd3-48dc-a5fa-eb7b201ece9d,coughvid_data/df1f1e45-0cd3-48dc-a5fa-eb7b201ece9d.wav,coughvid_data/df1f1e45-0cd3-48dc-a5fa-eb7b201ece9d.wav,0.0
10686cb3-2b6b-44e1-bc33-db0157bab007,coughvid_data/10686cb3-2b6b-44e1-bc33-db0157bab007.wav,coughvid_data/10686cb3-2b6b-44e1-bc33-db0157bab007.wav,0.0
742295c6-b3d2-4835-91cb-257b858f8487,coughvid_data/742295c6-b3d2-4835-91cb-257b858f8487.wav,coughvid_data/742295c6-b3d2-4835-91cb-257b858f8487.wav,1.0
3dd63e61-5d5d-4622-914d-d4506f8512a9,coughvid_data/3dd63e61-5d5d-4622-914d-d4506f8512a9.wav,coughvid_data/3dd63e61-5d5d-4622-914d-d4506f8512a9.wav,0.0
25c9e5bf-f145-4181-bee7-cd1750a01164,coughvid_data/25c9e5bf-f145-4181-bee7-cd1750a01164.wav,coughvid_data/25c9e5bf-f145-4181-bee7-cd1750a01164.wav,0.0
4d24803a-5f6f-47a4-93e2-4ec118b782b9,coughvid_data/4d24803a-5f6f-47a4-93e2-4ec118b782b9.wav,coughvid_data/4d24803a-5f6f-47a4-93e2-4ec118b782b9.wav,0.0
eeb85987-10bb-4cf1-a102-58387d5faea8,coughvid_data/eeb85987-10bb-4cf1-a102-58387d5faea8.wav,coughvid_data/eeb85987-10bb-4cf1-a102-58387d5faea8.wav,0.0
dae1f0ce-73fb-4d31-9c3f-75b2f55f1d25,coughvid_data/dae1f0ce-73fb-4d31-9c3f-75b2f55f1d25.wav,coughvid_data/dae1f0ce-73fb-4d31-9c3f-75b2f55f1d25.wav,1.0
f0787c59-2411-4631-ad65-8219e4ecfa31,coughvid_data/f0787c59-2411-4631-ad65-8219e4ecfa31.wav,coughvid_data/f0787c59-2411-4631-ad65-8219e4ecfa31.wav,0.0
240021ec-048e-431d-9548-11d7c234389e,coughvid_data/240021ec-048e-431d-9548-11d7c234389e.wav,coughvid_data/240021ec-048e-431d-9548-11d7c234389e.wav,1.0
4a198459-ae65-4e81-a489-1eec01708ede,coughvid_data/4a198459-ae65-4e81-a489-1eec01708ede.wav,coughvid_data/4a198459-ae65-4e81-a489-1eec01708ede.wav,0.0
3479b0ef-201c-45ab-a3ac-4daaad3ebeeb,coughvid_data/3479b0ef-201c-45ab-a3ac-4daaad3ebeeb.wav,coughvid_data/3479b0ef-201c-45ab-a3ac-4daaad3ebeeb.wav,1.0
bd37d197-ca29-44fb-bc67-dfcb74494f12,coughvid_data/bd37d197-ca29-44fb-bc67-dfcb74494f12.wav,coughvid_data/bd37d197-ca29-44fb-bc67-dfcb74494f12.wav,0.0
7e581b1f-11dd-4c5f-a3a6-359873863180,coughvid_data/7e581b1f-11dd-4c5f-a3a6-359873863180.wav,coughvid_data/7e581b1f-11dd-4c5f-a3a6-359873863180.wav,1.0
ae5b5d7f-47e2-4fc2-88fd-1d409e43e332,coughvid_data/ae5b5d7f-47e2-4fc2-88fd-1d409e43e332.wav,coughvid_data/ae5b5d7f-47e2-4fc2-88fd-1d409e43e332.wav,1.0
18a802ac-49de-4a7f-88a7-661da575d757,coughvid_data/18a802ac-49de-4a7f-88a7-661da575d757.wav,coughvid_data/18a802ac-49de-4a7f-88a7-661da575d757.wav,0.0
d1ec51b1-b591-415c-abf3-738161350a80,coughvid_data/d1ec51b1-b591-415c-abf3-738161350a80.wav,coughvid_data/d1ec51b1-b591-415c-abf3-738161350a80.wav,0.0
cc999a21-8602-4f04-abf9-a86fb36e3d82,coughvid_data/cc999a21-8602-4f04-abf9-a86fb36e3d82.wav,coughvid_data/cc999a21-8602-4f04-abf9-a86fb36e3d82.wav,0.0
8eda9baf-68f5-4979-a1e9-4c780c67fa71,coughvid_data/8eda9baf-68f5-4979-a1e9-4c780c67fa71.wav,coughvid_data/8eda9baf-68f5-4979-a1e9-4c780c67fa71.wav,1.0
a5591b4d-88a1-49ae-9fc5-189125910bc8,coughvid_data/a5591b4d-88a1-49ae-9fc5-189125910bc8.wav,coughvid_data/a5591b4d-88a1-49ae-9fc5-189125910bc8.wav,0.0
75b49a3a-74a0-4cae-a9ba-de8062658553,coughvid_data/75b49a3a-74a0-4cae-a9ba-de8062658553.wav,coughvid_data/75b49a3a-74a0-4cae-a9ba-de8062658553.wav,1.0
ea03ae90-bf06-46d6-b35b-77d0f66cdecc,coughvid_data/ea03ae90-bf06-46d6-b35b-77d0f66cdecc.wav,coughvid_data/ea03ae90-bf06-46d6-b35b-77d0f66cdecc.wav,0.0
f39168fa-0915-4358-9b5d-8d574a544c11,coughvid_data/f39168fa-0915-4358-9b5d-8d574a544c11.wav,coughvid_data/f39168fa-0915-4358-9b5d-8d574a544c11.wav,1.0
b482ffca-7741-4b94-a8ae-5d496a235a2c,coughvid_data/b482ffca-7741-4b94-a8ae-5d496a235a2c.wav,coughvid_data/b482ffca-7741-4b94-a8ae-5d496a235a2c.wav,0.0
4d0eec0d-6671-4b2b-9e61-0faf056b0673,coughvid_data/4d0eec0d-6671-4b2b-9e61-0faf056b0673.wav,coughvid_data/4d0eec0d-6671-4b2b-9e61-0faf056b0673.wav,0.0
faccd24c-4060-466f-8d36-632a227f8996,coughvid_data/faccd24c-4060-466f-8d36-632a227f8996.wav,coughvid_data/faccd24c-4060-466f-8d36-632a227f8996.wav,0.0
9354c964-d46a-417c-b868-a015f02c6b7e,coughvid_data/9354c964-d46a-417c-b868-a015f02c6b7e.wav,coughvid_data/9354c964-d46a-417c-b868-a015f02c6b7e.wav,1.0
876c7499-059f-4426-ab74-8e58018d6b53,coughvid_data/876c7499-059f-4426-ab74-8e58018d6b53.wav,coughvid_data/876c7499-059f-4426-ab74-8e58018d6b53.wav,0.0
88feb5ab-a901-4127-a3d9-d9386e90ddde,coughvid_data/88feb5ab-a901-4127-a3d9-d9386e90ddde.wav,coughvid_data/88feb5ab-a901-4127-a3d9-d9386e90ddde.wav,1.0
6dca2863-c91d-4cfe-abd8-109f93211793,coughvid_data/6dca2863-c91d-4cfe-abd8-109f93211793.wav,coughvid_data/6dca2863-c91d-4cfe-abd8-109f93211793.wav,1.0
9f2e5d96-7ac5-4b6b-8d67-afebd051d2e1,coughvid_data/9f2e5d96-7ac5-4b6b-8d67-afebd051d2e1.wav,coughvid_data/9f2e5d96-7ac5-4b6b-8d67-afebd051d2e1.wav,1.0
6bfae1c7-43a0-413c-8cc3-f1635e34ad7c,coughvid_data/6bfae1c7-43a0-413c-8cc3-f1635e34ad7c.wav,coughvid_data/6bfae1c7-43a0-413c-8cc3-f1635e34ad7c.wav,1.0
c5131065-cc00-4384-91e7-fe72add0c61e,coughvid_data/c5131065-cc00-4384-91e7-fe72add0c61e.wav,coughvid_data/c5131065-cc00-4384-91e7-fe72add0c61e.wav,0.0
2efb0a76-18e3-40a5-b660-af8c19c9df10,coughvid_data/2efb0a76-18e3-40a5-b660-af8c19c9df10.wav,coughvid_data/2efb0a76-18e3-40a5-b660-af8c19c9df10.wav,0.0
9fbf2299-6c75-4823-840b-34194d03d97e,coughvid_data/9fbf2299-6c75-4823-840b-34194d03d97e.wav,coughvid_data/9fbf2299-6c75-4823-840b-34194d03d97e.wav,0.0
41939054-d8ea-46a3-bd32-d4ff67283fb7,coughvid_data/41939054-d8ea-46a3-bd32-d4ff67283fb7.wav,coughvid_data/41939054-d8ea-46a3-bd32-d4ff67283fb7.wav,1.0
65333946-02e9-4ef2-a664-e7dbca008015,coughvid_data/65333946-02e9-4ef2-a664-e7dbca008015.wav,coughvid_data/65333946-02e9-4ef2-a664-e7dbca008015.wav,1.0
f003e7d6-2902-4c41-bfc6-511dbb68a779,coughvid_data/f003e7d6-2902-4c41-bfc6-511dbb68a779.wav,coughvid_data/f003e7d6-2902-4c41-bfc6-511dbb68a779.wav,1.0
c44ac391-1008-4def-9b0c-23935dbb313c,coughvid_data/c44ac391-1008-4def-9b0c-23935dbb313c.wav,coughvid_data/c44ac391-1008-4def-9b0c-23935dbb313c.wav,0.0
c6e25c88-8014-4f23-b687-2553187ead3e,coughvid_data/c6e25c88-8014-4f23-b687-2553187ead3e.wav,coughvid_data/c6e25c88-8014-4f23-b687-2553187ead3e.wav,1.0
bdf524b4-8c58-4589-910e-1abfcaa61a9b,coughvid_data/bdf524b4-8c58-4589-910e-1abfcaa61a9b.wav,coughvid_data/bdf524b4-8c58-4589-910e-1abfcaa61a9b.wav,1.0
cdd81f89-3fd8-4c93-bd4d-a128a0f4dbe5,coughvid_data/cdd81f89-3fd8-4c93-bd4d-a128a0f4dbe5.wav,coughvid_data/cdd81f89-3fd8-4c93-bd4d-a128a0f4dbe5.wav,0.0
12881ff3-b042-4ea2-b1b4-5fba85525523,coughvid_data/12881ff3-b042-4ea2-b1b4-5fba85525523.wav,coughvid_data/12881ff3-b042-4ea2-b1b4-5fba85525523.wav,1.0
851ce60a-e0cb-4050-8995-605535519a1b,coughvid_data/851ce60a-e0cb-4050-8995-605535519a1b.wav,coughvid_data/851ce60a-e0cb-4050-8995-605535519a1b.wav,1.0
8c05ad24-a569-4fd2-a983-dce98836a4ad,coughvid_data/8c05ad24-a569-4fd2-a983-dce98836a4ad.wav,coughvid_data/8c05ad24-a569-4fd2-a983-dce98836a4ad.wav,0.0
52f91f68-31d3-46a1-bed1-844cbc58d646,coughvid_data/52f91f68-31d3-46a1-bed1-844cbc58d646.wav,coughvid_data/52f91f68-31d3-46a1-bed1-844cbc58d646.wav,1.0
2137ce12-072a-499e-bf8d-5ef099aa4b6b,coughvid_data/2137ce12-072a-499e-bf8d-5ef099aa4b6b.wav,coughvid_data/2137ce12-072a-499e-bf8d-5ef099aa4b6b.wav,1.0
c7f3ee63-00cb-4792-a49a-828c65f98f2e,coughvid_data/c7f3ee63-00cb-4792-a49a-828c65f98f2e.wav,coughvid_data/c7f3ee63-00cb-4792-a49a-828c65f98f2e.wav,0.0
0e7995db-4e0f-43fb-912e-27d75be6841a,coughvid_data/0e7995db-4e0f-43fb-912e-27d75be6841a.wav,coughvid_data/0e7995db-4e0f-43fb-912e-27d75be6841a.wav,0.0
4f20647b-ef9a-4f69-adba-10eeb332e8a6,coughvid_data/4f20647b-ef9a-4f69-adba-10eeb332e8a6.wav,coughvid_data/4f20647b-ef9a-4f69-adba-10eeb332e8a6.wav,0.0
3d15509c-de9f-4a8f-a643-74edf864af42,coughvid_data/3d15509c-de9f-4a8f-a643-74edf864af42.wav,coughvid_data/3d15509c-de9f-4a8f-a643-74edf864af42.wav,1.0
19684060-f03b-4334-a81b-f9b73a97ea70,coughvid_data/19684060-f03b-4334-a81b-f9b73a97ea70.wav,coughvid_data/19684060-f03b-4334-a81b-f9b73a97ea70.wav,0.0
b96f15c4-c838-4421-8185-38105601e7cb,coughvid_data/b96f15c4-c838-4421-8185-38105601e7cb.wav,coughvid_data/b96f15c4-c838-4421-8185-38105601e7cb.wav,1.0
065aa2a8-7252-4f50-a50c-a464941c9417,coughvid_data/065aa2a8-7252-4f50-a50c-a464941c9417.wav,coughvid_data/065aa2a8-7252-4f50-a50c-a464941c9417.wav,1.0
eb0092d2-015c-4c62-b5d1-feb0ec62b0ed,coughvid_data/eb0092d2-015c-4c62-b5d1-feb0ec62b0ed.wav,coughvid_data/eb0092d2-015c-4c62-b5d1-feb0ec62b0ed.wav,0.0
c3382b37-9f19-4379-b488-68f636a6c684,coughvid_data/c3382b37-9f19-4379-b488-68f636a6c684.wav,coughvid_data/c3382b37-9f19-4379-b488-68f636a6c684.wav,1.0
b9d3b2fe-9464-41bb-a514-6f59af1e7d03,coughvid_data/b9d3b2fe-9464-41bb-a514-6f59af1e7d03.wav,coughvid_data/b9d3b2fe-9464-41bb-a514-6f59af1e7d03.wav,0.0
3ebbf7b7-931b-41c5-b0a6-a71b2b1fe65e,coughvid_data/3ebbf7b7-931b-41c5-b0a6-a71b2b1fe65e.wav,coughvid_data/3ebbf7b7-931b-41c5-b0a6-a71b2b1fe65e.wav,0.0
9c2923e5-5f98-412e-b1ce-096dd6d637b2,coughvid_data/9c2923e5-5f98-412e-b1ce-096dd6d637b2.wav,coughvid_data/9c2923e5-5f98-412e-b1ce-096dd6d637b2.wav,0.0
c1128eab-5037-4e48-9f53-bdcb2f524e27,coughvid_data/c1128eab-5037-4e48-9f53-bdcb2f524e27.wav,coughvid_data/c1128eab-5037-4e48-9f53-bdcb2f524e27.wav,1.0
4b048190-c476-40b9-bc2e-e90da1874ab1,coughvid_data/4b048190-c476-40b9-bc2e-e90da1874ab1.wav,coughvid_data/4b048190-c476-40b9-bc2e-e90da1874ab1.wav,0.0
e95fa8ec-64e5-4fb1-afdc-b70bac309dec,coughvid_data/e95fa8ec-64e5-4fb1-afdc-b70bac309dec.wav,coughvid_data/e95fa8ec-64e5-4fb1-afdc-b70bac309dec.wav,1.0
e03f9d25-b298-4613-917a-22a54d0a38f5,coughvid_data/e03f9d25-b298-4613-917a-22a54d0a38f5.wav,coughvid_data/e03f9d25-b298-4613-917a-22a54d0a38f5.wav,1.0
c0cd479c-63b1-47cc-921e-f1aec1da2293,coughvid_data/c0cd479c-63b1-47cc-921e-f1aec1da2293.wav,coughvid_data/c0cd479c-63b1-47cc-921e-f1aec1da2293.wav,1.0
182248f1-f386-4da4-81ca-da9d894ae6db,coughvid_data/182248f1-f386-4da4-81ca-da9d894ae6db.wav,coughvid_data/182248f1-f386-4da4-81ca-da9d894ae6db.wav,0.0
2772c6b5-3569-4e73-af90-79357345b13f,coughvid_data/2772c6b5-3569-4e73-af90-79357345b13f.wav,coughvid_data/2772c6b5-3569-4e73-af90-79357345b13f.wav,0.0
88e341a2-b56b-41d9-aa2f-e164000bfa07,coughvid_data/88e341a2-b56b-41d9-aa2f-e164000bfa07.wav,coughvid_data/88e341a2-b56b-41d9-aa2f-e164000bfa07.wav,0.0
b5808d67-b898-4d8b-b74c-6d3ef7085be4,coughvid_data/b5808d67-b898-4d8b-b74c-6d3ef7085be4.wav,coughvid_data/b5808d67-b898-4d8b-b74c-6d3ef7085be4.wav,1.0
b6336bcb-153a-4795-96b3-ac64ec20097b,coughvid_data/b6336bcb-153a-4795-96b3-ac64ec20097b.wav,coughvid_data/b6336bcb-153a-4795-96b3-ac64ec20097b.wav,1.0
ec5f1226-392d-4f30-8c56-5dadb8da2eb3,coughvid_data/ec5f1226-392d-4f30-8c56-5dadb8da2eb3.wav,coughvid_data/ec5f1226-392d-4f30-8c56-5dadb8da2eb3.wav,0.0
8619bd18-8330-4c83-b3c2-a2ef982ae29b,coughvid_data/8619bd18-8330-4c83-b3c2-a2ef982ae29b.wav,coughvid_data/8619bd18-8330-4c83-b3c2-a2ef982ae29b.wav,1.0
a82f479f-581d-4e2b-91d8-2e219d6b8d56,coughvid_data/a82f479f-581d-4e2b-91d8-2e219d6b8d56.wav,coughvid_data/a82f479f-581d-4e2b-91d8-2e219d6b8d56.wav,1.0
eea41b38-0389-4eb1-8c93-c1832e1fb9b3,coughvid_data/eea41b38-0389-4eb1-8c93-c1832e1fb9b3.wav,coughvid_data/eea41b38-0389-4eb1-8c93-c1832e1fb9b3.wav,1.0
964215fb-87b3-4ec9-b4ce-7023ea72cbcf,coughvid_data/964215fb-87b3-4ec9-b4ce-7023ea72cbcf.wav,coughvid_data/964215fb-87b3-4ec9-b4ce-7023ea72cbcf.wav,0.0
0ed0b9bd-afbb-4869-8c06-55204afc8ff2,coughvid_data/0ed0b9bd-afbb-4869-8c06-55204afc8ff2.wav,coughvid_data/0ed0b9bd-afbb-4869-8c06-55204afc8ff2.wav,1.0
450c72c0-3ba0-4451-b0bc-ff35551c1d45,coughvid_data/450c72c0-3ba0-4451-b0bc-ff35551c1d45.wav,coughvid_data/450c72c0-3ba0-4451-b0bc-ff35551c1d45.wav,0.0
8a7f7d6f-9e97-49e3-9ec9-0174b1df6654,coughvid_data/8a7f7d6f-9e97-49e3-9ec9-0174b1df6654.wav,coughvid_data/8a7f7d6f-9e97-49e3-9ec9-0174b1df6654.wav,0.0
f939c080-a302-4568-b38b-3e7c278455d5,coughvid_data/f939c080-a302-4568-b38b-3e7c278455d5.wav,coughvid_data/f939c080-a302-4568-b38b-3e7c278455d5.wav,0.0
ddf21279-6e80-42b9-8408-ff0f20abdb33,coughvid_data/ddf21279-6e80-42b9-8408-ff0f20abdb33.wav,coughvid_data/ddf21279-6e80-42b9-8408-ff0f20abdb33.wav,0.0
298f5b4d-503f-4df4-b468-94bdee6852d0,coughvid_data/298f5b4d-503f-4df4-b468-94bdee6852d0.wav,coughvid_data/298f5b4d-503f-4df4-b468-94bdee6852d0.wav,1.0
897cc59e-ab3a-440f-97dc-10d382891084,coughvid_data/897cc59e-ab3a-440f-97dc-10d382891084.wav,coughvid_data/897cc59e-ab3a-440f-97dc-10d382891084.wav,0.0
b035a8f5-e806-4ebb-ba40-fab984e29a3c,coughvid_data/b035a8f5-e806-4ebb-ba40-fab984e29a3c.wav,coughvid_data/b035a8f5-e806-4ebb-ba40-fab984e29a3c.wav,0.0
c46d5d08-69e6-48c8-ba31-b2a3983fe5c1,coughvid_data/c46d5d08-69e6-48c8-ba31-b2a3983fe5c1.wav,coughvid_data/c46d5d08-69e6-48c8-ba31-b2a3983fe5c1.wav,0.0
ce36ba1f-d473-407e-ba36-e1ef1a27a234,coughvid_data/ce36ba1f-d473-407e-ba36-e1ef1a27a234.wav,coughvid_data/ce36ba1f-d473-407e-ba36-e1ef1a27a234.wav,0.0
c5a88388-c52a-4eca-b97c-f258ab118f75,coughvid_data/c5a88388-c52a-4eca-b97c-f258ab118f75.wav,coughvid_data/c5a88388-c52a-4eca-b97c-f258ab118f75.wav,1.0
90b052dd-4920-44d6-829e-63d6989f2336,coughvid_data/90b052dd-4920-44d6-829e-63d6989f2336.wav,coughvid_data/90b052dd-4920-44d6-829e-63d6989f2336.wav,0.0
50aeedeb-a901-4812-a0ec-b4981ceef6ba,coughvid_data/50aeedeb-a901-4812-a0ec-b4981ceef6ba.wav,coughvid_data/50aeedeb-a901-4812-a0ec-b4981ceef6ba.wav,1.0
91ac4b16-658f-43b8-b97a-d5c203887005,coughvid_data/91ac4b16-658f-43b8-b97a-d5c203887005.wav,coughvid_data/91ac4b16-658f-43b8-b97a-d5c203887005.wav,1.0
f16aa8e6-f5fc-4153-b652-381d88ecc117,coughvid_data/f16aa8e6-f5fc-4153-b652-381d88ecc117.wav,coughvid_data/f16aa8e6-f5fc-4153-b652-381d88ecc117.wav,1.0
94b0bdd7-2018-493c-b8fd-3823e994f45b,coughvid_data/94b0bdd7-2018-493c-b8fd-3823e994f45b.wav,coughvid_data/94b0bdd7-2018-493c-b8fd-3823e994f45b.wav,1.0
9f0c86c5-8134-43e9-8341-e5bdce7eb124,coughvid_data/9f0c86c5-8134-43e9-8341-e5bdce7eb124.wav,coughvid_data/9f0c86c5-8134-43e9-8341-e5bdce7eb124.wav,1.0
53512e24-64c5-450b-847d-f52cf92892b4,coughvid_data/53512e24-64c5-450b-847d-f52cf92892b4.wav,coughvid_data/53512e24-64c5-450b-847d-f52cf92892b4.wav,1.0
00014dcc-0f06-4c27-8c7b-737b18a2cf4c,coughvid_data/00014dcc-0f06-4c27-8c7b-737b18a2cf4c.wav,coughvid_data/00014dcc-0f06-4c27-8c7b-737b18a2cf4c.wav,0.0
108c8c35-a867-4fe9-bee3-c4392361d385,coughvid_data/108c8c35-a867-4fe9-bee3-c4392361d385.wav,coughvid_data/108c8c35-a867-4fe9-bee3-c4392361d385.wav,1.0
f0c9fdab-53ff-44d4-a61c-8260923a2056,coughvid_data/f0c9fdab-53ff-44d4-a61c-8260923a2056.wav,coughvid_data/f0c9fdab-53ff-44d4-a61c-8260923a2056.wav,1.0
1797f3d7-b828-4e76-a387-1f4ba7eaca7d,coughvid_data/1797f3d7-b828-4e76-a387-1f4ba7eaca7d.wav,coughvid_data/1797f3d7-b828-4e76-a387-1f4ba7eaca7d.wav,0.0
e7d35933-84ce-4e86-9b7b-f0ebccf8b7e5,coughvid_data/e7d35933-84ce-4e86-9b7b-f0ebccf8b7e5.wav,coughvid_data/e7d35933-84ce-4e86-9b7b-f0ebccf8b7e5.wav,1.0
f9e64d15-5ef4-45ce-a2fa-fe1110fc8057,coughvid_data/f9e64d15-5ef4-45ce-a2fa-fe1110fc8057.wav,coughvid_data/f9e64d15-5ef4-45ce-a2fa-fe1110fc8057.wav,0.0
d996fba0-c57a-471b-844f-fd2a1d74d8b1,coughvid_data/d996fba0-c57a-471b-844f-fd2a1d74d8b1.wav,coughvid_data/d996fba0-c57a-471b-844f-fd2a1d74d8b1.wav,0.0
fbd6058a-c99f-4eb8-a40c-4e7d9caa162b,coughvid_data/fbd6058a-c99f-4eb8-a40c-4e7d9caa162b.wav,coughvid_data/fbd6058a-c99f-4eb8-a40c-4e7d9caa162b.wav,0.0
1bb57b2e-057c-4afb-b8b7-3864621504d1,coughvid_data/1bb57b2e-057c-4afb-b8b7-3864621504d1.wav,coughvid_data/1bb57b2e-057c-4afb-b8b7-3864621504d1.wav,1.0
74acb252-1606-40dd-981d-d60fe9660aeb,coughvid_data/74acb252-1606-40dd-981d-d60fe9660aeb.wav,coughvid_data/74acb252-1606-40dd-981d-d60fe9660aeb.wav,1.0
113bc377-b061-4550-bc69-c0ce659c84fa,coughvid_data/113bc377-b061-4550-bc69-c0ce659c84fa.wav,coughvid_data/113bc377-b061-4550-bc69-c0ce659c84fa.wav,1.0
9c4f84c3-37ee-4caf-8e9d-7b2dcbac2761,coughvid_data/9c4f84c3-37ee-4caf-8e9d-7b2dcbac2761.wav,coughvid_data/9c4f84c3-37ee-4caf-8e9d-7b2dcbac2761.wav,0.0
5aa75159-7f63-4981-a6f8-91c94520ba3b,coughvid_data/5aa75159-7f63-4981-a6f8-91c94520ba3b.wav,coughvid_data/5aa75159-7f63-4981-a6f8-91c94520ba3b.wav,1.0
b731fd6c-9a70-4aab-a5c9-c7f54801a902,coughvid_data/b731fd6c-9a70-4aab-a5c9-c7f54801a902.wav,coughvid_data/b731fd6c-9a70-4aab-a5c9-c7f54801a902.wav,0.0
49cc8b94-838b-4b23-9fb1-8d9384520634,coughvid_data/49cc8b94-838b-4b23-9fb1-8d9384520634.wav,coughvid_data/49cc8b94-838b-4b23-9fb1-8d9384520634.wav,1.0
0e282cc8-cede-45e5-bfc7-5f55cd0a6482,coughvid_data/0e282cc8-cede-45e5-bfc7-5f55cd0a6482.wav,coughvid_data/0e282cc8-cede-45e5-bfc7-5f55cd0a6482.wav,0.0
35f68b0d-b667-430b-abee-834d69f6df61,coughvid_data/35f68b0d-b667-430b-abee-834d69f6df61.wav,coughvid_data/35f68b0d-b667-430b-abee-834d69f6df61.wav,1.0
0a20c162-bf07-4f79-9d5d-5e6101ae20ab,coughvid_data/0a20c162-bf07-4f79-9d5d-5e6101ae20ab.wav,coughvid_data/0a20c162-bf07-4f79-9d5d-5e6101ae20ab.wav,1.0
660f52df-42dc-49e9-ac87-473c6db99d17,coughvid_data/660f52df-42dc-49e9-ac87-473c6db99d17.wav,coughvid_data/660f52df-42dc-49e9-ac87-473c6db99d17.wav,1.0
0910f7d1-5b45-42b5-9a92-727d41def322,coughvid_data/0910f7d1-5b45-42b5-9a92-727d41def322.wav,coughvid_data/0910f7d1-5b45-42b5-9a92-727d41def322.wav,0.0
eace5f0f-09bc-42d9-a46b-01cbe774ce5c,coughvid_data/eace5f0f-09bc-42d9-a46b-01cbe774ce5c.wav,coughvid_data/eace5f0f-09bc-42d9-a46b-01cbe774ce5c.wav,0.0
c0d7bafa-c14a-4db6-821b-5d6c348263c3,coughvid_data/c0d7bafa-c14a-4db6-821b-5d6c348263c3.wav,coughvid_data/c0d7bafa-c14a-4db6-821b-5d6c348263c3.wav,1.0
62d989b2-d24e-4a90-bdad-54c74b21bf31,coughvid_data/62d989b2-d24e-4a90-bdad-54c74b21bf31.wav,coughvid_data/62d989b2-d24e-4a90-bdad-54c74b21bf31.wav,0.0
4f468032-6c4f-438b-9f19-219859552c5d,coughvid_data/4f468032-6c4f-438b-9f19-219859552c5d.wav,coughvid_data/4f468032-6c4f-438b-9f19-219859552c5d.wav,1.0
a83bbc87-5d53-428e-837b-497f1bacc536,coughvid_data/a83bbc87-5d53-428e-837b-497f1bacc536.wav,coughvid_data/a83bbc87-5d53-428e-837b-497f1bacc536.wav,1.0
cd1a61c2-7efc-4b11-9ec0-a7261a050653,coughvid_data/cd1a61c2-7efc-4b11-9ec0-a7261a050653.wav,coughvid_data/cd1a61c2-7efc-4b11-9ec0-a7261a050653.wav,1.0
09c55d69-1487-4ea6-9526-27092b506351,coughvid_data/09c55d69-1487-4ea6-9526-27092b506351.wav,coughvid_data/09c55d69-1487-4ea6-9526-27092b506351.wav,0.0
62fe7e9c-24dc-41ad-95eb-184bf3bf6b56,coughvid_data/62fe7e9c-24dc-41ad-95eb-184bf3bf6b56.wav,coughvid_data/62fe7e9c-24dc-41ad-95eb-184bf3bf6b56.wav,1.0
561020cb-75f1-421f-96b0-09395984c3b1,coughvid_data/561020cb-75f1-421f-96b0-09395984c3b1.wav,coughvid_data/561020cb-75f1-421f-96b0-09395984c3b1.wav,1.0
e8f4b378-f21c-40a6-add1-2831323f544e,coughvid_data/e8f4b378-f21c-40a6-add1-2831323f544e.wav,coughvid_data/e8f4b378-f21c-40a6-add1-2831323f544e.wav,0.0
2da2b65c-a06b-48c8-848f-fd905acb9b0a,coughvid_data/2da2b65c-a06b-48c8-848f-fd905acb9b0a.wav,coughvid_data/2da2b65c-a06b-48c8-848f-fd905acb9b0a.wav,1.0
aeeb58ec-cefc-4d57-b2f5-db03cf502ae4,coughvid_data/aeeb58ec-cefc-4d57-b2f5-db03cf502ae4.wav,coughvid_data/aeeb58ec-cefc-4d57-b2f5-db03cf502ae4.wav,0.0
4665bad2-a033-4b42-a438-a6ad01c63035,coughvid_data/4665bad2-a033-4b42-a438-a6ad01c63035.wav,coughvid_data/4665bad2-a033-4b42-a438-a6ad01c63035.wav,1.0
1add9b29-ef49-4a03-b38f-c9391161e7bf,coughvid_data/1add9b29-ef49-4a03-b38f-c9391161e7bf.wav,coughvid_data/1add9b29-ef49-4a03-b38f-c9391161e7bf.wav,1.0
d0819fab-e120-48ee-8ed6-075ec4e5a59e,coughvid_data/d0819fab-e120-48ee-8ed6-075ec4e5a59e.wav,coughvid_data/d0819fab-e120-48ee-8ed6-075ec4e5a59e.wav,1.0
a897d9e6-a8d7-4529-ba30-1d8b561069b7,coughvid_data/a897d9e6-a8d7-4529-ba30-1d8b561069b7.wav,coughvid_data/a897d9e6-a8d7-4529-ba30-1d8b561069b7.wav,1.0
07f69d0a-e82f-4d98-aad1-61badf33acf6,coughvid_data/07f69d0a-e82f-4d98-aad1-61badf33acf6.wav,coughvid_data/07f69d0a-e82f-4d98-aad1-61badf33acf6.wav,0.0
4d718fbb-6769-4a6e-9d86-d9e5e2dac9db,coughvid_data/4d718fbb-6769-4a6e-9d86-d9e5e2dac9db.wav,coughvid_data/4d718fbb-6769-4a6e-9d86-d9e5e2dac9db.wav,1.0
a3a59be9-d275-478f-a8f7-a53550fc63fd,coughvid_data/a3a59be9-d275-478f-a8f7-a53550fc63fd.wav,coughvid_data/a3a59be9-d275-478f-a8f7-a53550fc63fd.wav,0.0
c0643c65-15f1-4f25-9f4e-d42541cca1b8,coughvid_data/c0643c65-15f1-4f25-9f4e-d42541cca1b8.wav,coughvid_data/c0643c65-15f1-4f25-9f4e-d42541cca1b8.wav,1.0
7ddcfeb1-bde3-4e69-a790-432c6f92d4aa,coughvid_data/7ddcfeb1-bde3-4e69-a790-432c6f92d4aa.wav,coughvid_data/7ddcfeb1-bde3-4e69-a790-432c6f92d4aa.wav,1.0
26c41994-6a00-4168-92f5-83f8cff2be9d,coughvid_data/26c41994-6a00-4168-92f5-83f8cff2be9d.wav,coughvid_data/26c41994-6a00-4168-92f5-83f8cff2be9d.wav,0.0
0f6473ef-1762-455b-8bd6-2939bc57880c,coughvid_data/0f6473ef-1762-455b-8bd6-2939bc57880c.wav,coughvid_data/0f6473ef-1762-455b-8bd6-2939bc57880c.wav,1.0
fb6e4eac-fba3-4ab4-95ae-53488da9b68b,coughvid_data/fb6e4eac-fba3-4ab4-95ae-53488da9b68b.wav,coughvid_data/fb6e4eac-fba3-4ab4-95ae-53488da9b68b.wav,1.0
2cfd466b-baa2-43f2-be7a-be2fb0e6dd66,coughvid_data/2cfd466b-baa2-43f2-be7a-be2fb0e6dd66.wav,coughvid_data/2cfd466b-baa2-43f2-be7a-be2fb0e6dd66.wav,1.0
070b4c08-88e7-4a9d-9462-3d26fe792c2a,coughvid_data/070b4c08-88e7-4a9d-9462-3d26fe792c2a.wav,coughvid_data/070b4c08-88e7-4a9d-9462-3d26fe792c2a.wav,1.0
5f09057a-4014-4473-9a13-093d6996c9cf,coughvid_data/5f09057a-4014-4473-9a13-093d6996c9cf.wav,coughvid_data/5f09057a-4014-4473-9a13-093d6996c9cf.wav,1.0
e8e2791f-61b7-4390-a8f8-6c6bc75ee6d3,coughvid_data/e8e2791f-61b7-4390-a8f8-6c6bc75ee6d3.wav,coughvid_data/e8e2791f-61b7-4390-a8f8-6c6bc75ee6d3.wav,0.0
9fc32a3e-36f3-40c9-ae7f-17320e9868d8,coughvid_data/9fc32a3e-36f3-40c9-ae7f-17320e9868d8.wav,coughvid_data/9fc32a3e-36f3-40c9-ae7f-17320e9868d8.wav,0.0
8b3f9124-a46c-4b7b-b05d-64997f674611,coughvid_data/8b3f9124-a46c-4b7b-b05d-64997f674611.wav,coughvid_data/8b3f9124-a46c-4b7b-b05d-64997f674611.wav,0.0
b69cdcec-7ecc-4d94-b557-ed22b836ecbf,coughvid_data/b69cdcec-7ecc-4d94-b557-ed22b836ecbf.wav,coughvid_data/b69cdcec-7ecc-4d94-b557-ed22b836ecbf.wav,1.0
ed498727-e25e-4334-9d31-f35bbae58799,coughvid_data/ed498727-e25e-4334-9d31-f35bbae58799.wav,coughvid_data/ed498727-e25e-4334-9d31-f35bbae58799.wav,0.0
81533ce5-a4df-499a-825f-3739d722a314,coughvid_data/81533ce5-a4df-499a-825f-3739d722a314.wav,coughvid_data/81533ce5-a4df-499a-825f-3739d722a314.wav,1.0
7a662705-8d8b-4bd7-9f48-aa4cd4eadde1,coughvid_data/7a662705-8d8b-4bd7-9f48-aa4cd4eadde1.wav,coughvid_data/7a662705-8d8b-4bd7-9f48-aa4cd4eadde1.wav,1.0
14d9315c-b0a7-4cc7-a869-c05ef38ddf7c,coughvid_data/14d9315c-b0a7-4cc7-a869-c05ef38ddf7c.wav,coughvid_data/14d9315c-b0a7-4cc7-a869-c05ef38ddf7c.wav,1.0
c6b26873-3cd8-448e-adc8-96611c1752ef,coughvid_data/c6b26873-3cd8-448e-adc8-96611c1752ef.wav,coughvid_data/c6b26873-3cd8-448e-adc8-96611c1752ef.wav,1.0
dbe5d920-681b-4869-8aa5-ab2e1d8b9b6e,coughvid_data/dbe5d920-681b-4869-8aa5-ab2e1d8b9b6e.wav,coughvid_data/dbe5d920-681b-4869-8aa5-ab2e1d8b9b6e.wav,0.0
bb12864a-cb91-420c-a83f-6acc2df50761,coughvid_data/bb12864a-cb91-420c-a83f-6acc2df50761.wav,coughvid_data/bb12864a-cb91-420c-a83f-6acc2df50761.wav,0.0
8901cbb8-e998-4562-ab79-ef044c14910a,coughvid_data/8901cbb8-e998-4562-ab79-ef044c14910a.wav,coughvid_data/8901cbb8-e998-4562-ab79-ef044c14910a.wav,0.0
bddac73f-d8ba-46c9-b7f5-219d8ee2e568,coughvid_data/bddac73f-d8ba-46c9-b7f5-219d8ee2e568.wav,coughvid_data/bddac73f-d8ba-46c9-b7f5-219d8ee2e568.wav,0.0
dad8528a-e82c-4c46-8dfd-ada8571cd14a,coughvid_data/dad8528a-e82c-4c46-8dfd-ada8571cd14a.wav,coughvid_data/dad8528a-e82c-4c46-8dfd-ada8571cd14a.wav,1.0
2ac8ee61-b34f-4511-8ee3-ab0207375d86,coughvid_data/2ac8ee61-b34f-4511-8ee3-ab0207375d86.wav,coughvid_data/2ac8ee61-b34f-4511-8ee3-ab0207375d86.wav,1.0
2f96a333-da34-40aa-ac4b-52a70f46c506,coughvid_data/2f96a333-da34-40aa-ac4b-52a70f46c506.wav,coughvid_data/2f96a333-da34-40aa-ac4b-52a70f46c506.wav,0.0
1484e3ae-a55f-4a3a-bce2-bb39a1facafa,coughvid_data/1484e3ae-a55f-4a3a-bce2-bb39a1facafa.wav,coughvid_data/1484e3ae-a55f-4a3a-bce2-bb39a1facafa.wav,1.0
f17998d5-0d6e-4317-9ebc-19772da025f3,coughvid_data/f17998d5-0d6e-4317-9ebc-19772da025f3.wav,coughvid_data/f17998d5-0d6e-4317-9ebc-19772da025f3.wav,1.0
8b0c699b-dca8-4ed0-bf4b-319774d31c54,coughvid_data/8b0c699b-dca8-4ed0-bf4b-319774d31c54.wav,coughvid_data/8b0c699b-dca8-4ed0-bf4b-319774d31c54.wav,1.0
f1587b34-1954-44bc-96ba-8fd478cd0559,coughvid_data/f1587b34-1954-44bc-96ba-8fd478cd0559.wav,coughvid_data/f1587b34-1954-44bc-96ba-8fd478cd0559.wav,0.0
63f57d6b-36e1-46f9-8cb3-8f102d348ca1,coughvid_data/63f57d6b-36e1-46f9-8cb3-8f102d348ca1.wav,coughvid_data/63f57d6b-36e1-46f9-8cb3-8f102d348ca1.wav,1.0
b66d8bc9-c404-4763-b4d5-37064257b161,coughvid_data/b66d8bc9-c404-4763-b4d5-37064257b161.wav,coughvid_data/b66d8bc9-c404-4763-b4d5-37064257b161.wav,1.0
699446d5-5755-4f69-8b06-2b5adf9e9db0,coughvid_data/699446d5-5755-4f69-8b06-2b5adf9e9db0.wav,coughvid_data/699446d5-5755-4f69-8b06-2b5adf9e9db0.wav,1.0
648dd792-f890-4fd9-b097-cb491c776350,coughvid_data/648dd792-f890-4fd9-b097-cb491c776350.wav,coughvid_data/648dd792-f890-4fd9-b097-cb491c776350.wav,1.0
758ffc6c-d849-4b7b-9de3-c6fa91f6a69d,coughvid_data/758ffc6c-d849-4b7b-9de3-c6fa91f6a69d.wav,coughvid_data/758ffc6c-d849-4b7b-9de3-c6fa91f6a69d.wav,0.0
4b1c67dd-115f-4b06-a3f0-79fd60fbd2ae,coughvid_data/4b1c67dd-115f-4b06-a3f0-79fd60fbd2ae.wav,coughvid_data/4b1c67dd-115f-4b06-a3f0-79fd60fbd2ae.wav,1.0
bd5a409a-62d1-4576-a376-32948e412f7f,coughvid_data/bd5a409a-62d1-4576-a376-32948e412f7f.wav,coughvid_data/bd5a409a-62d1-4576-a376-32948e412f7f.wav,0.0
80515344-2895-43cd-8a64-c98b37a4979f,coughvid_data/80515344-2895-43cd-8a64-c98b37a4979f.wav,coughvid_data/80515344-2895-43cd-8a64-c98b37a4979f.wav,1.0
6bd21d69-f5b4-489e-86c7-0d053f57900d,coughvid_data/6bd21d69-f5b4-489e-86c7-0d053f57900d.wav,coughvid_data/6bd21d69-f5b4-489e-86c7-0d053f57900d.wav,0.0
44c295f9-5176-41ce-a1e2-f94633b9b57b,coughvid_data/44c295f9-5176-41ce-a1e2-f94633b9b57b.wav,coughvid_data/44c295f9-5176-41ce-a1e2-f94633b9b57b.wav,1.0
3a85f6c5-96ff-4aef-aad6-b4df1baaa63d,coughvid_data/3a85f6c5-96ff-4aef-aad6-b4df1baaa63d.wav,coughvid_data/3a85f6c5-96ff-4aef-aad6-b4df1baaa63d.wav,0.0
70450999-745c-43ec-b117-3eefa1b10476,coughvid_data/70450999-745c-43ec-b117-3eefa1b10476.wav,coughvid_data/70450999-745c-43ec-b117-3eefa1b10476.wav,1.0
9f03fde0-1387-40ad-b6de-9cc890e2d3b8,coughvid_data/9f03fde0-1387-40ad-b6de-9cc890e2d3b8.wav,coughvid_data/9f03fde0-1387-40ad-b6de-9cc890e2d3b8.wav,0.0
ab5534b6-43f0-49ca-96da-7296282caca6,coughvid_data/ab5534b6-43f0-49ca-96da-7296282caca6.wav,coughvid_data/ab5534b6-43f0-49ca-96da-7296282caca6.wav,0.0
58e97e67-8e5a-4baa-9a75-833f06e4b7a7,coughvid_data/58e97e67-8e5a-4baa-9a75-833f06e4b7a7.wav,coughvid_data/58e97e67-8e5a-4baa-9a75-833f06e4b7a7.wav,0.0
743a05f5-ca49-4b57-a882-6c0655239c43,coughvid_data/743a05f5-ca49-4b57-a882-6c0655239c43.wav,coughvid_data/743a05f5-ca49-4b57-a882-6c0655239c43.wav,0.0
ca318155-dd3f-45f4-aa48-82cf6f10c0d2,coughvid_data/ca318155-dd3f-45f4-aa48-82cf6f10c0d2.wav,coughvid_data/ca318155-dd3f-45f4-aa48-82cf6f10c0d2.wav,1.0
14ce9bf1-2d6c-458c-93a6-98e24c8b67ca,coughvid_data/14ce9bf1-2d6c-458c-93a6-98e24c8b67ca.wav,coughvid_data/14ce9bf1-2d6c-458c-93a6-98e24c8b67ca.wav,1.0
d660cbf5-528a-4cd2-b741-a10e9cba1ccd,coughvid_data/d660cbf5-528a-4cd2-b741-a10e9cba1ccd.wav,coughvid_data/d660cbf5-528a-4cd2-b741-a10e9cba1ccd.wav,1.0
2d73db02-29f6-4353-a7e2-1f89e9b7cef7,coughvid_data/2d73db02-29f6-4353-a7e2-1f89e9b7cef7.wav,coughvid_data/2d73db02-29f6-4353-a7e2-1f89e9b7cef7.wav,1.0
c9535c7a-38ae-47ab-b81c-d83fae918417,coughvid_data/c9535c7a-38ae-47ab-b81c-d83fae918417.wav,coughvid_data/c9535c7a-38ae-47ab-b81c-d83fae918417.wav,0.0
050f1a15-36d3-4116-96e5-cd6dbf703530,coughvid_data/050f1a15-36d3-4116-96e5-cd6dbf703530.wav,coughvid_data/050f1a15-36d3-4116-96e5-cd6dbf703530.wav,0.0
3b80981e-d012-4599-95b1-0645d31053db,coughvid_data/3b80981e-d012-4599-95b1-0645d31053db.wav,coughvid_data/3b80981e-d012-4599-95b1-0645d31053db.wav,0.0
80d4fc1e-efaa-4b2b-8bc2-eaf64dc11936,coughvid_data/80d4fc1e-efaa-4b2b-8bc2-eaf64dc11936.wav,coughvid_data/80d4fc1e-efaa-4b2b-8bc2-eaf64dc11936.wav,0.0
81a9a512-b01f-4115-bf8c-f60728fdf0dc,coughvid_data/81a9a512-b01f-4115-bf8c-f60728fdf0dc.wav,coughvid_data/81a9a512-b01f-4115-bf8c-f60728fdf0dc.wav,1.0
85d0222c-3a14-473a-8823-c2216254444f,coughvid_data/85d0222c-3a14-473a-8823-c2216254444f.wav,coughvid_data/85d0222c-3a14-473a-8823-c2216254444f.wav,0.0
6b66316d-32c0-40a1-b853-311bd66cbbd9,coughvid_data/6b66316d-32c0-40a1-b853-311bd66cbbd9.wav,coughvid_data/6b66316d-32c0-40a1-b853-311bd66cbbd9.wav,0.0
9e5f0bd4-0b0f-45d8-8a30-942d16ebd737,coughvid_data/9e5f0bd4-0b0f-45d8-8a30-942d16ebd737.wav,coughvid_data/9e5f0bd4-0b0f-45d8-8a30-942d16ebd737.wav,1.0
fa539351-bc4d-4424-8fd5-4ca7a009111b,coughvid_data/fa539351-bc4d-4424-8fd5-4ca7a009111b.wav,coughvid_data/fa539351-bc4d-4424-8fd5-4ca7a009111b.wav,1.0
e7d77033-3d47-4bc8-9d07-93b4e0134b83,coughvid_data/e7d77033-3d47-4bc8-9d07-93b4e0134b83.wav,coughvid_data/e7d77033-3d47-4bc8-9d07-93b4e0134b83.wav,1.0
1b1df583-1e77-4fd2-bfb3-399f5113195c,coughvid_data/1b1df583-1e77-4fd2-bfb3-399f5113195c.wav,coughvid_data/1b1df583-1e77-4fd2-bfb3-399f5113195c.wav,0.0
4bbb9966-9fbf-4944-9dfa-c6a0a18b7774,coughvid_data/4bbb9966-9fbf-4944-9dfa-c6a0a18b7774.wav,coughvid_data/4bbb9966-9fbf-4944-9dfa-c6a0a18b7774.wav,0.0
607d711a-d1e0-4677-aa4a-25d96684cc8b,coughvid_data/607d711a-d1e0-4677-aa4a-25d96684cc8b.wav,coughvid_data/607d711a-d1e0-4677-aa4a-25d96684cc8b.wav,0.0
2ee6a1a3-2c9e-485a-8393-81c6590ffeeb,coughvid_data/2ee6a1a3-2c9e-485a-8393-81c6590ffeeb.wav,coughvid_data/2ee6a1a3-2c9e-485a-8393-81c6590ffeeb.wav,1.0
5ba7a502-2160-4edd-a3b1-76a1a1ee4e33,coughvid_data/5ba7a502-2160-4edd-a3b1-76a1a1ee4e33.wav,coughvid_data/5ba7a502-2160-4edd-a3b1-76a1a1ee4e33.wav,1.0
1dd6d0ea-5faa-4335-b654-8a8cba802174,coughvid_data/1dd6d0ea-5faa-4335-b654-8a8cba802174.wav,coughvid_data/1dd6d0ea-5faa-4335-b654-8a8cba802174.wav,1.0
31430f67-35ef-4b67-82e2-6951a8dbe286,coughvid_data/31430f67-35ef-4b67-82e2-6951a8dbe286.wav,coughvid_data/31430f67-35ef-4b67-82e2-6951a8dbe286.wav,1.0
40696ec5-2401-4a9e-9a1c-c385db1eb3e1,coughvid_data/40696ec5-2401-4a9e-9a1c-c385db1eb3e1.wav,coughvid_data/40696ec5-2401-4a9e-9a1c-c385db1eb3e1.wav,1.0
86fc8f61-adb3-4342-b4b8-bc4655a8f586,coughvid_data/86fc8f61-adb3-4342-b4b8-bc4655a8f586.wav,coughvid_data/86fc8f61-adb3-4342-b4b8-bc4655a8f586.wav,0.0
93d36f3e-2008-44cc-af6f-adb012cef434,coughvid_data/93d36f3e-2008-44cc-af6f-adb012cef434.wav,coughvid_data/93d36f3e-2008-44cc-af6f-adb012cef434.wav,1.0
518cd1ca-c16d-4183-ac06-fef3302de360,coughvid_data/518cd1ca-c16d-4183-ac06-fef3302de360.wav,coughvid_data/518cd1ca-c16d-4183-ac06-fef3302de360.wav,0.0
60d38d93-0597-4d18-9942-aa2704e697c2,coughvid_data/60d38d93-0597-4d18-9942-aa2704e697c2.wav,coughvid_data/60d38d93-0597-4d18-9942-aa2704e697c2.wav,0.0
910321be-ac21-4a66-a484-866cede86c41,coughvid_data/910321be-ac21-4a66-a484-866cede86c41.wav,coughvid_data/910321be-ac21-4a66-a484-866cede86c41.wav,1.0
21d42a5c-7d62-4ba5-b5e5-fc58abfc95f9,coughvid_data/21d42a5c-7d62-4ba5-b5e5-fc58abfc95f9.wav,coughvid_data/21d42a5c-7d62-4ba5-b5e5-fc58abfc95f9.wav,1.0
bff01266-cd89-4c43-ab2c-19c980eadcf9,coughvid_data/bff01266-cd89-4c43-ab2c-19c980eadcf9.wav,coughvid_data/bff01266-cd89-4c43-ab2c-19c980eadcf9.wav,0.0
1d39bd1a-3b49-4515-8c30-36c92a65da36,coughvid_data/1d39bd1a-3b49-4515-8c30-36c92a65da36.wav,coughvid_data/1d39bd1a-3b49-4515-8c30-36c92a65da36.wav,0.0
9fa99ea1-214b-4586-b860-d2664506ef1f,coughvid_data/9fa99ea1-214b-4586-b860-d2664506ef1f.wav,coughvid_data/9fa99ea1-214b-4586-b860-d2664506ef1f.wav,1.0
edd2f238-e16e-4f55-bec2-66fe017d0536,coughvid_data/edd2f238-e16e-4f55-bec2-66fe017d0536.wav,coughvid_data/edd2f238-e16e-4f55-bec2-66fe017d0536.wav,0.0
a8aca254-8389-4930-908c-a63dd3b1cc66,coughvid_data/a8aca254-8389-4930-908c-a63dd3b1cc66.wav,coughvid_data/a8aca254-8389-4930-908c-a63dd3b1cc66.wav,1.0
690b9a1e-07e0-4be0-9c50-aa9657ed4b13,coughvid_data/690b9a1e-07e0-4be0-9c50-aa9657ed4b13.wav,coughvid_data/690b9a1e-07e0-4be0-9c50-aa9657ed4b13.wav,1.0
28d0e859-6c84-439a-bbd6-7753ff6cd950,coughvid_data/28d0e859-6c84-439a-bbd6-7753ff6cd950.wav,coughvid_data/28d0e859-6c84-439a-bbd6-7753ff6cd950.wav,1.0
4f96cf14-73f0-45b8-bdb1-6075190e687d,coughvid_data/4f96cf14-73f0-45b8-bdb1-6075190e687d.wav,coughvid_data/4f96cf14-73f0-45b8-bdb1-6075190e687d.wav,0.0
6868da77-a36a-4fb4-afa5-aba26bd2bbd5,coughvid_data/6868da77-a36a-4fb4-afa5-aba26bd2bbd5.wav,coughvid_data/6868da77-a36a-4fb4-afa5-aba26bd2bbd5.wav,1.0
62a60e4e-eab7-4574-9f04-c6a3cbfdc6f4,coughvid_data/62a60e4e-eab7-4574-9f04-c6a3cbfdc6f4.wav,coughvid_data/62a60e4e-eab7-4574-9f04-c6a3cbfdc6f4.wav,1.0
9c121206-2d76-40b1-bbd0-4b1f483adada,coughvid_data/9c121206-2d76-40b1-bbd0-4b1f483adada.wav,coughvid_data/9c121206-2d76-40b1-bbd0-4b1f483adada.wav,1.0
194b0ac1-c805-43a1-a5ea-0ab1c0d96e26,coughvid_data/194b0ac1-c805-43a1-a5ea-0ab1c0d96e26.wav,coughvid_data/194b0ac1-c805-43a1-a5ea-0ab1c0d96e26.wav,1.0
69775f7c-e5c7-4a49-81d5-ba789f0da091,coughvid_data/69775f7c-e5c7-4a49-81d5-ba789f0da091.wav,coughvid_data/69775f7c-e5c7-4a49-81d5-ba789f0da091.wav,0.0
32c383f2-5de2-43f7-ad34-f7cd72da44a2,coughvid_data/32c383f2-5de2-43f7-ad34-f7cd72da44a2.wav,coughvid_data/32c383f2-5de2-43f7-ad34-f7cd72da44a2.wav,1.0
75c2314e-7c56-403b-a0ec-e490bf1b9430,coughvid_data/75c2314e-7c56-403b-a0ec-e490bf1b9430.wav,coughvid_data/75c2314e-7c56-403b-a0ec-e490bf1b9430.wav,0.0
e44cfe56-5c56-4fa0-99a0-df1448ae17a5,coughvid_data/e44cfe56-5c56-4fa0-99a0-df1448ae17a5.wav,coughvid_data/e44cfe56-5c56-4fa0-99a0-df1448ae17a5.wav,0.0
6ba0829b-5840-480d-8db5-1ca39a95159a,coughvid_data/6ba0829b-5840-480d-8db5-1ca39a95159a.wav,coughvid_data/6ba0829b-5840-480d-8db5-1ca39a95159a.wav,0.0
c6484e1b-d3bf-4937-bfc9-530fc46ed6f8,coughvid_data/c6484e1b-d3bf-4937-bfc9-530fc46ed6f8.wav,coughvid_data/c6484e1b-d3bf-4937-bfc9-530fc46ed6f8.wav,1.0
e63e5ac4-fe3f-4c1a-8b22-cdce3350f8bf,coughvid_data/e63e5ac4-fe3f-4c1a-8b22-cdce3350f8bf.wav,coughvid_data/e63e5ac4-fe3f-4c1a-8b22-cdce3350f8bf.wav,1.0
cceda29c-3d1f-49d6-aa0b-af92a0e8677c,coughvid_data/cceda29c-3d1f-49d6-aa0b-af92a0e8677c.wav,coughvid_data/cceda29c-3d1f-49d6-aa0b-af92a0e8677c.wav,1.0
46f90a99-e75b-43b4-8057-69aea92a4022,coughvid_data/46f90a99-e75b-43b4-8057-69aea92a4022.wav,coughvid_data/46f90a99-e75b-43b4-8057-69aea92a4022.wav,0.0
6ef8f259-aa48-47c9-bd2a-8788e132accd,coughvid_data/6ef8f259-aa48-47c9-bd2a-8788e132accd.wav,coughvid_data/6ef8f259-aa48-47c9-bd2a-8788e132accd.wav,1.0
3ad9f2a0-d82c-485e-b578-d359c436c8b1,coughvid_data/3ad9f2a0-d82c-485e-b578-d359c436c8b1.wav,coughvid_data/3ad9f2a0-d82c-485e-b578-d359c436c8b1.wav,0.0
10ac69a0-a232-4589-abae-b71d4190fcb1,coughvid_data/10ac69a0-a232-4589-abae-b71d4190fcb1.wav,coughvid_data/10ac69a0-a232-4589-abae-b71d4190fcb1.wav,0.0
9d96921d-ddef-4f34-8fdb-cb8e50adfb7a,coughvid_data/9d96921d-ddef-4f34-8fdb-cb8e50adfb7a.wav,coughvid_data/9d96921d-ddef-4f34-8fdb-cb8e50adfb7a.wav,1.0
65cf434b-20f0-4ca0-acdf-2cb3cc39810f,coughvid_data/65cf434b-20f0-4ca0-acdf-2cb3cc39810f.wav,coughvid_data/65cf434b-20f0-4ca0-acdf-2cb3cc39810f.wav,1.0
0dd11c18-9d32-4c8c-96a6-383a083e812a,coughvid_data/0dd11c18-9d32-4c8c-96a6-383a083e812a.wav,coughvid_data/0dd11c18-9d32-4c8c-96a6-383a083e812a.wav,0.0
3c37894f-f0ee-4548-bbfb-c67b94f1cc33,coughvid_data/3c37894f-f0ee-4548-bbfb-c67b94f1cc33.wav,coughvid_data/3c37894f-f0ee-4548-bbfb-c67b94f1cc33.wav,0.0
d55e6489-a597-4da5-9b1a-fbb6ed0a1aa3,coughvid_data/d55e6489-a597-4da5-9b1a-fbb6ed0a1aa3.wav,coughvid_data/d55e6489-a597-4da5-9b1a-fbb6ed0a1aa3.wav,1.0
f5e0a83f-f682-4f38-b5c6-83c7c7cefc5c,coughvid_data/f5e0a83f-f682-4f38-b5c6-83c7c7cefc5c.wav,coughvid_data/f5e0a83f-f682-4f38-b5c6-83c7c7cefc5c.wav,0.0
c1dee1a7-6e2a-4fe0-88b0-efa8ec09406e,coughvid_data/c1dee1a7-6e2a-4fe0-88b0-efa8ec09406e.wav,coughvid_data/c1dee1a7-6e2a-4fe0-88b0-efa8ec09406e.wav,1.0
be6229ea-d985-4765-bfee-41b24753ded6,coughvid_data/be6229ea-d985-4765-bfee-41b24753ded6.wav,coughvid_data/be6229ea-d985-4765-bfee-41b24753ded6.wav,0.0
8dfe0ab5-45c7-4009-a917-02ae38bd21a1,coughvid_data/8dfe0ab5-45c7-4009-a917-02ae38bd21a1.wav,coughvid_data/8dfe0ab5-45c7-4009-a917-02ae38bd21a1.wav,0.0
5bf83953-3f54-4c1f-a29b-068465f11947,coughvid_data/5bf83953-3f54-4c1f-a29b-068465f11947.wav,coughvid_data/5bf83953-3f54-4c1f-a29b-068465f11947.wav,1.0
0cc0ccfb-674f-4e9b-b6f3-539478d6d08d,coughvid_data/0cc0ccfb-674f-4e9b-b6f3-539478d6d08d.wav,coughvid_data/0cc0ccfb-674f-4e9b-b6f3-539478d6d08d.wav,1.0
e1efe78b-bfdd-43ef-b5db-2e7ca8dfd854,coughvid_data/e1efe78b-bfdd-43ef-b5db-2e7ca8dfd854.wav,coughvid_data/e1efe78b-bfdd-43ef-b5db-2e7ca8dfd854.wav,0.0
1b7ba3e1-51b9-48b7-aefe-519ab6e7ea50,coughvid_data/1b7ba3e1-51b9-48b7-aefe-519ab6e7ea50.wav,coughvid_data/1b7ba3e1-51b9-48b7-aefe-519ab6e7ea50.wav,1.0
2e41a2bd-6462-407d-8078-9f7b86a54f52,coughvid_data/2e41a2bd-6462-407d-8078-9f7b86a54f52.wav,coughvid_data/2e41a2bd-6462-407d-8078-9f7b86a54f52.wav,1.0
29adc77f-2aff-4e79-b877-81fc9dd545d2,coughvid_data/29adc77f-2aff-4e79-b877-81fc9dd545d2.wav,coughvid_data/29adc77f-2aff-4e79-b877-81fc9dd545d2.wav,1.0
438c5b47-8ee4-4f3d-acb4-d164b7b78dfe,coughvid_data/438c5b47-8ee4-4f3d-acb4-d164b7b78dfe.wav,coughvid_data/438c5b47-8ee4-4f3d-acb4-d164b7b78dfe.wav,0.0
d79499f4-b025-430e-ac95-0f658882a401,coughvid_data/d79499f4-b025-430e-ac95-0f658882a401.wav,coughvid_data/d79499f4-b025-430e-ac95-0f658882a401.wav,0.0
23997166-603e-48dd-8fad-454256261613,coughvid_data/23997166-603e-48dd-8fad-454256261613.wav,coughvid_data/23997166-603e-48dd-8fad-454256261613.wav,1.0
5a201792-08c0-4366-92ac-160927cf7384,coughvid_data/5a201792-08c0-4366-92ac-160927cf7384.wav,coughvid_data/5a201792-08c0-4366-92ac-160927cf7384.wav,1.0
8654a2e1-9343-42e4-bcd9-cd09de26ca58,coughvid_data/8654a2e1-9343-42e4-bcd9-cd09de26ca58.wav,coughvid_data/8654a2e1-9343-42e4-bcd9-cd09de26ca58.wav,0.0
237666a8-b8f2-4868-a719-4b8dc9f2c48e,coughvid_data/237666a8-b8f2-4868-a719-4b8dc9f2c48e.wav,coughvid_data/237666a8-b8f2-4868-a719-4b8dc9f2c48e.wav,0.0
bee9671a-f08d-4d1d-b8bb-d02d0f2b5d8a,coughvid_data/bee9671a-f08d-4d1d-b8bb-d02d0f2b5d8a.wav,coughvid_data/bee9671a-f08d-4d1d-b8bb-d02d0f2b5d8a.wav,1.0
1378baac-5434-4e77-8b94-82387b971d81,coughvid_data/1378baac-5434-4e77-8b94-82387b971d81.wav,coughvid_data/1378baac-5434-4e77-8b94-82387b971d81.wav,0.0
f16d174a-6fad-4d7b-bf4e-da39369aff42,coughvid_data/f16d174a-6fad-4d7b-bf4e-da39369aff42.wav,coughvid_data/f16d174a-6fad-4d7b-bf4e-da39369aff42.wav,1.0
6407ea54-2e16-4698-b046-b05e44cc845f,coughvid_data/6407ea54-2e16-4698-b046-b05e44cc845f.wav,coughvid_data/6407ea54-2e16-4698-b046-b05e44cc845f.wav,0.0
423d8713-f211-4fe3-951f-7f9e60443b1e,coughvid_data/423d8713-f211-4fe3-951f-7f9e60443b1e.wav,coughvid_data/423d8713-f211-4fe3-951f-7f9e60443b1e.wav,1.0
d42df3d6-51e3-4e16-a81d-e207b3cadeef,coughvid_data/d42df3d6-51e3-4e16-a81d-e207b3cadeef.wav,coughvid_data/d42df3d6-51e3-4e16-a81d-e207b3cadeef.wav,1.0
77fac9cb-3cbb-4509-9312-0438fab11acb,coughvid_data/77fac9cb-3cbb-4509-9312-0438fab11acb.wav,coughvid_data/77fac9cb-3cbb-4509-9312-0438fab11acb.wav,0.0
2cc2fd2e-6314-424a-977b-7237f935fb65,coughvid_data/2cc2fd2e-6314-424a-977b-7237f935fb65.wav,coughvid_data/2cc2fd2e-6314-424a-977b-7237f935fb65.wav,1.0
0bdcd2c2-9bf5-496a-9d55-282fe28c723e,coughvid_data/0bdcd2c2-9bf5-496a-9d55-282fe28c723e.wav,coughvid_data/0bdcd2c2-9bf5-496a-9d55-282fe28c723e.wav,1.0
820fa9ca-c973-47a2-a303-f79726399dc6,coughvid_data/820fa9ca-c973-47a2-a303-f79726399dc6.wav,coughvid_data/820fa9ca-c973-47a2-a303-f79726399dc6.wav,1.0
0fbbcd89-d79a-49ec-b207-c0f2f32d8d50,coughvid_data/0fbbcd89-d79a-49ec-b207-c0f2f32d8d50.wav,coughvid_data/0fbbcd89-d79a-49ec-b207-c0f2f32d8d50.wav,1.0
ccac3eef-ff02-45af-a3a5-5b871dbf1e5d,coughvid_data/ccac3eef-ff02-45af-a3a5-5b871dbf1e5d.wav,coughvid_data/ccac3eef-ff02-45af-a3a5-5b871dbf1e5d.wav,0.0
f352109a-0de1-4bd6-bd3c-c08ea65e93fa,coughvid_data/f352109a-0de1-4bd6-bd3c-c08ea65e93fa.wav,coughvid_data/f352109a-0de1-4bd6-bd3c-c08ea65e93fa.wav,1.0
a90a17e8-62c0-4f4d-b800-2e5841a7b7ab,coughvid_data/a90a17e8-62c0-4f4d-b800-2e5841a7b7ab.wav,coughvid_data/a90a17e8-62c0-4f4d-b800-2e5841a7b7ab.wav,0.0
615742a3-7e64-41fc-b3a7-c0d56a3fd826,coughvid_data/615742a3-7e64-41fc-b3a7-c0d56a3fd826.wav,coughvid_data/615742a3-7e64-41fc-b3a7-c0d56a3fd826.wav,1.0
964abeb6-124b-45e4-b3ec-f52f374b3f5d,coughvid_data/964abeb6-124b-45e4-b3ec-f52f374b3f5d.wav,coughvid_data/964abeb6-124b-45e4-b3ec-f52f374b3f5d.wav,0.0
e558bdcd-1a25-448e-a4c6-1b8178489120,coughvid_data/e558bdcd-1a25-448e-a4c6-1b8178489120.wav,coughvid_data/e558bdcd-1a25-448e-a4c6-1b8178489120.wav,0.0
6219adb1-ce47-4e97-996d-190aebc79a7d,coughvid_data/6219adb1-ce47-4e97-996d-190aebc79a7d.wav,coughvid_data/6219adb1-ce47-4e97-996d-190aebc79a7d.wav,0.0
fd552b0b-fe2f-494b-83d2-51652c07fce5,coughvid_data/fd552b0b-fe2f-494b-83d2-51652c07fce5.wav,coughvid_data/fd552b0b-fe2f-494b-83d2-51652c07fce5.wav,0.0
534b07a4-784a-468f-927a-f5005ddb2edf,coughvid_data/534b07a4-784a-468f-927a-f5005ddb2edf.wav,coughvid_data/534b07a4-784a-468f-927a-f5005ddb2edf.wav,0.0
c9205630-a386-4d38-afbe-850844ab8b6b,coughvid_data/c9205630-a386-4d38-afbe-850844ab8b6b.wav,coughvid_data/c9205630-a386-4d38-afbe-850844ab8b6b.wav,1.0
ad5ea859-e3c5-41ec-82d0-1846457a9b66,coughvid_data/ad5ea859-e3c5-41ec-82d0-1846457a9b66.wav,coughvid_data/ad5ea859-e3c5-41ec-82d0-1846457a9b66.wav,1.0
b23a110d-57cf-48e5-91ba-12ed293919f8,coughvid_data/b23a110d-57cf-48e5-91ba-12ed293919f8.wav,coughvid_data/b23a110d-57cf-48e5-91ba-12ed293919f8.wav,1.0
8021af98-3a92-49eb-b491-1908cacb6751,coughvid_data/8021af98-3a92-49eb-b491-1908cacb6751.wav,coughvid_data/8021af98-3a92-49eb-b491-1908cacb6751.wav,1.0
339a793a-b077-4446-8957-ad1d40d91127,coughvid_data/339a793a-b077-4446-8957-ad1d40d91127.wav,coughvid_data/339a793a-b077-4446-8957-ad1d40d91127.wav,1.0
0767b8f8-5719-464b-b181-27ecf8684cab,coughvid_data/0767b8f8-5719-464b-b181-27ecf8684cab.wav,coughvid_data/0767b8f8-5719-464b-b181-27ecf8684cab.wav,0.0
218c0452-34cc-444c-a5d4-ed0ee6b44c39,coughvid_data/218c0452-34cc-444c-a5d4-ed0ee6b44c39.wav,coughvid_data/218c0452-34cc-444c-a5d4-ed0ee6b44c39.wav,0.0
5f913bfe-8e81-46a3-b6e6-cebc0cc8f63f,coughvid_data/5f913bfe-8e81-46a3-b6e6-cebc0cc8f63f.wav,coughvid_data/5f913bfe-8e81-46a3-b6e6-cebc0cc8f63f.wav,1.0
d1a3a6a7-1fe2-48c7-b39d-c11555fff98c,coughvid_data/d1a3a6a7-1fe2-48c7-b39d-c11555fff98c.wav,coughvid_data/d1a3a6a7-1fe2-48c7-b39d-c11555fff98c.wav,0.0
fedb6403-98cb-4264-a486-68a9004c6960,coughvid_data/fedb6403-98cb-4264-a486-68a9004c6960.wav,coughvid_data/fedb6403-98cb-4264-a486-68a9004c6960.wav,1.0
39fc95f1-ea69-464f-ba53-1dc4c2e5d6ef,coughvid_data/39fc95f1-ea69-464f-ba53-1dc4c2e5d6ef.wav,coughvid_data/39fc95f1-ea69-464f-ba53-1dc4c2e5d6ef.wav,1.0
ac1fcee6-917f-4c77-8d62-183dcf4bda28,coughvid_data/ac1fcee6-917f-4c77-8d62-183dcf4bda28.wav,coughvid_data/ac1fcee6-917f-4c77-8d62-183dcf4bda28.wav,1.0
82ac4a6a-27fd-47c0-9acf-0e478944c1ed,coughvid_data/82ac4a6a-27fd-47c0-9acf-0e478944c1ed.wav,coughvid_data/82ac4a6a-27fd-47c0-9acf-0e478944c1ed.wav,0.0
971a7940-4185-49a9-962a-4d29182b7dfc,coughvid_data/971a7940-4185-49a9-962a-4d29182b7dfc.wav,coughvid_data/971a7940-4185-49a9-962a-4d29182b7dfc.wav,0.0
4fa54167-06c6-485a-a7b5-4b3696aa1393,coughvid_data/4fa54167-06c6-485a-a7b5-4b3696aa1393.wav,coughvid_data/4fa54167-06c6-485a-a7b5-4b3696aa1393.wav,1.0
6668398d-9df4-4fa5-8e49-f38e3beb9cba,coughvid_data/6668398d-9df4-4fa5-8e49-f38e3beb9cba.wav,coughvid_data/6668398d-9df4-4fa5-8e49-f38e3beb9cba.wav,1.0
3f3f3d30-81d4-4b20-adc1-a376c29f6e3c,coughvid_data/3f3f3d30-81d4-4b20-adc1-a376c29f6e3c.wav,coughvid_data/3f3f3d30-81d4-4b20-adc1-a376c29f6e3c.wav,1.0
0dbc9a91-dac5-47a2-8d36-78efdb82da55,coughvid_data/0dbc9a91-dac5-47a2-8d36-78efdb82da55.wav,coughvid_data/0dbc9a91-dac5-47a2-8d36-78efdb82da55.wav,1.0
554d0019-03c0-4705-a3d1-44577f1a88a8,coughvid_data/554d0019-03c0-4705-a3d1-44577f1a88a8.wav,coughvid_data/554d0019-03c0-4705-a3d1-44577f1a88a8.wav,0.0
9ed46396-6a76-46e2-8227-56bacad76af4,coughvid_data/9ed46396-6a76-46e2-8227-56bacad76af4.wav,coughvid_data/9ed46396-6a76-46e2-8227-56bacad76af4.wav,0.0
fbcaead5-63f9-4d42-b78e-f3789966a271,coughvid_data/fbcaead5-63f9-4d42-b78e-f3789966a271.wav,coughvid_data/fbcaead5-63f9-4d42-b78e-f3789966a271.wav,1.0
e026352c-1fbb-480d-94df-1ed2af7160da,coughvid_data/e026352c-1fbb-480d-94df-1ed2af7160da.wav,coughvid_data/e026352c-1fbb-480d-94df-1ed2af7160da.wav,1.0
51152739-6a04-47cd-bf3a-6c0a475fc0b5,coughvid_data/51152739-6a04-47cd-bf3a-6c0a475fc0b5.wav,coughvid_data/51152739-6a04-47cd-bf3a-6c0a475fc0b5.wav,0.0
f16f06fd-050a-4ec3-bd36-5ac7cbfde027,coughvid_data/f16f06fd-050a-4ec3-bd36-5ac7cbfde027.wav,coughvid_data/f16f06fd-050a-4ec3-bd36-5ac7cbfde027.wav,1.0
f0cf0b57-f268-4cb0-a4b9-3ea4d6efc646,coughvid_data/f0cf0b57-f268-4cb0-a4b9-3ea4d6efc646.wav,coughvid_data/f0cf0b57-f268-4cb0-a4b9-3ea4d6efc646.wav,1.0
dc7360b9-d5e3-4aab-b8c1-e05e40c563c9,coughvid_data/dc7360b9-d5e3-4aab-b8c1-e05e40c563c9.wav,coughvid_data/dc7360b9-d5e3-4aab-b8c1-e05e40c563c9.wav,1.0
4be32f1b-4a2a-4ce1-8a5c-6c890b51809f,coughvid_data/4be32f1b-4a2a-4ce1-8a5c-6c890b51809f.wav,coughvid_data/4be32f1b-4a2a-4ce1-8a5c-6c890b51809f.wav,1.0
209b1c7e-230f-474a-b65b-a365f3240d23,coughvid_data/209b1c7e-230f-474a-b65b-a365f3240d23.wav,coughvid_data/209b1c7e-230f-474a-b65b-a365f3240d23.wav,1.0
32f6ef44-336f-44a6-bca0-932973708b84,coughvid_data/32f6ef44-336f-44a6-bca0-932973708b84.wav,coughvid_data/32f6ef44-336f-44a6-bca0-932973708b84.wav,0.0
3483aaf8-14e4-44ac-8b20-6f1a05cfa822,coughvid_data/3483aaf8-14e4-44ac-8b20-6f1a05cfa822.wav,coughvid_data/3483aaf8-14e4-44ac-8b20-6f1a05cfa822.wav,1.0
ef262a66-6a73-4d71-8666-32e5ede4f31c,coughvid_data/ef262a66-6a73-4d71-8666-32e5ede4f31c.wav,coughvid_data/ef262a66-6a73-4d71-8666-32e5ede4f31c.wav,1.0
89442a2a-43c0-46c4-ad07-9f8dda5cc9a2,coughvid_data/89442a2a-43c0-46c4-ad07-9f8dda5cc9a2.wav,coughvid_data/89442a2a-43c0-46c4-ad07-9f8dda5cc9a2.wav,0.0
9aab8774-c0a9-49ae-a7a4-3ada5fa63903,coughvid_data/9aab8774-c0a9-49ae-a7a4-3ada5fa63903.wav,coughvid_data/9aab8774-c0a9-49ae-a7a4-3ada5fa63903.wav,1.0
c08eecbe-fa51-4e4c-b74e-cf2373aa5dce,coughvid_data/c08eecbe-fa51-4e4c-b74e-cf2373aa5dce.wav,coughvid_data/c08eecbe-fa51-4e4c-b74e-cf2373aa5dce.wav,1.0
fcec1e51-b0df-4bdc-8728-57016fc360a5,coughvid_data/fcec1e51-b0df-4bdc-8728-57016fc360a5.wav,coughvid_data/fcec1e51-b0df-4bdc-8728-57016fc360a5.wav,0.0
19b219a7-52e6-4842-9aa7-ff15bc8f3921,coughvid_data/19b219a7-52e6-4842-9aa7-ff15bc8f3921.wav,coughvid_data/19b219a7-52e6-4842-9aa7-ff15bc8f3921.wav,1.0
8a03243c-aaf2-415b-a27e-3a1678b9ea98,coughvid_data/8a03243c-aaf2-415b-a27e-3a1678b9ea98.wav,coughvid_data/8a03243c-aaf2-415b-a27e-3a1678b9ea98.wav,0.0
601de076-45ea-4681-b8ec-31dc43f6198f,coughvid_data/601de076-45ea-4681-b8ec-31dc43f6198f.wav,coughvid_data/601de076-45ea-4681-b8ec-31dc43f6198f.wav,1.0
7793d785-5a1a-429f-93b8-5fc1b694e013,coughvid_data/7793d785-5a1a-429f-93b8-5fc1b694e013.wav,coughvid_data/7793d785-5a1a-429f-93b8-5fc1b694e013.wav,0.0
8d483c6b-5ea0-4bde-9976-f59831bd49f7,coughvid_data/8d483c6b-5ea0-4bde-9976-f59831bd49f7.wav,coughvid_data/8d483c6b-5ea0-4bde-9976-f59831bd49f7.wav,1.0
96214cfa-aa47-41f8-b8db-1395ff8a0bc0,coughvid_data/96214cfa-aa47-41f8-b8db-1395ff8a0bc0.wav,coughvid_data/96214cfa-aa47-41f8-b8db-1395ff8a0bc0.wav,0.0
90341fc7-8338-4d79-9ea3-00c03d34ef1a,coughvid_data/90341fc7-8338-4d79-9ea3-00c03d34ef1a.wav,coughvid_data/90341fc7-8338-4d79-9ea3-00c03d34ef1a.wav,1.0
3ef0a127-8d2e-424a-9e02-c1906166286e,coughvid_data/3ef0a127-8d2e-424a-9e02-c1906166286e.wav,coughvid_data/3ef0a127-8d2e-424a-9e02-c1906166286e.wav,1.0
c0f8a48a-88b2-4804-a7b7-ed950537a22f,coughvid_data/c0f8a48a-88b2-4804-a7b7-ed950537a22f.wav,coughvid_data/c0f8a48a-88b2-4804-a7b7-ed950537a22f.wav,0.0
47cb4f73-471a-487a-a893-d749a6db038e,coughvid_data/47cb4f73-471a-487a-a893-d749a6db038e.wav,coughvid_data/47cb4f73-471a-487a-a893-d749a6db038e.wav,1.0
54e2a783-1f2d-4de0-b526-6f2bf5aa692c,coughvid_data/54e2a783-1f2d-4de0-b526-6f2bf5aa692c.wav,coughvid_data/54e2a783-1f2d-4de0-b526-6f2bf5aa692c.wav,1.0
d89faa0b-59da-436a-a6f1-63246809a9f5,coughvid_data/d89faa0b-59da-436a-a6f1-63246809a9f5.wav,coughvid_data/d89faa0b-59da-436a-a6f1-63246809a9f5.wav,1.0
af364e47-e59f-4cae-be04-0dd23c1a762a,coughvid_data/af364e47-e59f-4cae-be04-0dd23c1a762a.wav,coughvid_data/af364e47-e59f-4cae-be04-0dd23c1a762a.wav,0.0
3deed1f8-085b-4531-92f1-c03ec500802a,coughvid_data/3deed1f8-085b-4531-92f1-c03ec500802a.wav,coughvid_data/3deed1f8-085b-4531-92f1-c03ec500802a.wav,1.0
cd336ca7-88c3-48e0-b45c-f62cf4353bbd,coughvid_data/cd336ca7-88c3-48e0-b45c-f62cf4353bbd.wav,coughvid_data/cd336ca7-88c3-48e0-b45c-f62cf4353bbd.wav,1.0
25e927e7-3f10-4de2-9606-0772bbbf4604,coughvid_data/25e927e7-3f10-4de2-9606-0772bbbf4604.wav,coughvid_data/25e927e7-3f10-4de2-9606-0772bbbf4604.wav,0.0
f85e732c-f5ab-49aa-875a-569ba967c662,coughvid_data/f85e732c-f5ab-49aa-875a-569ba967c662.wav,coughvid_data/f85e732c-f5ab-49aa-875a-569ba967c662.wav,1.0
48f00e5b-a33e-4635-804f-44e5d10e375f,coughvid_data/48f00e5b-a33e-4635-804f-44e5d10e375f.wav,coughvid_data/48f00e5b-a33e-4635-804f-44e5d10e375f.wav,1.0
987a7cb6-694c-43db-a7c0-18fa530064a5,coughvid_data/987a7cb6-694c-43db-a7c0-18fa530064a5.wav,coughvid_data/987a7cb6-694c-43db-a7c0-18fa530064a5.wav,0.0
a583273c-ee75-47ab-b08c-4b790381bdd1,coughvid_data/a583273c-ee75-47ab-b08c-4b790381bdd1.wav,coughvid_data/a583273c-ee75-47ab-b08c-4b790381bdd1.wav,0.0
5cf114f4-acef-455a-aa0b-964fff5f449a,coughvid_data/5cf114f4-acef-455a-aa0b-964fff5f449a.wav,coughvid_data/5cf114f4-acef-455a-aa0b-964fff5f449a.wav,1.0
b235d631-6a76-4e0c-b84b-b411a1a1d289,coughvid_data/b235d631-6a76-4e0c-b84b-b411a1a1d289.wav,coughvid_data/b235d631-6a76-4e0c-b84b-b411a1a1d289.wav,1.0
85f2843c-bda5-4187-8fec-27ea0d48896c,coughvid_data/85f2843c-bda5-4187-8fec-27ea0d48896c.wav,coughvid_data/85f2843c-bda5-4187-8fec-27ea0d48896c.wav,1.0
96f8b74c-fd5d-43f8-a41b-99c100bd25f0,coughvid_data/96f8b74c-fd5d-43f8-a41b-99c100bd25f0.wav,coughvid_data/96f8b74c-fd5d-43f8-a41b-99c100bd25f0.wav,1.0
889c14e6-7ca3-4111-b93b-54bf4b50bf27,coughvid_data/889c14e6-7ca3-4111-b93b-54bf4b50bf27.wav,coughvid_data/889c14e6-7ca3-4111-b93b-54bf4b50bf27.wav,0.0
b105dd40-0a0c-44fe-b0dc-533cadd0d835,coughvid_data/b105dd40-0a0c-44fe-b0dc-533cadd0d835.wav,coughvid_data/b105dd40-0a0c-44fe-b0dc-533cadd0d835.wav,0.0
a74bd58c-b023-425c-a190-89ccb8c2dbdf,coughvid_data/a74bd58c-b023-425c-a190-89ccb8c2dbdf.wav,coughvid_data/a74bd58c-b023-425c-a190-89ccb8c2dbdf.wav,1.0
c844152f-8dd6-4bf6-ab58-81382a9841f7,coughvid_data/c844152f-8dd6-4bf6-ab58-81382a9841f7.wav,coughvid_data/c844152f-8dd6-4bf6-ab58-81382a9841f7.wav,0.0
b5812d35-5d2e-43d9-80a2-772c81ee600c,coughvid_data/b5812d35-5d2e-43d9-80a2-772c81ee600c.wav,coughvid_data/b5812d35-5d2e-43d9-80a2-772c81ee600c.wav,1.0
af256a3e-029a-4f2d-b817-1a88ddfea90f,coughvid_data/af256a3e-029a-4f2d-b817-1a88ddfea90f.wav,coughvid_data/af256a3e-029a-4f2d-b817-1a88ddfea90f.wav,0.0
2d505b3b-3047-488a-9d15-f5bbf4ece065,coughvid_data/2d505b3b-3047-488a-9d15-f5bbf4ece065.wav,coughvid_data/2d505b3b-3047-488a-9d15-f5bbf4ece065.wav,0.0
3a5ff300-395f-4cab-98ab-0c1e83311157,coughvid_data/3a5ff300-395f-4cab-98ab-0c1e83311157.wav,coughvid_data/3a5ff300-395f-4cab-98ab-0c1e83311157.wav,1.0
5b65e77a-3129-46ac-bc71-96b97abaf325,coughvid_data/5b65e77a-3129-46ac-bc71-96b97abaf325.wav,coughvid_data/5b65e77a-3129-46ac-bc71-96b97abaf325.wav,0.0
1348ec7b-d5d4-4a62-b066-b80a2a3e9d8b,coughvid_data/1348ec7b-d5d4-4a62-b066-b80a2a3e9d8b.wav,coughvid_data/1348ec7b-d5d4-4a62-b066-b80a2a3e9d8b.wav,0.0
837f2f36-3499-43cd-843f-ffb859f0819d,coughvid_data/837f2f36-3499-43cd-843f-ffb859f0819d.wav,coughvid_data/837f2f36-3499-43cd-843f-ffb859f0819d.wav,0.0
64d8ad2e-0ec4-4c28-ba8e-e787770dc399,coughvid_data/64d8ad2e-0ec4-4c28-ba8e-e787770dc399.wav,coughvid_data/64d8ad2e-0ec4-4c28-ba8e-e787770dc399.wav,1.0
6112130e-d98d-4b60-ad49-2bbe8aa80e25,coughvid_data/6112130e-d98d-4b60-ad49-2bbe8aa80e25.wav,coughvid_data/6112130e-d98d-4b60-ad49-2bbe8aa80e25.wav,0.0
fa238837-cfaf-41d3-bb1a-419b2643d936,coughvid_data/fa238837-cfaf-41d3-bb1a-419b2643d936.wav,coughvid_data/fa238837-cfaf-41d3-bb1a-419b2643d936.wav,0.0
2c64ea2e-7981-47fa-9772-db835dbe8d0e,coughvid_data/2c64ea2e-7981-47fa-9772-db835dbe8d0e.wav,coughvid_data/2c64ea2e-7981-47fa-9772-db835dbe8d0e.wav,0.0
760cb050-4175-4498-817d-a9976e359c52,coughvid_data/760cb050-4175-4498-817d-a9976e359c52.wav,coughvid_data/760cb050-4175-4498-817d-a9976e359c52.wav,1.0
a19c042e-dc8a-4adb-8225-ea75c19eb994,coughvid_data/a19c042e-dc8a-4adb-8225-ea75c19eb994.wav,coughvid_data/a19c042e-dc8a-4adb-8225-ea75c19eb994.wav,0.0
f948ba59-3eba-455a-ad78-f530bfe0e5f4,coughvid_data/f948ba59-3eba-455a-ad78-f530bfe0e5f4.wav,coughvid_data/f948ba59-3eba-455a-ad78-f530bfe0e5f4.wav,1.0
29530793-5252-4ed4-9430-129e16f60c3f,coughvid_data/29530793-5252-4ed4-9430-129e16f60c3f.wav,coughvid_data/29530793-5252-4ed4-9430-129e16f60c3f.wav,1.0
5509e02c-fc29-4c43-8819-6df246698868,coughvid_data/5509e02c-fc29-4c43-8819-6df246698868.wav,coughvid_data/5509e02c-fc29-4c43-8819-6df246698868.wav,1.0
aa5a4886-a497-4443-8767-a7fe04b155fe,coughvid_data/aa5a4886-a497-4443-8767-a7fe04b155fe.wav,coughvid_data/aa5a4886-a497-4443-8767-a7fe04b155fe.wav,1.0
69bd34d9-7f94-4203-9222-a80d619ed34b,coughvid_data/69bd34d9-7f94-4203-9222-a80d619ed34b.wav,coughvid_data/69bd34d9-7f94-4203-9222-a80d619ed34b.wav,1.0
3465296f-63cf-4653-bc32-f7c1d6d8d994,coughvid_data/3465296f-63cf-4653-bc32-f7c1d6d8d994.wav,coughvid_data/3465296f-63cf-4653-bc32-f7c1d6d8d994.wav,1.0
13cc16ff-2b44-4740-b7f4-e80cf7404d30,coughvid_data/13cc16ff-2b44-4740-b7f4-e80cf7404d30.wav,coughvid_data/13cc16ff-2b44-4740-b7f4-e80cf7404d30.wav,1.0
fd7abe76-5225-4b45-aede-3e680bb95a92,coughvid_data/fd7abe76-5225-4b45-aede-3e680bb95a92.wav,coughvid_data/fd7abe76-5225-4b45-aede-3e680bb95a92.wav,1.0
e0e82e37-83f2-4bcb-a37c-d2108928f723,coughvid_data/e0e82e37-83f2-4bcb-a37c-d2108928f723.wav,coughvid_data/e0e82e37-83f2-4bcb-a37c-d2108928f723.wav,1.0
117863fc-a2bf-4d83-811e-a3fc7c90fff3,coughvid_data/117863fc-a2bf-4d83-811e-a3fc7c90fff3.wav,coughvid_data/117863fc-a2bf-4d83-811e-a3fc7c90fff3.wav,1.0
3e725b85-bcf8-44f5-a3cd-74e022010a3e,coughvid_data/3e725b85-bcf8-44f5-a3cd-74e022010a3e.wav,coughvid_data/3e725b85-bcf8-44f5-a3cd-74e022010a3e.wav,0.0
14a3c119-bee8-435a-9193-d2ce7cb84a03,coughvid_data/14a3c119-bee8-435a-9193-d2ce7cb84a03.wav,coughvid_data/14a3c119-bee8-435a-9193-d2ce7cb84a03.wav,1.0
a914a728-0937-48e3-a4c4-fb5ddaeade53,coughvid_data/a914a728-0937-48e3-a4c4-fb5ddaeade53.wav,coughvid_data/a914a728-0937-48e3-a4c4-fb5ddaeade53.wav,1.0
b6202957-96a2-421b-af3c-1e26ec95f1c2,coughvid_data/b6202957-96a2-421b-af3c-1e26ec95f1c2.wav,coughvid_data/b6202957-96a2-421b-af3c-1e26ec95f1c2.wav,1.0
e2bffa5e-1d2d-4e12-8049-1c345adb2778,coughvid_data/e2bffa5e-1d2d-4e12-8049-1c345adb2778.wav,coughvid_data/e2bffa5e-1d2d-4e12-8049-1c345adb2778.wav,1.0
ae5cf250-0639-4d58-9218-43aa68554459,coughvid_data/ae5cf250-0639-4d58-9218-43aa68554459.wav,coughvid_data/ae5cf250-0639-4d58-9218-43aa68554459.wav,0.0
b0cd44c7-167e-4a35-b478-0cdd0f7a185d,coughvid_data/b0cd44c7-167e-4a35-b478-0cdd0f7a185d.wav,coughvid_data/b0cd44c7-167e-4a35-b478-0cdd0f7a185d.wav,0.0
3b314199-5cb3-47ae-9be0-c8497fdca5db,coughvid_data/3b314199-5cb3-47ae-9be0-c8497fdca5db.wav,coughvid_data/3b314199-5cb3-47ae-9be0-c8497fdca5db.wav,1.0
568f1c4b-a18e-44b0-adad-6d631ad1bcbb,coughvid_data/568f1c4b-a18e-44b0-adad-6d631ad1bcbb.wav,coughvid_data/568f1c4b-a18e-44b0-adad-6d631ad1bcbb.wav,0.0
636e5437-0c2a-4e8e-a984-42f2053e649b,coughvid_data/636e5437-0c2a-4e8e-a984-42f2053e649b.wav,coughvid_data/636e5437-0c2a-4e8e-a984-42f2053e649b.wav,0.0
83f8c49a-ad0e-4992-9e18-cce6f6785712,coughvid_data/83f8c49a-ad0e-4992-9e18-cce6f6785712.wav,coughvid_data/83f8c49a-ad0e-4992-9e18-cce6f6785712.wav,1.0
22c5959c-9dd8-4f01-a697-2230dc05daa3,coughvid_data/22c5959c-9dd8-4f01-a697-2230dc05daa3.wav,coughvid_data/22c5959c-9dd8-4f01-a697-2230dc05daa3.wav,0.0
50320ca2-20c8-4322-b98a-d2c8f46fd42d,coughvid_data/50320ca2-20c8-4322-b98a-d2c8f46fd42d.wav,coughvid_data/50320ca2-20c8-4322-b98a-d2c8f46fd42d.wav,1.0
0194915b-e12d-438d-be66-b89ab2b6e5fd,coughvid_data/0194915b-e12d-438d-be66-b89ab2b6e5fd.wav,coughvid_data/0194915b-e12d-438d-be66-b89ab2b6e5fd.wav,0.0
36c5929f-9dca-4080-8b28-a1efe3b16d69,coughvid_data/36c5929f-9dca-4080-8b28-a1efe3b16d69.wav,coughvid_data/36c5929f-9dca-4080-8b28-a1efe3b16d69.wav,1.0
c6712727-fee5-45cc-a844-589587441f79,coughvid_data/c6712727-fee5-45cc-a844-589587441f79.wav,coughvid_data/c6712727-fee5-45cc-a844-589587441f79.wav,0.0
3f71d4e4-f3d5-4183-a9c7-d9a2c0db550b,coughvid_data/3f71d4e4-f3d5-4183-a9c7-d9a2c0db550b.wav,coughvid_data/3f71d4e4-f3d5-4183-a9c7-d9a2c0db550b.wav,0.0
cd5f8c80-ca6f-4689-bc44-2601d0c9cec4,coughvid_data/cd5f8c80-ca6f-4689-bc44-2601d0c9cec4.wav,coughvid_data/cd5f8c80-ca6f-4689-bc44-2601d0c9cec4.wav,0.0
3f101114-3258-4a16-9349-14a47fd7225a,coughvid_data/3f101114-3258-4a16-9349-14a47fd7225a.wav,coughvid_data/3f101114-3258-4a16-9349-14a47fd7225a.wav,1.0
981441a4-89d8-43c5-8e43-3768968fa614,coughvid_data/981441a4-89d8-43c5-8e43-3768968fa614.wav,coughvid_data/981441a4-89d8-43c5-8e43-3768968fa614.wav,1.0
a35a3385-8648-4541-8640-8eae868f53f2,coughvid_data/a35a3385-8648-4541-8640-8eae868f53f2.wav,coughvid_data/a35a3385-8648-4541-8640-8eae868f53f2.wav,1.0
7334699f-b30b-4006-9088-d89b80a1e873,coughvid_data/7334699f-b30b-4006-9088-d89b80a1e873.wav,coughvid_data/7334699f-b30b-4006-9088-d89b80a1e873.wav,0.0
3713440b-7b43-4124-ac50-b1c27440a0b0,coughvid_data/3713440b-7b43-4124-ac50-b1c27440a0b0.wav,coughvid_data/3713440b-7b43-4124-ac50-b1c27440a0b0.wav,1.0
c72185a0-904d-422b-b91e-f6440c1623cd,coughvid_data/c72185a0-904d-422b-b91e-f6440c1623cd.wav,coughvid_data/c72185a0-904d-422b-b91e-f6440c1623cd.wav,1.0
87c9d1ec-dee1-4966-b648-a297632c16bd,coughvid_data/87c9d1ec-dee1-4966-b648-a297632c16bd.wav,coughvid_data/87c9d1ec-dee1-4966-b648-a297632c16bd.wav,0.0
ecddf9a3-b388-437a-bc4f-1c9d2bfc7e7e,coughvid_data/ecddf9a3-b388-437a-bc4f-1c9d2bfc7e7e.wav,coughvid_data/ecddf9a3-b388-437a-bc4f-1c9d2bfc7e7e.wav,1.0
ed988dfa-0bc8-409d-adea-4b44350ad946,coughvid_data/ed988dfa-0bc8-409d-adea-4b44350ad946.wav,coughvid_data/ed988dfa-0bc8-409d-adea-4b44350ad946.wav,1.0
c961a082-77cf-412a-ba8a-66fff0b7bc82,coughvid_data/c961a082-77cf-412a-ba8a-66fff0b7bc82.wav,coughvid_data/c961a082-77cf-412a-ba8a-66fff0b7bc82.wav,1.0
562f35e8-7524-4cbc-873c-0cf64380df72,coughvid_data/562f35e8-7524-4cbc-873c-0cf64380df72.wav,coughvid_data/562f35e8-7524-4cbc-873c-0cf64380df72.wav,0.0
a8fbe922-eb20-4b79-bf82-96e15613ce28,coughvid_data/a8fbe922-eb20-4b79-bf82-96e15613ce28.wav,coughvid_data/a8fbe922-eb20-4b79-bf82-96e15613ce28.wav,0.0
33ddfa92-b3f8-49c9-b4af-3944829e0eda,coughvid_data/33ddfa92-b3f8-49c9-b4af-3944829e0eda.wav,coughvid_data/33ddfa92-b3f8-49c9-b4af-3944829e0eda.wav,1.0
66dfc9da-b83b-4ea4-8fb0-3f18c54d2390,coughvid_data/66dfc9da-b83b-4ea4-8fb0-3f18c54d2390.wav,coughvid_data/66dfc9da-b83b-4ea4-8fb0-3f18c54d2390.wav,1.0
c709f3fb-d5a4-4545-9319-bc36241ea75f,coughvid_data/c709f3fb-d5a4-4545-9319-bc36241ea75f.wav,coughvid_data/c709f3fb-d5a4-4545-9319-bc36241ea75f.wav,0.0
2ad48b3c-c962-4e0c-9f95-7c5511ac5838,coughvid_data/2ad48b3c-c962-4e0c-9f95-7c5511ac5838.wav,coughvid_data/2ad48b3c-c962-4e0c-9f95-7c5511ac5838.wav,0.0
2adbba87-5ece-49d5-865a-f17179aa5230,coughvid_data/2adbba87-5ece-49d5-865a-f17179aa5230.wav,coughvid_data/2adbba87-5ece-49d5-865a-f17179aa5230.wav,0.0
7ebeb369-687c-4828-a583-a55fbc6bbe4b,coughvid_data/7ebeb369-687c-4828-a583-a55fbc6bbe4b.wav,coughvid_data/7ebeb369-687c-4828-a583-a55fbc6bbe4b.wav,0.0
fbf461c8-a752-4d11-b831-0ff2c97404d1,coughvid_data/fbf461c8-a752-4d11-b831-0ff2c97404d1.wav,coughvid_data/fbf461c8-a752-4d11-b831-0ff2c97404d1.wav,0.0
e2080ed0-8cd2-4b46-a2b7-5e3d24a32795,coughvid_data/e2080ed0-8cd2-4b46-a2b7-5e3d24a32795.wav,coughvid_data/e2080ed0-8cd2-4b46-a2b7-5e3d24a32795.wav,0.0
610ae8d6-30b0-4d19-af95-28fea92c425e,coughvid_data/610ae8d6-30b0-4d19-af95-28fea92c425e.wav,coughvid_data/610ae8d6-30b0-4d19-af95-28fea92c425e.wav,1.0
d71cb172-577f-4606-b7ac-5d0f88e6a697,coughvid_data/d71cb172-577f-4606-b7ac-5d0f88e6a697.wav,coughvid_data/d71cb172-577f-4606-b7ac-5d0f88e6a697.wav,1.0
46670510-8c25-4f25-8f7a-f27428e53b64,coughvid_data/46670510-8c25-4f25-8f7a-f27428e53b64.wav,coughvid_data/46670510-8c25-4f25-8f7a-f27428e53b64.wav,0.0
27d18006-12e1-4531-be95-2a8fb8731816,coughvid_data/27d18006-12e1-4531-be95-2a8fb8731816.wav,coughvid_data/27d18006-12e1-4531-be95-2a8fb8731816.wav,0.0
5d61957f-6865-4e0a-b666-03a928f39e92,coughvid_data/5d61957f-6865-4e0a-b666-03a928f39e92.wav,coughvid_data/5d61957f-6865-4e0a-b666-03a928f39e92.wav,1.0
9838c4c7-418c-42ec-994d-2c014bf9ed33,coughvid_data/9838c4c7-418c-42ec-994d-2c014bf9ed33.wav,coughvid_data/9838c4c7-418c-42ec-994d-2c014bf9ed33.wav,0.0
349a436c-2d50-45e0-a746-c9ba91fdb27e,coughvid_data/349a436c-2d50-45e0-a746-c9ba91fdb27e.wav,coughvid_data/349a436c-2d50-45e0-a746-c9ba91fdb27e.wav,0.0
d7c7893f-5319-4c90-9810-c85127c56ac3,coughvid_data/d7c7893f-5319-4c90-9810-c85127c56ac3.wav,coughvid_data/d7c7893f-5319-4c90-9810-c85127c56ac3.wav,0.0
12789be6-ac1d-4b13-a5a9-2af2e4897823,coughvid_data/12789be6-ac1d-4b13-a5a9-2af2e4897823.wav,coughvid_data/12789be6-ac1d-4b13-a5a9-2af2e4897823.wav,1.0
4da537e4-7b6a-4672-bc3e-b9a13a0ee90d,coughvid_data/4da537e4-7b6a-4672-bc3e-b9a13a0ee90d.wav,coughvid_data/4da537e4-7b6a-4672-bc3e-b9a13a0ee90d.wav,0.0
2dd433eb-99ac-4c5a-95f2-d0ec06570a7c,coughvid_data/2dd433eb-99ac-4c5a-95f2-d0ec06570a7c.wav,coughvid_data/2dd433eb-99ac-4c5a-95f2-d0ec06570a7c.wav,0.0
1e402aa8-7991-41f8-9841-f7358a594624,coughvid_data/1e402aa8-7991-41f8-9841-f7358a594624.wav,coughvid_data/1e402aa8-7991-41f8-9841-f7358a594624.wav,1.0
1b62235f-2cec-4590-931f-2a08b3d4e7f2,coughvid_data/1b62235f-2cec-4590-931f-2a08b3d4e7f2.wav,coughvid_data/1b62235f-2cec-4590-931f-2a08b3d4e7f2.wav,0.0
0bbac203-c99f-4895-ad6a-85202f1d93a2,coughvid_data/0bbac203-c99f-4895-ad6a-85202f1d93a2.wav,coughvid_data/0bbac203-c99f-4895-ad6a-85202f1d93a2.wav,1.0
c2d28bee-ee5b-4972-90c1-31504d629fd3,coughvid_data/c2d28bee-ee5b-4972-90c1-31504d629fd3.wav,coughvid_data/c2d28bee-ee5b-4972-90c1-31504d629fd3.wav,1.0
5612f6ed-02f4-493a-905f-8456023c9477,coughvid_data/5612f6ed-02f4-493a-905f-8456023c9477.wav,coughvid_data/5612f6ed-02f4-493a-905f-8456023c9477.wav,0.0
fb56939c-ba54-4acc-8185-81c9d37472de,coughvid_data/fb56939c-ba54-4acc-8185-81c9d37472de.wav,coughvid_data/fb56939c-ba54-4acc-8185-81c9d37472de.wav,0.0
1c829cee-09e7-4c71-8148-34250eb07ecb,coughvid_data/1c829cee-09e7-4c71-8148-34250eb07ecb.wav,coughvid_data/1c829cee-09e7-4c71-8148-34250eb07ecb.wav,0.0
55a47f62-acdf-4348-80c7-b1bb1a336c3c,coughvid_data/55a47f62-acdf-4348-80c7-b1bb1a336c3c.wav,coughvid_data/55a47f62-acdf-4348-80c7-b1bb1a336c3c.wav,0.0
45d5199f-9af4-4310-b394-ca46da59f144,coughvid_data/45d5199f-9af4-4310-b394-ca46da59f144.wav,coughvid_data/45d5199f-9af4-4310-b394-ca46da59f144.wav,0.0
67087ffc-29e7-4ced-9846-1fcc939e6fbe,coughvid_data/67087ffc-29e7-4ced-9846-1fcc939e6fbe.wav,coughvid_data/67087ffc-29e7-4ced-9846-1fcc939e6fbe.wav,1.0
ec031374-6386-47b1-bea5-d536cc4e9f2b,coughvid_data/ec031374-6386-47b1-bea5-d536cc4e9f2b.wav,coughvid_data/ec031374-6386-47b1-bea5-d536cc4e9f2b.wav,1.0
1f6161c6-d4a7-49a6-bee1-5f02a75534fe,coughvid_data/1f6161c6-d4a7-49a6-bee1-5f02a75534fe.wav,coughvid_data/1f6161c6-d4a7-49a6-bee1-5f02a75534fe.wav,0.0
fd220c3d-2cb1-405f-a16e-b2d4a0ee6b1f,coughvid_data/fd220c3d-2cb1-405f-a16e-b2d4a0ee6b1f.wav,coughvid_data/fd220c3d-2cb1-405f-a16e-b2d4a0ee6b1f.wav,0.0
3bfc4415-15c5-41c8-85f3-f2ddd9b75e46,coughvid_data/3bfc4415-15c5-41c8-85f3-f2ddd9b75e46.wav,coughvid_data/3bfc4415-15c5-41c8-85f3-f2ddd9b75e46.wav,0.0
4a78e597-b093-41be-8057-5e2851172f18,coughvid_data/4a78e597-b093-41be-8057-5e2851172f18.wav,coughvid_data/4a78e597-b093-41be-8057-5e2851172f18.wav,1.0
7ecaf858-8aa1-4f1c-862d-3b15ebf3c1ea,coughvid_data/7ecaf858-8aa1-4f1c-862d-3b15ebf3c1ea.wav,coughvid_data/7ecaf858-8aa1-4f1c-862d-3b15ebf3c1ea.wav,0.0
e2d64f90-88ad-476a-95d4-bb20a6c69357,coughvid_data/e2d64f90-88ad-476a-95d4-bb20a6c69357.wav,coughvid_data/e2d64f90-88ad-476a-95d4-bb20a6c69357.wav,1.0
bbce40e6-3523-4159-b844-fce6c1790126,coughvid_data/bbce40e6-3523-4159-b844-fce6c1790126.wav,coughvid_data/bbce40e6-3523-4159-b844-fce6c1790126.wav,1.0
c6388c12-754e-45cc-92dc-7bafc9e299d1,coughvid_data/c6388c12-754e-45cc-92dc-7bafc9e299d1.wav,coughvid_data/c6388c12-754e-45cc-92dc-7bafc9e299d1.wav,1.0
a2973e6d-e7da-471c-bd8c-918385f31e61,coughvid_data/a2973e6d-e7da-471c-bd8c-918385f31e61.wav,coughvid_data/a2973e6d-e7da-471c-bd8c-918385f31e61.wav,0.0
fd8cef28-dd97-4f19-9b04-c05a991d2aa0,coughvid_data/fd8cef28-dd97-4f19-9b04-c05a991d2aa0.wav,coughvid_data/fd8cef28-dd97-4f19-9b04-c05a991d2aa0.wav,1.0
4fe17182-53b8-4a39-b262-68eba3cbe19c,coughvid_data/4fe17182-53b8-4a39-b262-68eba3cbe19c.wav,coughvid_data/4fe17182-53b8-4a39-b262-68eba3cbe19c.wav,0.0
ce061aa4-4ae1-41ae-ba67-f9b948f40b32,coughvid_data/ce061aa4-4ae1-41ae-ba67-f9b948f40b32.wav,coughvid_data/ce061aa4-4ae1-41ae-ba67-f9b948f40b32.wav,0.0
1f2d02cb-0f14-4cb8-9a24-2110c76ab577,coughvid_data/1f2d02cb-0f14-4cb8-9a24-2110c76ab577.wav,coughvid_data/1f2d02cb-0f14-4cb8-9a24-2110c76ab577.wav,1.0
b771379e-0a5a-4946-892e-feb2e5a38a50,coughvid_data/b771379e-0a5a-4946-892e-feb2e5a38a50.wav,coughvid_data/b771379e-0a5a-4946-892e-feb2e5a38a50.wav,0.0
1005ef8a-7d26-441e-bf06-8849165038d0,coughvid_data/1005ef8a-7d26-441e-bf06-8849165038d0.wav,coughvid_data/1005ef8a-7d26-441e-bf06-8849165038d0.wav,1.0
6864ecfc-c540-4e0d-a9cb-933dd9b77e05,coughvid_data/6864ecfc-c540-4e0d-a9cb-933dd9b77e05.wav,coughvid_data/6864ecfc-c540-4e0d-a9cb-933dd9b77e05.wav,1.0
1e8fe634-a97b-49f4-97f4-2a02e495cb2c,coughvid_data/1e8fe634-a97b-49f4-97f4-2a02e495cb2c.wav,coughvid_data/1e8fe634-a97b-49f4-97f4-2a02e495cb2c.wav,1.0
c3d0135b-83ef-4aba-b98c-2c8fe50ffeff,coughvid_data/c3d0135b-83ef-4aba-b98c-2c8fe50ffeff.wav,coughvid_data/c3d0135b-83ef-4aba-b98c-2c8fe50ffeff.wav,1.0
a2d93f71-9b56-41fc-9079-83ec5d2712a9,coughvid_data/a2d93f71-9b56-41fc-9079-83ec5d2712a9.wav,coughvid_data/a2d93f71-9b56-41fc-9079-83ec5d2712a9.wav,1.0
3fd8cf0d-bb4b-4f0b-b125-f83dd685dec2,coughvid_data/3fd8cf0d-bb4b-4f0b-b125-f83dd685dec2.wav,coughvid_data/3fd8cf0d-bb4b-4f0b-b125-f83dd685dec2.wav,0.0
2562f9d4-66cd-4c73-9c82-9c37f5b97cb9,coughvid_data/2562f9d4-66cd-4c73-9c82-9c37f5b97cb9.wav,coughvid_data/2562f9d4-66cd-4c73-9c82-9c37f5b97cb9.wav,0.0
add43c2c-298b-421f-86f1-d69bfab218e2,coughvid_data/add43c2c-298b-421f-86f1-d69bfab218e2.wav,coughvid_data/add43c2c-298b-421f-86f1-d69bfab218e2.wav,1.0
c8ee96bc-22b6-422c-bcfd-89c1ecbc666b,coughvid_data/c8ee96bc-22b6-422c-bcfd-89c1ecbc666b.wav,coughvid_data/c8ee96bc-22b6-422c-bcfd-89c1ecbc666b.wav,1.0
23f43416-dcf6-43c6-a733-08b8feefeaeb,coughvid_data/23f43416-dcf6-43c6-a733-08b8feefeaeb.wav,coughvid_data/23f43416-dcf6-43c6-a733-08b8feefeaeb.wav,0.0
db820a43-e844-4518-b94d-20b90885b8a5,coughvid_data/db820a43-e844-4518-b94d-20b90885b8a5.wav,coughvid_data/db820a43-e844-4518-b94d-20b90885b8a5.wav,0.0
7427c5d6-acfd-4f9d-8fa2-ff31f7b390c6,coughvid_data/7427c5d6-acfd-4f9d-8fa2-ff31f7b390c6.wav,coughvid_data/7427c5d6-acfd-4f9d-8fa2-ff31f7b390c6.wav,1.0
9c656a67-53d6-4b0a-bb81-dbffcd51a799,coughvid_data/9c656a67-53d6-4b0a-bb81-dbffcd51a799.wav,coughvid_data/9c656a67-53d6-4b0a-bb81-dbffcd51a799.wav,0.0
fd6dd809-7558-4b40-8b5d-ba7d5939852e,coughvid_data/fd6dd809-7558-4b40-8b5d-ba7d5939852e.wav,coughvid_data/fd6dd809-7558-4b40-8b5d-ba7d5939852e.wav,0.0
28ccfa17-8a60-43b1-b0b0-2db7042c088e,coughvid_data/28ccfa17-8a60-43b1-b0b0-2db7042c088e.wav,coughvid_data/28ccfa17-8a60-43b1-b0b0-2db7042c088e.wav,1.0
aa3ca453-7e30-4b97-9659-5954c1d65e44,coughvid_data/aa3ca453-7e30-4b97-9659-5954c1d65e44.wav,coughvid_data/aa3ca453-7e30-4b97-9659-5954c1d65e44.wav,1.0
b490c5bc-22b2-4f1a-a60a-74a68292931d,coughvid_data/b490c5bc-22b2-4f1a-a60a-74a68292931d.wav,coughvid_data/b490c5bc-22b2-4f1a-a60a-74a68292931d.wav,0.0
3a3e7613-0749-40ca-bec3-fbe8070a9719,coughvid_data/3a3e7613-0749-40ca-bec3-fbe8070a9719.wav,coughvid_data/3a3e7613-0749-40ca-bec3-fbe8070a9719.wav,1.0
05aa99b5-8d64-4d04-8f5d-a2a32ac5fe94,coughvid_data/05aa99b5-8d64-4d04-8f5d-a2a32ac5fe94.wav,coughvid_data/05aa99b5-8d64-4d04-8f5d-a2a32ac5fe94.wav,1.0
8200415e-3874-4c47-9243-069aacc0b310,coughvid_data/8200415e-3874-4c47-9243-069aacc0b310.wav,coughvid_data/8200415e-3874-4c47-9243-069aacc0b310.wav,0.0
ec885fba-767d-44bf-9bd2-2683e016c812,coughvid_data/ec885fba-767d-44bf-9bd2-2683e016c812.wav,coughvid_data/ec885fba-767d-44bf-9bd2-2683e016c812.wav,0.0
31162c82-932e-451d-a1eb-266899501480,coughvid_data/31162c82-932e-451d-a1eb-266899501480.wav,coughvid_data/31162c82-932e-451d-a1eb-266899501480.wav,0.0
fefb451a-1860-4703-890b-4a50e223f68f,coughvid_data/fefb451a-1860-4703-890b-4a50e223f68f.wav,coughvid_data/fefb451a-1860-4703-890b-4a50e223f68f.wav,1.0
0294f37d-94d4-4f5b-9697-47cc41e895d0,coughvid_data/0294f37d-94d4-4f5b-9697-47cc41e895d0.wav,coughvid_data/0294f37d-94d4-4f5b-9697-47cc41e895d0.wav,1.0
52b256a6-44bf-478b-8fca-64f5aa02518a,coughvid_data/52b256a6-44bf-478b-8fca-64f5aa02518a.wav,coughvid_data/52b256a6-44bf-478b-8fca-64f5aa02518a.wav,1.0
2d46ffd8-4f17-426d-af12-bafbf7dac732,coughvid_data/2d46ffd8-4f17-426d-af12-bafbf7dac732.wav,coughvid_data/2d46ffd8-4f17-426d-af12-bafbf7dac732.wav,1.0
a0fcc210-011f-470e-beaa-7ed03e47d904,coughvid_data/a0fcc210-011f-470e-beaa-7ed03e47d904.wav,coughvid_data/a0fcc210-011f-470e-beaa-7ed03e47d904.wav,0.0
071572b1-e5bb-4fc4-a10d-4e81bb1339f2,coughvid_data/071572b1-e5bb-4fc4-a10d-4e81bb1339f2.wav,coughvid_data/071572b1-e5bb-4fc4-a10d-4e81bb1339f2.wav,1.0
22f06af9-6559-4a1d-9810-f4b74ffbddd7,coughvid_data/22f06af9-6559-4a1d-9810-f4b74ffbddd7.wav,coughvid_data/22f06af9-6559-4a1d-9810-f4b74ffbddd7.wav,1.0
9db2d39e-0d3a-4de6-82aa-73e8cda1360e,coughvid_data/9db2d39e-0d3a-4de6-82aa-73e8cda1360e.wav,coughvid_data/9db2d39e-0d3a-4de6-82aa-73e8cda1360e.wav,1.0
1063e6ef-babd-4765-b029-bf92475dc9e3,coughvid_data/1063e6ef-babd-4765-b029-bf92475dc9e3.wav,coughvid_data/1063e6ef-babd-4765-b029-bf92475dc9e3.wav,1.0
c7276da5-6112-432e-ab2b-9434de51a79c,coughvid_data/c7276da5-6112-432e-ab2b-9434de51a79c.wav,coughvid_data/c7276da5-6112-432e-ab2b-9434de51a79c.wav,0.0
09c3ca87-fa76-4dc1-9a99-d465ae52e5f1,coughvid_data/09c3ca87-fa76-4dc1-9a99-d465ae52e5f1.wav,coughvid_data/09c3ca87-fa76-4dc1-9a99-d465ae52e5f1.wav,0.0
cb029573-37a0-472d-817b-341ffd9cdb89,coughvid_data/cb029573-37a0-472d-817b-341ffd9cdb89.wav,coughvid_data/cb029573-37a0-472d-817b-341ffd9cdb89.wav,0.0
25c71755-4c51-4a6d-9859-d90d33167ebb,coughvid_data/25c71755-4c51-4a6d-9859-d90d33167ebb.wav,coughvid_data/25c71755-4c51-4a6d-9859-d90d33167ebb.wav,1.0
9e7dca84-3540-447a-9446-9743d887c9aa,coughvid_data/9e7dca84-3540-447a-9446-9743d887c9aa.wav,coughvid_data/9e7dca84-3540-447a-9446-9743d887c9aa.wav,0.0
b105337e-74b0-4670-90aa-091143a939c2,coughvid_data/b105337e-74b0-4670-90aa-091143a939c2.wav,coughvid_data/b105337e-74b0-4670-90aa-091143a939c2.wav,0.0
d3fa5711-b9b4-47ad-b483-c767c36d24ac,coughvid_data/d3fa5711-b9b4-47ad-b483-c767c36d24ac.wav,coughvid_data/d3fa5711-b9b4-47ad-b483-c767c36d24ac.wav,1.0
4fef8078-cc7d-4761-b912-2af66c075ba1,coughvid_data/4fef8078-cc7d-4761-b912-2af66c075ba1.wav,coughvid_data/4fef8078-cc7d-4761-b912-2af66c075ba1.wav,1.0
67955d02-8abf-442f-84b9-44ba7337bfb9,coughvid_data/67955d02-8abf-442f-84b9-44ba7337bfb9.wav,coughvid_data/67955d02-8abf-442f-84b9-44ba7337bfb9.wav,0.0
170789b8-bd28-4ffe-91a9-30acdae6e582,coughvid_data/170789b8-bd28-4ffe-91a9-30acdae6e582.wav,coughvid_data/170789b8-bd28-4ffe-91a9-30acdae6e582.wav,1.0
7e5cfc27-836a-43d2-8225-772ed040f895,coughvid_data/7e5cfc27-836a-43d2-8225-772ed040f895.wav,coughvid_data/7e5cfc27-836a-43d2-8225-772ed040f895.wav,1.0
d6e97f61-65e5-4d1f-bfcf-308088c8b4f6,coughvid_data/d6e97f61-65e5-4d1f-bfcf-308088c8b4f6.wav,coughvid_data/d6e97f61-65e5-4d1f-bfcf-308088c8b4f6.wav,1.0
79221f97-e57f-476c-a8b1-57c65ff4e01c,coughvid_data/79221f97-e57f-476c-a8b1-57c65ff4e01c.wav,coughvid_data/79221f97-e57f-476c-a8b1-57c65ff4e01c.wav,1.0
99127a1d-19e9-4382-9272-1cc35005d7e8,coughvid_data/99127a1d-19e9-4382-9272-1cc35005d7e8.wav,coughvid_data/99127a1d-19e9-4382-9272-1cc35005d7e8.wav,1.0
b869b3f7-a8b3-4065-9a82-59214fd7d35f,coughvid_data/b869b3f7-a8b3-4065-9a82-59214fd7d35f.wav,coughvid_data/b869b3f7-a8b3-4065-9a82-59214fd7d35f.wav,0.0
441ee945-ab7c-4b1b-8daa-ae8443044b22,coughvid_data/441ee945-ab7c-4b1b-8daa-ae8443044b22.wav,coughvid_data/441ee945-ab7c-4b1b-8daa-ae8443044b22.wav,1.0
96783d28-b18d-42bf-a5ad-e9c462969391,coughvid_data/96783d28-b18d-42bf-a5ad-e9c462969391.wav,coughvid_data/96783d28-b18d-42bf-a5ad-e9c462969391.wav,1.0
bee54bff-7b16-4708-961c-c4f365a80240,coughvid_data/bee54bff-7b16-4708-961c-c4f365a80240.wav,coughvid_data/bee54bff-7b16-4708-961c-c4f365a80240.wav,1.0
74c19540-4128-43ce-bcc5-966241a3d9de,coughvid_data/74c19540-4128-43ce-bcc5-966241a3d9de.wav,coughvid_data/74c19540-4128-43ce-bcc5-966241a3d9de.wav,1.0
9b657564-979c-4a6b-ac22-ca2ee02e0814,coughvid_data/9b657564-979c-4a6b-ac22-ca2ee02e0814.wav,coughvid_data/9b657564-979c-4a6b-ac22-ca2ee02e0814.wav,0.0
c6f25b13-1f9e-46e2-86ec-030797c8f940,coughvid_data/c6f25b13-1f9e-46e2-86ec-030797c8f940.wav,coughvid_data/c6f25b13-1f9e-46e2-86ec-030797c8f940.wav,1.0
ec4e17a6-68c8-4d8b-a75c-8fbfce351913,coughvid_data/ec4e17a6-68c8-4d8b-a75c-8fbfce351913.wav,coughvid_data/ec4e17a6-68c8-4d8b-a75c-8fbfce351913.wav,0.0
e79ffda7-ab4f-4a7e-9b1c-e55fb955ebd2,coughvid_data/e79ffda7-ab4f-4a7e-9b1c-e55fb955ebd2.wav,coughvid_data/e79ffda7-ab4f-4a7e-9b1c-e55fb955ebd2.wav,0.0
909bfdb4-9bf0-44e0-a468-d55d03f16a71,coughvid_data/909bfdb4-9bf0-44e0-a468-d55d03f16a71.wav,coughvid_data/909bfdb4-9bf0-44e0-a468-d55d03f16a71.wav,1.0
f1e02616-7b84-4e35-8d7f-1961b27c1c7a,coughvid_data/f1e02616-7b84-4e35-8d7f-1961b27c1c7a.wav,coughvid_data/f1e02616-7b84-4e35-8d7f-1961b27c1c7a.wav,1.0
37edd3f8-2432-4412-8a26-ebeca5f17dad,coughvid_data/37edd3f8-2432-4412-8a26-ebeca5f17dad.wav,coughvid_data/37edd3f8-2432-4412-8a26-ebeca5f17dad.wav,0.0
1d7d864b-4a85-4749-9a11-1e1b0e238c3e,coughvid_data/1d7d864b-4a85-4749-9a11-1e1b0e238c3e.wav,coughvid_data/1d7d864b-4a85-4749-9a11-1e1b0e238c3e.wav,0.0
a49281ca-7597-4e76-b582-5b0e00ba390d,coughvid_data/a49281ca-7597-4e76-b582-5b0e00ba390d.wav,coughvid_data/a49281ca-7597-4e76-b582-5b0e00ba390d.wav,1.0
c91f755a-e37e-4106-a90a-bb0672fdfd24,coughvid_data/c91f755a-e37e-4106-a90a-bb0672fdfd24.wav,coughvid_data/c91f755a-e37e-4106-a90a-bb0672fdfd24.wav,1.0
837e5f72-c30f-4187-9c77-9a4f5555cc04,coughvid_data/837e5f72-c30f-4187-9c77-9a4f5555cc04.wav,coughvid_data/837e5f72-c30f-4187-9c77-9a4f5555cc04.wav,1.0
8006addb-67f7-4031-a928-9c861a88ccbf,coughvid_data/8006addb-67f7-4031-a928-9c861a88ccbf.wav,coughvid_data/8006addb-67f7-4031-a928-9c861a88ccbf.wav,0.0
37892348-b187-4bd5-b785-1365d8fe29d8,coughvid_data/37892348-b187-4bd5-b785-1365d8fe29d8.wav,coughvid_data/37892348-b187-4bd5-b785-1365d8fe29d8.wav,0.0
d02a384e-98c5-4e7e-8e1b-36f0d039f31c,coughvid_data/d02a384e-98c5-4e7e-8e1b-36f0d039f31c.wav,coughvid_data/d02a384e-98c5-4e7e-8e1b-36f0d039f31c.wav,1.0
d4fe06ab-d3f7-47b6-88b6-d8874907666b,coughvid_data/d4fe06ab-d3f7-47b6-88b6-d8874907666b.wav,coughvid_data/d4fe06ab-d3f7-47b6-88b6-d8874907666b.wav,1.0
4fc9a8e3-909a-4e92-9621-d5e578817f21,coughvid_data/4fc9a8e3-909a-4e92-9621-d5e578817f21.wav,coughvid_data/4fc9a8e3-909a-4e92-9621-d5e578817f21.wav,1.0
8f6c9a59-34ad-4e30-bb26-b3598392e3ac,coughvid_data/8f6c9a59-34ad-4e30-bb26-b3598392e3ac.wav,coughvid_data/8f6c9a59-34ad-4e30-bb26-b3598392e3ac.wav,0.0
ca2871f5-39a8-4522-8d6e-85ab23a15ab1,coughvid_data/ca2871f5-39a8-4522-8d6e-85ab23a15ab1.wav,coughvid_data/ca2871f5-39a8-4522-8d6e-85ab23a15ab1.wav,0.0
a3a4349e-0551-4f6e-be70-a2bd1dc3d9af,coughvid_data/a3a4349e-0551-4f6e-be70-a2bd1dc3d9af.wav,coughvid_data/a3a4349e-0551-4f6e-be70-a2bd1dc3d9af.wav,0.0
09924867-0251-4450-b09b-83218769d518,coughvid_data/09924867-0251-4450-b09b-83218769d518.wav,coughvid_data/09924867-0251-4450-b09b-83218769d518.wav,0.0
d4cf4bcc-86c5-4762-b9ef-e851dd4bf966,coughvid_data/d4cf4bcc-86c5-4762-b9ef-e851dd4bf966.wav,coughvid_data/d4cf4bcc-86c5-4762-b9ef-e851dd4bf966.wav,1.0
848d2290-06f5-4521-8042-902076971be2,coughvid_data/848d2290-06f5-4521-8042-902076971be2.wav,coughvid_data/848d2290-06f5-4521-8042-902076971be2.wav,0.0
5a18d29d-b679-4ff5-a2e5-93b588691baa,coughvid_data/5a18d29d-b679-4ff5-a2e5-93b588691baa.wav,coughvid_data/5a18d29d-b679-4ff5-a2e5-93b588691baa.wav,0.0
1f7d1d15-f14e-43a0-bd65-5cf07dd521bd,coughvid_data/1f7d1d15-f14e-43a0-bd65-5cf07dd521bd.wav,coughvid_data/1f7d1d15-f14e-43a0-bd65-5cf07dd521bd.wav,0.0
eaf4d4a7-70bb-484b-adb8-319eeb99d78a,coughvid_data/eaf4d4a7-70bb-484b-adb8-319eeb99d78a.wav,coughvid_data/eaf4d4a7-70bb-484b-adb8-319eeb99d78a.wav,0.0
0dc99529-b37c-4229-8b57-a444d56cf788,coughvid_data/0dc99529-b37c-4229-8b57-a444d56cf788.wav,coughvid_data/0dc99529-b37c-4229-8b57-a444d56cf788.wav,0.0
7b3f90c2-9236-4bdc-abf9-375698074f5e,coughvid_data/7b3f90c2-9236-4bdc-abf9-375698074f5e.wav,coughvid_data/7b3f90c2-9236-4bdc-abf9-375698074f5e.wav,1.0
e65f3a27-68af-45b7-8834-ea2acd93f8e3,coughvid_data/e65f3a27-68af-45b7-8834-ea2acd93f8e3.wav,coughvid_data/e65f3a27-68af-45b7-8834-ea2acd93f8e3.wav,0.0
c204b7c8-ba3b-4b39-b5d1-2263ac55a25f,coughvid_data/c204b7c8-ba3b-4b39-b5d1-2263ac55a25f.wav,coughvid_data/c204b7c8-ba3b-4b39-b5d1-2263ac55a25f.wav,0.0
aa4877b2-4820-422b-affe-c3d31c1fc70a,coughvid_data/aa4877b2-4820-422b-affe-c3d31c1fc70a.wav,coughvid_data/aa4877b2-4820-422b-affe-c3d31c1fc70a.wav,1.0
42a63b17-c8e8-46c8-a57b-b7b6341daf4c,coughvid_data/42a63b17-c8e8-46c8-a57b-b7b6341daf4c.wav,coughvid_data/42a63b17-c8e8-46c8-a57b-b7b6341daf4c.wav,0.0
88985bbb-6fce-486c-9968-2f52a8b89121,coughvid_data/88985bbb-6fce-486c-9968-2f52a8b89121.wav,coughvid_data/88985bbb-6fce-486c-9968-2f52a8b89121.wav,0.0
977f5876-db04-4abc-aa56-ab0e05f94676,coughvid_data/977f5876-db04-4abc-aa56-ab0e05f94676.wav,coughvid_data/977f5876-db04-4abc-aa56-ab0e05f94676.wav,1.0
c592fff6-d93d-42c4-9a8d-fe4e8f60509d,coughvid_data/c592fff6-d93d-42c4-9a8d-fe4e8f60509d.wav,coughvid_data/c592fff6-d93d-42c4-9a8d-fe4e8f60509d.wav,0.0
350e0064-6b42-4f74-b416-e9542fa4ed45,coughvid_data/350e0064-6b42-4f74-b416-e9542fa4ed45.wav,coughvid_data/350e0064-6b42-4f74-b416-e9542fa4ed45.wav,0.0
547225b4-8cd7-42bc-b6d0-ebdb7b2f237b,coughvid_data/547225b4-8cd7-42bc-b6d0-ebdb7b2f237b.wav,coughvid_data/547225b4-8cd7-42bc-b6d0-ebdb7b2f237b.wav,0.0
0837bd59-09c5-4098-afe3-4bcbfb0fb0e2,coughvid_data/0837bd59-09c5-4098-afe3-4bcbfb0fb0e2.wav,coughvid_data/0837bd59-09c5-4098-afe3-4bcbfb0fb0e2.wav,1.0
a4bb2751-0216-42ed-9cfe-a61b702912d9,coughvid_data/a4bb2751-0216-42ed-9cfe-a61b702912d9.wav,coughvid_data/a4bb2751-0216-42ed-9cfe-a61b702912d9.wav,1.0
14dd2677-ee4e-4998-beef-06c8c9590743,coughvid_data/14dd2677-ee4e-4998-beef-06c8c9590743.wav,coughvid_data/14dd2677-ee4e-4998-beef-06c8c9590743.wav,1.0
a6b8389e-c098-4dc5-8b1a-d6b63e821bca,coughvid_data/a6b8389e-c098-4dc5-8b1a-d6b63e821bca.wav,coughvid_data/a6b8389e-c098-4dc5-8b1a-d6b63e821bca.wav,0.0
44ce9c4d-6055-4f4d-8581-c9892c4ad993,coughvid_data/44ce9c4d-6055-4f4d-8581-c9892c4ad993.wav,coughvid_data/44ce9c4d-6055-4f4d-8581-c9892c4ad993.wav,0.0
f3080f6b-6064-40ea-80b3-d988a40e2f26,coughvid_data/f3080f6b-6064-40ea-80b3-d988a40e2f26.wav,coughvid_data/f3080f6b-6064-40ea-80b3-d988a40e2f26.wav,0.0
5ff40c7e-0aed-45bd-9955-040d11dc96b2,coughvid_data/5ff40c7e-0aed-45bd-9955-040d11dc96b2.wav,coughvid_data/5ff40c7e-0aed-45bd-9955-040d11dc96b2.wav,0.0
c6215bca-94d9-44a1-84cc-7c94124c90e0,coughvid_data/c6215bca-94d9-44a1-84cc-7c94124c90e0.wav,coughvid_data/c6215bca-94d9-44a1-84cc-7c94124c90e0.wav,1.0
afd37003-52a9-44ba-bcf4-7fc7d637ad37,coughvid_data/afd37003-52a9-44ba-bcf4-7fc7d637ad37.wav,coughvid_data/afd37003-52a9-44ba-bcf4-7fc7d637ad37.wav,1.0
aba7451a-e9c1-49c6-aabe-004148c65eab,coughvid_data/aba7451a-e9c1-49c6-aabe-004148c65eab.wav,coughvid_data/aba7451a-e9c1-49c6-aabe-004148c65eab.wav,0.0
0bb9b1a3-7d19-4ca0-afbf-b7b6d265c11a,coughvid_data/0bb9b1a3-7d19-4ca0-afbf-b7b6d265c11a.wav,coughvid_data/0bb9b1a3-7d19-4ca0-afbf-b7b6d265c11a.wav,0.0
91ccde00-0d18-4127-bd47-79cf6eea4fbc,coughvid_data/91ccde00-0d18-4127-bd47-79cf6eea4fbc.wav,coughvid_data/91ccde00-0d18-4127-bd47-79cf6eea4fbc.wav,1.0
d5228cc0-7dcd-42a4-893c-fa572d5fd8ca,coughvid_data/d5228cc0-7dcd-42a4-893c-fa572d5fd8ca.wav,coughvid_data/d5228cc0-7dcd-42a4-893c-fa572d5fd8ca.wav,1.0
58fa166f-e6c9-4cd4-be19-8f69baf0bea8,coughvid_data/58fa166f-e6c9-4cd4-be19-8f69baf0bea8.wav,coughvid_data/58fa166f-e6c9-4cd4-be19-8f69baf0bea8.wav,0.0
61c538a1-96b7-4901-9e8d-138314c959df,coughvid_data/61c538a1-96b7-4901-9e8d-138314c959df.wav,coughvid_data/61c538a1-96b7-4901-9e8d-138314c959df.wav,1.0
5832cdef-ec33-4ff6-bba0-1c27679175f6,coughvid_data/5832cdef-ec33-4ff6-bba0-1c27679175f6.wav,coughvid_data/5832cdef-ec33-4ff6-bba0-1c27679175f6.wav,0.0
3bb2f1e7-20f4-4b44-9c9e-e45c8fb9537a,coughvid_data/3bb2f1e7-20f4-4b44-9c9e-e45c8fb9537a.wav,coughvid_data/3bb2f1e7-20f4-4b44-9c9e-e45c8fb9537a.wav,0.0
9fa0f414-5e2c-4ae7-bbbc-0330decc929e,coughvid_data/9fa0f414-5e2c-4ae7-bbbc-0330decc929e.wav,coughvid_data/9fa0f414-5e2c-4ae7-bbbc-0330decc929e.wav,1.0
2504b8ec-e9e6-489d-a8ca-d776a7924c6f,coughvid_data/2504b8ec-e9e6-489d-a8ca-d776a7924c6f.wav,coughvid_data/2504b8ec-e9e6-489d-a8ca-d776a7924c6f.wav,0.0
7f09f0aa-f96e-4888-a5e9-bc0a912769d8,coughvid_data/7f09f0aa-f96e-4888-a5e9-bc0a912769d8.wav,coughvid_data/7f09f0aa-f96e-4888-a5e9-bc0a912769d8.wav,0.0
eb1e30b9-ac41-44f0-869a-1b89dd593178,coughvid_data/eb1e30b9-ac41-44f0-869a-1b89dd593178.wav,coughvid_data/eb1e30b9-ac41-44f0-869a-1b89dd593178.wav,0.0
62d81f16-1a74-4fec-b4c0-f55aefe862a8,coughvid_data/62d81f16-1a74-4fec-b4c0-f55aefe862a8.wav,coughvid_data/62d81f16-1a74-4fec-b4c0-f55aefe862a8.wav,0.0
053f46d0-4500-454e-976a-ea94bfeb778c,coughvid_data/053f46d0-4500-454e-976a-ea94bfeb778c.wav,coughvid_data/053f46d0-4500-454e-976a-ea94bfeb778c.wav,1.0
74b28f9a-9877-42a4-9a47-da9098e36cb4,coughvid_data/74b28f9a-9877-42a4-9a47-da9098e36cb4.wav,coughvid_data/74b28f9a-9877-42a4-9a47-da9098e36cb4.wav,1.0
efbbb041-e498-4cfd-b079-30e925292b54,coughvid_data/efbbb041-e498-4cfd-b079-30e925292b54.wav,coughvid_data/efbbb041-e498-4cfd-b079-30e925292b54.wav,1.0
c4480820-a72d-4d5a-a19b-7dc28ba9aadc,coughvid_data/c4480820-a72d-4d5a-a19b-7dc28ba9aadc.wav,coughvid_data/c4480820-a72d-4d5a-a19b-7dc28ba9aadc.wav,1.0
fdb96ef0-b66e-4008-a49d-16461ef07295,coughvid_data/fdb96ef0-b66e-4008-a49d-16461ef07295.wav,coughvid_data/fdb96ef0-b66e-4008-a49d-16461ef07295.wav,1.0
32141f5d-c30d-40d7-acbb-adf81e3440f7,coughvid_data/32141f5d-c30d-40d7-acbb-adf81e3440f7.wav,coughvid_data/32141f5d-c30d-40d7-acbb-adf81e3440f7.wav,0.0
a6d17177-8673-4c17-96b4-cc4f4b600005,coughvid_data/a6d17177-8673-4c17-96b4-cc4f4b600005.wav,coughvid_data/a6d17177-8673-4c17-96b4-cc4f4b600005.wav,1.0
58661a45-15e3-4f05-b173-b3f95c4acd77,coughvid_data/58661a45-15e3-4f05-b173-b3f95c4acd77.wav,coughvid_data/58661a45-15e3-4f05-b173-b3f95c4acd77.wav,1.0
e31b394b-2231-4d60-bfb7-445d2d958c86,coughvid_data/e31b394b-2231-4d60-bfb7-445d2d958c86.wav,coughvid_data/e31b394b-2231-4d60-bfb7-445d2d958c86.wav,0.0
32c576fd-b92c-4996-b939-a653806df7ca,coughvid_data/32c576fd-b92c-4996-b939-a653806df7ca.wav,coughvid_data/32c576fd-b92c-4996-b939-a653806df7ca.wav,1.0
fa08c8ec-2ba0-4fa1-a384-9820001bcba5,coughvid_data/fa08c8ec-2ba0-4fa1-a384-9820001bcba5.wav,coughvid_data/fa08c8ec-2ba0-4fa1-a384-9820001bcba5.wav,0.0
510c5d47-502f-43ac-ae5f-1ce559c6010b,coughvid_data/510c5d47-502f-43ac-ae5f-1ce559c6010b.wav,coughvid_data/510c5d47-502f-43ac-ae5f-1ce559c6010b.wav,1.0
00ca62a4-e319-4ae6-9710-2044ba6ddfe9,coughvid_data/00ca62a4-e319-4ae6-9710-2044ba6ddfe9.wav,coughvid_data/00ca62a4-e319-4ae6-9710-2044ba6ddfe9.wav,0.0
38109c01-c77f-4ad4-b90d-1eeecfa516e3,coughvid_data/38109c01-c77f-4ad4-b90d-1eeecfa516e3.wav,coughvid_data/38109c01-c77f-4ad4-b90d-1eeecfa516e3.wav,1.0
fdcf4fa5-3bb5-4a86-a781-dcf72ccda950,coughvid_data/fdcf4fa5-3bb5-4a86-a781-dcf72ccda950.wav,coughvid_data/fdcf4fa5-3bb5-4a86-a781-dcf72ccda950.wav,1.0
4e728e55-780c-49da-82c0-92df24663bcc,coughvid_data/4e728e55-780c-49da-82c0-92df24663bcc.wav,coughvid_data/4e728e55-780c-49da-82c0-92df24663bcc.wav,0.0
825f9e27-c37b-4b94-adc5-8183716d1229,coughvid_data/825f9e27-c37b-4b94-adc5-8183716d1229.wav,coughvid_data/825f9e27-c37b-4b94-adc5-8183716d1229.wav,1.0
17966d46-d8a7-40bd-b118-ab9db9bdd3d7,coughvid_data/17966d46-d8a7-40bd-b118-ab9db9bdd3d7.wav,coughvid_data/17966d46-d8a7-40bd-b118-ab9db9bdd3d7.wav,0.0
883e446e-8b03-4027-9a0e-70649cf23666,coughvid_data/883e446e-8b03-4027-9a0e-70649cf23666.wav,coughvid_data/883e446e-8b03-4027-9a0e-70649cf23666.wav,0.0
42a87687-3854-4917-8b41-8aaa22b41e03,coughvid_data/42a87687-3854-4917-8b41-8aaa22b41e03.wav,coughvid_data/42a87687-3854-4917-8b41-8aaa22b41e03.wav,0.0
f655b92c-2ae7-4a1a-8627-873765ef2330,coughvid_data/f655b92c-2ae7-4a1a-8627-873765ef2330.wav,coughvid_data/f655b92c-2ae7-4a1a-8627-873765ef2330.wav,1.0
0a0b83e9-860d-42ec-855b-49e73c5ad49e,coughvid_data/0a0b83e9-860d-42ec-855b-49e73c5ad49e.wav,coughvid_data/0a0b83e9-860d-42ec-855b-49e73c5ad49e.wav,1.0
24ada146-477f-42c8-8827-b5293d57463b,coughvid_data/24ada146-477f-42c8-8827-b5293d57463b.wav,coughvid_data/24ada146-477f-42c8-8827-b5293d57463b.wav,1.0
8b317336-e254-450a-a768-47c69af47925,coughvid_data/8b317336-e254-450a-a768-47c69af47925.wav,coughvid_data/8b317336-e254-450a-a768-47c69af47925.wav,0.0
dcae5349-1982-43a9-92d6-a1bdecf6bf07,coughvid_data/dcae5349-1982-43a9-92d6-a1bdecf6bf07.wav,coughvid_data/dcae5349-1982-43a9-92d6-a1bdecf6bf07.wav,1.0
be024a7b-8bf6-4611-8875-ca8cae308df1,coughvid_data/be024a7b-8bf6-4611-8875-ca8cae308df1.wav,coughvid_data/be024a7b-8bf6-4611-8875-ca8cae308df1.wav,0.0
a07b4f39-1720-4a85-84ed-4bf74ae59cf8,coughvid_data/a07b4f39-1720-4a85-84ed-4bf74ae59cf8.wav,coughvid_data/a07b4f39-1720-4a85-84ed-4bf74ae59cf8.wav,0.0
10fddc6c-61f7-480e-a27e-f8eaa642bf7d,coughvid_data/10fddc6c-61f7-480e-a27e-f8eaa642bf7d.wav,coughvid_data/10fddc6c-61f7-480e-a27e-f8eaa642bf7d.wav,0.0
7bbb6d67-f9f8-4f50-8384-21a6350de0b0,coughvid_data/7bbb6d67-f9f8-4f50-8384-21a6350de0b0.wav,coughvid_data/7bbb6d67-f9f8-4f50-8384-21a6350de0b0.wav,1.0
5d752b7f-1a09-4c10-b627-f4b1e7e728f8,coughvid_data/5d752b7f-1a09-4c10-b627-f4b1e7e728f8.wav,coughvid_data/5d752b7f-1a09-4c10-b627-f4b1e7e728f8.wav,1.0
2afbf1c7-c3e0-4ea6-8e7b-aeafd4c92ead,coughvid_data/2afbf1c7-c3e0-4ea6-8e7b-aeafd4c92ead.wav,coughvid_data/2afbf1c7-c3e0-4ea6-8e7b-aeafd4c92ead.wav,1.0
6fd66065-6f20-4cd5-9b0c-b9f49e6448ff,coughvid_data/6fd66065-6f20-4cd5-9b0c-b9f49e6448ff.wav,coughvid_data/6fd66065-6f20-4cd5-9b0c-b9f49e6448ff.wav,1.0
75219e25-c799-45d8-9df0-e0f62ce3a7fb,coughvid_data/75219e25-c799-45d8-9df0-e0f62ce3a7fb.wav,coughvid_data/75219e25-c799-45d8-9df0-e0f62ce3a7fb.wav,0.0
51d4bc80-1f02-4ffa-8e2e-1dc3527a0979,coughvid_data/51d4bc80-1f02-4ffa-8e2e-1dc3527a0979.wav,coughvid_data/51d4bc80-1f02-4ffa-8e2e-1dc3527a0979.wav,1.0
78288d55-de1f-4e67-8d46-1560b833f80f,coughvid_data/78288d55-de1f-4e67-8d46-1560b833f80f.wav,coughvid_data/78288d55-de1f-4e67-8d46-1560b833f80f.wav,1.0
8c6fdd1c-a376-4699-b74e-4cefbf0ef952,coughvid_data/8c6fdd1c-a376-4699-b74e-4cefbf0ef952.wav,coughvid_data/8c6fdd1c-a376-4699-b74e-4cefbf0ef952.wav,0.0
b4c628c8-33ca-495b-a614-74ccadc1e8c7,coughvid_data/b4c628c8-33ca-495b-a614-74ccadc1e8c7.wav,coughvid_data/b4c628c8-33ca-495b-a614-74ccadc1e8c7.wav,1.0
da7e5a53-d8bb-4c50-8808-de0f1db1977d,coughvid_data/da7e5a53-d8bb-4c50-8808-de0f1db1977d.wav,coughvid_data/da7e5a53-d8bb-4c50-8808-de0f1db1977d.wav,0.0
074a6d0d-626a-49b4-8e42-81e2c0f30595,coughvid_data/074a6d0d-626a-49b4-8e42-81e2c0f30595.wav,coughvid_data/074a6d0d-626a-49b4-8e42-81e2c0f30595.wav,0.0
98a646ba-c64a-4975-b0c0-6623d060cf92,coughvid_data/98a646ba-c64a-4975-b0c0-6623d060cf92.wav,coughvid_data/98a646ba-c64a-4975-b0c0-6623d060cf92.wav,0.0
69e1dc40-b8cf-4458-93fe-c45bdf88c0ce,coughvid_data/69e1dc40-b8cf-4458-93fe-c45bdf88c0ce.wav,coughvid_data/69e1dc40-b8cf-4458-93fe-c45bdf88c0ce.wav,1.0
f34c82b4-19aa-4cc0-8c05-3fdc9128aebb,coughvid_data/f34c82b4-19aa-4cc0-8c05-3fdc9128aebb.wav,coughvid_data/f34c82b4-19aa-4cc0-8c05-3fdc9128aebb.wav,1.0
780daf07-4250-450b-8a9f-16fdfdbaf82f,coughvid_data/780daf07-4250-450b-8a9f-16fdfdbaf82f.wav,coughvid_data/780daf07-4250-450b-8a9f-16fdfdbaf82f.wav,0.0
3e7bc5cc-85b2-4250-b068-2ce2f7cc1799,coughvid_data/3e7bc5cc-85b2-4250-b068-2ce2f7cc1799.wav,coughvid_data/3e7bc5cc-85b2-4250-b068-2ce2f7cc1799.wav,1.0
d27399e1-10f5-431b-9a02-9d663115cf2e,coughvid_data/d27399e1-10f5-431b-9a02-9d663115cf2e.wav,coughvid_data/d27399e1-10f5-431b-9a02-9d663115cf2e.wav,0.0
4650755f-d0b1-43ec-a043-e9a9badbd4e6,coughvid_data/4650755f-d0b1-43ec-a043-e9a9badbd4e6.wav,coughvid_data/4650755f-d0b1-43ec-a043-e9a9badbd4e6.wav,0.0
92051c30-259d-4a29-9c0f-257bdf4ef460,coughvid_data/92051c30-259d-4a29-9c0f-257bdf4ef460.wav,coughvid_data/92051c30-259d-4a29-9c0f-257bdf4ef460.wav,1.0
4125ef35-6f42-4ad1-93dc-b8dc0261ce82,coughvid_data/4125ef35-6f42-4ad1-93dc-b8dc0261ce82.wav,coughvid_data/4125ef35-6f42-4ad1-93dc-b8dc0261ce82.wav,0.0
2986534b-37ef-408b-b6ec-b107225d7e8b,coughvid_data/2986534b-37ef-408b-b6ec-b107225d7e8b.wav,coughvid_data/2986534b-37ef-408b-b6ec-b107225d7e8b.wav,1.0
5e7ef78e-386b-4e9e-ba77-b362077834c4,coughvid_data/5e7ef78e-386b-4e9e-ba77-b362077834c4.wav,coughvid_data/5e7ef78e-386b-4e9e-ba77-b362077834c4.wav,0.0
b2ab9908-1d05-4db5-b824-383cd444f8ad,coughvid_data/b2ab9908-1d05-4db5-b824-383cd444f8ad.wav,coughvid_data/b2ab9908-1d05-4db5-b824-383cd444f8ad.wav,0.0
f2346cf6-a972-4314-8b59-19076fad9e70,coughvid_data/f2346cf6-a972-4314-8b59-19076fad9e70.wav,coughvid_data/f2346cf6-a972-4314-8b59-19076fad9e70.wav,0.0
2e4d87d7-b9de-43c0-ae02-8bc985788b59,coughvid_data/2e4d87d7-b9de-43c0-ae02-8bc985788b59.wav,coughvid_data/2e4d87d7-b9de-43c0-ae02-8bc985788b59.wav,0.0
e8fcc9ab-fc99-4996-82d2-e55027744ef5,coughvid_data/e8fcc9ab-fc99-4996-82d2-e55027744ef5.wav,coughvid_data/e8fcc9ab-fc99-4996-82d2-e55027744ef5.wav,0.0
8c2af121-38aa-42e5-a500-0caf183c81ca,coughvid_data/8c2af121-38aa-42e5-a500-0caf183c81ca.wav,coughvid_data/8c2af121-38aa-42e5-a500-0caf183c81ca.wav,0.0
f72efe19-d98f-4d0a-af1f-0a1b7e1a9174,coughvid_data/f72efe19-d98f-4d0a-af1f-0a1b7e1a9174.wav,coughvid_data/f72efe19-d98f-4d0a-af1f-0a1b7e1a9174.wav,0.0
9597934c-2528-4819-ae4f-7de68365551a,coughvid_data/9597934c-2528-4819-ae4f-7de68365551a.wav,coughvid_data/9597934c-2528-4819-ae4f-7de68365551a.wav,1.0
4cb451ca-0e58-43b0-b821-e0fc529582c3,coughvid_data/4cb451ca-0e58-43b0-b821-e0fc529582c3.wav,coughvid_data/4cb451ca-0e58-43b0-b821-e0fc529582c3.wav,0.0
44f368ca-0185-4ba2-a580-3d25c0dc1d4d,coughvid_data/44f368ca-0185-4ba2-a580-3d25c0dc1d4d.wav,coughvid_data/44f368ca-0185-4ba2-a580-3d25c0dc1d4d.wav,0.0
3ed6ce8a-95c9-4efe-8ddf-7178fef61058,coughvid_data/3ed6ce8a-95c9-4efe-8ddf-7178fef61058.wav,coughvid_data/3ed6ce8a-95c9-4efe-8ddf-7178fef61058.wav,0.0
f38b2860-3427-4df1-9f77-0397f03486ef,coughvid_data/f38b2860-3427-4df1-9f77-0397f03486ef.wav,coughvid_data/f38b2860-3427-4df1-9f77-0397f03486ef.wav,0.0
812a0f06-9e05-459e-84fc-2654bbb8bf9c,coughvid_data/812a0f06-9e05-459e-84fc-2654bbb8bf9c.wav,coughvid_data/812a0f06-9e05-459e-84fc-2654bbb8bf9c.wav,1.0
b0ad76c6-126a-45b0-a5dd-e4ccea4ca82f,coughvid_data/b0ad76c6-126a-45b0-a5dd-e4ccea4ca82f.wav,coughvid_data/b0ad76c6-126a-45b0-a5dd-e4ccea4ca82f.wav,0.0
d1a1d2d7-54ad-4045-9572-283aff5650ae,coughvid_data/d1a1d2d7-54ad-4045-9572-283aff5650ae.wav,coughvid_data/d1a1d2d7-54ad-4045-9572-283aff5650ae.wav,1.0
2f37cdf3-13fb-48b1-9d09-6462a9bcb885,coughvid_data/2f37cdf3-13fb-48b1-9d09-6462a9bcb885.wav,coughvid_data/2f37cdf3-13fb-48b1-9d09-6462a9bcb885.wav,0.0
623fd67e-09bb-4259-aef8-2294458c0dc1,coughvid_data/623fd67e-09bb-4259-aef8-2294458c0dc1.wav,coughvid_data/623fd67e-09bb-4259-aef8-2294458c0dc1.wav,1.0
c1b9ab1d-a0da-42b9-897b-d2068f8b8e4e,coughvid_data/c1b9ab1d-a0da-42b9-897b-d2068f8b8e4e.wav,coughvid_data/c1b9ab1d-a0da-42b9-897b-d2068f8b8e4e.wav,1.0
86837f9f-368a-40a0-8745-a15dd4d0e638,coughvid_data/86837f9f-368a-40a0-8745-a15dd4d0e638.wav,coughvid_data/86837f9f-368a-40a0-8745-a15dd4d0e638.wav,1.0
ede1539d-109e-40a1-b18a-59ecf96c6e42,coughvid_data/ede1539d-109e-40a1-b18a-59ecf96c6e42.wav,coughvid_data/ede1539d-109e-40a1-b18a-59ecf96c6e42.wav,0.0
92d33463-e1bd-490e-8a8d-adb7bfb0b24e,coughvid_data/92d33463-e1bd-490e-8a8d-adb7bfb0b24e.wav,coughvid_data/92d33463-e1bd-490e-8a8d-adb7bfb0b24e.wav,1.0
47e05445-7276-4064-99d3-ca3e96689e10,coughvid_data/47e05445-7276-4064-99d3-ca3e96689e10.wav,coughvid_data/47e05445-7276-4064-99d3-ca3e96689e10.wav,0.0
19401f5d-6cbb-4ded-9f9b-e00e3b3cfe06,coughvid_data/19401f5d-6cbb-4ded-9f9b-e00e3b3cfe06.wav,coughvid_data/19401f5d-6cbb-4ded-9f9b-e00e3b3cfe06.wav,1.0
926a1746-9806-4509-bf01-4dbf13d4c155,coughvid_data/926a1746-9806-4509-bf01-4dbf13d4c155.wav,coughvid_data/926a1746-9806-4509-bf01-4dbf13d4c155.wav,1.0
44940dc0-97f6-44b6-b187-c8e8b67831d6,coughvid_data/44940dc0-97f6-44b6-b187-c8e8b67831d6.wav,coughvid_data/44940dc0-97f6-44b6-b187-c8e8b67831d6.wav,0.0
3d11049a-659f-4c38-bb63-03bc51286af0,coughvid_data/3d11049a-659f-4c38-bb63-03bc51286af0.wav,coughvid_data/3d11049a-659f-4c38-bb63-03bc51286af0.wav,1.0
cd3969ba-1b55-441c-88ec-669631365532,coughvid_data/cd3969ba-1b55-441c-88ec-669631365532.wav,coughvid_data/cd3969ba-1b55-441c-88ec-669631365532.wav,1.0
6882f81f-7a9c-404e-9621-57f9aef80b7a,coughvid_data/6882f81f-7a9c-404e-9621-57f9aef80b7a.wav,coughvid_data/6882f81f-7a9c-404e-9621-57f9aef80b7a.wav,0.0
a02e457d-1bd2-425b-8612-830dcf118ada,coughvid_data/a02e457d-1bd2-425b-8612-830dcf118ada.wav,coughvid_data/a02e457d-1bd2-425b-8612-830dcf118ada.wav,1.0
fa011cb7-cb93-4a12-a1b0-c4e0301321e2,coughvid_data/fa011cb7-cb93-4a12-a1b0-c4e0301321e2.wav,coughvid_data/fa011cb7-cb93-4a12-a1b0-c4e0301321e2.wav,1.0
a8f11a2d-cf78-40f6-b836-fd1d91b79e56,coughvid_data/a8f11a2d-cf78-40f6-b836-fd1d91b79e56.wav,coughvid_data/a8f11a2d-cf78-40f6-b836-fd1d91b79e56.wav,1.0
4f16cefb-0995-4db0-808b-79056a3fd6fc,coughvid_data/4f16cefb-0995-4db0-808b-79056a3fd6fc.wav,coughvid_data/4f16cefb-0995-4db0-808b-79056a3fd6fc.wav,1.0
fc2e7526-cfab-4057-8c75-c2cbc0f1654d,coughvid_data/fc2e7526-cfab-4057-8c75-c2cbc0f1654d.wav,coughvid_data/fc2e7526-cfab-4057-8c75-c2cbc0f1654d.wav,1.0
96c2ee28-bc91-4312-a375-46af6380b73b,coughvid_data/96c2ee28-bc91-4312-a375-46af6380b73b.wav,coughvid_data/96c2ee28-bc91-4312-a375-46af6380b73b.wav,1.0
47d72075-ce7b-4bb5-bea8-17155d841f6a,coughvid_data/47d72075-ce7b-4bb5-bea8-17155d841f6a.wav,coughvid_data/47d72075-ce7b-4bb5-bea8-17155d841f6a.wav,1.0
fee97eb3-b9cb-4c25-b0a1-9c7c36fa1ca3,coughvid_data/fee97eb3-b9cb-4c25-b0a1-9c7c36fa1ca3.wav,coughvid_data/fee97eb3-b9cb-4c25-b0a1-9c7c36fa1ca3.wav,1.0
ff73ca29-4f61-42cf-9e3f-7e616da4cdde,coughvid_data/ff73ca29-4f61-42cf-9e3f-7e616da4cdde.wav,coughvid_data/ff73ca29-4f61-42cf-9e3f-7e616da4cdde.wav,0.0
b2703960-6160-47db-af23-04c4cb3fd187,coughvid_data/b2703960-6160-47db-af23-04c4cb3fd187.wav,coughvid_data/b2703960-6160-47db-af23-04c4cb3fd187.wav,1.0
de40854d-0409-4115-a61e-efaf64458602,coughvid_data/de40854d-0409-4115-a61e-efaf64458602.wav,coughvid_data/de40854d-0409-4115-a61e-efaf64458602.wav,1.0
ec3c5386-f0c2-415d-9ea1-8b26e1b93451,coughvid_data/ec3c5386-f0c2-415d-9ea1-8b26e1b93451.wav,coughvid_data/ec3c5386-f0c2-415d-9ea1-8b26e1b93451.wav,1.0
d060bfbb-cfd2-40f2-b9f4-c603868e7c28,coughvid_data/d060bfbb-cfd2-40f2-b9f4-c603868e7c28.wav,coughvid_data/d060bfbb-cfd2-40f2-b9f4-c603868e7c28.wav,1.0
292859ae-f5d7-42a0-8d0f-5e65e7312e78,coughvid_data/292859ae-f5d7-42a0-8d0f-5e65e7312e78.wav,coughvid_data/292859ae-f5d7-42a0-8d0f-5e65e7312e78.wav,0.0
3d9a5d55-66ca-4e38-ba6c-a064ce06d544,coughvid_data/3d9a5d55-66ca-4e38-ba6c-a064ce06d544.wav,coughvid_data/3d9a5d55-66ca-4e38-ba6c-a064ce06d544.wav,0.0
66f52cf9-64cf-49e9-9d28-e78710b4b8d5,coughvid_data/66f52cf9-64cf-49e9-9d28-e78710b4b8d5.wav,coughvid_data/66f52cf9-64cf-49e9-9d28-e78710b4b8d5.wav,1.0
e31ff914-975d-491e-9d52-eb026ed8f90a,coughvid_data/e31ff914-975d-491e-9d52-eb026ed8f90a.wav,coughvid_data/e31ff914-975d-491e-9d52-eb026ed8f90a.wav,1.0
33e98aad-7345-4109-9cf3-a10c4b8afa73,coughvid_data/33e98aad-7345-4109-9cf3-a10c4b8afa73.wav,coughvid_data/33e98aad-7345-4109-9cf3-a10c4b8afa73.wav,1.0
a40dc9a5-b433-451e-9adc-ca98a84cc1ef,coughvid_data/a40dc9a5-b433-451e-9adc-ca98a84cc1ef.wav,coughvid_data/a40dc9a5-b433-451e-9adc-ca98a84cc1ef.wav,1.0
d222550d-c707-4c66-97a6-bfb3b22ccdc6,coughvid_data/d222550d-c707-4c66-97a6-bfb3b22ccdc6.wav,coughvid_data/d222550d-c707-4c66-97a6-bfb3b22ccdc6.wav,1.0
f66cf1a8-ff87-4e59-9338-924bd942df29,coughvid_data/f66cf1a8-ff87-4e59-9338-924bd942df29.wav,coughvid_data/f66cf1a8-ff87-4e59-9338-924bd942df29.wav,0.0
7f430df0-c347-403c-800f-f6c7fac7bc0c,coughvid_data/7f430df0-c347-403c-800f-f6c7fac7bc0c.wav,coughvid_data/7f430df0-c347-403c-800f-f6c7fac7bc0c.wav,1.0
23e8e24b-5c06-4ed2-95ad-23d472830cec,coughvid_data/23e8e24b-5c06-4ed2-95ad-23d472830cec.wav,coughvid_data/23e8e24b-5c06-4ed2-95ad-23d472830cec.wav,0.0
c55e4ac5-03f1-4432-ada6-be2c30e76bcb,coughvid_data/c55e4ac5-03f1-4432-ada6-be2c30e76bcb.wav,coughvid_data/c55e4ac5-03f1-4432-ada6-be2c30e76bcb.wav,1.0
35457485-d1a8-445c-b7fb-2e062c4da459,coughvid_data/35457485-d1a8-445c-b7fb-2e062c4da459.wav,coughvid_data/35457485-d1a8-445c-b7fb-2e062c4da459.wav,0.0
f778b9c9-a1bb-4466-89d6-7566be3a1663,coughvid_data/f778b9c9-a1bb-4466-89d6-7566be3a1663.wav,coughvid_data/f778b9c9-a1bb-4466-89d6-7566be3a1663.wav,1.0
02bf1a5f-4991-4802-8323-1ebcf4d2e233,coughvid_data/02bf1a5f-4991-4802-8323-1ebcf4d2e233.wav,coughvid_data/02bf1a5f-4991-4802-8323-1ebcf4d2e233.wav,1.0
05acbd66-7ec8-49d3-ba60-f21ba1e32d17,coughvid_data/05acbd66-7ec8-49d3-ba60-f21ba1e32d17.wav,coughvid_data/05acbd66-7ec8-49d3-ba60-f21ba1e32d17.wav,0.0
c78f8614-62a0-4e12-b2a3-5b2e10ae57a6,coughvid_data/c78f8614-62a0-4e12-b2a3-5b2e10ae57a6.wav,coughvid_data/c78f8614-62a0-4e12-b2a3-5b2e10ae57a6.wav,0.0
f427f7cc-6518-444d-bdac-3c0d12fd471a,coughvid_data/f427f7cc-6518-444d-bdac-3c0d12fd471a.wav,coughvid_data/f427f7cc-6518-444d-bdac-3c0d12fd471a.wav,0.0
f626aacb-4fe8-4bfc-95d5-a5562b469780,coughvid_data/f626aacb-4fe8-4bfc-95d5-a5562b469780.wav,coughvid_data/f626aacb-4fe8-4bfc-95d5-a5562b469780.wav,1.0
a7bee725-f138-4094-bf4c-c830f5e83f57,coughvid_data/a7bee725-f138-4094-bf4c-c830f5e83f57.wav,coughvid_data/a7bee725-f138-4094-bf4c-c830f5e83f57.wav,0.0
da637ee8-acff-4ac2-bf3e-857c6157b9b0,coughvid_data/da637ee8-acff-4ac2-bf3e-857c6157b9b0.wav,coughvid_data/da637ee8-acff-4ac2-bf3e-857c6157b9b0.wav,0.0
5409159d-f8ff-4ea0-8a6c-0fdc04ff47dc,coughvid_data/5409159d-f8ff-4ea0-8a6c-0fdc04ff47dc.wav,coughvid_data/5409159d-f8ff-4ea0-8a6c-0fdc04ff47dc.wav,1.0
a490f284-3739-4de8-a1b9-0002ff8e959c,coughvid_data/a490f284-3739-4de8-a1b9-0002ff8e959c.wav,coughvid_data/a490f284-3739-4de8-a1b9-0002ff8e959c.wav,1.0
7edbd2b6-bced-4f68-ae00-e5c2ccb59ae2,coughvid_data/7edbd2b6-bced-4f68-ae00-e5c2ccb59ae2.wav,coughvid_data/7edbd2b6-bced-4f68-ae00-e5c2ccb59ae2.wav,1.0
188637eb-da6c-4891-b29a-4f7bb3bf6bdc,coughvid_data/188637eb-da6c-4891-b29a-4f7bb3bf6bdc.wav,coughvid_data/188637eb-da6c-4891-b29a-4f7bb3bf6bdc.wav,0.0
e27ea443-c1c5-4afc-b98a-96b510bb95ab,coughvid_data/e27ea443-c1c5-4afc-b98a-96b510bb95ab.wav,coughvid_data/e27ea443-c1c5-4afc-b98a-96b510bb95ab.wav,1.0
03049e13-b0d0-486c-a7d7-a3e587c0967f,coughvid_data/03049e13-b0d0-486c-a7d7-a3e587c0967f.wav,coughvid_data/03049e13-b0d0-486c-a7d7-a3e587c0967f.wav,0.0
5da96e63-052e-4b82-86c6-e67a240e3fcf,coughvid_data/5da96e63-052e-4b82-86c6-e67a240e3fcf.wav,coughvid_data/5da96e63-052e-4b82-86c6-e67a240e3fcf.wav,0.0
92580ab5-bc25-48ee-b844-16e2084cf14b,coughvid_data/92580ab5-bc25-48ee-b844-16e2084cf14b.wav,coughvid_data/92580ab5-bc25-48ee-b844-16e2084cf14b.wav,1.0
1d3f954c-8d15-4279-832b-e2487b96750f,coughvid_data/1d3f954c-8d15-4279-832b-e2487b96750f.wav,coughvid_data/1d3f954c-8d15-4279-832b-e2487b96750f.wav,1.0
09f95c8a-4c31-4da5-8afe-a3b9e0a87606,coughvid_data/09f95c8a-4c31-4da5-8afe-a3b9e0a87606.wav,coughvid_data/09f95c8a-4c31-4da5-8afe-a3b9e0a87606.wav,0.0
f5d6ae38-0f22-47b5-96ab-b19925738e7d,coughvid_data/f5d6ae38-0f22-47b5-96ab-b19925738e7d.wav,coughvid_data/f5d6ae38-0f22-47b5-96ab-b19925738e7d.wav,0.0
5d1a13af-9413-4d7f-b83b-57d8b4a16177,coughvid_data/5d1a13af-9413-4d7f-b83b-57d8b4a16177.wav,coughvid_data/5d1a13af-9413-4d7f-b83b-57d8b4a16177.wav,1.0
e180752d-f220-401b-8274-0da63317c832,coughvid_data/e180752d-f220-401b-8274-0da63317c832.wav,coughvid_data/e180752d-f220-401b-8274-0da63317c832.wav,1.0
f0873fd7-0278-4208-a9b8-41911b70802c,coughvid_data/f0873fd7-0278-4208-a9b8-41911b70802c.wav,coughvid_data/f0873fd7-0278-4208-a9b8-41911b70802c.wav,1.0
3ee8bf3a-9126-4a00-9925-66316be70680,coughvid_data/3ee8bf3a-9126-4a00-9925-66316be70680.wav,coughvid_data/3ee8bf3a-9126-4a00-9925-66316be70680.wav,0.0
acbb7c2e-9218-45dd-8271-c75c41418d92,coughvid_data/acbb7c2e-9218-45dd-8271-c75c41418d92.wav,coughvid_data/acbb7c2e-9218-45dd-8271-c75c41418d92.wav,0.0
92e1cd7d-6318-4906-8094-819f3244e03c,coughvid_data/92e1cd7d-6318-4906-8094-819f3244e03c.wav,coughvid_data/92e1cd7d-6318-4906-8094-819f3244e03c.wav,1.0
5f82a0be-57b5-4676-b38b-dae8f1a5d21b,coughvid_data/5f82a0be-57b5-4676-b38b-dae8f1a5d21b.wav,coughvid_data/5f82a0be-57b5-4676-b38b-dae8f1a5d21b.wav,1.0
53c3242b-e7aa-4cb1-bc8f-e4dc70c57ee9,coughvid_data/53c3242b-e7aa-4cb1-bc8f-e4dc70c57ee9.wav,coughvid_data/53c3242b-e7aa-4cb1-bc8f-e4dc70c57ee9.wav,0.0
555cbc7e-fcfa-4afd-a779-84ef744b6ccf,coughvid_data/555cbc7e-fcfa-4afd-a779-84ef744b6ccf.wav,coughvid_data/555cbc7e-fcfa-4afd-a779-84ef744b6ccf.wav,1.0
dafd59e9-5943-420b-92c5-f731071af3f9,coughvid_data/dafd59e9-5943-420b-92c5-f731071af3f9.wav,coughvid_data/dafd59e9-5943-420b-92c5-f731071af3f9.wav,1.0
3f9fb126-9c3b-4c38-99cd-5ad7dcd5c995,coughvid_data/3f9fb126-9c3b-4c38-99cd-5ad7dcd5c995.wav,coughvid_data/3f9fb126-9c3b-4c38-99cd-5ad7dcd5c995.wav,1.0
5125c3f1-4a1b-438d-baf5-d606f06be6cd,coughvid_data/5125c3f1-4a1b-438d-baf5-d606f06be6cd.wav,coughvid_data/5125c3f1-4a1b-438d-baf5-d606f06be6cd.wav,1.0
ce0c319b-da2c-4f90-9050-108a8156acb5,coughvid_data/ce0c319b-da2c-4f90-9050-108a8156acb5.wav,coughvid_data/ce0c319b-da2c-4f90-9050-108a8156acb5.wav,1.0
daccbcc8-8088-467c-8036-74d408444d71,coughvid_data/daccbcc8-8088-467c-8036-74d408444d71.wav,coughvid_data/daccbcc8-8088-467c-8036-74d408444d71.wav,0.0
af364d76-8ff2-4f5e-86e6-29da5e397665,coughvid_data/af364d76-8ff2-4f5e-86e6-29da5e397665.wav,coughvid_data/af364d76-8ff2-4f5e-86e6-29da5e397665.wav,0.0
f0e37381-3839-4a44-adff-4c40b9611388,coughvid_data/f0e37381-3839-4a44-adff-4c40b9611388.wav,coughvid_data/f0e37381-3839-4a44-adff-4c40b9611388.wav,0.0
55c9640f-2173-4b44-a69f-51b9515e6606,coughvid_data/55c9640f-2173-4b44-a69f-51b9515e6606.wav,coughvid_data/55c9640f-2173-4b44-a69f-51b9515e6606.wav,0.0
37aef073-957a-4691-ab87-aa32bcaa9375,coughvid_data/37aef073-957a-4691-ab87-aa32bcaa9375.wav,coughvid_data/37aef073-957a-4691-ab87-aa32bcaa9375.wav,0.0
e3b3b409-530a-4d38-935d-84e56d5b5e9c,coughvid_data/e3b3b409-530a-4d38-935d-84e56d5b5e9c.wav,coughvid_data/e3b3b409-530a-4d38-935d-84e56d5b5e9c.wav,0.0
27c5f26c-dac0-4d1f-9341-552499cc1fb1,coughvid_data/27c5f26c-dac0-4d1f-9341-552499cc1fb1.wav,coughvid_data/27c5f26c-dac0-4d1f-9341-552499cc1fb1.wav,1.0
85f7130c-2c56-4dff-8ff8-a99527170fec,coughvid_data/85f7130c-2c56-4dff-8ff8-a99527170fec.wav,coughvid_data/85f7130c-2c56-4dff-8ff8-a99527170fec.wav,1.0
77d65132-3fa6-4a1d-a3fe-4b5a7166f519,coughvid_data/77d65132-3fa6-4a1d-a3fe-4b5a7166f519.wav,coughvid_data/77d65132-3fa6-4a1d-a3fe-4b5a7166f519.wav,0.0
78f090fc-ed2d-4757-880c-4a8c10ea478d,coughvid_data/78f090fc-ed2d-4757-880c-4a8c10ea478d.wav,coughvid_data/78f090fc-ed2d-4757-880c-4a8c10ea478d.wav,1.0
419fbf7e-797e-476b-ac77-068569c7eab2,coughvid_data/419fbf7e-797e-476b-ac77-068569c7eab2.wav,coughvid_data/419fbf7e-797e-476b-ac77-068569c7eab2.wav,0.0
291d9fb3-6444-4cec-b7f2-f4ccd73ba657,coughvid_data/291d9fb3-6444-4cec-b7f2-f4ccd73ba657.wav,coughvid_data/291d9fb3-6444-4cec-b7f2-f4ccd73ba657.wav,1.0
b0e7d416-2f44-479e-a804-ce00c1e2c4bf,coughvid_data/b0e7d416-2f44-479e-a804-ce00c1e2c4bf.wav,coughvid_data/b0e7d416-2f44-479e-a804-ce00c1e2c4bf.wav,1.0
79a12ab8-7497-4a70-871f-5486c6699f45,coughvid_data/79a12ab8-7497-4a70-871f-5486c6699f45.wav,coughvid_data/79a12ab8-7497-4a70-871f-5486c6699f45.wav,1.0
53db549a-40f3-4de3-a20b-73e4aee71307,coughvid_data/53db549a-40f3-4de3-a20b-73e4aee71307.wav,coughvid_data/53db549a-40f3-4de3-a20b-73e4aee71307.wav,0.0
78a212f6-63db-4884-921a-1b307b2ae9a7,coughvid_data/78a212f6-63db-4884-921a-1b307b2ae9a7.wav,coughvid_data/78a212f6-63db-4884-921a-1b307b2ae9a7.wav,0.0
e17ae0f0-34f5-45b2-a03a-a553bfb20640,coughvid_data/e17ae0f0-34f5-45b2-a03a-a553bfb20640.wav,coughvid_data/e17ae0f0-34f5-45b2-a03a-a553bfb20640.wav,0.0
db214c02-4dab-4756-bf08-cca015ed8eff,coughvid_data/db214c02-4dab-4756-bf08-cca015ed8eff.wav,coughvid_data/db214c02-4dab-4756-bf08-cca015ed8eff.wav,0.0
71ac76d9-afa6-4b44-82a3-8f8baeb073bc,coughvid_data/71ac76d9-afa6-4b44-82a3-8f8baeb073bc.wav,coughvid_data/71ac76d9-afa6-4b44-82a3-8f8baeb073bc.wav,0.0
076976aa-90d0-47fb-a855-b433210e1943,coughvid_data/076976aa-90d0-47fb-a855-b433210e1943.wav,coughvid_data/076976aa-90d0-47fb-a855-b433210e1943.wav,0.0
54214c16-f159-4b4c-a2e8-b681f08523a9,coughvid_data/54214c16-f159-4b4c-a2e8-b681f08523a9.wav,coughvid_data/54214c16-f159-4b4c-a2e8-b681f08523a9.wav,1.0
83d4c32c-462e-4e6c-8525-fa5f86b3bf1a,coughvid_data/83d4c32c-462e-4e6c-8525-fa5f86b3bf1a.wav,coughvid_data/83d4c32c-462e-4e6c-8525-fa5f86b3bf1a.wav,1.0
012a8047-9ccb-43eb-8cf6-349ac093801a,coughvid_data/012a8047-9ccb-43eb-8cf6-349ac093801a.wav,coughvid_data/012a8047-9ccb-43eb-8cf6-349ac093801a.wav,1.0
143b2ff7-e13c-4598-ab3e-ed926da2d878,coughvid_data/143b2ff7-e13c-4598-ab3e-ed926da2d878.wav,coughvid_data/143b2ff7-e13c-4598-ab3e-ed926da2d878.wav,0.0
658104d7-129f-4111-8f68-d838784e6ddd,coughvid_data/658104d7-129f-4111-8f68-d838784e6ddd.wav,coughvid_data/658104d7-129f-4111-8f68-d838784e6ddd.wav,0.0
9cf48c60-93d6-4828-b17b-62281a24780b,coughvid_data/9cf48c60-93d6-4828-b17b-62281a24780b.wav,coughvid_data/9cf48c60-93d6-4828-b17b-62281a24780b.wav,1.0
10a416c8-a323-41e5-ba84-889a31485945,coughvid_data/10a416c8-a323-41e5-ba84-889a31485945.wav,coughvid_data/10a416c8-a323-41e5-ba84-889a31485945.wav,1.0
dd5e60c4-db2f-4d27-a9ce-58998db4fd25,coughvid_data/dd5e60c4-db2f-4d27-a9ce-58998db4fd25.wav,coughvid_data/dd5e60c4-db2f-4d27-a9ce-58998db4fd25.wav,1.0
03b402a3-5318-4289-b746-7bfa40546709,coughvid_data/03b402a3-5318-4289-b746-7bfa40546709.wav,coughvid_data/03b402a3-5318-4289-b746-7bfa40546709.wav,1.0
c75ac3bb-b532-4c1d-b860-5b182e718554,coughvid_data/c75ac3bb-b532-4c1d-b860-5b182e718554.wav,coughvid_data/c75ac3bb-b532-4c1d-b860-5b182e718554.wav,0.0
15a2df04-2217-4809-89de-c07108a475c8,coughvid_data/15a2df04-2217-4809-89de-c07108a475c8.wav,coughvid_data/15a2df04-2217-4809-89de-c07108a475c8.wav,1.0
227aa787-6fa6-467b-b682-9a16508b86f3,coughvid_data/227aa787-6fa6-467b-b682-9a16508b86f3.wav,coughvid_data/227aa787-6fa6-467b-b682-9a16508b86f3.wav,1.0
b0195245-c895-41b3-bd4d-2da0c446c9a9,coughvid_data/b0195245-c895-41b3-bd4d-2da0c446c9a9.wav,coughvid_data/b0195245-c895-41b3-bd4d-2da0c446c9a9.wav,1.0
071da517-8148-4a3a-9d49-fbb22938741c,coughvid_data/071da517-8148-4a3a-9d49-fbb22938741c.wav,coughvid_data/071da517-8148-4a3a-9d49-fbb22938741c.wav,1.0
4649869f-216e-4f2a-859f-407c2837cfc6,coughvid_data/4649869f-216e-4f2a-859f-407c2837cfc6.wav,coughvid_data/4649869f-216e-4f2a-859f-407c2837cfc6.wav,0.0
b09f5d4b-d639-4cf2-b842-87509345f116,coughvid_data/b09f5d4b-d639-4cf2-b842-87509345f116.wav,coughvid_data/b09f5d4b-d639-4cf2-b842-87509345f116.wav,1.0
4f2b6f47-c1d6-44e6-99a7-e00fce341c6a,coughvid_data/4f2b6f47-c1d6-44e6-99a7-e00fce341c6a.wav,coughvid_data/4f2b6f47-c1d6-44e6-99a7-e00fce341c6a.wav,1.0
df92717d-6f80-410d-a810-8e14e7d2509e,coughvid_data/df92717d-6f80-410d-a810-8e14e7d2509e.wav,coughvid_data/df92717d-6f80-410d-a810-8e14e7d2509e.wav,0.0
d1cb3d7e-5143-4e2d-8230-95110ba07c26,coughvid_data/d1cb3d7e-5143-4e2d-8230-95110ba07c26.wav,coughvid_data/d1cb3d7e-5143-4e2d-8230-95110ba07c26.wav,1.0
7de571a5-bae3-4bd6-ac45-b2232e92744c,coughvid_data/7de571a5-bae3-4bd6-ac45-b2232e92744c.wav,coughvid_data/7de571a5-bae3-4bd6-ac45-b2232e92744c.wav,1.0
0cc2a3bb-9b8f-4c1a-8d1b-b04551491161,coughvid_data/0cc2a3bb-9b8f-4c1a-8d1b-b04551491161.wav,coughvid_data/0cc2a3bb-9b8f-4c1a-8d1b-b04551491161.wav,0.0
43c231e1-23a8-489b-89ab-a49d3f2a9ec0,coughvid_data/43c231e1-23a8-489b-89ab-a49d3f2a9ec0.wav,coughvid_data/43c231e1-23a8-489b-89ab-a49d3f2a9ec0.wav,1.0
f1293c21-a5d9-41fe-838d-2dea5b90a242,coughvid_data/f1293c21-a5d9-41fe-838d-2dea5b90a242.wav,coughvid_data/f1293c21-a5d9-41fe-838d-2dea5b90a242.wav,1.0
569b78ca-dc65-4638-b605-853cc4a3b3fb,coughvid_data/569b78ca-dc65-4638-b605-853cc4a3b3fb.wav,coughvid_data/569b78ca-dc65-4638-b605-853cc4a3b3fb.wav,1.0
06a017b7-3bf9-44d2-be83-42d7761778d1,coughvid_data/06a017b7-3bf9-44d2-be83-42d7761778d1.wav,coughvid_data/06a017b7-3bf9-44d2-be83-42d7761778d1.wav,1.0
63ba6830-f8e2-4b42-8759-56b682fe5bd4,coughvid_data/63ba6830-f8e2-4b42-8759-56b682fe5bd4.wav,coughvid_data/63ba6830-f8e2-4b42-8759-56b682fe5bd4.wav,1.0
c189bc5c-6636-4259-ad4a-6713bc24adbc,coughvid_data/c189bc5c-6636-4259-ad4a-6713bc24adbc.wav,coughvid_data/c189bc5c-6636-4259-ad4a-6713bc24adbc.wav,0.0
dffa7256-7298-4c53-aaf5-4276f552e3fb,coughvid_data/dffa7256-7298-4c53-aaf5-4276f552e3fb.wav,coughvid_data/dffa7256-7298-4c53-aaf5-4276f552e3fb.wav,1.0
f982d704-ad47-451f-968d-8178d732e30c,coughvid_data/f982d704-ad47-451f-968d-8178d732e30c.wav,coughvid_data/f982d704-ad47-451f-968d-8178d732e30c.wav,0.0
4e56333b-6155-4aa6-bb89-9f893892d39e,coughvid_data/4e56333b-6155-4aa6-bb89-9f893892d39e.wav,coughvid_data/4e56333b-6155-4aa6-bb89-9f893892d39e.wav,0.0
c7035b41-eb8f-42e9-bec3-9b618cc8c0c9,coughvid_data/c7035b41-eb8f-42e9-bec3-9b618cc8c0c9.wav,coughvid_data/c7035b41-eb8f-42e9-bec3-9b618cc8c0c9.wav,0.0
d846841d-cc32-490e-9c9d-aa57837974eb,coughvid_data/d846841d-cc32-490e-9c9d-aa57837974eb.wav,coughvid_data/d846841d-cc32-490e-9c9d-aa57837974eb.wav,0.0
6b9a66fe-407e-45dd-a052-b69c402c35c0,coughvid_data/6b9a66fe-407e-45dd-a052-b69c402c35c0.wav,coughvid_data/6b9a66fe-407e-45dd-a052-b69c402c35c0.wav,0.0
57dbf8c5-f6c9-41a9-a1c8-dbc55ea0607f,coughvid_data/57dbf8c5-f6c9-41a9-a1c8-dbc55ea0607f.wav,coughvid_data/57dbf8c5-f6c9-41a9-a1c8-dbc55ea0607f.wav,1.0
ff2bc96f-7386-4ebf-b166-ba4691cfdd93,coughvid_data/ff2bc96f-7386-4ebf-b166-ba4691cfdd93.wav,coughvid_data/ff2bc96f-7386-4ebf-b166-ba4691cfdd93.wav,1.0
416c24b9-c0cc-4071-b55f-70ed103e02bc,coughvid_data/416c24b9-c0cc-4071-b55f-70ed103e02bc.wav,coughvid_data/416c24b9-c0cc-4071-b55f-70ed103e02bc.wav,0.0
b08bd7a4-a123-4f28-b659-bbb5ea70fb6f,coughvid_data/b08bd7a4-a123-4f28-b659-bbb5ea70fb6f.wav,coughvid_data/b08bd7a4-a123-4f28-b659-bbb5ea70fb6f.wav,1.0
549aca02-7ce7-47fd-b30c-93e0dd4e6a01,coughvid_data/549aca02-7ce7-47fd-b30c-93e0dd4e6a01.wav,coughvid_data/549aca02-7ce7-47fd-b30c-93e0dd4e6a01.wav,0.0
0ad1264b-9338-4ed0-8bc9-224015e26efc,coughvid_data/0ad1264b-9338-4ed0-8bc9-224015e26efc.wav,coughvid_data/0ad1264b-9338-4ed0-8bc9-224015e26efc.wav,0.0
5da68422-a1ca-41e5-8a67-9106aeba69ce,coughvid_data/5da68422-a1ca-41e5-8a67-9106aeba69ce.wav,coughvid_data/5da68422-a1ca-41e5-8a67-9106aeba69ce.wav,0.0
d94d9646-3aa9-4ee7-9924-3c901fecf103,coughvid_data/d94d9646-3aa9-4ee7-9924-3c901fecf103.wav,coughvid_data/d94d9646-3aa9-4ee7-9924-3c901fecf103.wav,1.0
7461b5cc-2173-4e5a-b82c-667d25240afe,coughvid_data/7461b5cc-2173-4e5a-b82c-667d25240afe.wav,coughvid_data/7461b5cc-2173-4e5a-b82c-667d25240afe.wav,0.0
0858f063-e812-4481-91aa-90a713c815fd,coughvid_data/0858f063-e812-4481-91aa-90a713c815fd.wav,coughvid_data/0858f063-e812-4481-91aa-90a713c815fd.wav,0.0
f6c1f9df-42cc-4bc2-bd19-e94f19203ae1,coughvid_data/f6c1f9df-42cc-4bc2-bd19-e94f19203ae1.wav,coughvid_data/f6c1f9df-42cc-4bc2-bd19-e94f19203ae1.wav,1.0
e8af8f39-b16a-421a-9f49-a533fa643a98,coughvid_data/e8af8f39-b16a-421a-9f49-a533fa643a98.wav,coughvid_data/e8af8f39-b16a-421a-9f49-a533fa643a98.wav,0.0
bb245cfe-669d-40e1-904b-97968ae757a3,coughvid_data/bb245cfe-669d-40e1-904b-97968ae757a3.wav,coughvid_data/bb245cfe-669d-40e1-904b-97968ae757a3.wav,0.0
8b65a198-2b0f-452c-ac15-47d892676fc3,coughvid_data/8b65a198-2b0f-452c-ac15-47d892676fc3.wav,coughvid_data/8b65a198-2b0f-452c-ac15-47d892676fc3.wav,1.0
5dcf97e8-8a88-44a7-a938-9e2f40ef2b9f,coughvid_data/5dcf97e8-8a88-44a7-a938-9e2f40ef2b9f.wav,coughvid_data/5dcf97e8-8a88-44a7-a938-9e2f40ef2b9f.wav,1.0
b836990e-291f-473b-95fa-ee9932151982,coughvid_data/b836990e-291f-473b-95fa-ee9932151982.wav,coughvid_data/b836990e-291f-473b-95fa-ee9932151982.wav,0.0
0696a4c7-c31d-4425-aae9-aaaddc932173,coughvid_data/0696a4c7-c31d-4425-aae9-aaaddc932173.wav,coughvid_data/0696a4c7-c31d-4425-aae9-aaaddc932173.wav,1.0
afa96760-d245-4047-81bc-75aedc2359c0,coughvid_data/afa96760-d245-4047-81bc-75aedc2359c0.wav,coughvid_data/afa96760-d245-4047-81bc-75aedc2359c0.wav,1.0
4efe4731-7b03-48e6-9b95-6d437b3d08cd,coughvid_data/4efe4731-7b03-48e6-9b95-6d437b3d08cd.wav,coughvid_data/4efe4731-7b03-48e6-9b95-6d437b3d08cd.wav,0.0
c63ae49b-4d8c-4703-a010-1e9249f33852,coughvid_data/c63ae49b-4d8c-4703-a010-1e9249f33852.wav,coughvid_data/c63ae49b-4d8c-4703-a010-1e9249f33852.wav,1.0
671d5452-c6a5-456b-aac5-48ef5278f773,coughvid_data/671d5452-c6a5-456b-aac5-48ef5278f773.wav,coughvid_data/671d5452-c6a5-456b-aac5-48ef5278f773.wav,1.0
35c32cc2-583d-44db-92ca-7e5566c39d31,coughvid_data/35c32cc2-583d-44db-92ca-7e5566c39d31.wav,coughvid_data/35c32cc2-583d-44db-92ca-7e5566c39d31.wav,0.0
aeb1e750-4303-4d1d-8676-634e01f2d648,coughvid_data/aeb1e750-4303-4d1d-8676-634e01f2d648.wav,coughvid_data/aeb1e750-4303-4d1d-8676-634e01f2d648.wav,1.0
b45451fe-a464-489a-8e9b-5203ab0f57f9,coughvid_data/b45451fe-a464-489a-8e9b-5203ab0f57f9.wav,coughvid_data/b45451fe-a464-489a-8e9b-5203ab0f57f9.wav,0.0
811b0a98-9b54-4fd9-95a9-6722383e4100,coughvid_data/811b0a98-9b54-4fd9-95a9-6722383e4100.wav,coughvid_data/811b0a98-9b54-4fd9-95a9-6722383e4100.wav,0.0
80064664-c851-465f-b741-ed78ea1c4469,coughvid_data/80064664-c851-465f-b741-ed78ea1c4469.wav,coughvid_data/80064664-c851-465f-b741-ed78ea1c4469.wav,1.0
0a1b4119-cc22-4884-8f0f-34e8207c31d1,coughvid_data/0a1b4119-cc22-4884-8f0f-34e8207c31d1.wav,coughvid_data/0a1b4119-cc22-4884-8f0f-34e8207c31d1.wav,0.0
536005ce-f5fc-48d7-9c0a-f9a11465b6f6,coughvid_data/536005ce-f5fc-48d7-9c0a-f9a11465b6f6.wav,coughvid_data/536005ce-f5fc-48d7-9c0a-f9a11465b6f6.wav,0.0
70785418-cef3-4f88-b3b8-6388980479c5,coughvid_data/70785418-cef3-4f88-b3b8-6388980479c5.wav,coughvid_data/70785418-cef3-4f88-b3b8-6388980479c5.wav,1.0
c62a7d17-49e8-4f21-b862-230c26335e4f,coughvid_data/c62a7d17-49e8-4f21-b862-230c26335e4f.wav,coughvid_data/c62a7d17-49e8-4f21-b862-230c26335e4f.wav,1.0
ec18ecb8-cb3f-4d39-a459-0f2e83c244f8,coughvid_data/ec18ecb8-cb3f-4d39-a459-0f2e83c244f8.wav,coughvid_data/ec18ecb8-cb3f-4d39-a459-0f2e83c244f8.wav,1.0
4ab13b3e-d7cf-4002-b05f-ecaf68352689,coughvid_data/4ab13b3e-d7cf-4002-b05f-ecaf68352689.wav,coughvid_data/4ab13b3e-d7cf-4002-b05f-ecaf68352689.wav,1.0
3188bce4-8516-4ea6-8733-2538519e770e,coughvid_data/3188bce4-8516-4ea6-8733-2538519e770e.wav,coughvid_data/3188bce4-8516-4ea6-8733-2538519e770e.wav,1.0
273e801c-bb2d-4fba-a4f8-52f0a9cf8edc,coughvid_data/273e801c-bb2d-4fba-a4f8-52f0a9cf8edc.wav,coughvid_data/273e801c-bb2d-4fba-a4f8-52f0a9cf8edc.wav,0.0
a3e625b9-f902-44fa-b706-0cf104c6b62a,coughvid_data/a3e625b9-f902-44fa-b706-0cf104c6b62a.wav,coughvid_data/a3e625b9-f902-44fa-b706-0cf104c6b62a.wav,0.0
00a31212-7c64-4649-b78b-4c7d9ce3156e,coughvid_data/00a31212-7c64-4649-b78b-4c7d9ce3156e.wav,coughvid_data/00a31212-7c64-4649-b78b-4c7d9ce3156e.wav,1.0
e54b052a-2849-461f-b490-55288275abfa,coughvid_data/e54b052a-2849-461f-b490-55288275abfa.wav,coughvid_data/e54b052a-2849-461f-b490-55288275abfa.wav,1.0
056379f3-faca-437c-82d2-f26831d8ed0a,coughvid_data/056379f3-faca-437c-82d2-f26831d8ed0a.wav,coughvid_data/056379f3-faca-437c-82d2-f26831d8ed0a.wav,1.0
dd068acf-efab-4c3a-b5c5-224c69aa3763,coughvid_data/dd068acf-efab-4c3a-b5c5-224c69aa3763.wav,coughvid_data/dd068acf-efab-4c3a-b5c5-224c69aa3763.wav,0.0
380a3a56-c89a-4bc3-a975-67278d38f1d0,coughvid_data/380a3a56-c89a-4bc3-a975-67278d38f1d0.wav,coughvid_data/380a3a56-c89a-4bc3-a975-67278d38f1d0.wav,0.0
c032ae23-a556-42a5-9cb6-5b41550da7b8,coughvid_data/c032ae23-a556-42a5-9cb6-5b41550da7b8.wav,coughvid_data/c032ae23-a556-42a5-9cb6-5b41550da7b8.wav,1.0
f52f5f9a-9194-48e0-95a5-0e7c9c9c1ea7,coughvid_data/f52f5f9a-9194-48e0-95a5-0e7c9c9c1ea7.wav,coughvid_data/f52f5f9a-9194-48e0-95a5-0e7c9c9c1ea7.wav,1.0
3435efbb-b5b3-4cc3-b1b4-2d6f6663bde0,coughvid_data/3435efbb-b5b3-4cc3-b1b4-2d6f6663bde0.wav,coughvid_data/3435efbb-b5b3-4cc3-b1b4-2d6f6663bde0.wav,0.0
e4996edb-842c-4bda-b5f4-ffb6ec8cc8fe,coughvid_data/e4996edb-842c-4bda-b5f4-ffb6ec8cc8fe.wav,coughvid_data/e4996edb-842c-4bda-b5f4-ffb6ec8cc8fe.wav,1.0
a10ae4a1-f043-4e12-a333-ae8ae8ddc326,coughvid_data/a10ae4a1-f043-4e12-a333-ae8ae8ddc326.wav,coughvid_data/a10ae4a1-f043-4e12-a333-ae8ae8ddc326.wav,0.0
839dee17-e5b6-4906-a0c2-e5fe62c6b43e,coughvid_data/839dee17-e5b6-4906-a0c2-e5fe62c6b43e.wav,coughvid_data/839dee17-e5b6-4906-a0c2-e5fe62c6b43e.wav,0.0
484f767d-de6f-4b94-881b-943fd50e6f8f,coughvid_data/484f767d-de6f-4b94-881b-943fd50e6f8f.wav,coughvid_data/484f767d-de6f-4b94-881b-943fd50e6f8f.wav,1.0
1345d248-12dd-4f6c-982f-9cf9949a1abb,coughvid_data/1345d248-12dd-4f6c-982f-9cf9949a1abb.wav,coughvid_data/1345d248-12dd-4f6c-982f-9cf9949a1abb.wav,0.0
4fb2598a-f7d6-49fd-a860-a9355588fb07,coughvid_data/4fb2598a-f7d6-49fd-a860-a9355588fb07.wav,coughvid_data/4fb2598a-f7d6-49fd-a860-a9355588fb07.wav,1.0
8e6225cb-c271-45ba-a39a-b6e28db97820,coughvid_data/8e6225cb-c271-45ba-a39a-b6e28db97820.wav,coughvid_data/8e6225cb-c271-45ba-a39a-b6e28db97820.wav,0.0
120eac75-ad43-42c7-8416-d07c956eff83,coughvid_data/120eac75-ad43-42c7-8416-d07c956eff83.wav,coughvid_data/120eac75-ad43-42c7-8416-d07c956eff83.wav,1.0
fdd006c2-6948-4abd-809b-927c666542de,coughvid_data/fdd006c2-6948-4abd-809b-927c666542de.wav,coughvid_data/fdd006c2-6948-4abd-809b-927c666542de.wav,0.0
ffe5e2a4-ef67-464d-b1cd-b0e321f6a2dd,coughvid_data/ffe5e2a4-ef67-464d-b1cd-b0e321f6a2dd.wav,coughvid_data/ffe5e2a4-ef67-464d-b1cd-b0e321f6a2dd.wav,0.0
aa0cd3a6-df21-4c35-8816-673857d1f66b,coughvid_data/aa0cd3a6-df21-4c35-8816-673857d1f66b.wav,coughvid_data/aa0cd3a6-df21-4c35-8816-673857d1f66b.wav,1.0
b1d9e003-708a-4e2b-aacf-0920b8f72b21,coughvid_data/b1d9e003-708a-4e2b-aacf-0920b8f72b21.wav,coughvid_data/b1d9e003-708a-4e2b-aacf-0920b8f72b21.wav,1.0
0396af0f-7982-4edc-add4-a60b35aa89a1,coughvid_data/0396af0f-7982-4edc-add4-a60b35aa89a1.wav,coughvid_data/0396af0f-7982-4edc-add4-a60b35aa89a1.wav,1.0
e86c5c4a-b29f-41f3-83c3-2ad6cc6e258b,coughvid_data/e86c5c4a-b29f-41f3-83c3-2ad6cc6e258b.wav,coughvid_data/e86c5c4a-b29f-41f3-83c3-2ad6cc6e258b.wav,1.0
975bb27b-92ed-4368-9c94-9961b7bc7394,coughvid_data/975bb27b-92ed-4368-9c94-9961b7bc7394.wav,coughvid_data/975bb27b-92ed-4368-9c94-9961b7bc7394.wav,1.0
a5aeaa95-ed25-452b-b112-62c042c21b33,coughvid_data/a5aeaa95-ed25-452b-b112-62c042c21b33.wav,coughvid_data/a5aeaa95-ed25-452b-b112-62c042c21b33.wav,1.0
33b9b720-8241-4be3-a990-11962d4722fd,coughvid_data/33b9b720-8241-4be3-a990-11962d4722fd.wav,coughvid_data/33b9b720-8241-4be3-a990-11962d4722fd.wav,0.0
b4a92781-30df-4a53-a6e5-b4a6fd9ccbaf,coughvid_data/b4a92781-30df-4a53-a6e5-b4a6fd9ccbaf.wav,coughvid_data/b4a92781-30df-4a53-a6e5-b4a6fd9ccbaf.wav,1.0
2595dd72-cd1c-4c15-93fd-3cd3efbb5a28,coughvid_data/2595dd72-cd1c-4c15-93fd-3cd3efbb5a28.wav,coughvid_data/2595dd72-cd1c-4c15-93fd-3cd3efbb5a28.wav,0.0
76ba0eb3-06fd-4cb9-a88d-39caa24039ab,coughvid_data/76ba0eb3-06fd-4cb9-a88d-39caa24039ab.wav,coughvid_data/76ba0eb3-06fd-4cb9-a88d-39caa24039ab.wav,1.0
a1401238-fdac-4481-b128-e4ecb035175c,coughvid_data/a1401238-fdac-4481-b128-e4ecb035175c.wav,coughvid_data/a1401238-fdac-4481-b128-e4ecb035175c.wav,1.0
2775e1cc-a85a-4c6a-8a4d-b4e225613d23,coughvid_data/2775e1cc-a85a-4c6a-8a4d-b4e225613d23.wav,coughvid_data/2775e1cc-a85a-4c6a-8a4d-b4e225613d23.wav,1.0
05dd90db-56ac-41e9-a325-3e76ec7a40d9,coughvid_data/05dd90db-56ac-41e9-a325-3e76ec7a40d9.wav,coughvid_data/05dd90db-56ac-41e9-a325-3e76ec7a40d9.wav,1.0
6a788632-db94-4ee4-a213-3fab71cddf8c,coughvid_data/6a788632-db94-4ee4-a213-3fab71cddf8c.wav,coughvid_data/6a788632-db94-4ee4-a213-3fab71cddf8c.wav,0.0
314a93c4-f47a-4348-98e2-3c1e2d816924,coughvid_data/314a93c4-f47a-4348-98e2-3c1e2d816924.wav,coughvid_data/314a93c4-f47a-4348-98e2-3c1e2d816924.wav,0.0
ec87a6aa-83b9-4f94-9065-99cad8140005,coughvid_data/ec87a6aa-83b9-4f94-9065-99cad8140005.wav,coughvid_data/ec87a6aa-83b9-4f94-9065-99cad8140005.wav,0.0
2cc30bb4-6e0f-4cb5-a7a5-f7fa03c203ba,coughvid_data/2cc30bb4-6e0f-4cb5-a7a5-f7fa03c203ba.wav,coughvid_data/2cc30bb4-6e0f-4cb5-a7a5-f7fa03c203ba.wav,1.0
33137540-9c21-4db1-8a54-26b0d8266380,coughvid_data/33137540-9c21-4db1-8a54-26b0d8266380.wav,coughvid_data/33137540-9c21-4db1-8a54-26b0d8266380.wav,0.0
3fff2cac-47d1-48aa-b5a0-fa3a1d14c4e5,coughvid_data/3fff2cac-47d1-48aa-b5a0-fa3a1d14c4e5.wav,coughvid_data/3fff2cac-47d1-48aa-b5a0-fa3a1d14c4e5.wav,1.0
7d67ecdd-3dd1-43ec-a0c9-7bc00ddc6162,coughvid_data/7d67ecdd-3dd1-43ec-a0c9-7bc00ddc6162.wav,coughvid_data/7d67ecdd-3dd1-43ec-a0c9-7bc00ddc6162.wav,0.0
141ad4b1-d9b2-407d-9e48-913915c02b74,coughvid_data/141ad4b1-d9b2-407d-9e48-913915c02b74.wav,coughvid_data/141ad4b1-d9b2-407d-9e48-913915c02b74.wav,1.0
86b176ee-9b27-4dab-9cab-2261c8d2e4e3,coughvid_data/86b176ee-9b27-4dab-9cab-2261c8d2e4e3.wav,coughvid_data/86b176ee-9b27-4dab-9cab-2261c8d2e4e3.wav,0.0
18bdc698-a296-42a8-acd8-324941e56d7d,coughvid_data/18bdc698-a296-42a8-acd8-324941e56d7d.wav,coughvid_data/18bdc698-a296-42a8-acd8-324941e56d7d.wav,0.0
777470d7-add6-492a-abed-a2282e7bc061,coughvid_data/777470d7-add6-492a-abed-a2282e7bc061.wav,coughvid_data/777470d7-add6-492a-abed-a2282e7bc061.wav,0.0
99abd232-82f7-4aa9-beff-9672af04efd0,coughvid_data/99abd232-82f7-4aa9-beff-9672af04efd0.wav,coughvid_data/99abd232-82f7-4aa9-beff-9672af04efd0.wav,0.0
7becf6fa-f7d1-4c44-ad4e-d23977979cf4,coughvid_data/7becf6fa-f7d1-4c44-ad4e-d23977979cf4.wav,coughvid_data/7becf6fa-f7d1-4c44-ad4e-d23977979cf4.wav,1.0
e5caabdb-3756-4f2f-8fba-0da8cb3f1e75,coughvid_data/e5caabdb-3756-4f2f-8fba-0da8cb3f1e75.wav,coughvid_data/e5caabdb-3756-4f2f-8fba-0da8cb3f1e75.wav,0.0
a03baece-440f-4026-9705-4fcb2bc9e065,coughvid_data/a03baece-440f-4026-9705-4fcb2bc9e065.wav,coughvid_data/a03baece-440f-4026-9705-4fcb2bc9e065.wav,1.0
2a0be9a2-bf04-4ff8-8615-d163f309ec08,coughvid_data/2a0be9a2-bf04-4ff8-8615-d163f309ec08.wav,coughvid_data/2a0be9a2-bf04-4ff8-8615-d163f309ec08.wav,1.0
7fbe75fa-f2d1-46d0-bd60-9c06ac099709,coughvid_data/7fbe75fa-f2d1-46d0-bd60-9c06ac099709.wav,coughvid_data/7fbe75fa-f2d1-46d0-bd60-9c06ac099709.wav,0.0
f65e8175-9667-41e0-a0b4-152879a45e24,coughvid_data/f65e8175-9667-41e0-a0b4-152879a45e24.wav,coughvid_data/f65e8175-9667-41e0-a0b4-152879a45e24.wav,1.0
b66ea1a8-a46f-4890-8b1f-91c5841bfc99,coughvid_data/b66ea1a8-a46f-4890-8b1f-91c5841bfc99.wav,coughvid_data/b66ea1a8-a46f-4890-8b1f-91c5841bfc99.wav,1.0
6f26632b-55f2-499f-8508-9f769be196e4,coughvid_data/6f26632b-55f2-499f-8508-9f769be196e4.wav,coughvid_data/6f26632b-55f2-499f-8508-9f769be196e4.wav,1.0
8829e5c8-c83f-4c3a-9d38-09c3f8ac158a,coughvid_data/8829e5c8-c83f-4c3a-9d38-09c3f8ac158a.wav,coughvid_data/8829e5c8-c83f-4c3a-9d38-09c3f8ac158a.wav,0.0
318703cd-6685-42e0-985c-10b5621e5431,coughvid_data/318703cd-6685-42e0-985c-10b5621e5431.wav,coughvid_data/318703cd-6685-42e0-985c-10b5621e5431.wav,1.0
5d855bc4-c633-4716-973c-0d8aff62f726,coughvid_data/5d855bc4-c633-4716-973c-0d8aff62f726.wav,coughvid_data/5d855bc4-c633-4716-973c-0d8aff62f726.wav,0.0
47d73557-ca2e-4660-b0d1-109e2adccf94,coughvid_data/47d73557-ca2e-4660-b0d1-109e2adccf94.wav,coughvid_data/47d73557-ca2e-4660-b0d1-109e2adccf94.wav,1.0
913c4ae7-9245-458d-9ea2-6a2fea6042f8,coughvid_data/913c4ae7-9245-458d-9ea2-6a2fea6042f8.wav,coughvid_data/913c4ae7-9245-458d-9ea2-6a2fea6042f8.wav,1.0
151d392b-f1bb-4dbe-ab8b-5462f2a6d9a9,coughvid_data/151d392b-f1bb-4dbe-ab8b-5462f2a6d9a9.wav,coughvid_data/151d392b-f1bb-4dbe-ab8b-5462f2a6d9a9.wav,1.0
e94d89ce-1ce8-4ca2-a34f-f11dbb3a1d80,coughvid_data/e94d89ce-1ce8-4ca2-a34f-f11dbb3a1d80.wav,coughvid_data/e94d89ce-1ce8-4ca2-a34f-f11dbb3a1d80.wav,0.0
4e6f6466-a5e1-4315-9f68-f6caea1a20ff,coughvid_data/4e6f6466-a5e1-4315-9f68-f6caea1a20ff.wav,coughvid_data/4e6f6466-a5e1-4315-9f68-f6caea1a20ff.wav,0.0
a4cd69cf-a169-4b04-b5e0-dbd4d826b97d,coughvid_data/a4cd69cf-a169-4b04-b5e0-dbd4d826b97d.wav,coughvid_data/a4cd69cf-a169-4b04-b5e0-dbd4d826b97d.wav,0.0
0b2f75d7-f116-4f35-ae4c-f2018eab2794,coughvid_data/0b2f75d7-f116-4f35-ae4c-f2018eab2794.wav,coughvid_data/0b2f75d7-f116-4f35-ae4c-f2018eab2794.wav,1.0
8f20ec81-e8f6-4a72-ba04-42e5b1f3d522,coughvid_data/8f20ec81-e8f6-4a72-ba04-42e5b1f3d522.wav,coughvid_data/8f20ec81-e8f6-4a72-ba04-42e5b1f3d522.wav,1.0
65377101-a88f-4eac-a971-03121f14bab2,coughvid_data/65377101-a88f-4eac-a971-03121f14bab2.wav,coughvid_data/65377101-a88f-4eac-a971-03121f14bab2.wav,1.0
aa76f71f-dd1a-494f-bbbc-ed09de896611,coughvid_data/aa76f71f-dd1a-494f-bbbc-ed09de896611.wav,coughvid_data/aa76f71f-dd1a-494f-bbbc-ed09de896611.wav,1.0
c5f1366f-e9dc-4bc5-92d5-47165d890c2e,coughvid_data/c5f1366f-e9dc-4bc5-92d5-47165d890c2e.wav,coughvid_data/c5f1366f-e9dc-4bc5-92d5-47165d890c2e.wav,1.0
2c2e3dea-3a4d-47f3-9c14-3058cc44db47,coughvid_data/2c2e3dea-3a4d-47f3-9c14-3058cc44db47.wav,coughvid_data/2c2e3dea-3a4d-47f3-9c14-3058cc44db47.wav,1.0
2d586f2e-d44f-420f-bd1f-e89bbdb2f2fb,coughvid_data/2d586f2e-d44f-420f-bd1f-e89bbdb2f2fb.wav,coughvid_data/2d586f2e-d44f-420f-bd1f-e89bbdb2f2fb.wav,1.0
88e200d8-6404-45bc-88cc-e651b58131bd,coughvid_data/88e200d8-6404-45bc-88cc-e651b58131bd.wav,coughvid_data/88e200d8-6404-45bc-88cc-e651b58131bd.wav,1.0
700560be-aae2-4dfd-a186-3be70ed9e711,coughvid_data/700560be-aae2-4dfd-a186-3be70ed9e711.wav,coughvid_data/700560be-aae2-4dfd-a186-3be70ed9e711.wav,0.0
08f49f58-7448-4975-85ba-233ff73818c2,coughvid_data/08f49f58-7448-4975-85ba-233ff73818c2.wav,coughvid_data/08f49f58-7448-4975-85ba-233ff73818c2.wav,1.0
29d29c26-7a96-474d-bf39-b80af3f1322f,coughvid_data/29d29c26-7a96-474d-bf39-b80af3f1322f.wav,coughvid_data/29d29c26-7a96-474d-bf39-b80af3f1322f.wav,0.0
d33c78c2-f3d1-453e-857e-d3e68f868db0,coughvid_data/d33c78c2-f3d1-453e-857e-d3e68f868db0.wav,coughvid_data/d33c78c2-f3d1-453e-857e-d3e68f868db0.wav,0.0
bd41be52-d827-4914-b49f-33ac7276f56a,coughvid_data/bd41be52-d827-4914-b49f-33ac7276f56a.wav,coughvid_data/bd41be52-d827-4914-b49f-33ac7276f56a.wav,1.0
467f028c-0156-446a-9d63-f32f64553320,coughvid_data/467f028c-0156-446a-9d63-f32f64553320.wav,coughvid_data/467f028c-0156-446a-9d63-f32f64553320.wav,1.0
78be0aca-207b-4a42-8c7d-de4ed3e8b5b7,coughvid_data/78be0aca-207b-4a42-8c7d-de4ed3e8b5b7.wav,coughvid_data/78be0aca-207b-4a42-8c7d-de4ed3e8b5b7.wav,1.0
65d41d50-8aa8-4ac6-9b09-996f4fc43ffa,coughvid_data/65d41d50-8aa8-4ac6-9b09-996f4fc43ffa.wav,coughvid_data/65d41d50-8aa8-4ac6-9b09-996f4fc43ffa.wav,0.0
e9d0b8ba-4bb5-46c6-a1a6-3d3f68fc0c19,coughvid_data/e9d0b8ba-4bb5-46c6-a1a6-3d3f68fc0c19.wav,coughvid_data/e9d0b8ba-4bb5-46c6-a1a6-3d3f68fc0c19.wav,1.0
8a4486c3-9d2f-47cf-82ec-998b7f59e8f2,coughvid_data/8a4486c3-9d2f-47cf-82ec-998b7f59e8f2.wav,coughvid_data/8a4486c3-9d2f-47cf-82ec-998b7f59e8f2.wav,1.0
1269621b-0237-4bd5-99f4-57f7d3b667b5,coughvid_data/1269621b-0237-4bd5-99f4-57f7d3b667b5.wav,coughvid_data/1269621b-0237-4bd5-99f4-57f7d3b667b5.wav,0.0
9479806f-740d-43b6-b94d-531c5c227e14,coughvid_data/9479806f-740d-43b6-b94d-531c5c227e14.wav,coughvid_data/9479806f-740d-43b6-b94d-531c5c227e14.wav,0.0
7a56bd7d-cd64-46ea-9134-3a4db3eb0f17,coughvid_data/7a56bd7d-cd64-46ea-9134-3a4db3eb0f17.wav,coughvid_data/7a56bd7d-cd64-46ea-9134-3a4db3eb0f17.wav,0.0
9118638e-5f45-4ec5-9030-ee078d92934c,coughvid_data/9118638e-5f45-4ec5-9030-ee078d92934c.wav,coughvid_data/9118638e-5f45-4ec5-9030-ee078d92934c.wav,0.0
7cec5e6d-1d58-473b-a689-33c1089509cd,coughvid_data/7cec5e6d-1d58-473b-a689-33c1089509cd.wav,coughvid_data/7cec5e6d-1d58-473b-a689-33c1089509cd.wav,1.0
5a836c73-d58e-4fee-b954-42d537306a38,coughvid_data/5a836c73-d58e-4fee-b954-42d537306a38.wav,coughvid_data/5a836c73-d58e-4fee-b954-42d537306a38.wav,0.0
a640356b-950b-47b3-8afc-adabb3a3d20d,coughvid_data/a640356b-950b-47b3-8afc-adabb3a3d20d.wav,coughvid_data/a640356b-950b-47b3-8afc-adabb3a3d20d.wav,1.0
b59dfaa6-d9eb-41b1-b5d7-d7ab8da5a15d,coughvid_data/b59dfaa6-d9eb-41b1-b5d7-d7ab8da5a15d.wav,coughvid_data/b59dfaa6-d9eb-41b1-b5d7-d7ab8da5a15d.wav,0.0
e6b13d77-1f92-4261-a74a-aa9c782576c9,coughvid_data/e6b13d77-1f92-4261-a74a-aa9c782576c9.wav,coughvid_data/e6b13d77-1f92-4261-a74a-aa9c782576c9.wav,1.0
dc8eb354-d9f6-4ba1-a3c2-6ae16a96fee5,coughvid_data/dc8eb354-d9f6-4ba1-a3c2-6ae16a96fee5.wav,coughvid_data/dc8eb354-d9f6-4ba1-a3c2-6ae16a96fee5.wav,1.0
97353d6f-86aa-4a5f-94d7-10345d799006,coughvid_data/97353d6f-86aa-4a5f-94d7-10345d799006.wav,coughvid_data/97353d6f-86aa-4a5f-94d7-10345d799006.wav,0.0
b2cb86f2-d182-4a2f-9321-5b19ddadf4f4,coughvid_data/b2cb86f2-d182-4a2f-9321-5b19ddadf4f4.wav,coughvid_data/b2cb86f2-d182-4a2f-9321-5b19ddadf4f4.wav,1.0
587f67f8-8ab3-4d43-9168-f0e6f601620d,coughvid_data/587f67f8-8ab3-4d43-9168-f0e6f601620d.wav,coughvid_data/587f67f8-8ab3-4d43-9168-f0e6f601620d.wav,1.0
0901e48e-c5ca-4f83-b520-f40708cfac86,coughvid_data/0901e48e-c5ca-4f83-b520-f40708cfac86.wav,coughvid_data/0901e48e-c5ca-4f83-b520-f40708cfac86.wav,0.0
a1309232-7cb3-4b9d-a081-0739c794fce4,coughvid_data/a1309232-7cb3-4b9d-a081-0739c794fce4.wav,coughvid_data/a1309232-7cb3-4b9d-a081-0739c794fce4.wav,1.0
c4585ae1-7ba6-4013-9e08-c874128e3f8a,coughvid_data/c4585ae1-7ba6-4013-9e08-c874128e3f8a.wav,coughvid_data/c4585ae1-7ba6-4013-9e08-c874128e3f8a.wav,0.0
a521beb8-4e79-4d26-8a6a-7570afc0d8cb,coughvid_data/a521beb8-4e79-4d26-8a6a-7570afc0d8cb.wav,coughvid_data/a521beb8-4e79-4d26-8a6a-7570afc0d8cb.wav,1.0
3959875f-8cbb-4181-82db-3ad186f51d13,coughvid_data/3959875f-8cbb-4181-82db-3ad186f51d13.wav,coughvid_data/3959875f-8cbb-4181-82db-3ad186f51d13.wav,1.0
dd5c98ad-23b5-4812-ae0a-a6de2c90b31d,coughvid_data/dd5c98ad-23b5-4812-ae0a-a6de2c90b31d.wav,coughvid_data/dd5c98ad-23b5-4812-ae0a-a6de2c90b31d.wav,1.0
5412f2cf-715e-480b-b881-01bb599d3784,coughvid_data/5412f2cf-715e-480b-b881-01bb599d3784.wav,coughvid_data/5412f2cf-715e-480b-b881-01bb599d3784.wav,0.0
03c8796e-547e-4158-ae5f-7c613aaeb02f,coughvid_data/03c8796e-547e-4158-ae5f-7c613aaeb02f.wav,coughvid_data/03c8796e-547e-4158-ae5f-7c613aaeb02f.wav,1.0
b4d64d96-8bf9-413d-a165-e6deed6c4dba,coughvid_data/b4d64d96-8bf9-413d-a165-e6deed6c4dba.wav,coughvid_data/b4d64d96-8bf9-413d-a165-e6deed6c4dba.wav,1.0
2dd081ef-c756-4a68-93c8-90f0ef7d951b,coughvid_data/2dd081ef-c756-4a68-93c8-90f0ef7d951b.wav,coughvid_data/2dd081ef-c756-4a68-93c8-90f0ef7d951b.wav,1.0
77571b95-82f9-4459-9882-e8c1d9d62cdc,coughvid_data/77571b95-82f9-4459-9882-e8c1d9d62cdc.wav,coughvid_data/77571b95-82f9-4459-9882-e8c1d9d62cdc.wav,1.0
ad19a44f-e512-46ec-980a-2eead07d68c1,coughvid_data/ad19a44f-e512-46ec-980a-2eead07d68c1.wav,coughvid_data/ad19a44f-e512-46ec-980a-2eead07d68c1.wav,1.0
fe67d70d-eca7-4620-a78d-5d2ab91f97fc,coughvid_data/fe67d70d-eca7-4620-a78d-5d2ab91f97fc.wav,coughvid_data/fe67d70d-eca7-4620-a78d-5d2ab91f97fc.wav,0.0
b69dd5f3-57e1-45e7-a469-49633bd84aa4,coughvid_data/b69dd5f3-57e1-45e7-a469-49633bd84aa4.wav,coughvid_data/b69dd5f3-57e1-45e7-a469-49633bd84aa4.wav,0.0
01d3857d-689f-4bc1-a6ca-97b9233df46f,coughvid_data/01d3857d-689f-4bc1-a6ca-97b9233df46f.wav,coughvid_data/01d3857d-689f-4bc1-a6ca-97b9233df46f.wav,1.0
d86cd037-7d48-403e-bc12-517f6192c94e,coughvid_data/d86cd037-7d48-403e-bc12-517f6192c94e.wav,coughvid_data/d86cd037-7d48-403e-bc12-517f6192c94e.wav,0.0
7af3817e-c50c-429f-adfb-b83cfba667e9,coughvid_data/7af3817e-c50c-429f-adfb-b83cfba667e9.wav,coughvid_data/7af3817e-c50c-429f-adfb-b83cfba667e9.wav,1.0
3b629af9-ebdf-4f62-8998-d36c51beb5d7,coughvid_data/3b629af9-ebdf-4f62-8998-d36c51beb5d7.wav,coughvid_data/3b629af9-ebdf-4f62-8998-d36c51beb5d7.wav,0.0
8475da17-5c32-415c-ba77-6dfad5ee5f9b,coughvid_data/8475da17-5c32-415c-ba77-6dfad5ee5f9b.wav,coughvid_data/8475da17-5c32-415c-ba77-6dfad5ee5f9b.wav,1.0
13a67e1a-4677-414c-bcf1-7aeebd43f545,coughvid_data/13a67e1a-4677-414c-bcf1-7aeebd43f545.wav,coughvid_data/13a67e1a-4677-414c-bcf1-7aeebd43f545.wav,0.0
6462d540-48bc-410b-b08e-cdf0b45ee118,coughvid_data/6462d540-48bc-410b-b08e-cdf0b45ee118.wav,coughvid_data/6462d540-48bc-410b-b08e-cdf0b45ee118.wav,1.0
4d3c64d1-74f5-458a-aff4-b93f1ea666f6,coughvid_data/4d3c64d1-74f5-458a-aff4-b93f1ea666f6.wav,coughvid_data/4d3c64d1-74f5-458a-aff4-b93f1ea666f6.wav,0.0
51faa6f5-cb70-4d92-8d93-5b7cdbcd7db1,coughvid_data/51faa6f5-cb70-4d92-8d93-5b7cdbcd7db1.wav,coughvid_data/51faa6f5-cb70-4d92-8d93-5b7cdbcd7db1.wav,0.0
cce0c69d-c4c6-42fe-921f-47bde52a1d7f,coughvid_data/cce0c69d-c4c6-42fe-921f-47bde52a1d7f.wav,coughvid_data/cce0c69d-c4c6-42fe-921f-47bde52a1d7f.wav,0.0
88510366-6a33-46b2-b1b6-8b5c8afb8a46,coughvid_data/88510366-6a33-46b2-b1b6-8b5c8afb8a46.wav,coughvid_data/88510366-6a33-46b2-b1b6-8b5c8afb8a46.wav,1.0
551809f9-640e-4504-9494-cfeccc94c4d0,coughvid_data/551809f9-640e-4504-9494-cfeccc94c4d0.wav,coughvid_data/551809f9-640e-4504-9494-cfeccc94c4d0.wav,1.0
53bef080-934b-4aa5-b219-0fa49686a2ea,coughvid_data/53bef080-934b-4aa5-b219-0fa49686a2ea.wav,coughvid_data/53bef080-934b-4aa5-b219-0fa49686a2ea.wav,1.0
81ac68ba-368f-41f3-b31e-4758b68ac1ba,coughvid_data/81ac68ba-368f-41f3-b31e-4758b68ac1ba.wav,coughvid_data/81ac68ba-368f-41f3-b31e-4758b68ac1ba.wav,0.0
a7e279ed-a330-4904-bcb1-e900a554eabd,coughvid_data/a7e279ed-a330-4904-bcb1-e900a554eabd.wav,coughvid_data/a7e279ed-a330-4904-bcb1-e900a554eabd.wav,1.0
1c8712c5-b0cf-45a2-b420-b16dd29dd2fa,coughvid_data/1c8712c5-b0cf-45a2-b420-b16dd29dd2fa.wav,coughvid_data/1c8712c5-b0cf-45a2-b420-b16dd29dd2fa.wav,0.0
1b98dd46-b9d9-4bef-b7b8-3d5d0aadd04e,coughvid_data/1b98dd46-b9d9-4bef-b7b8-3d5d0aadd04e.wav,coughvid_data/1b98dd46-b9d9-4bef-b7b8-3d5d0aadd04e.wav,0.0
ddd8047e-26d8-4fd7-a0b1-956ac5529b4b,coughvid_data/ddd8047e-26d8-4fd7-a0b1-956ac5529b4b.wav,coughvid_data/ddd8047e-26d8-4fd7-a0b1-956ac5529b4b.wav,0.0
89777dd8-4d37-4c64-81cd-a1c38108d689,coughvid_data/89777dd8-4d37-4c64-81cd-a1c38108d689.wav,coughvid_data/89777dd8-4d37-4c64-81cd-a1c38108d689.wav,1.0
7e197bfe-391f-4eea-accd-275a532e26e7,coughvid_data/7e197bfe-391f-4eea-accd-275a532e26e7.wav,coughvid_data/7e197bfe-391f-4eea-accd-275a532e26e7.wav,1.0
2fcaef2d-f5ac-4b81-a9c9-1fff23ab1f33,coughvid_data/2fcaef2d-f5ac-4b81-a9c9-1fff23ab1f33.wav,coughvid_data/2fcaef2d-f5ac-4b81-a9c9-1fff23ab1f33.wav,0.0
65a1a18d-e88e-4830-bd97-26347c9bdcd5,coughvid_data/65a1a18d-e88e-4830-bd97-26347c9bdcd5.wav,coughvid_data/65a1a18d-e88e-4830-bd97-26347c9bdcd5.wav,0.0
230c05bf-5569-482f-b59d-bfeb07b61e88,coughvid_data/230c05bf-5569-482f-b59d-bfeb07b61e88.wav,coughvid_data/230c05bf-5569-482f-b59d-bfeb07b61e88.wav,1.0
fbe0eeb1-a53c-4a99-8f03-6b270c117e9f,coughvid_data/fbe0eeb1-a53c-4a99-8f03-6b270c117e9f.wav,coughvid_data/fbe0eeb1-a53c-4a99-8f03-6b270c117e9f.wav,1.0
d6aefc13-3ba5-4f27-b00c-8e9b5b831ae0,coughvid_data/d6aefc13-3ba5-4f27-b00c-8e9b5b831ae0.wav,coughvid_data/d6aefc13-3ba5-4f27-b00c-8e9b5b831ae0.wav,1.0
0bbd9a2b-864f-49fa-9bdf-2cb78d7ca149,coughvid_data/0bbd9a2b-864f-49fa-9bdf-2cb78d7ca149.wav,coughvid_data/0bbd9a2b-864f-49fa-9bdf-2cb78d7ca149.wav,1.0
a4a0ea97-bf80-497d-935c-6318993d3428,coughvid_data/a4a0ea97-bf80-497d-935c-6318993d3428.wav,coughvid_data/a4a0ea97-bf80-497d-935c-6318993d3428.wav,0.0
38be0751-98d7-45a2-a325-4853efd0a174,coughvid_data/38be0751-98d7-45a2-a325-4853efd0a174.wav,coughvid_data/38be0751-98d7-45a2-a325-4853efd0a174.wav,1.0
f6bfb1e3-13b1-4575-ad3f-eecc0577f47c,coughvid_data/f6bfb1e3-13b1-4575-ad3f-eecc0577f47c.wav,coughvid_data/f6bfb1e3-13b1-4575-ad3f-eecc0577f47c.wav,0.0
f2dc3d42-42d1-40dc-8be8-1f64c65558fd,coughvid_data/f2dc3d42-42d1-40dc-8be8-1f64c65558fd.wav,coughvid_data/f2dc3d42-42d1-40dc-8be8-1f64c65558fd.wav,1.0
9d235782-5984-4829-a505-c205c3ff0ec4,coughvid_data/9d235782-5984-4829-a505-c205c3ff0ec4.wav,coughvid_data/9d235782-5984-4829-a505-c205c3ff0ec4.wav,0.0
b460aded-4015-4b05-a3d0-69cbcd6ed107,coughvid_data/b460aded-4015-4b05-a3d0-69cbcd6ed107.wav,coughvid_data/b460aded-4015-4b05-a3d0-69cbcd6ed107.wav,0.0
63bff45d-a943-4e80-9e3d-9c771987f157,coughvid_data/63bff45d-a943-4e80-9e3d-9c771987f157.wav,coughvid_data/63bff45d-a943-4e80-9e3d-9c771987f157.wav,0.0
eca32709-8598-4920-9087-86b2240252d4,coughvid_data/eca32709-8598-4920-9087-86b2240252d4.wav,coughvid_data/eca32709-8598-4920-9087-86b2240252d4.wav,0.0
f37cc139-33e9-4241-9b26-ec841b4750fd,coughvid_data/f37cc139-33e9-4241-9b26-ec841b4750fd.wav,coughvid_data/f37cc139-33e9-4241-9b26-ec841b4750fd.wav,1.0
d53c31d7-b11a-49bd-817c-a0b62379bbfa,coughvid_data/d53c31d7-b11a-49bd-817c-a0b62379bbfa.wav,coughvid_data/d53c31d7-b11a-49bd-817c-a0b62379bbfa.wav,0.0
4b22dc75-caee-40a8-84da-d3bc8f4eca69,coughvid_data/4b22dc75-caee-40a8-84da-d3bc8f4eca69.wav,coughvid_data/4b22dc75-caee-40a8-84da-d3bc8f4eca69.wav,1.0
2f42aee7-23eb-4e5a-885a-9e120f287c59,coughvid_data/2f42aee7-23eb-4e5a-885a-9e120f287c59.wav,coughvid_data/2f42aee7-23eb-4e5a-885a-9e120f287c59.wav,1.0
c2e57440-f4d4-4af5-960b-6fedefb2a3da,coughvid_data/c2e57440-f4d4-4af5-960b-6fedefb2a3da.wav,coughvid_data/c2e57440-f4d4-4af5-960b-6fedefb2a3da.wav,1.0
820077c9-7423-4f20-892c-9821a4e61080,coughvid_data/820077c9-7423-4f20-892c-9821a4e61080.wav,coughvid_data/820077c9-7423-4f20-892c-9821a4e61080.wav,0.0
26fbb94f-6a7c-4781-bf61-14c2057898b8,coughvid_data/26fbb94f-6a7c-4781-bf61-14c2057898b8.wav,coughvid_data/26fbb94f-6a7c-4781-bf61-14c2057898b8.wav,1.0
3cbde047-aa97-4a64-8f9e-4dc45d227cf0,coughvid_data/3cbde047-aa97-4a64-8f9e-4dc45d227cf0.wav,coughvid_data/3cbde047-aa97-4a64-8f9e-4dc45d227cf0.wav,0.0
0bbadac1-7d72-4450-8990-c1d4487241bd,coughvid_data/0bbadac1-7d72-4450-8990-c1d4487241bd.wav,coughvid_data/0bbadac1-7d72-4450-8990-c1d4487241bd.wav,0.0
96344274-1ceb-46ae-9ee5-8c3e8abb6aaf,coughvid_data/96344274-1ceb-46ae-9ee5-8c3e8abb6aaf.wav,coughvid_data/96344274-1ceb-46ae-9ee5-8c3e8abb6aaf.wav,0.0
e743ccee-c01f-45be-8874-f997002bb0e8,coughvid_data/e743ccee-c01f-45be-8874-f997002bb0e8.wav,coughvid_data/e743ccee-c01f-45be-8874-f997002bb0e8.wav,0.0
4e35d316-5ae1-4e95-b014-5624ed95444c,coughvid_data/4e35d316-5ae1-4e95-b014-5624ed95444c.wav,coughvid_data/4e35d316-5ae1-4e95-b014-5624ed95444c.wav,0.0
36dcf602-214a-4217-9fea-0d52bad5f848,coughvid_data/36dcf602-214a-4217-9fea-0d52bad5f848.wav,coughvid_data/36dcf602-214a-4217-9fea-0d52bad5f848.wav,1.0
291911f5-87b8-4048-93d4-c9d69ef621f8,coughvid_data/291911f5-87b8-4048-93d4-c9d69ef621f8.wav,coughvid_data/291911f5-87b8-4048-93d4-c9d69ef621f8.wav,0.0
cfb0a4da-7205-4bfa-985e-b6a953ceb85c,coughvid_data/cfb0a4da-7205-4bfa-985e-b6a953ceb85c.wav,coughvid_data/cfb0a4da-7205-4bfa-985e-b6a953ceb85c.wav,1.0
eed57a99-9968-4c48-bf99-9babb20f3992,coughvid_data/eed57a99-9968-4c48-bf99-9babb20f3992.wav,coughvid_data/eed57a99-9968-4c48-bf99-9babb20f3992.wav,1.0
b3e0dc79-0457-4a79-83ce-810e36215ffd,coughvid_data/b3e0dc79-0457-4a79-83ce-810e36215ffd.wav,coughvid_data/b3e0dc79-0457-4a79-83ce-810e36215ffd.wav,1.0
81a75de7-dc30-4c6b-9722-c238feebf447,coughvid_data/81a75de7-dc30-4c6b-9722-c238feebf447.wav,coughvid_data/81a75de7-dc30-4c6b-9722-c238feebf447.wav,1.0
c8fc7522-569d-4ce0-89fe-ac5ee8ad1806,coughvid_data/c8fc7522-569d-4ce0-89fe-ac5ee8ad1806.wav,coughvid_data/c8fc7522-569d-4ce0-89fe-ac5ee8ad1806.wav,1.0
61fda900-f41c-41b4-8cd8-03804a06335c,coughvid_data/61fda900-f41c-41b4-8cd8-03804a06335c.wav,coughvid_data/61fda900-f41c-41b4-8cd8-03804a06335c.wav,0.0
679aee31-372e-4f61-9273-050de81b2b4c,coughvid_data/679aee31-372e-4f61-9273-050de81b2b4c.wav,coughvid_data/679aee31-372e-4f61-9273-050de81b2b4c.wav,1.0
c2b7fe17-78b1-4694-9890-b114db7a8267,coughvid_data/c2b7fe17-78b1-4694-9890-b114db7a8267.wav,coughvid_data/c2b7fe17-78b1-4694-9890-b114db7a8267.wav,1.0
dbbb312f-8b34-47f8-bb6b-a9c9d583fafd,coughvid_data/dbbb312f-8b34-47f8-bb6b-a9c9d583fafd.wav,coughvid_data/dbbb312f-8b34-47f8-bb6b-a9c9d583fafd.wav,0.0
70872798-9ac9-4ef3-9049-91b49aba3dc0,coughvid_data/70872798-9ac9-4ef3-9049-91b49aba3dc0.wav,coughvid_data/70872798-9ac9-4ef3-9049-91b49aba3dc0.wav,1.0
2015b0e2-0925-4296-8c1e-bb87ace8466c,coughvid_data/2015b0e2-0925-4296-8c1e-bb87ace8466c.wav,coughvid_data/2015b0e2-0925-4296-8c1e-bb87ace8466c.wav,1.0
d7d929b4-8ae6-43b9-9328-2e4067de9b17,coughvid_data/d7d929b4-8ae6-43b9-9328-2e4067de9b17.wav,coughvid_data/d7d929b4-8ae6-43b9-9328-2e4067de9b17.wav,0.0
63c594b6-2f01-4737-aae3-28e22b9fbbd5,coughvid_data/63c594b6-2f01-4737-aae3-28e22b9fbbd5.wav,coughvid_data/63c594b6-2f01-4737-aae3-28e22b9fbbd5.wav,0.0
5c031c87-0d6c-4447-bfa0-cc959f409752,coughvid_data/5c031c87-0d6c-4447-bfa0-cc959f409752.wav,coughvid_data/5c031c87-0d6c-4447-bfa0-cc959f409752.wav,1.0
34413d4f-a1d1-4e44-b93f-81b09b439bbd,coughvid_data/34413d4f-a1d1-4e44-b93f-81b09b439bbd.wav,coughvid_data/34413d4f-a1d1-4e44-b93f-81b09b439bbd.wav,1.0
c16295fa-2013-40fa-9915-e758f7b4259d,coughvid_data/c16295fa-2013-40fa-9915-e758f7b4259d.wav,coughvid_data/c16295fa-2013-40fa-9915-e758f7b4259d.wav,1.0
c0768419-e76e-409c-a992-1dae7b7fbd16,coughvid_data/c0768419-e76e-409c-a992-1dae7b7fbd16.wav,coughvid_data/c0768419-e76e-409c-a992-1dae7b7fbd16.wav,1.0
f227adc3-0bd3-44eb-add8-3627b257490d,coughvid_data/f227adc3-0bd3-44eb-add8-3627b257490d.wav,coughvid_data/f227adc3-0bd3-44eb-add8-3627b257490d.wav,1.0
44347ac8-bd2b-4bb4-ba33-9621082a9c20,coughvid_data/44347ac8-bd2b-4bb4-ba33-9621082a9c20.wav,coughvid_data/44347ac8-bd2b-4bb4-ba33-9621082a9c20.wav,0.0
537a0cec-9a7f-47fe-b203-c575cbb8f138,coughvid_data/537a0cec-9a7f-47fe-b203-c575cbb8f138.wav,coughvid_data/537a0cec-9a7f-47fe-b203-c575cbb8f138.wav,0.0
8aab6558-9b80-46fe-9e96-5b684ba5c420,coughvid_data/8aab6558-9b80-46fe-9e96-5b684ba5c420.wav,coughvid_data/8aab6558-9b80-46fe-9e96-5b684ba5c420.wav,0.0
825a5905-8828-4298-93a8-112be9925579,coughvid_data/825a5905-8828-4298-93a8-112be9925579.wav,coughvid_data/825a5905-8828-4298-93a8-112be9925579.wav,1.0
f1b271ee-6902-4cff-b260-cfdf9bc3fa1f,coughvid_data/f1b271ee-6902-4cff-b260-cfdf9bc3fa1f.wav,coughvid_data/f1b271ee-6902-4cff-b260-cfdf9bc3fa1f.wav,1.0
5635fc95-597b-4b5e-b7ce-1e368a001ff0,coughvid_data/5635fc95-597b-4b5e-b7ce-1e368a001ff0.wav,coughvid_data/5635fc95-597b-4b5e-b7ce-1e368a001ff0.wav,1.0
ce3acffd-ca46-4357-8d1b-adb33e0f29aa,coughvid_data/ce3acffd-ca46-4357-8d1b-adb33e0f29aa.wav,coughvid_data/ce3acffd-ca46-4357-8d1b-adb33e0f29aa.wav,1.0
9363efb6-f581-41bd-82dc-bf654783a47e,coughvid_data/9363efb6-f581-41bd-82dc-bf654783a47e.wav,coughvid_data/9363efb6-f581-41bd-82dc-bf654783a47e.wav,0.0
8deaaf11-9b94-4ef6-ac1d-58c9b52ccd1a,coughvid_data/8deaaf11-9b94-4ef6-ac1d-58c9b52ccd1a.wav,coughvid_data/8deaaf11-9b94-4ef6-ac1d-58c9b52ccd1a.wav,0.0
10dfcae3-6e02-466c-ac84-907637847e67,coughvid_data/10dfcae3-6e02-466c-ac84-907637847e67.wav,coughvid_data/10dfcae3-6e02-466c-ac84-907637847e67.wav,0.0
937d479d-77b2-44fc-9157-d78586c5a22b,coughvid_data/937d479d-77b2-44fc-9157-d78586c5a22b.wav,coughvid_data/937d479d-77b2-44fc-9157-d78586c5a22b.wav,0.0
999a0e83-93b8-41e0-840c-6ac6656b34cd,coughvid_data/999a0e83-93b8-41e0-840c-6ac6656b34cd.wav,coughvid_data/999a0e83-93b8-41e0-840c-6ac6656b34cd.wav,1.0
615c2482-6e6a-47ba-95b6-8436b5fc318a,coughvid_data/615c2482-6e6a-47ba-95b6-8436b5fc318a.wav,coughvid_data/615c2482-6e6a-47ba-95b6-8436b5fc318a.wav,0.0
1e4a8472-c9f7-4677-a92a-0e1ff412ab5b,coughvid_data/1e4a8472-c9f7-4677-a92a-0e1ff412ab5b.wav,coughvid_data/1e4a8472-c9f7-4677-a92a-0e1ff412ab5b.wav,1.0
e34e8af3-7bcc-4e7d-9951-553af852bc8c,coughvid_data/e34e8af3-7bcc-4e7d-9951-553af852bc8c.wav,coughvid_data/e34e8af3-7bcc-4e7d-9951-553af852bc8c.wav,1.0
885c60c4-d254-4113-9d4e-cab9122c2aad,coughvid_data/885c60c4-d254-4113-9d4e-cab9122c2aad.wav,coughvid_data/885c60c4-d254-4113-9d4e-cab9122c2aad.wav,1.0
943cf03f-375c-46c9-bcf7-7495d39dab09,coughvid_data/943cf03f-375c-46c9-bcf7-7495d39dab09.wav,coughvid_data/943cf03f-375c-46c9-bcf7-7495d39dab09.wav,0.0
fe2999e8-a80f-4a63-b46b-87ec5ce360e7,coughvid_data/fe2999e8-a80f-4a63-b46b-87ec5ce360e7.wav,coughvid_data/fe2999e8-a80f-4a63-b46b-87ec5ce360e7.wav,0.0
495474ca-767b-4643-8d0d-08db012d8091,coughvid_data/495474ca-767b-4643-8d0d-08db012d8091.wav,coughvid_data/495474ca-767b-4643-8d0d-08db012d8091.wav,0.0
22e0ad52-dcb9-444b-94df-92d7d8685137,coughvid_data/22e0ad52-dcb9-444b-94df-92d7d8685137.wav,coughvid_data/22e0ad52-dcb9-444b-94df-92d7d8685137.wav,0.0
d90412ff-e33b-45e3-a4ec-0a56c3d1a80f,coughvid_data/d90412ff-e33b-45e3-a4ec-0a56c3d1a80f.wav,coughvid_data/d90412ff-e33b-45e3-a4ec-0a56c3d1a80f.wav,0.0
d90dc742-9487-46e2-bc8b-ed0d7f59ed9b,coughvid_data/d90dc742-9487-46e2-bc8b-ed0d7f59ed9b.wav,coughvid_data/d90dc742-9487-46e2-bc8b-ed0d7f59ed9b.wav,1.0
6bd8adf9-7279-4954-8b29-d23121b0b533,coughvid_data/6bd8adf9-7279-4954-8b29-d23121b0b533.wav,coughvid_data/6bd8adf9-7279-4954-8b29-d23121b0b533.wav,0.0
b47ad8a6-fb12-4faf-b142-46c93b60b527,coughvid_data/b47ad8a6-fb12-4faf-b142-46c93b60b527.wav,coughvid_data/b47ad8a6-fb12-4faf-b142-46c93b60b527.wav,1.0
ffbbc942-d2d1-4f46-a09a-9aa0f7e1c8c2,coughvid_data/ffbbc942-d2d1-4f46-a09a-9aa0f7e1c8c2.wav,coughvid_data/ffbbc942-d2d1-4f46-a09a-9aa0f7e1c8c2.wav,1.0
0a79e6da-a5c2-49be-af0c-666087ae8d3a,coughvid_data/0a79e6da-a5c2-49be-af0c-666087ae8d3a.wav,coughvid_data/0a79e6da-a5c2-49be-af0c-666087ae8d3a.wav,0.0
bd11b513-12a1-44be-82f6-4fbeea1fbda0,coughvid_data/bd11b513-12a1-44be-82f6-4fbeea1fbda0.wav,coughvid_data/bd11b513-12a1-44be-82f6-4fbeea1fbda0.wav,1.0
c6eea77a-018c-4bc7-bd01-50c53e57c1d1,coughvid_data/c6eea77a-018c-4bc7-bd01-50c53e57c1d1.wav,coughvid_data/c6eea77a-018c-4bc7-bd01-50c53e57c1d1.wav,0.0
116f08b7-2404-4d19-8b07-977fc4581803,coughvid_data/116f08b7-2404-4d19-8b07-977fc4581803.wav,coughvid_data/116f08b7-2404-4d19-8b07-977fc4581803.wav,1.0
e5a54345-a2e6-4f25-a4bb-a5843b5d173f,coughvid_data/e5a54345-a2e6-4f25-a4bb-a5843b5d173f.wav,coughvid_data/e5a54345-a2e6-4f25-a4bb-a5843b5d173f.wav,1.0
6098501a-23a5-4b7b-a84f-ee19ed37562e,coughvid_data/6098501a-23a5-4b7b-a84f-ee19ed37562e.wav,coughvid_data/6098501a-23a5-4b7b-a84f-ee19ed37562e.wav,0.0
bb30cc39-d714-42bd-bfb5-efbb18505571,coughvid_data/bb30cc39-d714-42bd-bfb5-efbb18505571.wav,coughvid_data/bb30cc39-d714-42bd-bfb5-efbb18505571.wav,1.0
f003bc97-23af-4ccd-acee-a212e03d15a1,coughvid_data/f003bc97-23af-4ccd-acee-a212e03d15a1.wav,coughvid_data/f003bc97-23af-4ccd-acee-a212e03d15a1.wav,0.0
f24a7779-d819-4fa5-98d8-bb7384d4d475,coughvid_data/f24a7779-d819-4fa5-98d8-bb7384d4d475.wav,coughvid_data/f24a7779-d819-4fa5-98d8-bb7384d4d475.wav,1.0
2595ebda-c610-4048-a67c-b97e7b9e81f3,coughvid_data/2595ebda-c610-4048-a67c-b97e7b9e81f3.wav,coughvid_data/2595ebda-c610-4048-a67c-b97e7b9e81f3.wav,1.0
3c47d630-6f91-4ac2-9177-dbdde15d0472,coughvid_data/3c47d630-6f91-4ac2-9177-dbdde15d0472.wav,coughvid_data/3c47d630-6f91-4ac2-9177-dbdde15d0472.wav,0.0
fb722f40-e6fa-4846-82c3-8d9733e10655,coughvid_data/fb722f40-e6fa-4846-82c3-8d9733e10655.wav,coughvid_data/fb722f40-e6fa-4846-82c3-8d9733e10655.wav,0.0
3ead6129-1713-4a8c-b632-de4f3e879375,coughvid_data/3ead6129-1713-4a8c-b632-de4f3e879375.wav,coughvid_data/3ead6129-1713-4a8c-b632-de4f3e879375.wav,1.0
6773b4bd-ad4c-42a2-a481-733af87c5da3,coughvid_data/6773b4bd-ad4c-42a2-a481-733af87c5da3.wav,coughvid_data/6773b4bd-ad4c-42a2-a481-733af87c5da3.wav,1.0
0302f00a-da0f-410a-96af-0941dedd8694,coughvid_data/0302f00a-da0f-410a-96af-0941dedd8694.wav,coughvid_data/0302f00a-da0f-410a-96af-0941dedd8694.wav,1.0
8a400907-33e2-4a0d-a8a4-cadb6837bbda,coughvid_data/8a400907-33e2-4a0d-a8a4-cadb6837bbda.wav,coughvid_data/8a400907-33e2-4a0d-a8a4-cadb6837bbda.wav,0.0
b08b7e97-3bd5-4957-8e2b-2f70c0db47b1,coughvid_data/b08b7e97-3bd5-4957-8e2b-2f70c0db47b1.wav,coughvid_data/b08b7e97-3bd5-4957-8e2b-2f70c0db47b1.wav,1.0
5d711755-6156-4eae-b5ab-9b547eff4f50,coughvid_data/5d711755-6156-4eae-b5ab-9b547eff4f50.wav,coughvid_data/5d711755-6156-4eae-b5ab-9b547eff4f50.wav,1.0
29b5c3d9-60c3-4cd5-b0c1-c02b6bbef99c,coughvid_data/29b5c3d9-60c3-4cd5-b0c1-c02b6bbef99c.wav,coughvid_data/29b5c3d9-60c3-4cd5-b0c1-c02b6bbef99c.wav,0.0
01ac75a6-1c9d-4d34-89a0-5694e344cd1f,coughvid_data/01ac75a6-1c9d-4d34-89a0-5694e344cd1f.wav,coughvid_data/01ac75a6-1c9d-4d34-89a0-5694e344cd1f.wav,0.0
0e9450c3-66df-430c-a79f-7be56458061c,coughvid_data/0e9450c3-66df-430c-a79f-7be56458061c.wav,coughvid_data/0e9450c3-66df-430c-a79f-7be56458061c.wav,1.0
78e9fd04-34e2-49d0-9cf7-012ec366481c,coughvid_data/78e9fd04-34e2-49d0-9cf7-012ec366481c.wav,coughvid_data/78e9fd04-34e2-49d0-9cf7-012ec366481c.wav,0.0
5151604a-f766-41ca-99ae-7b08950d0861,coughvid_data/5151604a-f766-41ca-99ae-7b08950d0861.wav,coughvid_data/5151604a-f766-41ca-99ae-7b08950d0861.wav,1.0
ba0a586c-1baf-4920-bf96-7508f8ad2ec9,coughvid_data/ba0a586c-1baf-4920-bf96-7508f8ad2ec9.wav,coughvid_data/ba0a586c-1baf-4920-bf96-7508f8ad2ec9.wav,1.0
68934e97-c457-4f51-a421-8e12b4f0b302,coughvid_data/68934e97-c457-4f51-a421-8e12b4f0b302.wav,coughvid_data/68934e97-c457-4f51-a421-8e12b4f0b302.wav,1.0
d1ebf610-37b2-4ca4-aabc-a3df8ccf9897,coughvid_data/d1ebf610-37b2-4ca4-aabc-a3df8ccf9897.wav,coughvid_data/d1ebf610-37b2-4ca4-aabc-a3df8ccf9897.wav,0.0
a9cc56c7-69c3-46c6-89aa-6a29b0e8f664,coughvid_data/a9cc56c7-69c3-46c6-89aa-6a29b0e8f664.wav,coughvid_data/a9cc56c7-69c3-46c6-89aa-6a29b0e8f664.wav,1.0
f2549022-8d26-4832-b6a5-6d048f8725ae,coughvid_data/f2549022-8d26-4832-b6a5-6d048f8725ae.wav,coughvid_data/f2549022-8d26-4832-b6a5-6d048f8725ae.wav,1.0
d4bdea41-ba7f-47ec-af6a-a3e57cb0c21e,coughvid_data/d4bdea41-ba7f-47ec-af6a-a3e57cb0c21e.wav,coughvid_data/d4bdea41-ba7f-47ec-af6a-a3e57cb0c21e.wav,0.0
a2f3af55-0c64-4b6a-af94-35566bbdcf74,coughvid_data/a2f3af55-0c64-4b6a-af94-35566bbdcf74.wav,coughvid_data/a2f3af55-0c64-4b6a-af94-35566bbdcf74.wav,1.0
834119b2-8d7a-4298-b455-253ad613cbb8,coughvid_data/834119b2-8d7a-4298-b455-253ad613cbb8.wav,coughvid_data/834119b2-8d7a-4298-b455-253ad613cbb8.wav,0.0
8dab4ee4-7392-42fc-a8c3-fe39625184e1,coughvid_data/8dab4ee4-7392-42fc-a8c3-fe39625184e1.wav,coughvid_data/8dab4ee4-7392-42fc-a8c3-fe39625184e1.wav,0.0
44e1a347-c077-4669-bafa-bb331e2f8dea,coughvid_data/44e1a347-c077-4669-bafa-bb331e2f8dea.wav,coughvid_data/44e1a347-c077-4669-bafa-bb331e2f8dea.wav,1.0
446dac86-318d-4657-b962-3ef94a2bb3d2,coughvid_data/446dac86-318d-4657-b962-3ef94a2bb3d2.wav,coughvid_data/446dac86-318d-4657-b962-3ef94a2bb3d2.wav,0.0
7ce89ced-b863-435c-b700-999403c4441f,coughvid_data/7ce89ced-b863-435c-b700-999403c4441f.wav,coughvid_data/7ce89ced-b863-435c-b700-999403c4441f.wav,0.0
074c47fe-3eb4-48da-99b0-e58d3c631add,coughvid_data/074c47fe-3eb4-48da-99b0-e58d3c631add.wav,coughvid_data/074c47fe-3eb4-48da-99b0-e58d3c631add.wav,0.0
19749ad5-df00-4aef-b012-91328a546887,coughvid_data/19749ad5-df00-4aef-b012-91328a546887.wav,coughvid_data/19749ad5-df00-4aef-b012-91328a546887.wav,1.0
7038ffd5-c71d-40b8-ab45-90048d567458,coughvid_data/7038ffd5-c71d-40b8-ab45-90048d567458.wav,coughvid_data/7038ffd5-c71d-40b8-ab45-90048d567458.wav,0.0
ca84f3f3-b425-4565-b846-b118f78a514c,coughvid_data/ca84f3f3-b425-4565-b846-b118f78a514c.wav,coughvid_data/ca84f3f3-b425-4565-b846-b118f78a514c.wav,1.0
f3bcabb0-f0b2-4f07-a758-59de82350d87,coughvid_data/f3bcabb0-f0b2-4f07-a758-59de82350d87.wav,coughvid_data/f3bcabb0-f0b2-4f07-a758-59de82350d87.wav,0.0
09ce2f7e-704e-4d9c-8dd4-808e052e694f,coughvid_data/09ce2f7e-704e-4d9c-8dd4-808e052e694f.wav,coughvid_data/09ce2f7e-704e-4d9c-8dd4-808e052e694f.wav,1.0
e9ac8c20-f223-4225-8e17-bd524ecb0a68,coughvid_data/e9ac8c20-f223-4225-8e17-bd524ecb0a68.wav,coughvid_data/e9ac8c20-f223-4225-8e17-bd524ecb0a68.wav,1.0
8cd4bb54-52fd-494c-8843-9d957cc54d19,coughvid_data/8cd4bb54-52fd-494c-8843-9d957cc54d19.wav,coughvid_data/8cd4bb54-52fd-494c-8843-9d957cc54d19.wav,0.0
b5e63ec8-74b0-415f-92b9-77d6d3d16c8b,coughvid_data/b5e63ec8-74b0-415f-92b9-77d6d3d16c8b.wav,coughvid_data/b5e63ec8-74b0-415f-92b9-77d6d3d16c8b.wav,0.0
ecd2441a-fe87-475c-8e83-0b9f7bf69767,coughvid_data/ecd2441a-fe87-475c-8e83-0b9f7bf69767.wav,coughvid_data/ecd2441a-fe87-475c-8e83-0b9f7bf69767.wav,1.0
b9211712-b642-4fd6-a5b1-2312402aad48,coughvid_data/b9211712-b642-4fd6-a5b1-2312402aad48.wav,coughvid_data/b9211712-b642-4fd6-a5b1-2312402aad48.wav,1.0
3db459fa-d0b9-4029-833b-0443d262ff96,coughvid_data/3db459fa-d0b9-4029-833b-0443d262ff96.wav,coughvid_data/3db459fa-d0b9-4029-833b-0443d262ff96.wav,1.0
f993503b-ce7d-4b08-a372-1e9994431fd8,coughvid_data/f993503b-ce7d-4b08-a372-1e9994431fd8.wav,coughvid_data/f993503b-ce7d-4b08-a372-1e9994431fd8.wav,1.0
d7abd3ca-33d1-498b-9928-41e316047998,coughvid_data/d7abd3ca-33d1-498b-9928-41e316047998.wav,coughvid_data/d7abd3ca-33d1-498b-9928-41e316047998.wav,1.0
2a171b52-397d-4102-9bc9-f4bfa84a45f1,coughvid_data/2a171b52-397d-4102-9bc9-f4bfa84a45f1.wav,coughvid_data/2a171b52-397d-4102-9bc9-f4bfa84a45f1.wav,0.0
41dce96f-075b-442c-9d2e-4ccda37bb3c2,coughvid_data/41dce96f-075b-442c-9d2e-4ccda37bb3c2.wav,coughvid_data/41dce96f-075b-442c-9d2e-4ccda37bb3c2.wav,0.0
5ad7b5d3-e9b3-457a-8946-39bd3e1fe3df,coughvid_data/5ad7b5d3-e9b3-457a-8946-39bd3e1fe3df.wav,coughvid_data/5ad7b5d3-e9b3-457a-8946-39bd3e1fe3df.wav,0.0
97c21d50-8e36-4333-b0de-193be74cc0b9,coughvid_data/97c21d50-8e36-4333-b0de-193be74cc0b9.wav,coughvid_data/97c21d50-8e36-4333-b0de-193be74cc0b9.wav,0.0
35844229-5ce2-44ff-80f0-ad1ab65f5c38,coughvid_data/35844229-5ce2-44ff-80f0-ad1ab65f5c38.wav,coughvid_data/35844229-5ce2-44ff-80f0-ad1ab65f5c38.wav,0.0
6918d2f7-a814-4bf3-9725-294b58b43b47,coughvid_data/6918d2f7-a814-4bf3-9725-294b58b43b47.wav,coughvid_data/6918d2f7-a814-4bf3-9725-294b58b43b47.wav,0.0
e205e7fd-ed66-4162-805a-fdd7643fa4f9,coughvid_data/e205e7fd-ed66-4162-805a-fdd7643fa4f9.wav,coughvid_data/e205e7fd-ed66-4162-805a-fdd7643fa4f9.wav,0.0
007dbe5f-3fc6-47a4-a2fd-7f8dee0ca6ca,coughvid_data/007dbe5f-3fc6-47a4-a2fd-7f8dee0ca6ca.wav,coughvid_data/007dbe5f-3fc6-47a4-a2fd-7f8dee0ca6ca.wav,0.0
acdf1326-a4ae-4780-ac9b-35ee5da900a6,coughvid_data/acdf1326-a4ae-4780-ac9b-35ee5da900a6.wav,coughvid_data/acdf1326-a4ae-4780-ac9b-35ee5da900a6.wav,0.0
5e4d08aa-fbd8-43b8-9256-ff37e8203b9c,coughvid_data/5e4d08aa-fbd8-43b8-9256-ff37e8203b9c.wav,coughvid_data/5e4d08aa-fbd8-43b8-9256-ff37e8203b9c.wav,1.0
bcf8e484-3423-4654-83e5-8188ef14e73f,coughvid_data/bcf8e484-3423-4654-83e5-8188ef14e73f.wav,coughvid_data/bcf8e484-3423-4654-83e5-8188ef14e73f.wav,1.0
6f7c1689-2654-4479-8633-b6b3d40f3a75,coughvid_data/6f7c1689-2654-4479-8633-b6b3d40f3a75.wav,coughvid_data/6f7c1689-2654-4479-8633-b6b3d40f3a75.wav,0.0
e12e93de-c7df-4991-99d8-4f5204cad6a2,coughvid_data/e12e93de-c7df-4991-99d8-4f5204cad6a2.wav,coughvid_data/e12e93de-c7df-4991-99d8-4f5204cad6a2.wav,1.0
3f75aec6-40f0-4964-89d8-d4dd50f1a8d5,coughvid_data/3f75aec6-40f0-4964-89d8-d4dd50f1a8d5.wav,coughvid_data/3f75aec6-40f0-4964-89d8-d4dd50f1a8d5.wav,0.0
27ee6480-3d94-42a0-82c3-ded5d96b2305,coughvid_data/27ee6480-3d94-42a0-82c3-ded5d96b2305.wav,coughvid_data/27ee6480-3d94-42a0-82c3-ded5d96b2305.wav,1.0
ebc51510-8df7-4de4-b308-e562a002795b,coughvid_data/ebc51510-8df7-4de4-b308-e562a002795b.wav,coughvid_data/ebc51510-8df7-4de4-b308-e562a002795b.wav,1.0
56d0b223-045f-4dac-8bc7-62ec404fb66f,coughvid_data/56d0b223-045f-4dac-8bc7-62ec404fb66f.wav,coughvid_data/56d0b223-045f-4dac-8bc7-62ec404fb66f.wav,0.0
13afbcb8-f571-4223-b557-4c0ff7ea71f8,coughvid_data/13afbcb8-f571-4223-b557-4c0ff7ea71f8.wav,coughvid_data/13afbcb8-f571-4223-b557-4c0ff7ea71f8.wav,0.0
a00ccead-35e5-4f30-b6e6-ca85795793da,coughvid_data/a00ccead-35e5-4f30-b6e6-ca85795793da.wav,coughvid_data/a00ccead-35e5-4f30-b6e6-ca85795793da.wav,0.0
880ba1d3-3e3b-4c83-8787-408f8c3bf1e3,coughvid_data/880ba1d3-3e3b-4c83-8787-408f8c3bf1e3.wav,coughvid_data/880ba1d3-3e3b-4c83-8787-408f8c3bf1e3.wav,1.0
3e8e3d97-e570-40c7-8caa-ae1be10b5e50,coughvid_data/3e8e3d97-e570-40c7-8caa-ae1be10b5e50.wav,coughvid_data/3e8e3d97-e570-40c7-8caa-ae1be10b5e50.wav,1.0
47b5e63d-17ff-4f39-a8d6-f1d711992913,coughvid_data/47b5e63d-17ff-4f39-a8d6-f1d711992913.wav,coughvid_data/47b5e63d-17ff-4f39-a8d6-f1d711992913.wav,1.0
b75de5a0-a344-47b3-a294-fe7475fbdaba,coughvid_data/b75de5a0-a344-47b3-a294-fe7475fbdaba.wav,coughvid_data/b75de5a0-a344-47b3-a294-fe7475fbdaba.wav,1.0
aaca21a4-3679-45d2-9a10-5e4c0512c45f,coughvid_data/aaca21a4-3679-45d2-9a10-5e4c0512c45f.wav,coughvid_data/aaca21a4-3679-45d2-9a10-5e4c0512c45f.wav,1.0
ffbeb867-cdb7-4226-9456-e74c80acf2d9,coughvid_data/ffbeb867-cdb7-4226-9456-e74c80acf2d9.wav,coughvid_data/ffbeb867-cdb7-4226-9456-e74c80acf2d9.wav,1.0
ca332eca-327f-4512-b1fd-6d795346c4c2,coughvid_data/ca332eca-327f-4512-b1fd-6d795346c4c2.wav,coughvid_data/ca332eca-327f-4512-b1fd-6d795346c4c2.wav,0.0
7cccc779-1fb9-4b38-b607-9b0ee3df063b,coughvid_data/7cccc779-1fb9-4b38-b607-9b0ee3df063b.wav,coughvid_data/7cccc779-1fb9-4b38-b607-9b0ee3df063b.wav,0.0
e80023d9-392a-407a-9580-9c66eb45d7bd,coughvid_data/e80023d9-392a-407a-9580-9c66eb45d7bd.wav,coughvid_data/e80023d9-392a-407a-9580-9c66eb45d7bd.wav,1.0
36a63438-516a-4a1e-8f63-3af55ff40580,coughvid_data/36a63438-516a-4a1e-8f63-3af55ff40580.wav,coughvid_data/36a63438-516a-4a1e-8f63-3af55ff40580.wav,1.0
bb95179b-f8d0-41f1-86d5-a6e3a324f227,coughvid_data/bb95179b-f8d0-41f1-86d5-a6e3a324f227.wav,coughvid_data/bb95179b-f8d0-41f1-86d5-a6e3a324f227.wav,0.0
0d3712f1-c7dd-4382-bd80-153c914e2ccf,coughvid_data/0d3712f1-c7dd-4382-bd80-153c914e2ccf.wav,coughvid_data/0d3712f1-c7dd-4382-bd80-153c914e2ccf.wav,0.0
72aa6390-7d0d-4295-85f6-d35f28ba1a2e,coughvid_data/72aa6390-7d0d-4295-85f6-d35f28ba1a2e.wav,coughvid_data/72aa6390-7d0d-4295-85f6-d35f28ba1a2e.wav,1.0
5f126ab3-212e-48c9-ab73-485136c420a0,coughvid_data/5f126ab3-212e-48c9-ab73-485136c420a0.wav,coughvid_data/5f126ab3-212e-48c9-ab73-485136c420a0.wav,0.0
9c6dc705-664d-4bc8-b20a-a3f4e6c811e0,coughvid_data/9c6dc705-664d-4bc8-b20a-a3f4e6c811e0.wav,coughvid_data/9c6dc705-664d-4bc8-b20a-a3f4e6c811e0.wav,1.0
a19a61f0-44ad-4012-983d-f44c0792a476,coughvid_data/a19a61f0-44ad-4012-983d-f44c0792a476.wav,coughvid_data/a19a61f0-44ad-4012-983d-f44c0792a476.wav,0.0
3c3677f8-3a63-4854-bc7d-e917e0708b24,coughvid_data/3c3677f8-3a63-4854-bc7d-e917e0708b24.wav,coughvid_data/3c3677f8-3a63-4854-bc7d-e917e0708b24.wav,1.0
642126a4-1746-4019-99cf-cce056bb5cb6,coughvid_data/642126a4-1746-4019-99cf-cce056bb5cb6.wav,coughvid_data/642126a4-1746-4019-99cf-cce056bb5cb6.wav,1.0
a0f903c3-abcd-44ab-900d-9f0e61347e7d,coughvid_data/a0f903c3-abcd-44ab-900d-9f0e61347e7d.wav,coughvid_data/a0f903c3-abcd-44ab-900d-9f0e61347e7d.wav,0.0
91c8c862-ea3d-41ab-856c-abaf4c5b7952,coughvid_data/91c8c862-ea3d-41ab-856c-abaf4c5b7952.wav,coughvid_data/91c8c862-ea3d-41ab-856c-abaf4c5b7952.wav,0.0
1a970af4-86a8-4d56-acd9-e3274b5ade76,coughvid_data/1a970af4-86a8-4d56-acd9-e3274b5ade76.wav,coughvid_data/1a970af4-86a8-4d56-acd9-e3274b5ade76.wav,1.0
e5a8a140-d910-47da-b3d6-96941e084028,coughvid_data/e5a8a140-d910-47da-b3d6-96941e084028.wav,coughvid_data/e5a8a140-d910-47da-b3d6-96941e084028.wav,1.0
877ca21e-585b-45d7-975e-338c91ca0837,coughvid_data/877ca21e-585b-45d7-975e-338c91ca0837.wav,coughvid_data/877ca21e-585b-45d7-975e-338c91ca0837.wav,0.0
34fa79cc-923f-4e70-a575-e0b16a59361d,coughvid_data/34fa79cc-923f-4e70-a575-e0b16a59361d.wav,coughvid_data/34fa79cc-923f-4e70-a575-e0b16a59361d.wav,0.0
42fd1439-1bbd-429e-a731-0efddeecc40f,coughvid_data/42fd1439-1bbd-429e-a731-0efddeecc40f.wav,coughvid_data/42fd1439-1bbd-429e-a731-0efddeecc40f.wav,0.0
c7ba242e-b8b6-44b5-b087-397c7a99f473,coughvid_data/c7ba242e-b8b6-44b5-b087-397c7a99f473.wav,coughvid_data/c7ba242e-b8b6-44b5-b087-397c7a99f473.wav,1.0
63d97a22-0d04-4028-8044-00e5e53bca59,coughvid_data/63d97a22-0d04-4028-8044-00e5e53bca59.wav,coughvid_data/63d97a22-0d04-4028-8044-00e5e53bca59.wav,0.0
47f7b266-9d66-4fd1-8d5c-2690fa200f04,coughvid_data/47f7b266-9d66-4fd1-8d5c-2690fa200f04.wav,coughvid_data/47f7b266-9d66-4fd1-8d5c-2690fa200f04.wav,0.0
892015d6-4025-4541-9013-315ac68d419a,coughvid_data/892015d6-4025-4541-9013-315ac68d419a.wav,coughvid_data/892015d6-4025-4541-9013-315ac68d419a.wav,0.0
ad9e4fa7-9283-42a2-b724-31508d91c2f6,coughvid_data/ad9e4fa7-9283-42a2-b724-31508d91c2f6.wav,coughvid_data/ad9e4fa7-9283-42a2-b724-31508d91c2f6.wav,1.0
55b76d37-fed8-44e2-9fa2-5393b1197774,coughvid_data/55b76d37-fed8-44e2-9fa2-5393b1197774.wav,coughvid_data/55b76d37-fed8-44e2-9fa2-5393b1197774.wav,1.0
3eb99a71-eda9-4678-a328-713893887d04,coughvid_data/3eb99a71-eda9-4678-a328-713893887d04.wav,coughvid_data/3eb99a71-eda9-4678-a328-713893887d04.wav,1.0
44f52b0c-c7f2-45fd-844a-1123930e9c90,coughvid_data/44f52b0c-c7f2-45fd-844a-1123930e9c90.wav,coughvid_data/44f52b0c-c7f2-45fd-844a-1123930e9c90.wav,0.0
1fa034b6-d000-4066-8ad6-3f17e739e65a,coughvid_data/1fa034b6-d000-4066-8ad6-3f17e739e65a.wav,coughvid_data/1fa034b6-d000-4066-8ad6-3f17e739e65a.wav,1.0
9d4a6e36-fb08-4ef4-a309-7905212f67b0,coughvid_data/9d4a6e36-fb08-4ef4-a309-7905212f67b0.wav,coughvid_data/9d4a6e36-fb08-4ef4-a309-7905212f67b0.wav,1.0
7d66e578-f176-4ad4-99d8-706be3dd3bd8,coughvid_data/7d66e578-f176-4ad4-99d8-706be3dd3bd8.wav,coughvid_data/7d66e578-f176-4ad4-99d8-706be3dd3bd8.wav,0.0
b58ab287-87b6-4e68-960d-6e3da0fc7c57,coughvid_data/b58ab287-87b6-4e68-960d-6e3da0fc7c57.wav,coughvid_data/b58ab287-87b6-4e68-960d-6e3da0fc7c57.wav,0.0
cbdd4f1b-a67e-46e3-8f1a-a52da5689294,coughvid_data/cbdd4f1b-a67e-46e3-8f1a-a52da5689294.wav,coughvid_data/cbdd4f1b-a67e-46e3-8f1a-a52da5689294.wav,1.0
fc411362-1d65-499d-922d-12e8b1dc9003,coughvid_data/fc411362-1d65-499d-922d-12e8b1dc9003.wav,coughvid_data/fc411362-1d65-499d-922d-12e8b1dc9003.wav,0.0
fa4f5811-a50e-4e3b-a290-72469adc5cd7,coughvid_data/fa4f5811-a50e-4e3b-a290-72469adc5cd7.wav,coughvid_data/fa4f5811-a50e-4e3b-a290-72469adc5cd7.wav,0.0
a08d4d56-df5f-452e-b242-52be78dc4b89,coughvid_data/a08d4d56-df5f-452e-b242-52be78dc4b89.wav,coughvid_data/a08d4d56-df5f-452e-b242-52be78dc4b89.wav,0.0
2c148a1a-099b-48dd-97c2-437ecb15d430,coughvid_data/2c148a1a-099b-48dd-97c2-437ecb15d430.wav,coughvid_data/2c148a1a-099b-48dd-97c2-437ecb15d430.wav,1.0
5e68cedb-7ff3-47e3-af8b-f8c812047c36,coughvid_data/5e68cedb-7ff3-47e3-af8b-f8c812047c36.wav,coughvid_data/5e68cedb-7ff3-47e3-af8b-f8c812047c36.wav,0.0
18602c66-27e9-4857-aaae-8ceddedd90c8,coughvid_data/18602c66-27e9-4857-aaae-8ceddedd90c8.wav,coughvid_data/18602c66-27e9-4857-aaae-8ceddedd90c8.wav,1.0
bebbe0cf-2090-4726-8e6f-ecc29e08ea93,coughvid_data/bebbe0cf-2090-4726-8e6f-ecc29e08ea93.wav,coughvid_data/bebbe0cf-2090-4726-8e6f-ecc29e08ea93.wav,0.0
21c24fbd-a70c-43c6-9e2b-64f32775c246,coughvid_data/21c24fbd-a70c-43c6-9e2b-64f32775c246.wav,coughvid_data/21c24fbd-a70c-43c6-9e2b-64f32775c246.wav,0.0
6ec64128-a41e-487e-8ad7-6755dff9ee8d,coughvid_data/6ec64128-a41e-487e-8ad7-6755dff9ee8d.wav,coughvid_data/6ec64128-a41e-487e-8ad7-6755dff9ee8d.wav,0.0
ffe13fcf-c5c2-4a6a-a9fc-e010f4f033c1,coughvid_data/ffe13fcf-c5c2-4a6a-a9fc-e010f4f033c1.wav,coughvid_data/ffe13fcf-c5c2-4a6a-a9fc-e010f4f033c1.wav,1.0
a6bf661e-cdf3-4a6f-94f1-3b065a8885e4,coughvid_data/a6bf661e-cdf3-4a6f-94f1-3b065a8885e4.wav,coughvid_data/a6bf661e-cdf3-4a6f-94f1-3b065a8885e4.wav,1.0
9964dda0-d3fe-40be-821b-8dcc695d69d6,coughvid_data/9964dda0-d3fe-40be-821b-8dcc695d69d6.wav,coughvid_data/9964dda0-d3fe-40be-821b-8dcc695d69d6.wav,0.0
04a67611-1458-4270-990e-6aa64e6bcef5,coughvid_data/04a67611-1458-4270-990e-6aa64e6bcef5.wav,coughvid_data/04a67611-1458-4270-990e-6aa64e6bcef5.wav,1.0
df4db418-89db-433b-ac48-f77a1247eafa,coughvid_data/df4db418-89db-433b-ac48-f77a1247eafa.wav,coughvid_data/df4db418-89db-433b-ac48-f77a1247eafa.wav,1.0
560a37ba-57e7-4430-8b3d-7ba88cb378b8,coughvid_data/560a37ba-57e7-4430-8b3d-7ba88cb378b8.wav,coughvid_data/560a37ba-57e7-4430-8b3d-7ba88cb378b8.wav,1.0
42afbdf4-0d16-4be6-909d-3bda0776ca5d,coughvid_data/42afbdf4-0d16-4be6-909d-3bda0776ca5d.wav,coughvid_data/42afbdf4-0d16-4be6-909d-3bda0776ca5d.wav,0.0
27b0df64-2e4b-4999-953f-513f57803670,coughvid_data/27b0df64-2e4b-4999-953f-513f57803670.wav,coughvid_data/27b0df64-2e4b-4999-953f-513f57803670.wav,0.0
50b15288-e645-48a7-822c-644a9c127ab7,coughvid_data/50b15288-e645-48a7-822c-644a9c127ab7.wav,coughvid_data/50b15288-e645-48a7-822c-644a9c127ab7.wav,1.0
69e7b5c5-0469-42dd-b68f-9a7f7637425b,coughvid_data/69e7b5c5-0469-42dd-b68f-9a7f7637425b.wav,coughvid_data/69e7b5c5-0469-42dd-b68f-9a7f7637425b.wav,1.0
121f2672-8b37-4797-9402-ea663fe701d3,coughvid_data/121f2672-8b37-4797-9402-ea663fe701d3.wav,coughvid_data/121f2672-8b37-4797-9402-ea663fe701d3.wav,1.0
a35ac314-c92b-4d29-9b30-f73cc05f124a,coughvid_data/a35ac314-c92b-4d29-9b30-f73cc05f124a.wav,coughvid_data/a35ac314-c92b-4d29-9b30-f73cc05f124a.wav,1.0
3766e76a-c472-4129-8cc0-d1ab41f3d523,coughvid_data/3766e76a-c472-4129-8cc0-d1ab41f3d523.wav,coughvid_data/3766e76a-c472-4129-8cc0-d1ab41f3d523.wav,1.0
44709e68-6b18-44e4-90d8-f573644894eb,coughvid_data/44709e68-6b18-44e4-90d8-f573644894eb.wav,coughvid_data/44709e68-6b18-44e4-90d8-f573644894eb.wav,1.0
7f6e42ca-a75f-42e6-8791-99223cbdec29,coughvid_data/7f6e42ca-a75f-42e6-8791-99223cbdec29.wav,coughvid_data/7f6e42ca-a75f-42e6-8791-99223cbdec29.wav,1.0
dc0499a8-3b44-4841-b375-601f6f05cc99,coughvid_data/dc0499a8-3b44-4841-b375-601f6f05cc99.wav,coughvid_data/dc0499a8-3b44-4841-b375-601f6f05cc99.wav,0.0
85d6d6c0-2c6f-4b82-abd2-456b1196030c,coughvid_data/85d6d6c0-2c6f-4b82-abd2-456b1196030c.wav,coughvid_data/85d6d6c0-2c6f-4b82-abd2-456b1196030c.wav,1.0
115ab698-907e-4d97-a889-063280feb651,coughvid_data/115ab698-907e-4d97-a889-063280feb651.wav,coughvid_data/115ab698-907e-4d97-a889-063280feb651.wav,0.0
4898e350-fe5f-45dc-8886-c8c6f4e50d57,coughvid_data/4898e350-fe5f-45dc-8886-c8c6f4e50d57.wav,coughvid_data/4898e350-fe5f-45dc-8886-c8c6f4e50d57.wav,1.0
48d1728c-ffbd-452d-8eff-fc6fa7eb9b4a,coughvid_data/48d1728c-ffbd-452d-8eff-fc6fa7eb9b4a.wav,coughvid_data/48d1728c-ffbd-452d-8eff-fc6fa7eb9b4a.wav,0.0
856f2aa0-31e4-469b-9a9f-719dd1905d4c,coughvid_data/856f2aa0-31e4-469b-9a9f-719dd1905d4c.wav,coughvid_data/856f2aa0-31e4-469b-9a9f-719dd1905d4c.wav,1.0
5cdfa760-0ec8-4edc-b798-f0ffd0f38565,coughvid_data/5cdfa760-0ec8-4edc-b798-f0ffd0f38565.wav,coughvid_data/5cdfa760-0ec8-4edc-b798-f0ffd0f38565.wav,1.0
1810ef85-e279-4c0b-b9df-737f40ab6ece,coughvid_data/1810ef85-e279-4c0b-b9df-737f40ab6ece.wav,coughvid_data/1810ef85-e279-4c0b-b9df-737f40ab6ece.wav,0.0
a6645b1d-dadc-4258-b03b-c5b3f05d519d,coughvid_data/a6645b1d-dadc-4258-b03b-c5b3f05d519d.wav,coughvid_data/a6645b1d-dadc-4258-b03b-c5b3f05d519d.wav,1.0
f753f5cb-96e5-4892-95e8-ce1390f64208,coughvid_data/f753f5cb-96e5-4892-95e8-ce1390f64208.wav,coughvid_data/f753f5cb-96e5-4892-95e8-ce1390f64208.wav,0.0
b1976a06-e927-4786-9265-0890aca17184,coughvid_data/b1976a06-e927-4786-9265-0890aca17184.wav,coughvid_data/b1976a06-e927-4786-9265-0890aca17184.wav,0.0
73cd5e46-8583-4665-9116-470e6c1e3e8f,coughvid_data/73cd5e46-8583-4665-9116-470e6c1e3e8f.wav,coughvid_data/73cd5e46-8583-4665-9116-470e6c1e3e8f.wav,0.0
2553ed5a-978e-48c3-9e76-04d7607ff257,coughvid_data/2553ed5a-978e-48c3-9e76-04d7607ff257.wav,coughvid_data/2553ed5a-978e-48c3-9e76-04d7607ff257.wav,0.0
c2add33c-adf5-4859-8b8f-403dbac0e514,coughvid_data/c2add33c-adf5-4859-8b8f-403dbac0e514.wav,coughvid_data/c2add33c-adf5-4859-8b8f-403dbac0e514.wav,1.0
b2e9cb14-17c6-42ca-8503-5a0a3ff80b3c,coughvid_data/b2e9cb14-17c6-42ca-8503-5a0a3ff80b3c.wav,coughvid_data/b2e9cb14-17c6-42ca-8503-5a0a3ff80b3c.wav,1.0
24ced9e4-00bc-4d03-a019-d30770493d0c,coughvid_data/24ced9e4-00bc-4d03-a019-d30770493d0c.wav,coughvid_data/24ced9e4-00bc-4d03-a019-d30770493d0c.wav,0.0
195f9381-cf35-45da-b0ae-cc4ed04e9283,coughvid_data/195f9381-cf35-45da-b0ae-cc4ed04e9283.wav,coughvid_data/195f9381-cf35-45da-b0ae-cc4ed04e9283.wav,1.0
1b4b2bc1-3ec9-4cb5-8ee1-31d37061128b,coughvid_data/1b4b2bc1-3ec9-4cb5-8ee1-31d37061128b.wav,coughvid_data/1b4b2bc1-3ec9-4cb5-8ee1-31d37061128b.wav,0.0
74b3d679-83e0-4e9c-8988-d083a044e0d1,coughvid_data/74b3d679-83e0-4e9c-8988-d083a044e0d1.wav,coughvid_data/74b3d679-83e0-4e9c-8988-d083a044e0d1.wav,0.0
953f4953-c4b1-4387-a14d-6fe8272464f4,coughvid_data/953f4953-c4b1-4387-a14d-6fe8272464f4.wav,coughvid_data/953f4953-c4b1-4387-a14d-6fe8272464f4.wav,1.0
045e4374-a671-4b01-bd12-00450c9f12e9,coughvid_data/045e4374-a671-4b01-bd12-00450c9f12e9.wav,coughvid_data/045e4374-a671-4b01-bd12-00450c9f12e9.wav,1.0
b4bf8e76-7714-4c5e-b122-da42ce28b0ba,coughvid_data/b4bf8e76-7714-4c5e-b122-da42ce28b0ba.wav,coughvid_data/b4bf8e76-7714-4c5e-b122-da42ce28b0ba.wav,1.0
c91f0ba5-6d0e-415a-a27f-b9753d758533,coughvid_data/c91f0ba5-6d0e-415a-a27f-b9753d758533.wav,coughvid_data/c91f0ba5-6d0e-415a-a27f-b9753d758533.wav,1.0
f7b1a844-b145-45ff-a7e8-4feb157e01f0,coughvid_data/f7b1a844-b145-45ff-a7e8-4feb157e01f0.wav,coughvid_data/f7b1a844-b145-45ff-a7e8-4feb157e01f0.wav,0.0
e2dfb283-6eb3-40be-9b82-36379aa88c41,coughvid_data/e2dfb283-6eb3-40be-9b82-36379aa88c41.wav,coughvid_data/e2dfb283-6eb3-40be-9b82-36379aa88c41.wav,1.0
74801d32-b024-4f47-becf-817c62ac9c98,coughvid_data/74801d32-b024-4f47-becf-817c62ac9c98.wav,coughvid_data/74801d32-b024-4f47-becf-817c62ac9c98.wav,0.0
e1d85c5d-8bcf-45b5-b296-c6a464480e8b,coughvid_data/e1d85c5d-8bcf-45b5-b296-c6a464480e8b.wav,coughvid_data/e1d85c5d-8bcf-45b5-b296-c6a464480e8b.wav,1.0
2e0172ed-d899-4dc4-9d0e-019922d536e4,coughvid_data/2e0172ed-d899-4dc4-9d0e-019922d536e4.wav,coughvid_data/2e0172ed-d899-4dc4-9d0e-019922d536e4.wav,1.0
a4db2efb-a219-407b-89dc-5a19ed91d1b3,coughvid_data/a4db2efb-a219-407b-89dc-5a19ed91d1b3.wav,coughvid_data/a4db2efb-a219-407b-89dc-5a19ed91d1b3.wav,0.0
dee85952-97d4-4e70-a235-778f54ea011b,coughvid_data/dee85952-97d4-4e70-a235-778f54ea011b.wav,coughvid_data/dee85952-97d4-4e70-a235-778f54ea011b.wav,0.0
9f28ae0c-4e38-43dd-bf68-28366b3708eb,coughvid_data/9f28ae0c-4e38-43dd-bf68-28366b3708eb.wav,coughvid_data/9f28ae0c-4e38-43dd-bf68-28366b3708eb.wav,0.0
a9242837-d3b0-4b3b-af63-6e454e7269ad,coughvid_data/a9242837-d3b0-4b3b-af63-6e454e7269ad.wav,coughvid_data/a9242837-d3b0-4b3b-af63-6e454e7269ad.wav,1.0
d311d367-7c35-4f16-bb21-cda692570bbd,coughvid_data/d311d367-7c35-4f16-bb21-cda692570bbd.wav,coughvid_data/d311d367-7c35-4f16-bb21-cda692570bbd.wav,0.0
91805756-e477-42bc-93d9-65bb3c95ae78,coughvid_data/91805756-e477-42bc-93d9-65bb3c95ae78.wav,coughvid_data/91805756-e477-42bc-93d9-65bb3c95ae78.wav,0.0
368c6aa1-9e4a-4a48-a6cc-13541cb9f028,coughvid_data/368c6aa1-9e4a-4a48-a6cc-13541cb9f028.wav,coughvid_data/368c6aa1-9e4a-4a48-a6cc-13541cb9f028.wav,1.0
6b403063-c849-4035-b78e-37b840fe27ee,coughvid_data/6b403063-c849-4035-b78e-37b840fe27ee.wav,coughvid_data/6b403063-c849-4035-b78e-37b840fe27ee.wav,0.0
b61357c5-565f-4875-9fbb-3955b84ad6b8,coughvid_data/b61357c5-565f-4875-9fbb-3955b84ad6b8.wav,coughvid_data/b61357c5-565f-4875-9fbb-3955b84ad6b8.wav,1.0
0cdd9b2f-fef0-46eb-9031-9b16e31f189c,coughvid_data/0cdd9b2f-fef0-46eb-9031-9b16e31f189c.wav,coughvid_data/0cdd9b2f-fef0-46eb-9031-9b16e31f189c.wav,1.0
570351a0-6f55-4fbf-980a-3036f5aab02c,coughvid_data/570351a0-6f55-4fbf-980a-3036f5aab02c.wav,coughvid_data/570351a0-6f55-4fbf-980a-3036f5aab02c.wav,1.0
906609ba-f299-4be8-b458-afa148608001,coughvid_data/906609ba-f299-4be8-b458-afa148608001.wav,coughvid_data/906609ba-f299-4be8-b458-afa148608001.wav,1.0
9bb9e6f0-d73b-40e3-a683-ea2d5ab46bdd,coughvid_data/9bb9e6f0-d73b-40e3-a683-ea2d5ab46bdd.wav,coughvid_data/9bb9e6f0-d73b-40e3-a683-ea2d5ab46bdd.wav,0.0
667428ff-d070-4f3d-b3c3-5e608ad40e7a,coughvid_data/667428ff-d070-4f3d-b3c3-5e608ad40e7a.wav,coughvid_data/667428ff-d070-4f3d-b3c3-5e608ad40e7a.wav,0.0
1d2ed7f6-e51d-4d8b-ba0b-61002732f12d,coughvid_data/1d2ed7f6-e51d-4d8b-ba0b-61002732f12d.wav,coughvid_data/1d2ed7f6-e51d-4d8b-ba0b-61002732f12d.wav,1.0
fbf7af8b-a337-4437-be6c-41c89d6fc8fd,coughvid_data/fbf7af8b-a337-4437-be6c-41c89d6fc8fd.wav,coughvid_data/fbf7af8b-a337-4437-be6c-41c89d6fc8fd.wav,0.0
86e7b111-8e46-4523-b91f-2468a889ca08,coughvid_data/86e7b111-8e46-4523-b91f-2468a889ca08.wav,coughvid_data/86e7b111-8e46-4523-b91f-2468a889ca08.wav,0.0
4f5a4b71-46a6-42d8-aecd-7e0cc23d7d70,coughvid_data/4f5a4b71-46a6-42d8-aecd-7e0cc23d7d70.wav,coughvid_data/4f5a4b71-46a6-42d8-aecd-7e0cc23d7d70.wav,1.0
72e01cb0-16aa-4080-a7c9-5ab830a88f1d,coughvid_data/72e01cb0-16aa-4080-a7c9-5ab830a88f1d.wav,coughvid_data/72e01cb0-16aa-4080-a7c9-5ab830a88f1d.wav,1.0
06f45cd2-eb04-430b-ad65-0f7e2f8695ec,coughvid_data/06f45cd2-eb04-430b-ad65-0f7e2f8695ec.wav,coughvid_data/06f45cd2-eb04-430b-ad65-0f7e2f8695ec.wav,1.0
0f975da7-b5a7-46cd-9b16-21fcca833c04,coughvid_data/0f975da7-b5a7-46cd-9b16-21fcca833c04.wav,coughvid_data/0f975da7-b5a7-46cd-9b16-21fcca833c04.wav,1.0
caa4706b-4c0f-409b-b1eb-aa65208b6ae4,coughvid_data/caa4706b-4c0f-409b-b1eb-aa65208b6ae4.wav,coughvid_data/caa4706b-4c0f-409b-b1eb-aa65208b6ae4.wav,1.0
9ad9631c-6910-4f4e-ada7-319db3a165c4,coughvid_data/9ad9631c-6910-4f4e-ada7-319db3a165c4.wav,coughvid_data/9ad9631c-6910-4f4e-ada7-319db3a165c4.wav,1.0
41342e55-0dbf-482d-8ac0-0ff2717a9858,coughvid_data/41342e55-0dbf-482d-8ac0-0ff2717a9858.wav,coughvid_data/41342e55-0dbf-482d-8ac0-0ff2717a9858.wav,0.0
4fa482c1-e2c7-402f-b383-343c18be4ccd,coughvid_data/4fa482c1-e2c7-402f-b383-343c18be4ccd.wav,coughvid_data/4fa482c1-e2c7-402f-b383-343c18be4ccd.wav,1.0
81367b8d-8dd4-4860-b41f-de013a9f59b3,coughvid_data/81367b8d-8dd4-4860-b41f-de013a9f59b3.wav,coughvid_data/81367b8d-8dd4-4860-b41f-de013a9f59b3.wav,1.0
e61e9d35-7f7e-483d-ae80-63c2eaf5ee10,coughvid_data/e61e9d35-7f7e-483d-ae80-63c2eaf5ee10.wav,coughvid_data/e61e9d35-7f7e-483d-ae80-63c2eaf5ee10.wav,1.0
720409ca-6b1e-4237-9fb8-14e8ddfdcb37,coughvid_data/720409ca-6b1e-4237-9fb8-14e8ddfdcb37.wav,coughvid_data/720409ca-6b1e-4237-9fb8-14e8ddfdcb37.wav,1.0
d5c6e2c8-055a-4400-86dd-0df27e5d3c27,coughvid_data/d5c6e2c8-055a-4400-86dd-0df27e5d3c27.wav,coughvid_data/d5c6e2c8-055a-4400-86dd-0df27e5d3c27.wav,1.0
078e7b5d-4c60-451a-b5a5-ff90ca220aba,coughvid_data/078e7b5d-4c60-451a-b5a5-ff90ca220aba.wav,coughvid_data/078e7b5d-4c60-451a-b5a5-ff90ca220aba.wav,1.0
10721bb5-d6ed-44c6-9006-86b10cc3863b,coughvid_data/10721bb5-d6ed-44c6-9006-86b10cc3863b.wav,coughvid_data/10721bb5-d6ed-44c6-9006-86b10cc3863b.wav,0.0
9c7c8a21-88ed-4360-b49f-d310159317fa,coughvid_data/9c7c8a21-88ed-4360-b49f-d310159317fa.wav,coughvid_data/9c7c8a21-88ed-4360-b49f-d310159317fa.wav,1.0
85950027-a5fd-4cd4-ad38-46202aa61172,coughvid_data/85950027-a5fd-4cd4-ad38-46202aa61172.wav,coughvid_data/85950027-a5fd-4cd4-ad38-46202aa61172.wav,1.0
313dc757-bd3a-430f-9de2-545298b4b2a1,coughvid_data/313dc757-bd3a-430f-9de2-545298b4b2a1.wav,coughvid_data/313dc757-bd3a-430f-9de2-545298b4b2a1.wav,1.0
2876fc58-f5c6-444e-85da-7d61d3bfd7ac,coughvid_data/2876fc58-f5c6-444e-85da-7d61d3bfd7ac.wav,coughvid_data/2876fc58-f5c6-444e-85da-7d61d3bfd7ac.wav,0.0
ef3a00c3-79f8-48b4-85ba-414e30795075,coughvid_data/ef3a00c3-79f8-48b4-85ba-414e30795075.wav,coughvid_data/ef3a00c3-79f8-48b4-85ba-414e30795075.wav,0.0
a1c309a3-245b-4d69-89eb-5b32936cfc8d,coughvid_data/a1c309a3-245b-4d69-89eb-5b32936cfc8d.wav,coughvid_data/a1c309a3-245b-4d69-89eb-5b32936cfc8d.wav,0.0
6961d1ea-b9dc-44a8-8a17-7101bcdfe775,coughvid_data/6961d1ea-b9dc-44a8-8a17-7101bcdfe775.wav,coughvid_data/6961d1ea-b9dc-44a8-8a17-7101bcdfe775.wav,0.0
6b3eebf9-ccef-442b-8f02-8e957d0a65f6,coughvid_data/6b3eebf9-ccef-442b-8f02-8e957d0a65f6.wav,coughvid_data/6b3eebf9-ccef-442b-8f02-8e957d0a65f6.wav,0.0
8edb6e50-8625-47ca-ac97-8a7c44a13226,coughvid_data/8edb6e50-8625-47ca-ac97-8a7c44a13226.wav,coughvid_data/8edb6e50-8625-47ca-ac97-8a7c44a13226.wav,1.0
0511d1df-13db-4b61-b6b1-04044b42a557,coughvid_data/0511d1df-13db-4b61-b6b1-04044b42a557.wav,coughvid_data/0511d1df-13db-4b61-b6b1-04044b42a557.wav,1.0
cb513153-e832-4d97-b1dc-23e45c572435,coughvid_data/cb513153-e832-4d97-b1dc-23e45c572435.wav,coughvid_data/cb513153-e832-4d97-b1dc-23e45c572435.wav,1.0
6ce3c1f3-9f51-455f-8e52-111dc770118c,coughvid_data/6ce3c1f3-9f51-455f-8e52-111dc770118c.wav,coughvid_data/6ce3c1f3-9f51-455f-8e52-111dc770118c.wav,0.0
4e1cee23-1f9d-47af-9f8b-68992f800dac,coughvid_data/4e1cee23-1f9d-47af-9f8b-68992f800dac.wav,coughvid_data/4e1cee23-1f9d-47af-9f8b-68992f800dac.wav,0.0
d0ceb977-968c-401c-99df-3ed8b432bf6c,coughvid_data/d0ceb977-968c-401c-99df-3ed8b432bf6c.wav,coughvid_data/d0ceb977-968c-401c-99df-3ed8b432bf6c.wav,1.0
1aa31c2d-bc0e-472a-b183-21cb3a072bb0,coughvid_data/1aa31c2d-bc0e-472a-b183-21cb3a072bb0.wav,coughvid_data/1aa31c2d-bc0e-472a-b183-21cb3a072bb0.wav,0.0
18514060-f135-4209-9a72-0bc26b5b01ce,coughvid_data/18514060-f135-4209-9a72-0bc26b5b01ce.wav,coughvid_data/18514060-f135-4209-9a72-0bc26b5b01ce.wav,1.0
7da7609c-783f-4490-9c9d-3a618ffcf476,coughvid_data/7da7609c-783f-4490-9c9d-3a618ffcf476.wav,coughvid_data/7da7609c-783f-4490-9c9d-3a618ffcf476.wav,0.0
54b08ef4-ae76-4043-9f71-a25ddbb60681,coughvid_data/54b08ef4-ae76-4043-9f71-a25ddbb60681.wav,coughvid_data/54b08ef4-ae76-4043-9f71-a25ddbb60681.wav,0.0
00753f6f-1310-45c7-b10a-9580e29a6201,coughvid_data/00753f6f-1310-45c7-b10a-9580e29a6201.wav,coughvid_data/00753f6f-1310-45c7-b10a-9580e29a6201.wav,1.0
41ba5fc8-8d86-4e9e-a725-1d385b411f09,coughvid_data/41ba5fc8-8d86-4e9e-a725-1d385b411f09.wav,coughvid_data/41ba5fc8-8d86-4e9e-a725-1d385b411f09.wav,1.0
d30c285c-9463-49c1-98b0-daf0c203f769,coughvid_data/d30c285c-9463-49c1-98b0-daf0c203f769.wav,coughvid_data/d30c285c-9463-49c1-98b0-daf0c203f769.wav,1.0
1138a13c-52ef-49f2-82a6-19599c50a50a,coughvid_data/1138a13c-52ef-49f2-82a6-19599c50a50a.wav,coughvid_data/1138a13c-52ef-49f2-82a6-19599c50a50a.wav,0.0
218ef104-46a3-4bb7-8d78-287711c00a80,coughvid_data/218ef104-46a3-4bb7-8d78-287711c00a80.wav,coughvid_data/218ef104-46a3-4bb7-8d78-287711c00a80.wav,1.0
f7c229bd-ed49-40d5-a1bc-837ea7b66bd0,coughvid_data/f7c229bd-ed49-40d5-a1bc-837ea7b66bd0.wav,coughvid_data/f7c229bd-ed49-40d5-a1bc-837ea7b66bd0.wav,1.0
aa345328-b50f-4bf8-9a8d-cf0063b04e6b,coughvid_data/aa345328-b50f-4bf8-9a8d-cf0063b04e6b.wav,coughvid_data/aa345328-b50f-4bf8-9a8d-cf0063b04e6b.wav,1.0
a15d3edc-4762-4ebe-a45e-35fbe2a600ca,coughvid_data/a15d3edc-4762-4ebe-a45e-35fbe2a600ca.wav,coughvid_data/a15d3edc-4762-4ebe-a45e-35fbe2a600ca.wav,0.0
b70f06b7-6ca7-4683-94f9-0fbfee5c53c0,coughvid_data/b70f06b7-6ca7-4683-94f9-0fbfee5c53c0.wav,coughvid_data/b70f06b7-6ca7-4683-94f9-0fbfee5c53c0.wav,0.0
fc00cf62-beec-47d0-bc54-1cb99f3e5071,coughvid_data/fc00cf62-beec-47d0-bc54-1cb99f3e5071.wav,coughvid_data/fc00cf62-beec-47d0-bc54-1cb99f3e5071.wav,1.0
87715c4b-69ee-4091-abde-92dee34d1cd5,coughvid_data/87715c4b-69ee-4091-abde-92dee34d1cd5.wav,coughvid_data/87715c4b-69ee-4091-abde-92dee34d1cd5.wav,1.0
dad38d6d-f5dc-46cc-9884-71e8af573376,coughvid_data/dad38d6d-f5dc-46cc-9884-71e8af573376.wav,coughvid_data/dad38d6d-f5dc-46cc-9884-71e8af573376.wav,0.0
5bfd522b-3d08-4b6e-986b-d6f14a2e0a21,coughvid_data/5bfd522b-3d08-4b6e-986b-d6f14a2e0a21.wav,coughvid_data/5bfd522b-3d08-4b6e-986b-d6f14a2e0a21.wav,1.0
6312fea7-adaa-4463-949f-48971b22b09b,coughvid_data/6312fea7-adaa-4463-949f-48971b22b09b.wav,coughvid_data/6312fea7-adaa-4463-949f-48971b22b09b.wav,0.0
71cfb643-e5c8-4a45-8c0f-904469bd0ad5,coughvid_data/71cfb643-e5c8-4a45-8c0f-904469bd0ad5.wav,coughvid_data/71cfb643-e5c8-4a45-8c0f-904469bd0ad5.wav,0.0
c029fb8a-a6d3-488d-ab9b-e418812cf874,coughvid_data/c029fb8a-a6d3-488d-ab9b-e418812cf874.wav,coughvid_data/c029fb8a-a6d3-488d-ab9b-e418812cf874.wav,0.0
005ae1c2-7bc2-44c9-bc88-cf0af4ca762f,coughvid_data/005ae1c2-7bc2-44c9-bc88-cf0af4ca762f.wav,coughvid_data/005ae1c2-7bc2-44c9-bc88-cf0af4ca762f.wav,1.0
f2104d5c-28c9-410c-a01e-897b73a8ce6e,coughvid_data/f2104d5c-28c9-410c-a01e-897b73a8ce6e.wav,coughvid_data/f2104d5c-28c9-410c-a01e-897b73a8ce6e.wav,1.0
56d4b3a6-e0b2-47aa-a201-7db9063f1739,coughvid_data/56d4b3a6-e0b2-47aa-a201-7db9063f1739.wav,coughvid_data/56d4b3a6-e0b2-47aa-a201-7db9063f1739.wav,0.0
ea7e280e-bcc5-4fbd-97e5-073f703d6fbb,coughvid_data/ea7e280e-bcc5-4fbd-97e5-073f703d6fbb.wav,coughvid_data/ea7e280e-bcc5-4fbd-97e5-073f703d6fbb.wav,1.0
c38d0839-d212-42f8-b3bb-4de172b76748,coughvid_data/c38d0839-d212-42f8-b3bb-4de172b76748.wav,coughvid_data/c38d0839-d212-42f8-b3bb-4de172b76748.wav,1.0
120cad95-1d8d-4ba9-9905-577bc900ad26,coughvid_data/120cad95-1d8d-4ba9-9905-577bc900ad26.wav,coughvid_data/120cad95-1d8d-4ba9-9905-577bc900ad26.wav,1.0
54c115a3-30cd-4ef0-9e8c-8b0428d29815,coughvid_data/54c115a3-30cd-4ef0-9e8c-8b0428d29815.wav,coughvid_data/54c115a3-30cd-4ef0-9e8c-8b0428d29815.wav,0.0
26819901-6552-497d-b459-0c946654890b,coughvid_data/26819901-6552-497d-b459-0c946654890b.wav,coughvid_data/26819901-6552-497d-b459-0c946654890b.wav,0.0
e350c6f1-a005-4a1f-86ff-fbdd33679a94,coughvid_data/e350c6f1-a005-4a1f-86ff-fbdd33679a94.wav,coughvid_data/e350c6f1-a005-4a1f-86ff-fbdd33679a94.wav,1.0
059f0582-58ef-4c6e-abc8-8721474248d8,coughvid_data/059f0582-58ef-4c6e-abc8-8721474248d8.wav,coughvid_data/059f0582-58ef-4c6e-abc8-8721474248d8.wav,1.0
31048a20-6304-4d1e-9510-9f8c30821c6f,coughvid_data/31048a20-6304-4d1e-9510-9f8c30821c6f.wav,coughvid_data/31048a20-6304-4d1e-9510-9f8c30821c6f.wav,1.0
87356c3b-bd30-4530-92e3-0badde2485a5,coughvid_data/87356c3b-bd30-4530-92e3-0badde2485a5.wav,coughvid_data/87356c3b-bd30-4530-92e3-0badde2485a5.wav,1.0
0ad7e901-cd16-4d45-b193-43f09d20650f,coughvid_data/0ad7e901-cd16-4d45-b193-43f09d20650f.wav,coughvid_data/0ad7e901-cd16-4d45-b193-43f09d20650f.wav,1.0
71d5ca38-3d04-4318-9738-cfd62a8173ae,coughvid_data/71d5ca38-3d04-4318-9738-cfd62a8173ae.wav,coughvid_data/71d5ca38-3d04-4318-9738-cfd62a8173ae.wav,1.0
be53aed3-5771-4cb6-af3b-1c95dfed2ae5,coughvid_data/be53aed3-5771-4cb6-af3b-1c95dfed2ae5.wav,coughvid_data/be53aed3-5771-4cb6-af3b-1c95dfed2ae5.wav,1.0
85d68235-9726-4052-acac-205c05533345,coughvid_data/85d68235-9726-4052-acac-205c05533345.wav,coughvid_data/85d68235-9726-4052-acac-205c05533345.wav,0.0
dd4f70a7-f39f-4ebd-b776-e784e0455304,coughvid_data/dd4f70a7-f39f-4ebd-b776-e784e0455304.wav,coughvid_data/dd4f70a7-f39f-4ebd-b776-e784e0455304.wav,1.0
6b01a1f3-f3c1-4b89-bd0b-168d22c1cd0c,coughvid_data/6b01a1f3-f3c1-4b89-bd0b-168d22c1cd0c.wav,coughvid_data/6b01a1f3-f3c1-4b89-bd0b-168d22c1cd0c.wav,0.0
e0e47888-9886-450b-8035-b00c0b96ce31,coughvid_data/e0e47888-9886-450b-8035-b00c0b96ce31.wav,coughvid_data/e0e47888-9886-450b-8035-b00c0b96ce31.wav,0.0
b474721a-f35b-408a-94df-a77df83adac6,coughvid_data/b474721a-f35b-408a-94df-a77df83adac6.wav,coughvid_data/b474721a-f35b-408a-94df-a77df83adac6.wav,0.0
37d718e8-c211-47a8-a3e3-84c990fa2423,coughvid_data/37d718e8-c211-47a8-a3e3-84c990fa2423.wav,coughvid_data/37d718e8-c211-47a8-a3e3-84c990fa2423.wav,0.0
c5e7140a-9ded-4067-9a8b-a140ffaa3f02,coughvid_data/c5e7140a-9ded-4067-9a8b-a140ffaa3f02.wav,coughvid_data/c5e7140a-9ded-4067-9a8b-a140ffaa3f02.wav,0.0
28654288-ae7d-447d-9631-7fe1712578b0,coughvid_data/28654288-ae7d-447d-9631-7fe1712578b0.wav,coughvid_data/28654288-ae7d-447d-9631-7fe1712578b0.wav,1.0
818548ca-0eef-46c6-bfc8-f83b65315d7d,coughvid_data/818548ca-0eef-46c6-bfc8-f83b65315d7d.wav,coughvid_data/818548ca-0eef-46c6-bfc8-f83b65315d7d.wav,0.0
9d49e8ac-33a8-4302-bc06-951153a7bd7f,coughvid_data/9d49e8ac-33a8-4302-bc06-951153a7bd7f.wav,coughvid_data/9d49e8ac-33a8-4302-bc06-951153a7bd7f.wav,0.0
689debe4-6e05-4b2a-b03e-2a733588bb5b,coughvid_data/689debe4-6e05-4b2a-b03e-2a733588bb5b.wav,coughvid_data/689debe4-6e05-4b2a-b03e-2a733588bb5b.wav,1.0
cea5c53a-7be4-46fe-af4b-9e8976cc0178,coughvid_data/cea5c53a-7be4-46fe-af4b-9e8976cc0178.wav,coughvid_data/cea5c53a-7be4-46fe-af4b-9e8976cc0178.wav,1.0
e26ac02f-ffe5-4329-828e-0e6ce4a73a3f,coughvid_data/e26ac02f-ffe5-4329-828e-0e6ce4a73a3f.wav,coughvid_data/e26ac02f-ffe5-4329-828e-0e6ce4a73a3f.wav,0.0
9eb6506a-17f8-40b7-968d-ee511818d50b,coughvid_data/9eb6506a-17f8-40b7-968d-ee511818d50b.wav,coughvid_data/9eb6506a-17f8-40b7-968d-ee511818d50b.wav,1.0
26a16c78-c7f7-4244-9618-3f258bd6541b,coughvid_data/26a16c78-c7f7-4244-9618-3f258bd6541b.wav,coughvid_data/26a16c78-c7f7-4244-9618-3f258bd6541b.wav,1.0
2e91cc8b-e002-4350-9171-de936e2e8a08,coughvid_data/2e91cc8b-e002-4350-9171-de936e2e8a08.wav,coughvid_data/2e91cc8b-e002-4350-9171-de936e2e8a08.wav,1.0
ee2aa73f-0dee-47db-b07a-9194a30c0eb7,coughvid_data/ee2aa73f-0dee-47db-b07a-9194a30c0eb7.wav,coughvid_data/ee2aa73f-0dee-47db-b07a-9194a30c0eb7.wav,1.0
80aaacb3-8a03-4442-b50f-6133e83a1020,coughvid_data/80aaacb3-8a03-4442-b50f-6133e83a1020.wav,coughvid_data/80aaacb3-8a03-4442-b50f-6133e83a1020.wav,0.0
4045575b-c9ab-4a6e-9434-096bea35f0a1,coughvid_data/4045575b-c9ab-4a6e-9434-096bea35f0a1.wav,coughvid_data/4045575b-c9ab-4a6e-9434-096bea35f0a1.wav,1.0
5a984592-4346-4a27-9105-cb9f0d989fc0,coughvid_data/5a984592-4346-4a27-9105-cb9f0d989fc0.wav,coughvid_data/5a984592-4346-4a27-9105-cb9f0d989fc0.wav,1.0
ed7e5ffe-ed3e-432f-9025-fd48fcd308df,coughvid_data/ed7e5ffe-ed3e-432f-9025-fd48fcd308df.wav,coughvid_data/ed7e5ffe-ed3e-432f-9025-fd48fcd308df.wav,0.0
46bbf04f-d7d5-4a7d-bca7-cedcf2269a6f,coughvid_data/46bbf04f-d7d5-4a7d-bca7-cedcf2269a6f.wav,coughvid_data/46bbf04f-d7d5-4a7d-bca7-cedcf2269a6f.wav,0.0
9d9facb9-b4c5-4278-8316-87b1c887d083,coughvid_data/9d9facb9-b4c5-4278-8316-87b1c887d083.wav,coughvid_data/9d9facb9-b4c5-4278-8316-87b1c887d083.wav,1.0
45a35c32-9d8c-4284-81a6-0f823fd3c822,coughvid_data/45a35c32-9d8c-4284-81a6-0f823fd3c822.wav,coughvid_data/45a35c32-9d8c-4284-81a6-0f823fd3c822.wav,0.0
ca18e90b-4832-4ff1-8df6-ab9d654a8682,coughvid_data/ca18e90b-4832-4ff1-8df6-ab9d654a8682.wav,coughvid_data/ca18e90b-4832-4ff1-8df6-ab9d654a8682.wav,1.0
a4468aa1-4ce9-4965-a8c2-5b1860e1274d,coughvid_data/a4468aa1-4ce9-4965-a8c2-5b1860e1274d.wav,coughvid_data/a4468aa1-4ce9-4965-a8c2-5b1860e1274d.wav,0.0
4e994f06-4e0d-4d81-bd26-91d47fac1928,coughvid_data/4e994f06-4e0d-4d81-bd26-91d47fac1928.wav,coughvid_data/4e994f06-4e0d-4d81-bd26-91d47fac1928.wav,0.0
4acb78d1-a624-47c7-9ade-439491379d6f,coughvid_data/4acb78d1-a624-47c7-9ade-439491379d6f.wav,coughvid_data/4acb78d1-a624-47c7-9ade-439491379d6f.wav,1.0
dac0608a-4e84-4a7c-a35d-6ce79180e513,coughvid_data/dac0608a-4e84-4a7c-a35d-6ce79180e513.wav,coughvid_data/dac0608a-4e84-4a7c-a35d-6ce79180e513.wav,0.0
7c3854d0-5f59-4263-a7a9-d2e1c1fa92f0,coughvid_data/7c3854d0-5f59-4263-a7a9-d2e1c1fa92f0.wav,coughvid_data/7c3854d0-5f59-4263-a7a9-d2e1c1fa92f0.wav,1.0
6e6be39e-f1e6-4240-8c66-35242141d07e,coughvid_data/6e6be39e-f1e6-4240-8c66-35242141d07e.wav,coughvid_data/6e6be39e-f1e6-4240-8c66-35242141d07e.wav,0.0
903cd5bd-a581-4fdb-b1e2-3d9fdeded71c,coughvid_data/903cd5bd-a581-4fdb-b1e2-3d9fdeded71c.wav,coughvid_data/903cd5bd-a581-4fdb-b1e2-3d9fdeded71c.wav,1.0
de08352e-d8bf-4342-971e-b55cdc6307ef,coughvid_data/de08352e-d8bf-4342-971e-b55cdc6307ef.wav,coughvid_data/de08352e-d8bf-4342-971e-b55cdc6307ef.wav,0.0
6a2b775a-3caa-494c-8666-e07c8cb0423e,coughvid_data/6a2b775a-3caa-494c-8666-e07c8cb0423e.wav,coughvid_data/6a2b775a-3caa-494c-8666-e07c8cb0423e.wav,0.0
4f134463-f836-4558-8064-a3a41e7f8d18,coughvid_data/4f134463-f836-4558-8064-a3a41e7f8d18.wav,coughvid_data/4f134463-f836-4558-8064-a3a41e7f8d18.wav,0.0
8489239f-f70b-4b0b-a220-7700604d322f,coughvid_data/8489239f-f70b-4b0b-a220-7700604d322f.wav,coughvid_data/8489239f-f70b-4b0b-a220-7700604d322f.wav,0.0
bb26cc35-efde-493b-989e-e66b116f3007,coughvid_data/bb26cc35-efde-493b-989e-e66b116f3007.wav,coughvid_data/bb26cc35-efde-493b-989e-e66b116f3007.wav,0.0
4cc046e4-2376-49b5-81da-13360e9216ba,coughvid_data/4cc046e4-2376-49b5-81da-13360e9216ba.wav,coughvid_data/4cc046e4-2376-49b5-81da-13360e9216ba.wav,0.0
67f55712-0985-4901-ab12-4d15fcc45da6,coughvid_data/67f55712-0985-4901-ab12-4d15fcc45da6.wav,coughvid_data/67f55712-0985-4901-ab12-4d15fcc45da6.wav,0.0
6c07378e-3c94-4168-ad48-064225e4e683,coughvid_data/6c07378e-3c94-4168-ad48-064225e4e683.wav,coughvid_data/6c07378e-3c94-4168-ad48-064225e4e683.wav,0.0
dfb0a442-3453-4d42-b355-b68eda2a9865,coughvid_data/dfb0a442-3453-4d42-b355-b68eda2a9865.wav,coughvid_data/dfb0a442-3453-4d42-b355-b68eda2a9865.wav,1.0
ba70ff97-3b83-410e-a233-5103d8eef587,coughvid_data/ba70ff97-3b83-410e-a233-5103d8eef587.wav,coughvid_data/ba70ff97-3b83-410e-a233-5103d8eef587.wav,0.0
7748445d-a55c-4729-a7eb-ac872bb71dd0,coughvid_data/7748445d-a55c-4729-a7eb-ac872bb71dd0.wav,coughvid_data/7748445d-a55c-4729-a7eb-ac872bb71dd0.wav,0.0
2866ea51-45ef-41d3-9656-0f9e04cc50c1,coughvid_data/2866ea51-45ef-41d3-9656-0f9e04cc50c1.wav,coughvid_data/2866ea51-45ef-41d3-9656-0f9e04cc50c1.wav,0.0
acae3594-1a8f-4375-958f-61f37b75021b,coughvid_data/acae3594-1a8f-4375-958f-61f37b75021b.wav,coughvid_data/acae3594-1a8f-4375-958f-61f37b75021b.wav,0.0
1f3deba5-1b37-4145-b6da-c3ae058d4834,coughvid_data/1f3deba5-1b37-4145-b6da-c3ae058d4834.wav,coughvid_data/1f3deba5-1b37-4145-b6da-c3ae058d4834.wav,0.0
b60e7ee3-64c2-4982-8212-750b4dbe8c66,coughvid_data/b60e7ee3-64c2-4982-8212-750b4dbe8c66.wav,coughvid_data/b60e7ee3-64c2-4982-8212-750b4dbe8c66.wav,1.0
f9a46d88-815f-4685-855b-aab57b93afd0,coughvid_data/f9a46d88-815f-4685-855b-aab57b93afd0.wav,coughvid_data/f9a46d88-815f-4685-855b-aab57b93afd0.wav,0.0
535b477a-6f42-4240-88db-b97214883e50,coughvid_data/535b477a-6f42-4240-88db-b97214883e50.wav,coughvid_data/535b477a-6f42-4240-88db-b97214883e50.wav,0.0
5abe569c-9080-4435-b056-02dd5c5b1e0d,coughvid_data/5abe569c-9080-4435-b056-02dd5c5b1e0d.wav,coughvid_data/5abe569c-9080-4435-b056-02dd5c5b1e0d.wav,0.0
a16cf50f-7237-49b5-a848-d8233f4d2c8d,coughvid_data/a16cf50f-7237-49b5-a848-d8233f4d2c8d.wav,coughvid_data/a16cf50f-7237-49b5-a848-d8233f4d2c8d.wav,0.0
461b0514-adbb-4301-b1c1-16388629aab9,coughvid_data/461b0514-adbb-4301-b1c1-16388629aab9.wav,coughvid_data/461b0514-adbb-4301-b1c1-16388629aab9.wav,1.0
e6788288-778c-46d3-9d83-c4c2eb6f707d,coughvid_data/e6788288-778c-46d3-9d83-c4c2eb6f707d.wav,coughvid_data/e6788288-778c-46d3-9d83-c4c2eb6f707d.wav,1.0
bed48b0d-97cf-44cb-8cc4-4ec19c263244,coughvid_data/bed48b0d-97cf-44cb-8cc4-4ec19c263244.wav,coughvid_data/bed48b0d-97cf-44cb-8cc4-4ec19c263244.wav,1.0
7f092bc1-06f2-43d5-b943-8bb4ec8a7661,coughvid_data/7f092bc1-06f2-43d5-b943-8bb4ec8a7661.wav,coughvid_data/7f092bc1-06f2-43d5-b943-8bb4ec8a7661.wav,1.0
26f98298-33b4-43d0-87c3-a861dfc10e5b,coughvid_data/26f98298-33b4-43d0-87c3-a861dfc10e5b.wav,coughvid_data/26f98298-33b4-43d0-87c3-a861dfc10e5b.wav,0.0
379feec2-f690-4fe0-8cf3-0113c0821b30,coughvid_data/379feec2-f690-4fe0-8cf3-0113c0821b30.wav,coughvid_data/379feec2-f690-4fe0-8cf3-0113c0821b30.wav,1.0
a1050a42-0d99-4a11-90bc-eb0fbc5180c5,coughvid_data/a1050a42-0d99-4a11-90bc-eb0fbc5180c5.wav,coughvid_data/a1050a42-0d99-4a11-90bc-eb0fbc5180c5.wav,0.0
0b4552b2-8dbe-4dd3-9825-5d453e4b5b3a,coughvid_data/0b4552b2-8dbe-4dd3-9825-5d453e4b5b3a.wav,coughvid_data/0b4552b2-8dbe-4dd3-9825-5d453e4b5b3a.wav,0.0
7955aa8d-aa7a-40dc-a979-724edc541d9f,coughvid_data/7955aa8d-aa7a-40dc-a979-724edc541d9f.wav,coughvid_data/7955aa8d-aa7a-40dc-a979-724edc541d9f.wav,0.0
ce1a401d-c19e-4502-a903-d239472d864c,coughvid_data/ce1a401d-c19e-4502-a903-d239472d864c.wav,coughvid_data/ce1a401d-c19e-4502-a903-d239472d864c.wav,1.0
c6da5aec-119d-4fde-b32b-d32407cbc118,coughvid_data/c6da5aec-119d-4fde-b32b-d32407cbc118.wav,coughvid_data/c6da5aec-119d-4fde-b32b-d32407cbc118.wav,1.0
40d1d00b-c1d2-4526-a951-e1a303fc0f36,coughvid_data/40d1d00b-c1d2-4526-a951-e1a303fc0f36.wav,coughvid_data/40d1d00b-c1d2-4526-a951-e1a303fc0f36.wav,0.0
796b9966-9eff-4325-98f6-24c3b7ce77b7,coughvid_data/796b9966-9eff-4325-98f6-24c3b7ce77b7.wav,coughvid_data/796b9966-9eff-4325-98f6-24c3b7ce77b7.wav,0.0
d194693e-b6d6-46f9-9c05-c505f438798c,coughvid_data/d194693e-b6d6-46f9-9c05-c505f438798c.wav,coughvid_data/d194693e-b6d6-46f9-9c05-c505f438798c.wav,1.0
6a87d7d8-db86-4c77-a33e-475b3bfe664f,coughvid_data/6a87d7d8-db86-4c77-a33e-475b3bfe664f.wav,coughvid_data/6a87d7d8-db86-4c77-a33e-475b3bfe664f.wav,0.0
d8cbf21f-9678-4915-acb2-d16aad20c3e1,coughvid_data/d8cbf21f-9678-4915-acb2-d16aad20c3e1.wav,coughvid_data/d8cbf21f-9678-4915-acb2-d16aad20c3e1.wav,0.0
e6c4778e-55b9-441c-a6be-c2c242945a16,coughvid_data/e6c4778e-55b9-441c-a6be-c2c242945a16.wav,coughvid_data/e6c4778e-55b9-441c-a6be-c2c242945a16.wav,1.0
90755156-44bd-4e89-bbed-ab2794501bab,coughvid_data/90755156-44bd-4e89-bbed-ab2794501bab.wav,coughvid_data/90755156-44bd-4e89-bbed-ab2794501bab.wav,0.0
a1ffec02-864d-4739-8725-1f7487fee29c,coughvid_data/a1ffec02-864d-4739-8725-1f7487fee29c.wav,coughvid_data/a1ffec02-864d-4739-8725-1f7487fee29c.wav,1.0
63cf4bf4-664d-47d9-8d18-ec84ac98df37,coughvid_data/63cf4bf4-664d-47d9-8d18-ec84ac98df37.wav,coughvid_data/63cf4bf4-664d-47d9-8d18-ec84ac98df37.wav,0.0
9bcc5c8a-0f65-4929-b60b-bd0cb013b70e,coughvid_data/9bcc5c8a-0f65-4929-b60b-bd0cb013b70e.wav,coughvid_data/9bcc5c8a-0f65-4929-b60b-bd0cb013b70e.wav,0.0
71572743-8fd7-4145-b09e-344ff0252a64,coughvid_data/71572743-8fd7-4145-b09e-344ff0252a64.wav,coughvid_data/71572743-8fd7-4145-b09e-344ff0252a64.wav,0.0
c2313407-a593-4144-b8f6-3d7eed0f500c,coughvid_data/c2313407-a593-4144-b8f6-3d7eed0f500c.wav,coughvid_data/c2313407-a593-4144-b8f6-3d7eed0f500c.wav,0.0
d35826b0-9281-4943-9530-8afc0ef3d55b,coughvid_data/d35826b0-9281-4943-9530-8afc0ef3d55b.wav,coughvid_data/d35826b0-9281-4943-9530-8afc0ef3d55b.wav,1.0
8a17fc14-7a50-4348-8958-7f71fc8fc4d2,coughvid_data/8a17fc14-7a50-4348-8958-7f71fc8fc4d2.wav,coughvid_data/8a17fc14-7a50-4348-8958-7f71fc8fc4d2.wav,0.0
a29367d7-505f-4642-b462-9fe8d25f3503,coughvid_data/a29367d7-505f-4642-b462-9fe8d25f3503.wav,coughvid_data/a29367d7-505f-4642-b462-9fe8d25f3503.wav,0.0
639ac6e2-3eb7-4568-b6c2-62902bbd5049,coughvid_data/639ac6e2-3eb7-4568-b6c2-62902bbd5049.wav,coughvid_data/639ac6e2-3eb7-4568-b6c2-62902bbd5049.wav,1.0
f5b2db7a-8992-4240-ae29-96e33f24edc6,coughvid_data/f5b2db7a-8992-4240-ae29-96e33f24edc6.wav,coughvid_data/f5b2db7a-8992-4240-ae29-96e33f24edc6.wav,0.0
9e7652da-cdc4-48c3-93be-ff1f03f6a262,coughvid_data/9e7652da-cdc4-48c3-93be-ff1f03f6a262.wav,coughvid_data/9e7652da-cdc4-48c3-93be-ff1f03f6a262.wav,0.0
c36bde38-bab6-4907-b87d-41e055ae3431,coughvid_data/c36bde38-bab6-4907-b87d-41e055ae3431.wav,coughvid_data/c36bde38-bab6-4907-b87d-41e055ae3431.wav,1.0
b8dad2e1-5f4e-4223-a493-59abc79c2e54,coughvid_data/b8dad2e1-5f4e-4223-a493-59abc79c2e54.wav,coughvid_data/b8dad2e1-5f4e-4223-a493-59abc79c2e54.wav,0.0
a80b96cf-92e0-4eda-b912-d6a5b315a679,coughvid_data/a80b96cf-92e0-4eda-b912-d6a5b315a679.wav,coughvid_data/a80b96cf-92e0-4eda-b912-d6a5b315a679.wav,0.0
93e98957-be11-4242-955a-61ea8272b488,coughvid_data/93e98957-be11-4242-955a-61ea8272b488.wav,coughvid_data/93e98957-be11-4242-955a-61ea8272b488.wav,1.0
67e5367c-9bdc-42ce-be6a-83a6d70d7c30,coughvid_data/67e5367c-9bdc-42ce-be6a-83a6d70d7c30.wav,coughvid_data/67e5367c-9bdc-42ce-be6a-83a6d70d7c30.wav,0.0
e9ef1422-6fe8-4fe4-9c1d-6c4cd8ebf5e1,coughvid_data/e9ef1422-6fe8-4fe4-9c1d-6c4cd8ebf5e1.wav,coughvid_data/e9ef1422-6fe8-4fe4-9c1d-6c4cd8ebf5e1.wav,0.0
97789083-9ba7-4923-b542-5f62d06dfe86,coughvid_data/97789083-9ba7-4923-b542-5f62d06dfe86.wav,coughvid_data/97789083-9ba7-4923-b542-5f62d06dfe86.wav,0.0
7129f483-b2e2-4ea2-94bb-3400472d8319,coughvid_data/7129f483-b2e2-4ea2-94bb-3400472d8319.wav,coughvid_data/7129f483-b2e2-4ea2-94bb-3400472d8319.wav,1.0
3a0d1855-3c1f-4d9d-a563-47d978926de6,coughvid_data/3a0d1855-3c1f-4d9d-a563-47d978926de6.wav,coughvid_data/3a0d1855-3c1f-4d9d-a563-47d978926de6.wav,0.0
14d101cd-144a-49ce-b284-1b0afc3acdac,coughvid_data/14d101cd-144a-49ce-b284-1b0afc3acdac.wav,coughvid_data/14d101cd-144a-49ce-b284-1b0afc3acdac.wav,1.0
d6f0de61-5eb4-45e7-aa48-42fc0901ad8d,coughvid_data/d6f0de61-5eb4-45e7-aa48-42fc0901ad8d.wav,coughvid_data/d6f0de61-5eb4-45e7-aa48-42fc0901ad8d.wav,0.0
06a1aa18-19d2-4717-a4e5-8537c3eccce4,coughvid_data/06a1aa18-19d2-4717-a4e5-8537c3eccce4.wav,coughvid_data/06a1aa18-19d2-4717-a4e5-8537c3eccce4.wav,1.0
f880ef41-35f5-4ddc-9c48-c4e6e76dc154,coughvid_data/f880ef41-35f5-4ddc-9c48-c4e6e76dc154.wav,coughvid_data/f880ef41-35f5-4ddc-9c48-c4e6e76dc154.wav,1.0
7672fa5b-277c-40e4-98e7-bca978acfe9e,coughvid_data/7672fa5b-277c-40e4-98e7-bca978acfe9e.wav,coughvid_data/7672fa5b-277c-40e4-98e7-bca978acfe9e.wav,1.0
5bf1b6f0-84a2-440c-8050-f5f66aba482c,coughvid_data/5bf1b6f0-84a2-440c-8050-f5f66aba482c.wav,coughvid_data/5bf1b6f0-84a2-440c-8050-f5f66aba482c.wav,1.0
0c577065-630d-4ebd-a9eb-58d852d3adb2,coughvid_data/0c577065-630d-4ebd-a9eb-58d852d3adb2.wav,coughvid_data/0c577065-630d-4ebd-a9eb-58d852d3adb2.wav,1.0
919d3f26-6f60-4b68-b8ea-e9ed5d164df1,coughvid_data/919d3f26-6f60-4b68-b8ea-e9ed5d164df1.wav,coughvid_data/919d3f26-6f60-4b68-b8ea-e9ed5d164df1.wav,0.0
acc05d8f-5e86-44f9-bedc-c6904d2d1b3f,coughvid_data/acc05d8f-5e86-44f9-bedc-c6904d2d1b3f.wav,coughvid_data/acc05d8f-5e86-44f9-bedc-c6904d2d1b3f.wav,1.0
51579bc0-93f1-408f-9853-49b435eed7c2,coughvid_data/51579bc0-93f1-408f-9853-49b435eed7c2.wav,coughvid_data/51579bc0-93f1-408f-9853-49b435eed7c2.wav,0.0
a6c4e736-ab4d-4b57-8612-0dd8c796a2e9,coughvid_data/a6c4e736-ab4d-4b57-8612-0dd8c796a2e9.wav,coughvid_data/a6c4e736-ab4d-4b57-8612-0dd8c796a2e9.wav,1.0
5a1ad0e4-7998-4bd9-9f08-e40ea9ef85ec,coughvid_data/5a1ad0e4-7998-4bd9-9f08-e40ea9ef85ec.wav,coughvid_data/5a1ad0e4-7998-4bd9-9f08-e40ea9ef85ec.wav,0.0
d8fc622d-69af-4433-9f5d-e885f50966f9,coughvid_data/d8fc622d-69af-4433-9f5d-e885f50966f9.wav,coughvid_data/d8fc622d-69af-4433-9f5d-e885f50966f9.wav,1.0
bf19088f-e09f-4dc4-af7d-80f43d9cf085,coughvid_data/bf19088f-e09f-4dc4-af7d-80f43d9cf085.wav,coughvid_data/bf19088f-e09f-4dc4-af7d-80f43d9cf085.wav,1.0
07d0c622-560c-4f1a-9117-e702f5227026,coughvid_data/07d0c622-560c-4f1a-9117-e702f5227026.wav,coughvid_data/07d0c622-560c-4f1a-9117-e702f5227026.wav,1.0
452d380c-e5cb-4419-9a0a-a07ed1c88798,coughvid_data/452d380c-e5cb-4419-9a0a-a07ed1c88798.wav,coughvid_data/452d380c-e5cb-4419-9a0a-a07ed1c88798.wav,0.0
30f549b3-89f0-4973-93e8-763a76417501,coughvid_data/30f549b3-89f0-4973-93e8-763a76417501.wav,coughvid_data/30f549b3-89f0-4973-93e8-763a76417501.wav,0.0
d1d6e96b-a1d5-4b12-b29b-254da7eb592d,coughvid_data/d1d6e96b-a1d5-4b12-b29b-254da7eb592d.wav,coughvid_data/d1d6e96b-a1d5-4b12-b29b-254da7eb592d.wav,1.0
e500a935-f900-44f3-8142-34eaacc4aad9,coughvid_data/e500a935-f900-44f3-8142-34eaacc4aad9.wav,coughvid_data/e500a935-f900-44f3-8142-34eaacc4aad9.wav,0.0
1b444b5c-7013-4e3c-88db-b41f3f2c7ad8,coughvid_data/1b444b5c-7013-4e3c-88db-b41f3f2c7ad8.wav,coughvid_data/1b444b5c-7013-4e3c-88db-b41f3f2c7ad8.wav,1.0
87afceb6-37f8-46c5-b319-3b0f499ebec1,coughvid_data/87afceb6-37f8-46c5-b319-3b0f499ebec1.wav,coughvid_data/87afceb6-37f8-46c5-b319-3b0f499ebec1.wav,1.0
0b8340ef-cc61-4165-9f9f-930850bb56d7,coughvid_data/0b8340ef-cc61-4165-9f9f-930850bb56d7.wav,coughvid_data/0b8340ef-cc61-4165-9f9f-930850bb56d7.wav,0.0
5609fdcb-49b3-4243-b024-12d15f26bba1,coughvid_data/5609fdcb-49b3-4243-b024-12d15f26bba1.wav,coughvid_data/5609fdcb-49b3-4243-b024-12d15f26bba1.wav,1.0
44859bdf-3065-4ced-a36f-1577f375e021,coughvid_data/44859bdf-3065-4ced-a36f-1577f375e021.wav,coughvid_data/44859bdf-3065-4ced-a36f-1577f375e021.wav,1.0
ab5bf43c-a256-448d-bc8d-b603f60a564d,coughvid_data/ab5bf43c-a256-448d-bc8d-b603f60a564d.wav,coughvid_data/ab5bf43c-a256-448d-bc8d-b603f60a564d.wav,0.0
c0869373-3978-46cb-a002-710d9973f7ec,coughvid_data/c0869373-3978-46cb-a002-710d9973f7ec.wav,coughvid_data/c0869373-3978-46cb-a002-710d9973f7ec.wav,1.0
8556f3fc-39ab-4709-ad45-218b0534190a,coughvid_data/8556f3fc-39ab-4709-ad45-218b0534190a.wav,coughvid_data/8556f3fc-39ab-4709-ad45-218b0534190a.wav,0.0
620b431f-8686-4179-b02a-0148ad724dd7,coughvid_data/620b431f-8686-4179-b02a-0148ad724dd7.wav,coughvid_data/620b431f-8686-4179-b02a-0148ad724dd7.wav,0.0
fd0859a7-9b11-405f-b151-6f21048f50bd,coughvid_data/fd0859a7-9b11-405f-b151-6f21048f50bd.wav,coughvid_data/fd0859a7-9b11-405f-b151-6f21048f50bd.wav,1.0
9ded10c7-03c9-4854-913a-fa8e4fc6fdd2,coughvid_data/9ded10c7-03c9-4854-913a-fa8e4fc6fdd2.wav,coughvid_data/9ded10c7-03c9-4854-913a-fa8e4fc6fdd2.wav,1.0
bfe6649d-3dc7-40d5-9e7e-fe39cbf5c4f2,coughvid_data/bfe6649d-3dc7-40d5-9e7e-fe39cbf5c4f2.wav,coughvid_data/bfe6649d-3dc7-40d5-9e7e-fe39cbf5c4f2.wav,0.0
a52fefd8-1227-4ad3-a62b-82cc008c547a,coughvid_data/a52fefd8-1227-4ad3-a62b-82cc008c547a.wav,coughvid_data/a52fefd8-1227-4ad3-a62b-82cc008c547a.wav,0.0
4fe082f0-32d4-4074-964e-6e363c1b67a4,coughvid_data/4fe082f0-32d4-4074-964e-6e363c1b67a4.wav,coughvid_data/4fe082f0-32d4-4074-964e-6e363c1b67a4.wav,1.0
7c88fbd9-6dba-4b0b-b589-f9c3977f1208,coughvid_data/7c88fbd9-6dba-4b0b-b589-f9c3977f1208.wav,coughvid_data/7c88fbd9-6dba-4b0b-b589-f9c3977f1208.wav,0.0
85f32c3d-5e9b-4452-8894-fe3d96715600,coughvid_data/85f32c3d-5e9b-4452-8894-fe3d96715600.wav,coughvid_data/85f32c3d-5e9b-4452-8894-fe3d96715600.wav,1.0
74fa4dc0-d062-4908-afe1-9ad1af3fe37d,coughvid_data/74fa4dc0-d062-4908-afe1-9ad1af3fe37d.wav,coughvid_data/74fa4dc0-d062-4908-afe1-9ad1af3fe37d.wav,1.0
7c14ad84-8380-4052-9bb4-f652e322abb2,coughvid_data/7c14ad84-8380-4052-9bb4-f652e322abb2.wav,coughvid_data/7c14ad84-8380-4052-9bb4-f652e322abb2.wav,0.0
deec748e-a51e-4a37-a7fb-47df7b035292,coughvid_data/deec748e-a51e-4a37-a7fb-47df7b035292.wav,coughvid_data/deec748e-a51e-4a37-a7fb-47df7b035292.wav,1.0
1d9b2ef4-6b50-48a3-bd5a-34ddf1c6472c,coughvid_data/1d9b2ef4-6b50-48a3-bd5a-34ddf1c6472c.wav,coughvid_data/1d9b2ef4-6b50-48a3-bd5a-34ddf1c6472c.wav,0.0
df6aa9bd-3965-418c-a01e-41b5b5176f09,coughvid_data/df6aa9bd-3965-418c-a01e-41b5b5176f09.wav,coughvid_data/df6aa9bd-3965-418c-a01e-41b5b5176f09.wav,0.0
5f4d3392-bd0a-49a5-9f01-17a9cb0c6bda,coughvid_data/5f4d3392-bd0a-49a5-9f01-17a9cb0c6bda.wav,coughvid_data/5f4d3392-bd0a-49a5-9f01-17a9cb0c6bda.wav,1.0
351007e3-32c9-40fd-9e78-5666f956586b,coughvid_data/351007e3-32c9-40fd-9e78-5666f956586b.wav,coughvid_data/351007e3-32c9-40fd-9e78-5666f956586b.wav,1.0
f9dde193-4600-49bf-bc83-9bbaaa361bf7,coughvid_data/f9dde193-4600-49bf-bc83-9bbaaa361bf7.wav,coughvid_data/f9dde193-4600-49bf-bc83-9bbaaa361bf7.wav,0.0
6245dcb7-7f26-4bc2-bd6b-9f771f779e3d,coughvid_data/6245dcb7-7f26-4bc2-bd6b-9f771f779e3d.wav,coughvid_data/6245dcb7-7f26-4bc2-bd6b-9f771f779e3d.wav,1.0
298c4ed5-77f4-4b70-bf0a-1793a2ae338b,coughvid_data/298c4ed5-77f4-4b70-bf0a-1793a2ae338b.wav,coughvid_data/298c4ed5-77f4-4b70-bf0a-1793a2ae338b.wav,1.0
7c48edd6-5800-4899-8f0a-c458c1b39e68,coughvid_data/7c48edd6-5800-4899-8f0a-c458c1b39e68.wav,coughvid_data/7c48edd6-5800-4899-8f0a-c458c1b39e68.wav,1.0
c68fd8c6-89d2-4a36-97e9-ed8f00c654d3,coughvid_data/c68fd8c6-89d2-4a36-97e9-ed8f00c654d3.wav,coughvid_data/c68fd8c6-89d2-4a36-97e9-ed8f00c654d3.wav,1.0
c408ce96-340c-40d9-a2fd-6c175949aa96,coughvid_data/c408ce96-340c-40d9-a2fd-6c175949aa96.wav,coughvid_data/c408ce96-340c-40d9-a2fd-6c175949aa96.wav,0.0
0e13ef64-df7a-45cf-bb8b-c8149626289c,coughvid_data/0e13ef64-df7a-45cf-bb8b-c8149626289c.wav,coughvid_data/0e13ef64-df7a-45cf-bb8b-c8149626289c.wav,0.0
21ea02b2-a38b-4c06-ade0-18b1e5c9349b,coughvid_data/21ea02b2-a38b-4c06-ade0-18b1e5c9349b.wav,coughvid_data/21ea02b2-a38b-4c06-ade0-18b1e5c9349b.wav,1.0
fe203864-6a80-41ea-ad89-4e3cb3d82df2,coughvid_data/fe203864-6a80-41ea-ad89-4e3cb3d82df2.wav,coughvid_data/fe203864-6a80-41ea-ad89-4e3cb3d82df2.wav,0.0
f7fd6462-4fe0-427b-8dff-1e0e337f5a21,coughvid_data/f7fd6462-4fe0-427b-8dff-1e0e337f5a21.wav,coughvid_data/f7fd6462-4fe0-427b-8dff-1e0e337f5a21.wav,0.0
d43e0849-42db-4442-94bf-ace2056fcffc,coughvid_data/d43e0849-42db-4442-94bf-ace2056fcffc.wav,coughvid_data/d43e0849-42db-4442-94bf-ace2056fcffc.wav,0.0
8ef4f9b1-6749-414e-96b3-6a7c4a05fb15,coughvid_data/8ef4f9b1-6749-414e-96b3-6a7c4a05fb15.wav,coughvid_data/8ef4f9b1-6749-414e-96b3-6a7c4a05fb15.wav,0.0
7e3d9f84-ec39-4775-919b-fdab4aaac541,coughvid_data/7e3d9f84-ec39-4775-919b-fdab4aaac541.wav,coughvid_data/7e3d9f84-ec39-4775-919b-fdab4aaac541.wav,1.0
4120b13a-0419-49ec-8b3a-4998bd9fb5ae,coughvid_data/4120b13a-0419-49ec-8b3a-4998bd9fb5ae.wav,coughvid_data/4120b13a-0419-49ec-8b3a-4998bd9fb5ae.wav,0.0
eb43c33d-b6a1-476a-a135-40b872e8221b,coughvid_data/eb43c33d-b6a1-476a-a135-40b872e8221b.wav,coughvid_data/eb43c33d-b6a1-476a-a135-40b872e8221b.wav,1.0
37347587-048a-4a1c-a100-7cf820711428,coughvid_data/37347587-048a-4a1c-a100-7cf820711428.wav,coughvid_data/37347587-048a-4a1c-a100-7cf820711428.wav,1.0
43517c5a-e8ee-49a1-9b28-c2d224300996,coughvid_data/43517c5a-e8ee-49a1-9b28-c2d224300996.wav,coughvid_data/43517c5a-e8ee-49a1-9b28-c2d224300996.wav,1.0
2ef79bd0-5d88-4583-a45d-a6570dfbd4c7,coughvid_data/2ef79bd0-5d88-4583-a45d-a6570dfbd4c7.wav,coughvid_data/2ef79bd0-5d88-4583-a45d-a6570dfbd4c7.wav,1.0
ba155168-90e0-4ab1-8c24-bd2712573a6e,coughvid_data/ba155168-90e0-4ab1-8c24-bd2712573a6e.wav,coughvid_data/ba155168-90e0-4ab1-8c24-bd2712573a6e.wav,1.0
69a4a41a-5ed9-406e-87f7-943de765a000,coughvid_data/69a4a41a-5ed9-406e-87f7-943de765a000.wav,coughvid_data/69a4a41a-5ed9-406e-87f7-943de765a000.wav,1.0
68eb01f0-a8b7-4f9b-bc64-a23f61c22911,coughvid_data/68eb01f0-a8b7-4f9b-bc64-a23f61c22911.wav,coughvid_data/68eb01f0-a8b7-4f9b-bc64-a23f61c22911.wav,0.0
9cc34b63-1cb3-4d22-aead-be1024a22c4d,coughvid_data/9cc34b63-1cb3-4d22-aead-be1024a22c4d.wav,coughvid_data/9cc34b63-1cb3-4d22-aead-be1024a22c4d.wav,1.0
2bab95e8-bdbe-4b44-97a9-d75bfad1b928,coughvid_data/2bab95e8-bdbe-4b44-97a9-d75bfad1b928.wav,coughvid_data/2bab95e8-bdbe-4b44-97a9-d75bfad1b928.wav,0.0
69770360-0adc-4cc8-bfee-0ba004bb3bc3,coughvid_data/69770360-0adc-4cc8-bfee-0ba004bb3bc3.wav,coughvid_data/69770360-0adc-4cc8-bfee-0ba004bb3bc3.wav,0.0
7fa0e349-78fe-4b0a-abf6-85293c4f60ac,coughvid_data/7fa0e349-78fe-4b0a-abf6-85293c4f60ac.wav,coughvid_data/7fa0e349-78fe-4b0a-abf6-85293c4f60ac.wav,0.0
e85bda6a-dec4-443b-8fa2-cd6844c57c43,coughvid_data/e85bda6a-dec4-443b-8fa2-cd6844c57c43.wav,coughvid_data/e85bda6a-dec4-443b-8fa2-cd6844c57c43.wav,1.0
90df2802-0b4f-40f3-bafe-094f25aeba03,coughvid_data/90df2802-0b4f-40f3-bafe-094f25aeba03.wav,coughvid_data/90df2802-0b4f-40f3-bafe-094f25aeba03.wav,1.0
631e979a-ecc6-401c-804c-c23f3d7c7bed,coughvid_data/631e979a-ecc6-401c-804c-c23f3d7c7bed.wav,coughvid_data/631e979a-ecc6-401c-804c-c23f3d7c7bed.wav,0.0
86e00587-4e9f-4088-bb24-6177f119f2db,coughvid_data/86e00587-4e9f-4088-bb24-6177f119f2db.wav,coughvid_data/86e00587-4e9f-4088-bb24-6177f119f2db.wav,0.0
3d0ce7c1-c5fd-45eb-bff2-cf3596b249e1,coughvid_data/3d0ce7c1-c5fd-45eb-bff2-cf3596b249e1.wav,coughvid_data/3d0ce7c1-c5fd-45eb-bff2-cf3596b249e1.wav,1.0
e9925f90-f4ee-4c88-b488-df961b25e8cf,coughvid_data/e9925f90-f4ee-4c88-b488-df961b25e8cf.wav,coughvid_data/e9925f90-f4ee-4c88-b488-df961b25e8cf.wav,1.0
e9519e2e-bb1f-470e-b611-9c6eb6ca4097,coughvid_data/e9519e2e-bb1f-470e-b611-9c6eb6ca4097.wav,coughvid_data/e9519e2e-bb1f-470e-b611-9c6eb6ca4097.wav,0.0
5443b0b0-5bc4-4681-9674-9bee065abdb7,coughvid_data/5443b0b0-5bc4-4681-9674-9bee065abdb7.wav,coughvid_data/5443b0b0-5bc4-4681-9674-9bee065abdb7.wav,1.0
13109ecd-550a-4ddb-b678-c365adef69cc,coughvid_data/13109ecd-550a-4ddb-b678-c365adef69cc.wav,coughvid_data/13109ecd-550a-4ddb-b678-c365adef69cc.wav,1.0
218f522f-d3b0-4370-a93f-e8a70d958950,coughvid_data/218f522f-d3b0-4370-a93f-e8a70d958950.wav,coughvid_data/218f522f-d3b0-4370-a93f-e8a70d958950.wav,1.0
d97205fd-941e-45c2-8671-2f340af6735f,coughvid_data/d97205fd-941e-45c2-8671-2f340af6735f.wav,coughvid_data/d97205fd-941e-45c2-8671-2f340af6735f.wav,1.0
044ae753-66d0-4ce8-98d7-225c07667c90,coughvid_data/044ae753-66d0-4ce8-98d7-225c07667c90.wav,coughvid_data/044ae753-66d0-4ce8-98d7-225c07667c90.wav,0.0
ef458365-a016-45ff-842a-7388a89ed774,coughvid_data/ef458365-a016-45ff-842a-7388a89ed774.wav,coughvid_data/ef458365-a016-45ff-842a-7388a89ed774.wav,1.0
b4a8da9e-f802-4f11-9090-cabf1e9087de,coughvid_data/b4a8da9e-f802-4f11-9090-cabf1e9087de.wav,coughvid_data/b4a8da9e-f802-4f11-9090-cabf1e9087de.wav,1.0
e2cf86d0-9f0f-4343-bcaf-b73e2367d558,coughvid_data/e2cf86d0-9f0f-4343-bcaf-b73e2367d558.wav,coughvid_data/e2cf86d0-9f0f-4343-bcaf-b73e2367d558.wav,0.0
91b7b8a8-577f-4a0f-b81a-38a62e53f062,coughvid_data/91b7b8a8-577f-4a0f-b81a-38a62e53f062.wav,coughvid_data/91b7b8a8-577f-4a0f-b81a-38a62e53f062.wav,1.0
ef4098b8-f694-4b16-89df-c81df3ce4192,coughvid_data/ef4098b8-f694-4b16-89df-c81df3ce4192.wav,coughvid_data/ef4098b8-f694-4b16-89df-c81df3ce4192.wav,1.0
6ce9c771-2d64-4e26-9fe1-e0950221b59d,coughvid_data/6ce9c771-2d64-4e26-9fe1-e0950221b59d.wav,coughvid_data/6ce9c771-2d64-4e26-9fe1-e0950221b59d.wav,1.0
16a0e4d0-f2aa-4737-99af-70b21b31d0a5,coughvid_data/16a0e4d0-f2aa-4737-99af-70b21b31d0a5.wav,coughvid_data/16a0e4d0-f2aa-4737-99af-70b21b31d0a5.wav,1.0
9e768f7f-a496-433d-b0f2-15d325505ecd,coughvid_data/9e768f7f-a496-433d-b0f2-15d325505ecd.wav,coughvid_data/9e768f7f-a496-433d-b0f2-15d325505ecd.wav,1.0
85de69ef-7d79-4839-9e8e-6dbebedf04e6,coughvid_data/85de69ef-7d79-4839-9e8e-6dbebedf04e6.wav,coughvid_data/85de69ef-7d79-4839-9e8e-6dbebedf04e6.wav,0.0
48e7de9e-e99a-41c6-b314-6a5bab6f94fc,coughvid_data/48e7de9e-e99a-41c6-b314-6a5bab6f94fc.wav,coughvid_data/48e7de9e-e99a-41c6-b314-6a5bab6f94fc.wav,0.0
741b955b-34a0-4ef4-b3cf-5091ad0e205f,coughvid_data/741b955b-34a0-4ef4-b3cf-5091ad0e205f.wav,coughvid_data/741b955b-34a0-4ef4-b3cf-5091ad0e205f.wav,1.0
78bba857-d1c8-4a56-86d5-650911bad154,coughvid_data/78bba857-d1c8-4a56-86d5-650911bad154.wav,coughvid_data/78bba857-d1c8-4a56-86d5-650911bad154.wav,1.0
f88db6de-3326-48d2-a9ff-ba79cd6603af,coughvid_data/f88db6de-3326-48d2-a9ff-ba79cd6603af.wav,coughvid_data/f88db6de-3326-48d2-a9ff-ba79cd6603af.wav,0.0
7630638c-1d22-4852-be07-5a27af3c1e49,coughvid_data/7630638c-1d22-4852-be07-5a27af3c1e49.wav,coughvid_data/7630638c-1d22-4852-be07-5a27af3c1e49.wav,1.0
dddb1a55-d976-40bc-ad41-cdc713623e03,coughvid_data/dddb1a55-d976-40bc-ad41-cdc713623e03.wav,coughvid_data/dddb1a55-d976-40bc-ad41-cdc713623e03.wav,1.0
5a783d35-fd85-43d7-9ae7-22db4f523269,coughvid_data/5a783d35-fd85-43d7-9ae7-22db4f523269.wav,coughvid_data/5a783d35-fd85-43d7-9ae7-22db4f523269.wav,1.0
7709420e-4e23-422b-b6ff-21ce9035bfab,coughvid_data/7709420e-4e23-422b-b6ff-21ce9035bfab.wav,coughvid_data/7709420e-4e23-422b-b6ff-21ce9035bfab.wav,1.0
4618971c-6c70-4c6a-840d-7ff89181886f,coughvid_data/4618971c-6c70-4c6a-840d-7ff89181886f.wav,coughvid_data/4618971c-6c70-4c6a-840d-7ff89181886f.wav,1.0
89f7b544-c3c3-45b6-9608-fb0b52804d42,coughvid_data/89f7b544-c3c3-45b6-9608-fb0b52804d42.wav,coughvid_data/89f7b544-c3c3-45b6-9608-fb0b52804d42.wav,1.0
5857c8f7-0d3b-40bc-97df-f2e0152519c2,coughvid_data/5857c8f7-0d3b-40bc-97df-f2e0152519c2.wav,coughvid_data/5857c8f7-0d3b-40bc-97df-f2e0152519c2.wav,0.0
a1c68094-d6d3-4782-be19-d5fc79ed0383,coughvid_data/a1c68094-d6d3-4782-be19-d5fc79ed0383.wav,coughvid_data/a1c68094-d6d3-4782-be19-d5fc79ed0383.wav,0.0
b833f49d-d764-42ac-a9cc-729d89493f4d,coughvid_data/b833f49d-d764-42ac-a9cc-729d89493f4d.wav,coughvid_data/b833f49d-d764-42ac-a9cc-729d89493f4d.wav,1.0
160055d8-b54b-46dd-8cd3-1c2754d4ac1a,coughvid_data/160055d8-b54b-46dd-8cd3-1c2754d4ac1a.wav,coughvid_data/160055d8-b54b-46dd-8cd3-1c2754d4ac1a.wav,1.0
15917c18-bc02-4662-a1e1-786cc9bb837e,coughvid_data/15917c18-bc02-4662-a1e1-786cc9bb837e.wav,coughvid_data/15917c18-bc02-4662-a1e1-786cc9bb837e.wav,0.0
ae612c7f-2303-4c4f-9d77-0346462db4fd,coughvid_data/ae612c7f-2303-4c4f-9d77-0346462db4fd.wav,coughvid_data/ae612c7f-2303-4c4f-9d77-0346462db4fd.wav,0.0
29a80f38-8fd3-4d8e-a31e-7ed282697f1f,coughvid_data/29a80f38-8fd3-4d8e-a31e-7ed282697f1f.wav,coughvid_data/29a80f38-8fd3-4d8e-a31e-7ed282697f1f.wav,1.0
cdfda012-6ab1-442a-81d4-cf0d2bc7b4c4,coughvid_data/cdfda012-6ab1-442a-81d4-cf0d2bc7b4c4.wav,coughvid_data/cdfda012-6ab1-442a-81d4-cf0d2bc7b4c4.wav,1.0
75fb0011-670e-4f7c-bed5-61a19f4665b3,coughvid_data/75fb0011-670e-4f7c-bed5-61a19f4665b3.wav,coughvid_data/75fb0011-670e-4f7c-bed5-61a19f4665b3.wav,1.0
9d0c4f74-0fd5-49e5-9010-ac5baccb21fd,coughvid_data/9d0c4f74-0fd5-49e5-9010-ac5baccb21fd.wav,coughvid_data/9d0c4f74-0fd5-49e5-9010-ac5baccb21fd.wav,1.0
b173f742-dc6d-443d-948c-f6480a1836ef,coughvid_data/b173f742-dc6d-443d-948c-f6480a1836ef.wav,coughvid_data/b173f742-dc6d-443d-948c-f6480a1836ef.wav,0.0
637cd9fa-8db4-4821-b2d5-820c01c4d1ba,coughvid_data/637cd9fa-8db4-4821-b2d5-820c01c4d1ba.wav,coughvid_data/637cd9fa-8db4-4821-b2d5-820c01c4d1ba.wav,1.0
deb5919a-71a1-438d-acb9-c76088fae7c4,coughvid_data/deb5919a-71a1-438d-acb9-c76088fae7c4.wav,coughvid_data/deb5919a-71a1-438d-acb9-c76088fae7c4.wav,1.0
c630004d-1777-451d-9ff2-97b2fd43bbeb,coughvid_data/c630004d-1777-451d-9ff2-97b2fd43bbeb.wav,coughvid_data/c630004d-1777-451d-9ff2-97b2fd43bbeb.wav,0.0
06de9bc2-cdfa-4585-a947-e84d0b62f512,coughvid_data/06de9bc2-cdfa-4585-a947-e84d0b62f512.wav,coughvid_data/06de9bc2-cdfa-4585-a947-e84d0b62f512.wav,0.0
ab903d5a-09bd-4e0f-9e4b-615107ac46f8,coughvid_data/ab903d5a-09bd-4e0f-9e4b-615107ac46f8.wav,coughvid_data/ab903d5a-09bd-4e0f-9e4b-615107ac46f8.wav,0.0
f350de8a-4ad5-4a72-b19d-740e27a2f432,coughvid_data/f350de8a-4ad5-4a72-b19d-740e27a2f432.wav,coughvid_data/f350de8a-4ad5-4a72-b19d-740e27a2f432.wav,1.0
77d9ca68-b177-4e5c-8f34-73c6b8310f92,coughvid_data/77d9ca68-b177-4e5c-8f34-73c6b8310f92.wav,coughvid_data/77d9ca68-b177-4e5c-8f34-73c6b8310f92.wav,0.0
7a0f7466-3bc3-430c-b5c8-90b1f2c50df8,coughvid_data/7a0f7466-3bc3-430c-b5c8-90b1f2c50df8.wav,coughvid_data/7a0f7466-3bc3-430c-b5c8-90b1f2c50df8.wav,1.0
b0bf1733-f965-4482-9768-1c93b47eb415,coughvid_data/b0bf1733-f965-4482-9768-1c93b47eb415.wav,coughvid_data/b0bf1733-f965-4482-9768-1c93b47eb415.wav,1.0
7b8afece-3dee-4abf-8db8-adc637a7c45d,coughvid_data/7b8afece-3dee-4abf-8db8-adc637a7c45d.wav,coughvid_data/7b8afece-3dee-4abf-8db8-adc637a7c45d.wav,0.0
feb8f843-78d3-42e2-862f-ed33cfd81cf2,coughvid_data/feb8f843-78d3-42e2-862f-ed33cfd81cf2.wav,coughvid_data/feb8f843-78d3-42e2-862f-ed33cfd81cf2.wav,0.0
34def107-3f82-4b0b-8980-e7254a2d8e22,coughvid_data/34def107-3f82-4b0b-8980-e7254a2d8e22.wav,coughvid_data/34def107-3f82-4b0b-8980-e7254a2d8e22.wav,1.0
33701171-ecf7-4bf6-bb9a-ea458703d2d5,coughvid_data/33701171-ecf7-4bf6-bb9a-ea458703d2d5.wav,coughvid_data/33701171-ecf7-4bf6-bb9a-ea458703d2d5.wav,1.0
c4dec9f4-1a52-44cc-8ef3-e43098b686c2,coughvid_data/c4dec9f4-1a52-44cc-8ef3-e43098b686c2.wav,coughvid_data/c4dec9f4-1a52-44cc-8ef3-e43098b686c2.wav,0.0
a17b96ff-759f-48db-9f45-465e8bb89556,coughvid_data/a17b96ff-759f-48db-9f45-465e8bb89556.wav,coughvid_data/a17b96ff-759f-48db-9f45-465e8bb89556.wav,0.0
568a8c2d-fbcc-454f-99a6-a80174deda5e,coughvid_data/568a8c2d-fbcc-454f-99a6-a80174deda5e.wav,coughvid_data/568a8c2d-fbcc-454f-99a6-a80174deda5e.wav,0.0
02a7107b-8df0-4157-8e0d-bd03974b2151,coughvid_data/02a7107b-8df0-4157-8e0d-bd03974b2151.wav,coughvid_data/02a7107b-8df0-4157-8e0d-bd03974b2151.wav,1.0
7bb0be10-3ad8-4448-bdae-f76ce580d6e2,coughvid_data/7bb0be10-3ad8-4448-bdae-f76ce580d6e2.wav,coughvid_data/7bb0be10-3ad8-4448-bdae-f76ce580d6e2.wav,1.0
e189fcd8-fa8d-40ff-b39b-7ff502a31ac6,coughvid_data/e189fcd8-fa8d-40ff-b39b-7ff502a31ac6.wav,coughvid_data/e189fcd8-fa8d-40ff-b39b-7ff502a31ac6.wav,1.0
22fd67e4-0911-45f9-8625-1fe8ba4323cf,coughvid_data/22fd67e4-0911-45f9-8625-1fe8ba4323cf.wav,coughvid_data/22fd67e4-0911-45f9-8625-1fe8ba4323cf.wav,1.0
47ceafde-45d9-4bb6-881a-5ef866fa908d,coughvid_data/47ceafde-45d9-4bb6-881a-5ef866fa908d.wav,coughvid_data/47ceafde-45d9-4bb6-881a-5ef866fa908d.wav,1.0
4eb3febc-c2c4-4cd6-b24a-ed9fbef06330,coughvid_data/4eb3febc-c2c4-4cd6-b24a-ed9fbef06330.wav,coughvid_data/4eb3febc-c2c4-4cd6-b24a-ed9fbef06330.wav,0.0
fecb7a3b-d359-4b5d-9698-394c11225f6e,coughvid_data/fecb7a3b-d359-4b5d-9698-394c11225f6e.wav,coughvid_data/fecb7a3b-d359-4b5d-9698-394c11225f6e.wav,1.0
da4126e9-4ff0-4016-8b23-138f995cc159,coughvid_data/da4126e9-4ff0-4016-8b23-138f995cc159.wav,coughvid_data/da4126e9-4ff0-4016-8b23-138f995cc159.wav,0.0
d2c8efe5-9c01-423e-92b2-5ddf745ebeeb,coughvid_data/d2c8efe5-9c01-423e-92b2-5ddf745ebeeb.wav,coughvid_data/d2c8efe5-9c01-423e-92b2-5ddf745ebeeb.wav,0.0
a6eb8c41-f4d3-4b3c-b14e-cfaed25ae22c,coughvid_data/a6eb8c41-f4d3-4b3c-b14e-cfaed25ae22c.wav,coughvid_data/a6eb8c41-f4d3-4b3c-b14e-cfaed25ae22c.wav,1.0
0c46b097-e0c6-4e8d-8486-ab5f64d8a055,coughvid_data/0c46b097-e0c6-4e8d-8486-ab5f64d8a055.wav,coughvid_data/0c46b097-e0c6-4e8d-8486-ab5f64d8a055.wav,1.0
8ff466b5-8b08-4828-9b8c-0565162e5e3d,coughvid_data/8ff466b5-8b08-4828-9b8c-0565162e5e3d.wav,coughvid_data/8ff466b5-8b08-4828-9b8c-0565162e5e3d.wav,1.0
42d04f3c-0a85-4695-883f-3e3a241df72c,coughvid_data/42d04f3c-0a85-4695-883f-3e3a241df72c.wav,coughvid_data/42d04f3c-0a85-4695-883f-3e3a241df72c.wav,1.0
d0141f72-6774-413b-b9e4-ce7f07871e39,coughvid_data/d0141f72-6774-413b-b9e4-ce7f07871e39.wav,coughvid_data/d0141f72-6774-413b-b9e4-ce7f07871e39.wav,0.0
736200ab-81ca-47ff-b5d0-1af5fa9171b0,coughvid_data/736200ab-81ca-47ff-b5d0-1af5fa9171b0.wav,coughvid_data/736200ab-81ca-47ff-b5d0-1af5fa9171b0.wav,0.0
65cf6f44-6206-4f76-972b-fae4a985e23d,coughvid_data/65cf6f44-6206-4f76-972b-fae4a985e23d.wav,coughvid_data/65cf6f44-6206-4f76-972b-fae4a985e23d.wav,1.0
5d4eebf8-6e91-43ce-aa0b-b9d14ac2b0c4,coughvid_data/5d4eebf8-6e91-43ce-aa0b-b9d14ac2b0c4.wav,coughvid_data/5d4eebf8-6e91-43ce-aa0b-b9d14ac2b0c4.wav,1.0
25fd705f-1932-4845-918c-773765e3f687,coughvid_data/25fd705f-1932-4845-918c-773765e3f687.wav,coughvid_data/25fd705f-1932-4845-918c-773765e3f687.wav,1.0
07cb3302-bc17-4377-a8e8-006da7b2a059,coughvid_data/07cb3302-bc17-4377-a8e8-006da7b2a059.wav,coughvid_data/07cb3302-bc17-4377-a8e8-006da7b2a059.wav,0.0
4b27ee1c-cbba-4565-965a-7227fd1ec229,coughvid_data/4b27ee1c-cbba-4565-965a-7227fd1ec229.wav,coughvid_data/4b27ee1c-cbba-4565-965a-7227fd1ec229.wav,1.0
ffbe52d8-a415-4693-b3a8-7950f7e60287,coughvid_data/ffbe52d8-a415-4693-b3a8-7950f7e60287.wav,coughvid_data/ffbe52d8-a415-4693-b3a8-7950f7e60287.wav,0.0
deca9f96-463f-4198-baf0-19c42446ec19,coughvid_data/deca9f96-463f-4198-baf0-19c42446ec19.wav,coughvid_data/deca9f96-463f-4198-baf0-19c42446ec19.wav,1.0
09b739ce-1b87-4b45-88d8-9b83a99be959,coughvid_data/09b739ce-1b87-4b45-88d8-9b83a99be959.wav,coughvid_data/09b739ce-1b87-4b45-88d8-9b83a99be959.wav,0.0
91721481-de7b-4330-995f-ce20de3e71a9,coughvid_data/91721481-de7b-4330-995f-ce20de3e71a9.wav,coughvid_data/91721481-de7b-4330-995f-ce20de3e71a9.wav,1.0
a73ffb13-c462-4846-b730-1932de7677c2,coughvid_data/a73ffb13-c462-4846-b730-1932de7677c2.wav,coughvid_data/a73ffb13-c462-4846-b730-1932de7677c2.wav,0.0
e184b2e4-6b11-4346-bf0f-da6dd4236ede,coughvid_data/e184b2e4-6b11-4346-bf0f-da6dd4236ede.wav,coughvid_data/e184b2e4-6b11-4346-bf0f-da6dd4236ede.wav,0.0
97b9408a-f911-458e-ab65-396f03fa2c6c,coughvid_data/97b9408a-f911-458e-ab65-396f03fa2c6c.wav,coughvid_data/97b9408a-f911-458e-ab65-396f03fa2c6c.wav,1.0
92eb1da0-8906-4607-be02-313d567ba4ab,coughvid_data/92eb1da0-8906-4607-be02-313d567ba4ab.wav,coughvid_data/92eb1da0-8906-4607-be02-313d567ba4ab.wav,0.0
7b64a96d-d5f5-4cdf-a020-c71f0c219086,coughvid_data/7b64a96d-d5f5-4cdf-a020-c71f0c219086.wav,coughvid_data/7b64a96d-d5f5-4cdf-a020-c71f0c219086.wav,0.0
ee286af2-77cc-4d41-9325-12a0c771ab44,coughvid_data/ee286af2-77cc-4d41-9325-12a0c771ab44.wav,coughvid_data/ee286af2-77cc-4d41-9325-12a0c771ab44.wav,1.0
91a33d9c-a18a-45ec-81a8-a5485dcd4bc3,coughvid_data/91a33d9c-a18a-45ec-81a8-a5485dcd4bc3.wav,coughvid_data/91a33d9c-a18a-45ec-81a8-a5485dcd4bc3.wav,1.0
e272246a-5c0e-4549-83b0-8330cfce867e,coughvid_data/e272246a-5c0e-4549-83b0-8330cfce867e.wav,coughvid_data/e272246a-5c0e-4549-83b0-8330cfce867e.wav,1.0
de7541fe-a1bf-4c21-a6a6-e2200c7f86ab,coughvid_data/de7541fe-a1bf-4c21-a6a6-e2200c7f86ab.wav,coughvid_data/de7541fe-a1bf-4c21-a6a6-e2200c7f86ab.wav,0.0
9b7d4596-7d81-4b1f-937d-be2715105a22,coughvid_data/9b7d4596-7d81-4b1f-937d-be2715105a22.wav,coughvid_data/9b7d4596-7d81-4b1f-937d-be2715105a22.wav,0.0
9cd025d7-28d2-42f6-bf76-4ce87516b782,coughvid_data/9cd025d7-28d2-42f6-bf76-4ce87516b782.wav,coughvid_data/9cd025d7-28d2-42f6-bf76-4ce87516b782.wav,0.0
93d6d1d6-d292-4494-8871-2eb774c21cfb,coughvid_data/93d6d1d6-d292-4494-8871-2eb774c21cfb.wav,coughvid_data/93d6d1d6-d292-4494-8871-2eb774c21cfb.wav,0.0
59a1ba0c-ab16-43fb-a25f-d87fa99340d7,coughvid_data/59a1ba0c-ab16-43fb-a25f-d87fa99340d7.wav,coughvid_data/59a1ba0c-ab16-43fb-a25f-d87fa99340d7.wav,1.0
1ba121a6-9117-4e58-9b02-c52cbfa41fbc,coughvid_data/1ba121a6-9117-4e58-9b02-c52cbfa41fbc.wav,coughvid_data/1ba121a6-9117-4e58-9b02-c52cbfa41fbc.wav,0.0
6dff10f3-5df0-4b5a-be62-613afd6115dc,coughvid_data/6dff10f3-5df0-4b5a-be62-613afd6115dc.wav,coughvid_data/6dff10f3-5df0-4b5a-be62-613afd6115dc.wav,1.0
5cc10415-893a-4953-adba-4ffa6db3b279,coughvid_data/5cc10415-893a-4953-adba-4ffa6db3b279.wav,coughvid_data/5cc10415-893a-4953-adba-4ffa6db3b279.wav,1.0
005d63f8-a8e2-4684-a2bc-d65ffbb13707,coughvid_data/005d63f8-a8e2-4684-a2bc-d65ffbb13707.wav,coughvid_data/005d63f8-a8e2-4684-a2bc-d65ffbb13707.wav,1.0
d505b939-4d86-4713-8bba-987cde761118,coughvid_data/d505b939-4d86-4713-8bba-987cde761118.wav,coughvid_data/d505b939-4d86-4713-8bba-987cde761118.wav,1.0
19958d50-0b8b-4486-8bae-a425d825deae,coughvid_data/19958d50-0b8b-4486-8bae-a425d825deae.wav,coughvid_data/19958d50-0b8b-4486-8bae-a425d825deae.wav,1.0
16f9b161-86c6-4af1-99cb-0ab327f10fed,coughvid_data/16f9b161-86c6-4af1-99cb-0ab327f10fed.wav,coughvid_data/16f9b161-86c6-4af1-99cb-0ab327f10fed.wav,1.0
d98d271e-8171-45e3-a8a1-566684c6f53b,coughvid_data/d98d271e-8171-45e3-a8a1-566684c6f53b.wav,coughvid_data/d98d271e-8171-45e3-a8a1-566684c6f53b.wav,1.0
e6ed76f0-8596-44cb-abe7-e7560144a5a3,coughvid_data/e6ed76f0-8596-44cb-abe7-e7560144a5a3.wav,coughvid_data/e6ed76f0-8596-44cb-abe7-e7560144a5a3.wav,1.0
11b54989-db36-484a-bc20-45eba5664ae7,coughvid_data/11b54989-db36-484a-bc20-45eba5664ae7.wav,coughvid_data/11b54989-db36-484a-bc20-45eba5664ae7.wav,0.0
06849175-9a90-4ec1-bba0-3be9a7fb8576,coughvid_data/06849175-9a90-4ec1-bba0-3be9a7fb8576.wav,coughvid_data/06849175-9a90-4ec1-bba0-3be9a7fb8576.wav,0.0
ee2064a8-ee5f-4a93-95e3-e17ab9e11136,coughvid_data/ee2064a8-ee5f-4a93-95e3-e17ab9e11136.wav,coughvid_data/ee2064a8-ee5f-4a93-95e3-e17ab9e11136.wav,1.0
bf55cf3d-aeed-4d45-8702-bc1aa8db2639,coughvid_data/bf55cf3d-aeed-4d45-8702-bc1aa8db2639.wav,coughvid_data/bf55cf3d-aeed-4d45-8702-bc1aa8db2639.wav,0.0
99815d6f-92b5-485e-824b-3a9dc3b4042b,coughvid_data/99815d6f-92b5-485e-824b-3a9dc3b4042b.wav,coughvid_data/99815d6f-92b5-485e-824b-3a9dc3b4042b.wav,0.0
9aa5360a-2a6c-4dad-9a22-eb453b50b288,coughvid_data/9aa5360a-2a6c-4dad-9a22-eb453b50b288.wav,coughvid_data/9aa5360a-2a6c-4dad-9a22-eb453b50b288.wav,0.0
52555b24-7dd4-47ec-86c3-6beb588be0a2,coughvid_data/52555b24-7dd4-47ec-86c3-6beb588be0a2.wav,coughvid_data/52555b24-7dd4-47ec-86c3-6beb588be0a2.wav,1.0
c905fed1-8800-4220-b5fd-26c125463172,coughvid_data/c905fed1-8800-4220-b5fd-26c125463172.wav,coughvid_data/c905fed1-8800-4220-b5fd-26c125463172.wav,1.0
9f4dfad5-c175-4a75-b3ac-cdc08e72b98c,coughvid_data/9f4dfad5-c175-4a75-b3ac-cdc08e72b98c.wav,coughvid_data/9f4dfad5-c175-4a75-b3ac-cdc08e72b98c.wav,1.0
a8f18589-b4a2-40c3-9abd-bf2e207f41ac,coughvid_data/a8f18589-b4a2-40c3-9abd-bf2e207f41ac.wav,coughvid_data/a8f18589-b4a2-40c3-9abd-bf2e207f41ac.wav,0.0
f143c132-15f3-4f59-852b-ad366025e922,coughvid_data/f143c132-15f3-4f59-852b-ad366025e922.wav,coughvid_data/f143c132-15f3-4f59-852b-ad366025e922.wav,1.0
1a864156-eafa-475c-a942-31a8ee888b95,coughvid_data/1a864156-eafa-475c-a942-31a8ee888b95.wav,coughvid_data/1a864156-eafa-475c-a942-31a8ee888b95.wav,0.0
ebf084de-cbfd-4ce6-9757-7a519d77b70b,coughvid_data/ebf084de-cbfd-4ce6-9757-7a519d77b70b.wav,coughvid_data/ebf084de-cbfd-4ce6-9757-7a519d77b70b.wav,1.0
c488a5ef-4a63-464f-8ea2-4b50e1b76d0b,coughvid_data/c488a5ef-4a63-464f-8ea2-4b50e1b76d0b.wav,coughvid_data/c488a5ef-4a63-464f-8ea2-4b50e1b76d0b.wav,1.0
74ed9000-a41a-40c3-8f3b-b1a18b83956c,coughvid_data/74ed9000-a41a-40c3-8f3b-b1a18b83956c.wav,coughvid_data/74ed9000-a41a-40c3-8f3b-b1a18b83956c.wav,0.0
35ec6e33-eeeb-4734-9a52-c37a949e5443,coughvid_data/35ec6e33-eeeb-4734-9a52-c37a949e5443.wav,coughvid_data/35ec6e33-eeeb-4734-9a52-c37a949e5443.wav,1.0
4fed34a8-aa75-4f82-bc3e-231591d65dba,coughvid_data/4fed34a8-aa75-4f82-bc3e-231591d65dba.wav,coughvid_data/4fed34a8-aa75-4f82-bc3e-231591d65dba.wav,0.0
2093fa4e-32cf-4b45-b41d-8320adf0299d,coughvid_data/2093fa4e-32cf-4b45-b41d-8320adf0299d.wav,coughvid_data/2093fa4e-32cf-4b45-b41d-8320adf0299d.wav,1.0
e55dd713-4d7f-4fdb-bb7d-d5b54cf36c54,coughvid_data/e55dd713-4d7f-4fdb-bb7d-d5b54cf36c54.wav,coughvid_data/e55dd713-4d7f-4fdb-bb7d-d5b54cf36c54.wav,0.0
e3c1c668-4e38-4e83-b76e-3940ee9aa634,coughvid_data/e3c1c668-4e38-4e83-b76e-3940ee9aa634.wav,coughvid_data/e3c1c668-4e38-4e83-b76e-3940ee9aa634.wav,0.0
21601275-9606-4574-869d-1cec6120d3e1,coughvid_data/21601275-9606-4574-869d-1cec6120d3e1.wav,coughvid_data/21601275-9606-4574-869d-1cec6120d3e1.wav,1.0
3563599c-4549-47a2-b9b9-475ff4607458,coughvid_data/3563599c-4549-47a2-b9b9-475ff4607458.wav,coughvid_data/3563599c-4549-47a2-b9b9-475ff4607458.wav,1.0
ae63c565-2e0f-4570-b2a6-9423705137d8,coughvid_data/ae63c565-2e0f-4570-b2a6-9423705137d8.wav,coughvid_data/ae63c565-2e0f-4570-b2a6-9423705137d8.wav,1.0
b6504391-94d9-4331-90f9-4135e8df0b07,coughvid_data/b6504391-94d9-4331-90f9-4135e8df0b07.wav,coughvid_data/b6504391-94d9-4331-90f9-4135e8df0b07.wav,1.0
078c3b81-af35-4d56-aa72-4c2174b5e44b,coughvid_data/078c3b81-af35-4d56-aa72-4c2174b5e44b.wav,coughvid_data/078c3b81-af35-4d56-aa72-4c2174b5e44b.wav,0.0
f1973add-6b54-49fa-9880-4e44fcb83344,coughvid_data/f1973add-6b54-49fa-9880-4e44fcb83344.wav,coughvid_data/f1973add-6b54-49fa-9880-4e44fcb83344.wav,1.0
7eb443fd-ec2a-49e4-b388-8c5dc87cbdcb,coughvid_data/7eb443fd-ec2a-49e4-b388-8c5dc87cbdcb.wav,coughvid_data/7eb443fd-ec2a-49e4-b388-8c5dc87cbdcb.wav,1.0
be73c3cb-bee8-4aba-9d75-9d17098aa689,coughvid_data/be73c3cb-bee8-4aba-9d75-9d17098aa689.wav,coughvid_data/be73c3cb-bee8-4aba-9d75-9d17098aa689.wav,0.0
49d32744-22c5-49d0-971d-37f483355e3f,coughvid_data/49d32744-22c5-49d0-971d-37f483355e3f.wav,coughvid_data/49d32744-22c5-49d0-971d-37f483355e3f.wav,0.0
60c8c3f3-7a5f-4fdb-be90-335b3c078f08,coughvid_data/60c8c3f3-7a5f-4fdb-be90-335b3c078f08.wav,coughvid_data/60c8c3f3-7a5f-4fdb-be90-335b3c078f08.wav,1.0
dbc6f669-469e-4306-acdc-f46039006148,coughvid_data/dbc6f669-469e-4306-acdc-f46039006148.wav,coughvid_data/dbc6f669-469e-4306-acdc-f46039006148.wav,1.0
0f457245-efc4-4120-8471-e3bb2345ebb9,coughvid_data/0f457245-efc4-4120-8471-e3bb2345ebb9.wav,coughvid_data/0f457245-efc4-4120-8471-e3bb2345ebb9.wav,0.0
52e642c4-2039-471c-a9a1-8ef48578962d,coughvid_data/52e642c4-2039-471c-a9a1-8ef48578962d.wav,coughvid_data/52e642c4-2039-471c-a9a1-8ef48578962d.wav,1.0
ae86aec6-8c11-444e-ac02-917fa7af2099,coughvid_data/ae86aec6-8c11-444e-ac02-917fa7af2099.wav,coughvid_data/ae86aec6-8c11-444e-ac02-917fa7af2099.wav,1.0
1e0060dd-bbbf-4d94-a8ac-2f33206a2b25,coughvid_data/1e0060dd-bbbf-4d94-a8ac-2f33206a2b25.wav,coughvid_data/1e0060dd-bbbf-4d94-a8ac-2f33206a2b25.wav,0.0
58a3d924-98cd-426f-9b58-cb6240b7d044,coughvid_data/58a3d924-98cd-426f-9b58-cb6240b7d044.wav,coughvid_data/58a3d924-98cd-426f-9b58-cb6240b7d044.wav,1.0
5f3127ae-806a-4853-ba74-897e9398dc27,coughvid_data/5f3127ae-806a-4853-ba74-897e9398dc27.wav,coughvid_data/5f3127ae-806a-4853-ba74-897e9398dc27.wav,0.0
3f83f39e-4c1d-49c6-bb0f-6f6a7ee73714,coughvid_data/3f83f39e-4c1d-49c6-bb0f-6f6a7ee73714.wav,coughvid_data/3f83f39e-4c1d-49c6-bb0f-6f6a7ee73714.wav,1.0
e6d775cd-3530-427f-b5e0-918635664b9f,coughvid_data/e6d775cd-3530-427f-b5e0-918635664b9f.wav,coughvid_data/e6d775cd-3530-427f-b5e0-918635664b9f.wav,1.0
2570c866-4103-4fe4-9296-f5e31bfc7d08,coughvid_data/2570c866-4103-4fe4-9296-f5e31bfc7d08.wav,coughvid_data/2570c866-4103-4fe4-9296-f5e31bfc7d08.wav,0.0
c8f9a1e8-a256-4e93-b793-e4105c4d4ba6,coughvid_data/c8f9a1e8-a256-4e93-b793-e4105c4d4ba6.wav,coughvid_data/c8f9a1e8-a256-4e93-b793-e4105c4d4ba6.wav,0.0
20f8d97a-946b-4858-9eba-467ef849b69e,coughvid_data/20f8d97a-946b-4858-9eba-467ef849b69e.wav,coughvid_data/20f8d97a-946b-4858-9eba-467ef849b69e.wav,0.0
ff1084e1-c857-4148-a960-8fc47ad4be08,coughvid_data/ff1084e1-c857-4148-a960-8fc47ad4be08.wav,coughvid_data/ff1084e1-c857-4148-a960-8fc47ad4be08.wav,0.0
26ce1218-1d55-4f45-a0f5-643c0f92c2c2,coughvid_data/26ce1218-1d55-4f45-a0f5-643c0f92c2c2.wav,coughvid_data/26ce1218-1d55-4f45-a0f5-643c0f92c2c2.wav,1.0
56dd8c85-5f3c-45f1-ab78-74f12f588432,coughvid_data/56dd8c85-5f3c-45f1-ab78-74f12f588432.wav,coughvid_data/56dd8c85-5f3c-45f1-ab78-74f12f588432.wav,0.0
92c34b40-b407-488b-b7ed-adc2f5b56d71,coughvid_data/92c34b40-b407-488b-b7ed-adc2f5b56d71.wav,coughvid_data/92c34b40-b407-488b-b7ed-adc2f5b56d71.wav,0.0
8c0beeb5-75d1-4275-823f-73b89284461d,coughvid_data/8c0beeb5-75d1-4275-823f-73b89284461d.wav,coughvid_data/8c0beeb5-75d1-4275-823f-73b89284461d.wav,0.0
0f033029-28fc-48c3-b674-ac1bab8ffd18,coughvid_data/0f033029-28fc-48c3-b674-ac1bab8ffd18.wav,coughvid_data/0f033029-28fc-48c3-b674-ac1bab8ffd18.wav,1.0
0e4acf25-e73d-4b85-83f3-4c78c9c49d2e,coughvid_data/0e4acf25-e73d-4b85-83f3-4c78c9c49d2e.wav,coughvid_data/0e4acf25-e73d-4b85-83f3-4c78c9c49d2e.wav,1.0
e7e7f234-9f5b-41dc-b672-918af594e143,coughvid_data/e7e7f234-9f5b-41dc-b672-918af594e143.wav,coughvid_data/e7e7f234-9f5b-41dc-b672-918af594e143.wav,1.0
2597c97c-e24c-49a8-b8b4-9508bb75b78f,coughvid_data/2597c97c-e24c-49a8-b8b4-9508bb75b78f.wav,coughvid_data/2597c97c-e24c-49a8-b8b4-9508bb75b78f.wav,1.0
143096c3-8242-4efa-80f2-6743177b7e12,coughvid_data/143096c3-8242-4efa-80f2-6743177b7e12.wav,coughvid_data/143096c3-8242-4efa-80f2-6743177b7e12.wav,0.0
118f5771-78d6-4056-898f-b7d8ad4699da,coughvid_data/118f5771-78d6-4056-898f-b7d8ad4699da.wav,coughvid_data/118f5771-78d6-4056-898f-b7d8ad4699da.wav,0.0
3bf085d1-74c9-4222-ae4d-a5359eb9a9db,coughvid_data/3bf085d1-74c9-4222-ae4d-a5359eb9a9db.wav,coughvid_data/3bf085d1-74c9-4222-ae4d-a5359eb9a9db.wav,0.0
4fc1b526-adcb-45bf-9b3f-9f2062ecb33f,coughvid_data/4fc1b526-adcb-45bf-9b3f-9f2062ecb33f.wav,coughvid_data/4fc1b526-adcb-45bf-9b3f-9f2062ecb33f.wav,0.0
e0e6490b-1e93-40b9-a45f-5f0e66743519,coughvid_data/e0e6490b-1e93-40b9-a45f-5f0e66743519.wav,coughvid_data/e0e6490b-1e93-40b9-a45f-5f0e66743519.wav,1.0
cbd89dd0-dc4a-472e-86a2-54d4c82a6741,coughvid_data/cbd89dd0-dc4a-472e-86a2-54d4c82a6741.wav,coughvid_data/cbd89dd0-dc4a-472e-86a2-54d4c82a6741.wav,0.0
880d7516-b583-45c9-9012-949148905250,coughvid_data/880d7516-b583-45c9-9012-949148905250.wav,coughvid_data/880d7516-b583-45c9-9012-949148905250.wav,1.0
a3529398-f357-4c11-bec3-c2e30088df2e,coughvid_data/a3529398-f357-4c11-bec3-c2e30088df2e.wav,coughvid_data/a3529398-f357-4c11-bec3-c2e30088df2e.wav,1.0
b55ea3fc-bda3-44b6-beba-61a8c60fc850,coughvid_data/b55ea3fc-bda3-44b6-beba-61a8c60fc850.wav,coughvid_data/b55ea3fc-bda3-44b6-beba-61a8c60fc850.wav,0.0
a6f4e0b0-a5d2-4be8-a5ca-ce4a0b0c4618,coughvid_data/a6f4e0b0-a5d2-4be8-a5ca-ce4a0b0c4618.wav,coughvid_data/a6f4e0b0-a5d2-4be8-a5ca-ce4a0b0c4618.wav,1.0
5428f10e-aa72-4b88-82ee-4f803f2e0400,coughvid_data/5428f10e-aa72-4b88-82ee-4f803f2e0400.wav,coughvid_data/5428f10e-aa72-4b88-82ee-4f803f2e0400.wav,1.0
2d1c3ae7-140d-4836-80dd-44ff306e0fcd,coughvid_data/2d1c3ae7-140d-4836-80dd-44ff306e0fcd.wav,coughvid_data/2d1c3ae7-140d-4836-80dd-44ff306e0fcd.wav,0.0
36c3a6aa-f316-41d6-996a-be2d0a9a050b,coughvid_data/36c3a6aa-f316-41d6-996a-be2d0a9a050b.wav,coughvid_data/36c3a6aa-f316-41d6-996a-be2d0a9a050b.wav,1.0
b62e479a-64d9-4648-86f4-233b36bf197b,coughvid_data/b62e479a-64d9-4648-86f4-233b36bf197b.wav,coughvid_data/b62e479a-64d9-4648-86f4-233b36bf197b.wav,0.0
a61dc6d6-2367-4179-92af-652e96b272d6,coughvid_data/a61dc6d6-2367-4179-92af-652e96b272d6.wav,coughvid_data/a61dc6d6-2367-4179-92af-652e96b272d6.wav,1.0
cb2366f4-cd81-40f2-bfcc-a3c9c98265f3,coughvid_data/cb2366f4-cd81-40f2-bfcc-a3c9c98265f3.wav,coughvid_data/cb2366f4-cd81-40f2-bfcc-a3c9c98265f3.wav,0.0
772acd8f-130e-46ea-b797-69c4d3f9eb8d,coughvid_data/772acd8f-130e-46ea-b797-69c4d3f9eb8d.wav,coughvid_data/772acd8f-130e-46ea-b797-69c4d3f9eb8d.wav,0.0
68c25c4b-eaa9-4309-be94-a7cda4e60084,coughvid_data/68c25c4b-eaa9-4309-be94-a7cda4e60084.wav,coughvid_data/68c25c4b-eaa9-4309-be94-a7cda4e60084.wav,1.0
f5c50b58-5eba-4128-bd9f-d764cefeda53,coughvid_data/f5c50b58-5eba-4128-bd9f-d764cefeda53.wav,coughvid_data/f5c50b58-5eba-4128-bd9f-d764cefeda53.wav,1.0
35cd5d59-a0f0-4647-a8df-93354f028e39,coughvid_data/35cd5d59-a0f0-4647-a8df-93354f028e39.wav,coughvid_data/35cd5d59-a0f0-4647-a8df-93354f028e39.wav,1.0
87d9aa58-224e-4c42-8828-d520f8cdff96,coughvid_data/87d9aa58-224e-4c42-8828-d520f8cdff96.wav,coughvid_data/87d9aa58-224e-4c42-8828-d520f8cdff96.wav,0.0
d625913c-7f42-489e-97fd-f5c0430f7daf,coughvid_data/d625913c-7f42-489e-97fd-f5c0430f7daf.wav,coughvid_data/d625913c-7f42-489e-97fd-f5c0430f7daf.wav,0.0
2bc79e0f-c11b-4f1d-ba69-2be47245b436,coughvid_data/2bc79e0f-c11b-4f1d-ba69-2be47245b436.wav,coughvid_data/2bc79e0f-c11b-4f1d-ba69-2be47245b436.wav,1.0
0ef65223-0a4d-4c4b-a9ac-6e78b7000449,coughvid_data/0ef65223-0a4d-4c4b-a9ac-6e78b7000449.wav,coughvid_data/0ef65223-0a4d-4c4b-a9ac-6e78b7000449.wav,0.0
daaef351-31b8-49c3-9cbb-868adafd6fa9,coughvid_data/daaef351-31b8-49c3-9cbb-868adafd6fa9.wav,coughvid_data/daaef351-31b8-49c3-9cbb-868adafd6fa9.wav,0.0
d1dba1ec-ac4e-47f4-8b7d-da8196662974,coughvid_data/d1dba1ec-ac4e-47f4-8b7d-da8196662974.wav,coughvid_data/d1dba1ec-ac4e-47f4-8b7d-da8196662974.wav,0.0
391d15a0-e039-4ab4-b8c6-efa2c1d6dda9,coughvid_data/391d15a0-e039-4ab4-b8c6-efa2c1d6dda9.wav,coughvid_data/391d15a0-e039-4ab4-b8c6-efa2c1d6dda9.wav,0.0
06586e35-18f4-488d-ab58-2c08f335d056,coughvid_data/06586e35-18f4-488d-ab58-2c08f335d056.wav,coughvid_data/06586e35-18f4-488d-ab58-2c08f335d056.wav,0.0
94a7e81d-6a99-45af-add6-debfe98d47b3,coughvid_data/94a7e81d-6a99-45af-add6-debfe98d47b3.wav,coughvid_data/94a7e81d-6a99-45af-add6-debfe98d47b3.wav,1.0
d3c1942c-4d64-4b9f-a4b1-cbe717bf6660,coughvid_data/d3c1942c-4d64-4b9f-a4b1-cbe717bf6660.wav,coughvid_data/d3c1942c-4d64-4b9f-a4b1-cbe717bf6660.wav,1.0
dc4d7d1f-2322-4a7d-b429-8d739c35d3b8,coughvid_data/dc4d7d1f-2322-4a7d-b429-8d739c35d3b8.wav,coughvid_data/dc4d7d1f-2322-4a7d-b429-8d739c35d3b8.wav,1.0
1a39bcb8-7e48-47ac-8c7f-5890811d12a3,coughvid_data/1a39bcb8-7e48-47ac-8c7f-5890811d12a3.wav,coughvid_data/1a39bcb8-7e48-47ac-8c7f-5890811d12a3.wav,0.0
a3b05946-adec-4c73-869f-af1ab90f9bef,coughvid_data/a3b05946-adec-4c73-869f-af1ab90f9bef.wav,coughvid_data/a3b05946-adec-4c73-869f-af1ab90f9bef.wav,0.0
e5131f6c-4062-40a0-ad5b-5cacf11f6ce2,coughvid_data/e5131f6c-4062-40a0-ad5b-5cacf11f6ce2.wav,coughvid_data/e5131f6c-4062-40a0-ad5b-5cacf11f6ce2.wav,0.0
d93a7c98-503b-4a87-81b2-d3a774404f72,coughvid_data/d93a7c98-503b-4a87-81b2-d3a774404f72.wav,coughvid_data/d93a7c98-503b-4a87-81b2-d3a774404f72.wav,0.0
09b298c7-2421-44c9-8f01-e108473d1365,coughvid_data/09b298c7-2421-44c9-8f01-e108473d1365.wav,coughvid_data/09b298c7-2421-44c9-8f01-e108473d1365.wav,0.0
b0594260-0767-4564-9792-ec1dac2149ae,coughvid_data/b0594260-0767-4564-9792-ec1dac2149ae.wav,coughvid_data/b0594260-0767-4564-9792-ec1dac2149ae.wav,1.0
03290d14-dada-48af-8206-86afe0eeb579,coughvid_data/03290d14-dada-48af-8206-86afe0eeb579.wav,coughvid_data/03290d14-dada-48af-8206-86afe0eeb579.wav,0.0
1d6fd899-6762-4f01-bd49-74539ed81cd8,coughvid_data/1d6fd899-6762-4f01-bd49-74539ed81cd8.wav,coughvid_data/1d6fd899-6762-4f01-bd49-74539ed81cd8.wav,1.0
65dc2bd9-9fa1-41c5-ab7d-7accaba637a6,coughvid_data/65dc2bd9-9fa1-41c5-ab7d-7accaba637a6.wav,coughvid_data/65dc2bd9-9fa1-41c5-ab7d-7accaba637a6.wav,1.0
478f85e5-2968-4352-9351-3d89386216cd,coughvid_data/478f85e5-2968-4352-9351-3d89386216cd.wav,coughvid_data/478f85e5-2968-4352-9351-3d89386216cd.wav,0.0
8139ab76-3829-4d67-8f30-291221bbc906,coughvid_data/8139ab76-3829-4d67-8f30-291221bbc906.wav,coughvid_data/8139ab76-3829-4d67-8f30-291221bbc906.wav,1.0
38cb901c-4d16-44f9-97fb-0cdc79b6f250,coughvid_data/38cb901c-4d16-44f9-97fb-0cdc79b6f250.wav,coughvid_data/38cb901c-4d16-44f9-97fb-0cdc79b6f250.wav,1.0
d7f677fe-a3ed-4d89-95f3-18a79f507896,coughvid_data/d7f677fe-a3ed-4d89-95f3-18a79f507896.wav,coughvid_data/d7f677fe-a3ed-4d89-95f3-18a79f507896.wav,0.0
2de3fb8f-20a6-4fa5-8428-11cad3338d37,coughvid_data/2de3fb8f-20a6-4fa5-8428-11cad3338d37.wav,coughvid_data/2de3fb8f-20a6-4fa5-8428-11cad3338d37.wav,1.0
d89b7ed7-4ce9-4ebc-9cee-d846f7288c23,coughvid_data/d89b7ed7-4ce9-4ebc-9cee-d846f7288c23.wav,coughvid_data/d89b7ed7-4ce9-4ebc-9cee-d846f7288c23.wav,0.0
fad267ef-789c-43aa-82ae-3d445a8b2b64,coughvid_data/fad267ef-789c-43aa-82ae-3d445a8b2b64.wav,coughvid_data/fad267ef-789c-43aa-82ae-3d445a8b2b64.wav,1.0
76183e29-22c1-4d51-aafa-6b96e93b3aa2,coughvid_data/76183e29-22c1-4d51-aafa-6b96e93b3aa2.wav,coughvid_data/76183e29-22c1-4d51-aafa-6b96e93b3aa2.wav,1.0
064a270a-b0cf-46b9-bd90-b0fddb73e723,coughvid_data/064a270a-b0cf-46b9-bd90-b0fddb73e723.wav,coughvid_data/064a270a-b0cf-46b9-bd90-b0fddb73e723.wav,0.0
67e6b587-8114-4f8e-a595-688c2033ed1a,coughvid_data/67e6b587-8114-4f8e-a595-688c2033ed1a.wav,coughvid_data/67e6b587-8114-4f8e-a595-688c2033ed1a.wav,0.0
4fb52210-fe38-478f-b642-846d74cbf403,coughvid_data/4fb52210-fe38-478f-b642-846d74cbf403.wav,coughvid_data/4fb52210-fe38-478f-b642-846d74cbf403.wav,1.0
5f3ccb0a-622c-435a-8c02-a0880d414b9c,coughvid_data/5f3ccb0a-622c-435a-8c02-a0880d414b9c.wav,coughvid_data/5f3ccb0a-622c-435a-8c02-a0880d414b9c.wav,0.0
72cf4a5e-3452-4d01-8664-51c7985cf6e5,coughvid_data/72cf4a5e-3452-4d01-8664-51c7985cf6e5.wav,coughvid_data/72cf4a5e-3452-4d01-8664-51c7985cf6e5.wav,1.0
b58e06a0-1f49-4150-95c0-60792f84729c,coughvid_data/b58e06a0-1f49-4150-95c0-60792f84729c.wav,coughvid_data/b58e06a0-1f49-4150-95c0-60792f84729c.wav,1.0
8f492aac-2438-4ca4-ab84-da43f8c52b02,coughvid_data/8f492aac-2438-4ca4-ab84-da43f8c52b02.wav,coughvid_data/8f492aac-2438-4ca4-ab84-da43f8c52b02.wav,0.0
cfa9f1f5-9bcf-4c10-8bde-0d906190cf00,coughvid_data/cfa9f1f5-9bcf-4c10-8bde-0d906190cf00.wav,coughvid_data/cfa9f1f5-9bcf-4c10-8bde-0d906190cf00.wav,1.0
55270942-b2a4-4ae9-963f-1b3ba6841a46,coughvid_data/55270942-b2a4-4ae9-963f-1b3ba6841a46.wav,coughvid_data/55270942-b2a4-4ae9-963f-1b3ba6841a46.wav,0.0
88ebf228-d0e4-4eba-a98d-6e3a4d241346,coughvid_data/88ebf228-d0e4-4eba-a98d-6e3a4d241346.wav,coughvid_data/88ebf228-d0e4-4eba-a98d-6e3a4d241346.wav,1.0
a48ccc4f-76f1-454f-8daa-1bc3ed60a2ed,coughvid_data/a48ccc4f-76f1-454f-8daa-1bc3ed60a2ed.wav,coughvid_data/a48ccc4f-76f1-454f-8daa-1bc3ed60a2ed.wav,1.0
fa2ff583-fcfe-47f5-ac85-0cdc01f23028,coughvid_data/fa2ff583-fcfe-47f5-ac85-0cdc01f23028.wav,coughvid_data/fa2ff583-fcfe-47f5-ac85-0cdc01f23028.wav,0.0
5c6feabc-691e-41f9-96ad-9bba457b4a74,coughvid_data/5c6feabc-691e-41f9-96ad-9bba457b4a74.wav,coughvid_data/5c6feabc-691e-41f9-96ad-9bba457b4a74.wav,0.0
96901a25-c929-44f8-8598-caf15d77ee3e,coughvid_data/96901a25-c929-44f8-8598-caf15d77ee3e.wav,coughvid_data/96901a25-c929-44f8-8598-caf15d77ee3e.wav,0.0
af069e5f-0a1f-4200-954b-952f720617b7,coughvid_data/af069e5f-0a1f-4200-954b-952f720617b7.wav,coughvid_data/af069e5f-0a1f-4200-954b-952f720617b7.wav,0.0
6c552885-2d81-4758-bafa-8b8c203032f1,coughvid_data/6c552885-2d81-4758-bafa-8b8c203032f1.wav,coughvid_data/6c552885-2d81-4758-bafa-8b8c203032f1.wav,1.0
15d1385b-1a15-4e6e-a1c2-439fd98e5563,coughvid_data/15d1385b-1a15-4e6e-a1c2-439fd98e5563.wav,coughvid_data/15d1385b-1a15-4e6e-a1c2-439fd98e5563.wav,0.0
12121877-e33a-4cba-b63b-00b2e8433e5a,coughvid_data/12121877-e33a-4cba-b63b-00b2e8433e5a.wav,coughvid_data/12121877-e33a-4cba-b63b-00b2e8433e5a.wav,0.0
bbce5ea6-2b5c-4da9-9bf0-4e22312472cc,coughvid_data/bbce5ea6-2b5c-4da9-9bf0-4e22312472cc.wav,coughvid_data/bbce5ea6-2b5c-4da9-9bf0-4e22312472cc.wav,1.0
0b239057-f033-4241-af2a-65ec65225f9d,coughvid_data/0b239057-f033-4241-af2a-65ec65225f9d.wav,coughvid_data/0b239057-f033-4241-af2a-65ec65225f9d.wav,1.0
1f67107d-fe44-43f6-813f-d8d21050430c,coughvid_data/1f67107d-fe44-43f6-813f-d8d21050430c.wav,coughvid_data/1f67107d-fe44-43f6-813f-d8d21050430c.wav,0.0
8020b72b-a4be-4f02-aae4-e42458be060e,coughvid_data/8020b72b-a4be-4f02-aae4-e42458be060e.wav,coughvid_data/8020b72b-a4be-4f02-aae4-e42458be060e.wav,1.0
eb8a31cd-1db9-4074-a0b4-529733b0d52d,coughvid_data/eb8a31cd-1db9-4074-a0b4-529733b0d52d.wav,coughvid_data/eb8a31cd-1db9-4074-a0b4-529733b0d52d.wav,0.0
2f25c591-a8d6-43a3-b97e-9bb60a6b0545,coughvid_data/2f25c591-a8d6-43a3-b97e-9bb60a6b0545.wav,coughvid_data/2f25c591-a8d6-43a3-b97e-9bb60a6b0545.wav,1.0
55f31341-05c1-44a3-b5b8-9c430ca5e491,coughvid_data/55f31341-05c1-44a3-b5b8-9c430ca5e491.wav,coughvid_data/55f31341-05c1-44a3-b5b8-9c430ca5e491.wav,0.0
f977ff06-4691-4b6c-ba7c-f317094b9879,coughvid_data/f977ff06-4691-4b6c-ba7c-f317094b9879.wav,coughvid_data/f977ff06-4691-4b6c-ba7c-f317094b9879.wav,0.0
1a556da8-d07b-465e-8f0c-a25b35a030dc,coughvid_data/1a556da8-d07b-465e-8f0c-a25b35a030dc.wav,coughvid_data/1a556da8-d07b-465e-8f0c-a25b35a030dc.wav,0.0
25bbd375-24ce-43f3-b687-a412be0e1f03,coughvid_data/25bbd375-24ce-43f3-b687-a412be0e1f03.wav,coughvid_data/25bbd375-24ce-43f3-b687-a412be0e1f03.wav,1.0
8222b801-71d0-437b-ac5f-3a2a1cd9530d,coughvid_data/8222b801-71d0-437b-ac5f-3a2a1cd9530d.wav,coughvid_data/8222b801-71d0-437b-ac5f-3a2a1cd9530d.wav,0.0
67314d44-a94c-4396-b1d3-61db6457c1a7,coughvid_data/67314d44-a94c-4396-b1d3-61db6457c1a7.wav,coughvid_data/67314d44-a94c-4396-b1d3-61db6457c1a7.wav,0.0
b200935c-e1ab-4df1-a0bd-3362fb1c5207,coughvid_data/b200935c-e1ab-4df1-a0bd-3362fb1c5207.wav,coughvid_data/b200935c-e1ab-4df1-a0bd-3362fb1c5207.wav,0.0
3302ed93-5e13-4916-880a-43b97c5b414b,coughvid_data/3302ed93-5e13-4916-880a-43b97c5b414b.wav,coughvid_data/3302ed93-5e13-4916-880a-43b97c5b414b.wav,1.0
ad9e0404-fdbd-46a5-8ac4-a4b897bc7599,coughvid_data/ad9e0404-fdbd-46a5-8ac4-a4b897bc7599.wav,coughvid_data/ad9e0404-fdbd-46a5-8ac4-a4b897bc7599.wav,1.0
293cfdf1-a4e3-4558-a670-7a48404a9f92,coughvid_data/293cfdf1-a4e3-4558-a670-7a48404a9f92.wav,coughvid_data/293cfdf1-a4e3-4558-a670-7a48404a9f92.wav,0.0
ea4c9a26-2674-4457-9a34-bd056b316fd4,coughvid_data/ea4c9a26-2674-4457-9a34-bd056b316fd4.wav,coughvid_data/ea4c9a26-2674-4457-9a34-bd056b316fd4.wav,0.0
646e1bfb-1e42-4de1-8113-55053a5cdd8c,coughvid_data/646e1bfb-1e42-4de1-8113-55053a5cdd8c.wav,coughvid_data/646e1bfb-1e42-4de1-8113-55053a5cdd8c.wav,1.0
3c505c61-757a-45c3-916f-543cba88aae0,coughvid_data/3c505c61-757a-45c3-916f-543cba88aae0.wav,coughvid_data/3c505c61-757a-45c3-916f-543cba88aae0.wav,1.0
c99bf408-50b8-48ba-984f-18fe7da1b484,coughvid_data/c99bf408-50b8-48ba-984f-18fe7da1b484.wav,coughvid_data/c99bf408-50b8-48ba-984f-18fe7da1b484.wav,1.0
2885520a-4bb2-4d36-8546-c13ffc44bda7,coughvid_data/2885520a-4bb2-4d36-8546-c13ffc44bda7.wav,coughvid_data/2885520a-4bb2-4d36-8546-c13ffc44bda7.wav,0.0
ca4cf519-d7db-4b2d-90cd-247e004b4404,coughvid_data/ca4cf519-d7db-4b2d-90cd-247e004b4404.wav,coughvid_data/ca4cf519-d7db-4b2d-90cd-247e004b4404.wav,0.0
8d959763-da0c-4860-a7ee-4b5b434dbee7,coughvid_data/8d959763-da0c-4860-a7ee-4b5b434dbee7.wav,coughvid_data/8d959763-da0c-4860-a7ee-4b5b434dbee7.wav,1.0
18388cb0-4c9d-4a5e-a4b5-eb55b3dd68ee,coughvid_data/18388cb0-4c9d-4a5e-a4b5-eb55b3dd68ee.wav,coughvid_data/18388cb0-4c9d-4a5e-a4b5-eb55b3dd68ee.wav,1.0
2526aa83-208a-465e-b816-4bceebad7fc5,coughvid_data/2526aa83-208a-465e-b816-4bceebad7fc5.wav,coughvid_data/2526aa83-208a-465e-b816-4bceebad7fc5.wav,1.0
9756db48-0e5c-45bf-a627-25a427c8eeef,coughvid_data/9756db48-0e5c-45bf-a627-25a427c8eeef.wav,coughvid_data/9756db48-0e5c-45bf-a627-25a427c8eeef.wav,0.0
5c03949b-da76-4497-a27f-e1658b21c6a3,coughvid_data/5c03949b-da76-4497-a27f-e1658b21c6a3.wav,coughvid_data/5c03949b-da76-4497-a27f-e1658b21c6a3.wav,0.0
9b5c3c48-7aa6-4678-ae32-dcdcb9120f97,coughvid_data/9b5c3c48-7aa6-4678-ae32-dcdcb9120f97.wav,coughvid_data/9b5c3c48-7aa6-4678-ae32-dcdcb9120f97.wav,0.0
50f5d8e1-db8a-4246-bc48-f73db0019bc0,coughvid_data/50f5d8e1-db8a-4246-bc48-f73db0019bc0.wav,coughvid_data/50f5d8e1-db8a-4246-bc48-f73db0019bc0.wav,1.0
2063a00d-2bc1-40c2-8569-7d18c2c23492,coughvid_data/2063a00d-2bc1-40c2-8569-7d18c2c23492.wav,coughvid_data/2063a00d-2bc1-40c2-8569-7d18c2c23492.wav,0.0
5b09457c-dce5-4456-b451-b2ca20ca7204,coughvid_data/5b09457c-dce5-4456-b451-b2ca20ca7204.wav,coughvid_data/5b09457c-dce5-4456-b451-b2ca20ca7204.wav,1.0
ae7f3e27-5c50-48bd-ba50-4b52ddfc6b8f,coughvid_data/ae7f3e27-5c50-48bd-ba50-4b52ddfc6b8f.wav,coughvid_data/ae7f3e27-5c50-48bd-ba50-4b52ddfc6b8f.wav,1.0
5a229a4b-e0ae-478c-97d5-1963cb0ac690,coughvid_data/5a229a4b-e0ae-478c-97d5-1963cb0ac690.wav,coughvid_data/5a229a4b-e0ae-478c-97d5-1963cb0ac690.wav,1.0
c449e5e4-0093-4819-b3aa-3f17f30127ce,coughvid_data/c449e5e4-0093-4819-b3aa-3f17f30127ce.wav,coughvid_data/c449e5e4-0093-4819-b3aa-3f17f30127ce.wav,0.0
8797ba6e-7741-4dc1-a0cd-0fdcbb28ff70,coughvid_data/8797ba6e-7741-4dc1-a0cd-0fdcbb28ff70.wav,coughvid_data/8797ba6e-7741-4dc1-a0cd-0fdcbb28ff70.wav,1.0
ce7940da-61bf-4bff-a07a-7d6e3200b7e9,coughvid_data/ce7940da-61bf-4bff-a07a-7d6e3200b7e9.wav,coughvid_data/ce7940da-61bf-4bff-a07a-7d6e3200b7e9.wav,1.0
de156c28-f8b8-47bd-a9bc-09c5157297b2,coughvid_data/de156c28-f8b8-47bd-a9bc-09c5157297b2.wav,coughvid_data/de156c28-f8b8-47bd-a9bc-09c5157297b2.wav,0.0
e45b2bcf-87d1-4e47-83c2-5ec6c87181b8,coughvid_data/e45b2bcf-87d1-4e47-83c2-5ec6c87181b8.wav,coughvid_data/e45b2bcf-87d1-4e47-83c2-5ec6c87181b8.wav,0.0
167857d7-53d2-4be7-ab08-abf29c808571,coughvid_data/167857d7-53d2-4be7-ab08-abf29c808571.wav,coughvid_data/167857d7-53d2-4be7-ab08-abf29c808571.wav,1.0
cfc2bfd3-79dc-4ead-b240-dd79afc6c8a8,coughvid_data/cfc2bfd3-79dc-4ead-b240-dd79afc6c8a8.wav,coughvid_data/cfc2bfd3-79dc-4ead-b240-dd79afc6c8a8.wav,0.0
e7bb4543-bee0-49da-b7e6-3179d85a0b76,coughvid_data/e7bb4543-bee0-49da-b7e6-3179d85a0b76.wav,coughvid_data/e7bb4543-bee0-49da-b7e6-3179d85a0b76.wav,0.0
0c3d63a6-ae40-4620-bc36-b32959475dec,coughvid_data/0c3d63a6-ae40-4620-bc36-b32959475dec.wav,coughvid_data/0c3d63a6-ae40-4620-bc36-b32959475dec.wav,1.0
1e12f457-efa5-43e2-aa59-8b62f24ae9da,coughvid_data/1e12f457-efa5-43e2-aa59-8b62f24ae9da.wav,coughvid_data/1e12f457-efa5-43e2-aa59-8b62f24ae9da.wav,0.0
be0dfb74-539f-41f6-8e0e-6362df1efe0e,coughvid_data/be0dfb74-539f-41f6-8e0e-6362df1efe0e.wav,coughvid_data/be0dfb74-539f-41f6-8e0e-6362df1efe0e.wav,0.0
b57e5d14-8c3a-415b-89a6-79befe87330c,coughvid_data/b57e5d14-8c3a-415b-89a6-79befe87330c.wav,coughvid_data/b57e5d14-8c3a-415b-89a6-79befe87330c.wav,0.0
fd84bed0-87ad-49a1-813d-8fc600df99ad,coughvid_data/fd84bed0-87ad-49a1-813d-8fc600df99ad.wav,coughvid_data/fd84bed0-87ad-49a1-813d-8fc600df99ad.wav,1.0
39a9cac4-e55d-400c-8322-5791683e66a8,coughvid_data/39a9cac4-e55d-400c-8322-5791683e66a8.wav,coughvid_data/39a9cac4-e55d-400c-8322-5791683e66a8.wav,0.0
a014cba7-c043-40b0-a1ab-e3aa64da4f09,coughvid_data/a014cba7-c043-40b0-a1ab-e3aa64da4f09.wav,coughvid_data/a014cba7-c043-40b0-a1ab-e3aa64da4f09.wav,1.0
114d4814-e7ac-41f6-bedf-dabdb5c67a38,coughvid_data/114d4814-e7ac-41f6-bedf-dabdb5c67a38.wav,coughvid_data/114d4814-e7ac-41f6-bedf-dabdb5c67a38.wav,0.0
043fc80b-ce29-4aea-9abd-a23f9347bc51,coughvid_data/043fc80b-ce29-4aea-9abd-a23f9347bc51.wav,coughvid_data/043fc80b-ce29-4aea-9abd-a23f9347bc51.wav,0.0
6df6ad27-a9ae-426f-807a-11b19fa8e6e8,coughvid_data/6df6ad27-a9ae-426f-807a-11b19fa8e6e8.wav,coughvid_data/6df6ad27-a9ae-426f-807a-11b19fa8e6e8.wav,0.0
c5a4c854-9d78-4615-9fdd-519e547e972f,coughvid_data/c5a4c854-9d78-4615-9fdd-519e547e972f.wav,coughvid_data/c5a4c854-9d78-4615-9fdd-519e547e972f.wav,1.0
5db9f54b-8f92-4a15-bc2e-862dcd6d375b,coughvid_data/5db9f54b-8f92-4a15-bc2e-862dcd6d375b.wav,coughvid_data/5db9f54b-8f92-4a15-bc2e-862dcd6d375b.wav,1.0
115d4af5-7ccc-4f1c-8581-b752558907f4,coughvid_data/115d4af5-7ccc-4f1c-8581-b752558907f4.wav,coughvid_data/115d4af5-7ccc-4f1c-8581-b752558907f4.wav,1.0
06f254fc-c2c3-416c-a8cd-c714518c2a39,coughvid_data/06f254fc-c2c3-416c-a8cd-c714518c2a39.wav,coughvid_data/06f254fc-c2c3-416c-a8cd-c714518c2a39.wav,0.0
f1061528-48a5-4a06-ae55-773980db9986,coughvid_data/f1061528-48a5-4a06-ae55-773980db9986.wav,coughvid_data/f1061528-48a5-4a06-ae55-773980db9986.wav,1.0
9408b4a1-414b-4177-b39b-074c13e06a39,coughvid_data/9408b4a1-414b-4177-b39b-074c13e06a39.wav,coughvid_data/9408b4a1-414b-4177-b39b-074c13e06a39.wav,1.0
2b43556f-9cab-43c4-bd40-cda390e13a7d,coughvid_data/2b43556f-9cab-43c4-bd40-cda390e13a7d.wav,coughvid_data/2b43556f-9cab-43c4-bd40-cda390e13a7d.wav,0.0
6d99dd77-dbb4-4c96-b708-4610080f4513,coughvid_data/6d99dd77-dbb4-4c96-b708-4610080f4513.wav,coughvid_data/6d99dd77-dbb4-4c96-b708-4610080f4513.wav,1.0
909340de-f2b6-470b-b72e-e19dda207e05,coughvid_data/909340de-f2b6-470b-b72e-e19dda207e05.wav,coughvid_data/909340de-f2b6-470b-b72e-e19dda207e05.wav,1.0
05c72a6d-a5d0-443b-874e-97e63f996be2,coughvid_data/05c72a6d-a5d0-443b-874e-97e63f996be2.wav,coughvid_data/05c72a6d-a5d0-443b-874e-97e63f996be2.wav,0.0
596d30f9-efb8-46f1-a2aa-6e2d02ffb487,coughvid_data/596d30f9-efb8-46f1-a2aa-6e2d02ffb487.wav,coughvid_data/596d30f9-efb8-46f1-a2aa-6e2d02ffb487.wav,0.0
34a0624f-73aa-49cb-844c-7b841573cf19,coughvid_data/34a0624f-73aa-49cb-844c-7b841573cf19.wav,coughvid_data/34a0624f-73aa-49cb-844c-7b841573cf19.wav,0.0
08bdb37f-216b-4a10-9cc4-9616ee9b7986,coughvid_data/08bdb37f-216b-4a10-9cc4-9616ee9b7986.wav,coughvid_data/08bdb37f-216b-4a10-9cc4-9616ee9b7986.wav,1.0
d4aaba45-9530-4703-8286-6c3e44ce965d,coughvid_data/d4aaba45-9530-4703-8286-6c3e44ce965d.wav,coughvid_data/d4aaba45-9530-4703-8286-6c3e44ce965d.wav,1.0
ea9ee753-91cd-4d06-8aac-6a3e79524563,coughvid_data/ea9ee753-91cd-4d06-8aac-6a3e79524563.wav,coughvid_data/ea9ee753-91cd-4d06-8aac-6a3e79524563.wav,1.0
873a228a-cca6-4127-8e69-45fb30c4080b,coughvid_data/873a228a-cca6-4127-8e69-45fb30c4080b.wav,coughvid_data/873a228a-cca6-4127-8e69-45fb30c4080b.wav,1.0
f4393ea7-fde7-4a75-ad33-c261400e6914,coughvid_data/f4393ea7-fde7-4a75-ad33-c261400e6914.wav,coughvid_data/f4393ea7-fde7-4a75-ad33-c261400e6914.wav,1.0
0cc820fb-2389-41f5-bc82-712068915616,coughvid_data/0cc820fb-2389-41f5-bc82-712068915616.wav,coughvid_data/0cc820fb-2389-41f5-bc82-712068915616.wav,0.0
38a5ecc8-555b-43d0-a9d2-29eb21c50441,coughvid_data/38a5ecc8-555b-43d0-a9d2-29eb21c50441.wav,coughvid_data/38a5ecc8-555b-43d0-a9d2-29eb21c50441.wav,0.0
c1d5254a-e39e-41ec-bdf7-58a4dd650367,coughvid_data/c1d5254a-e39e-41ec-bdf7-58a4dd650367.wav,coughvid_data/c1d5254a-e39e-41ec-bdf7-58a4dd650367.wav,1.0
0044cb7b-448c-44e5-8302-ad8bd106fe3e,coughvid_data/0044cb7b-448c-44e5-8302-ad8bd106fe3e.wav,coughvid_data/0044cb7b-448c-44e5-8302-ad8bd106fe3e.wav,1.0
b41d58bf-8358-4f38-81f5-d0125353a9f6,coughvid_data/b41d58bf-8358-4f38-81f5-d0125353a9f6.wav,coughvid_data/b41d58bf-8358-4f38-81f5-d0125353a9f6.wav,1.0
f6723af4-897e-427f-a662-5dd44517d896,coughvid_data/f6723af4-897e-427f-a662-5dd44517d896.wav,coughvid_data/f6723af4-897e-427f-a662-5dd44517d896.wav,0.0
77f44d08-0f8a-47e1-97ca-7f791704a951,coughvid_data/77f44d08-0f8a-47e1-97ca-7f791704a951.wav,coughvid_data/77f44d08-0f8a-47e1-97ca-7f791704a951.wav,1.0
ac82e45c-e4b4-4f39-a5b7-4fd872898723,coughvid_data/ac82e45c-e4b4-4f39-a5b7-4fd872898723.wav,coughvid_data/ac82e45c-e4b4-4f39-a5b7-4fd872898723.wav,1.0
f4394d12-ad4c-4ae5-9cb9-d6095733e663,coughvid_data/f4394d12-ad4c-4ae5-9cb9-d6095733e663.wav,coughvid_data/f4394d12-ad4c-4ae5-9cb9-d6095733e663.wav,1.0
fcceb11a-b0fa-488e-bf27-dd7245e06194,coughvid_data/fcceb11a-b0fa-488e-bf27-dd7245e06194.wav,coughvid_data/fcceb11a-b0fa-488e-bf27-dd7245e06194.wav,0.0
2c1b1c17-af9c-47b8-9c7e-92b0bb01054f,coughvid_data/2c1b1c17-af9c-47b8-9c7e-92b0bb01054f.wav,coughvid_data/2c1b1c17-af9c-47b8-9c7e-92b0bb01054f.wav,1.0
ecdbfad7-57f2-40c1-bbe3-450914e6c2a7,coughvid_data/ecdbfad7-57f2-40c1-bbe3-450914e6c2a7.wav,coughvid_data/ecdbfad7-57f2-40c1-bbe3-450914e6c2a7.wav,0.0
51f09ddf-f44d-498e-8785-c85a7ad2ec13,coughvid_data/51f09ddf-f44d-498e-8785-c85a7ad2ec13.wav,coughvid_data/51f09ddf-f44d-498e-8785-c85a7ad2ec13.wav,0.0
44087096-4e3a-4718-85ba-4b9324665155,coughvid_data/44087096-4e3a-4718-85ba-4b9324665155.wav,coughvid_data/44087096-4e3a-4718-85ba-4b9324665155.wav,1.0
1d692b3d-f3f4-4ffe-bfaf-d62f88c47bb8,coughvid_data/1d692b3d-f3f4-4ffe-bfaf-d62f88c47bb8.wav,coughvid_data/1d692b3d-f3f4-4ffe-bfaf-d62f88c47bb8.wav,1.0
58cd467f-576a-4868-9fc2-a8ddb7b9d0c1,coughvid_data/58cd467f-576a-4868-9fc2-a8ddb7b9d0c1.wav,coughvid_data/58cd467f-576a-4868-9fc2-a8ddb7b9d0c1.wav,1.0
a83edf94-29e5-44e8-9ff6-dc5f73f151a9,coughvid_data/a83edf94-29e5-44e8-9ff6-dc5f73f151a9.wav,coughvid_data/a83edf94-29e5-44e8-9ff6-dc5f73f151a9.wav,0.0
80bd66e0-cffa-4add-9b51-2c3f17e53ba3,coughvid_data/80bd66e0-cffa-4add-9b51-2c3f17e53ba3.wav,coughvid_data/80bd66e0-cffa-4add-9b51-2c3f17e53ba3.wav,1.0
0b633d3d-8ae7-4253-9ee1-e6a06942189a,coughvid_data/0b633d3d-8ae7-4253-9ee1-e6a06942189a.wav,coughvid_data/0b633d3d-8ae7-4253-9ee1-e6a06942189a.wav,1.0
fe1495b1-58d7-4950-ab45-1e1e378e4719,coughvid_data/fe1495b1-58d7-4950-ab45-1e1e378e4719.wav,coughvid_data/fe1495b1-58d7-4950-ab45-1e1e378e4719.wav,0.0
bb6e8c27-40e9-4289-a4e0-3372b068a592,coughvid_data/bb6e8c27-40e9-4289-a4e0-3372b068a592.wav,coughvid_data/bb6e8c27-40e9-4289-a4e0-3372b068a592.wav,0.0
c4683cd3-ac2e-417d-9110-5fb3c42bc2bc,coughvid_data/c4683cd3-ac2e-417d-9110-5fb3c42bc2bc.wav,coughvid_data/c4683cd3-ac2e-417d-9110-5fb3c42bc2bc.wav,0.0
c7d51b99-95a2-4ee8-b090-54c024579317,coughvid_data/c7d51b99-95a2-4ee8-b090-54c024579317.wav,coughvid_data/c7d51b99-95a2-4ee8-b090-54c024579317.wav,1.0
ea4bf3fb-6a52-4303-b369-6b4ef03d7d3f,coughvid_data/ea4bf3fb-6a52-4303-b369-6b4ef03d7d3f.wav,coughvid_data/ea4bf3fb-6a52-4303-b369-6b4ef03d7d3f.wav,1.0
066583c2-d718-41c8-8e9c-9c4b1e0f17df,coughvid_data/066583c2-d718-41c8-8e9c-9c4b1e0f17df.wav,coughvid_data/066583c2-d718-41c8-8e9c-9c4b1e0f17df.wav,0.0
76f5a78c-ab6c-4933-8dfc-e83a1dafccf3,coughvid_data/76f5a78c-ab6c-4933-8dfc-e83a1dafccf3.wav,coughvid_data/76f5a78c-ab6c-4933-8dfc-e83a1dafccf3.wav,1.0
695e3be9-7b6f-423b-a40d-8a825d224247,coughvid_data/695e3be9-7b6f-423b-a40d-8a825d224247.wav,coughvid_data/695e3be9-7b6f-423b-a40d-8a825d224247.wav,0.0
fe006565-96a5-4e54-857b-18aafe1aff05,coughvid_data/fe006565-96a5-4e54-857b-18aafe1aff05.wav,coughvid_data/fe006565-96a5-4e54-857b-18aafe1aff05.wav,1.0
f22ddcf7-6fc8-4f44-b618-65f8b5a5c74c,coughvid_data/f22ddcf7-6fc8-4f44-b618-65f8b5a5c74c.wav,coughvid_data/f22ddcf7-6fc8-4f44-b618-65f8b5a5c74c.wav,0.0
38274cca-d523-48f3-b83d-afb40fb62453,coughvid_data/38274cca-d523-48f3-b83d-afb40fb62453.wav,coughvid_data/38274cca-d523-48f3-b83d-afb40fb62453.wav,1.0
9f4b13a3-c435-4d1a-b2dd-c774c5b3b929,coughvid_data/9f4b13a3-c435-4d1a-b2dd-c774c5b3b929.wav,coughvid_data/9f4b13a3-c435-4d1a-b2dd-c774c5b3b929.wav,0.0
0dd5e8cb-68ab-4655-ad1f-97de60121f3d,coughvid_data/0dd5e8cb-68ab-4655-ad1f-97de60121f3d.wav,coughvid_data/0dd5e8cb-68ab-4655-ad1f-97de60121f3d.wav,1.0
9a80c149-581b-471d-bbd5-f6dbadf1b7bd,coughvid_data/9a80c149-581b-471d-bbd5-f6dbadf1b7bd.wav,coughvid_data/9a80c149-581b-471d-bbd5-f6dbadf1b7bd.wav,1.0
7f7dafbc-ebb9-4cfb-9f7c-e6eb8081fe6a,coughvid_data/7f7dafbc-ebb9-4cfb-9f7c-e6eb8081fe6a.wav,coughvid_data/7f7dafbc-ebb9-4cfb-9f7c-e6eb8081fe6a.wav,0.0
5fe63eee-a622-4120-8751-3c51745d6a11,coughvid_data/5fe63eee-a622-4120-8751-3c51745d6a11.wav,coughvid_data/5fe63eee-a622-4120-8751-3c51745d6a11.wav,0.0
ab15724e-3a36-491f-99ef-5b2e67f7be0d,coughvid_data/ab15724e-3a36-491f-99ef-5b2e67f7be0d.wav,coughvid_data/ab15724e-3a36-491f-99ef-5b2e67f7be0d.wav,0.0
dd2b4df6-82d1-42d4-8b7f-5e3f94ef8b25,coughvid_data/dd2b4df6-82d1-42d4-8b7f-5e3f94ef8b25.wav,coughvid_data/dd2b4df6-82d1-42d4-8b7f-5e3f94ef8b25.wav,0.0
f6453f48-6a8a-45d5-a5fc-13f3ea508cc4,coughvid_data/f6453f48-6a8a-45d5-a5fc-13f3ea508cc4.wav,coughvid_data/f6453f48-6a8a-45d5-a5fc-13f3ea508cc4.wav,0.0
d769f90f-8183-4c42-8ea6-cf992ee40a64,coughvid_data/d769f90f-8183-4c42-8ea6-cf992ee40a64.wav,coughvid_data/d769f90f-8183-4c42-8ea6-cf992ee40a64.wav,1.0
0e8bec61-bb2e-4a7c-8ed3-0aabee124701,coughvid_data/0e8bec61-bb2e-4a7c-8ed3-0aabee124701.wav,coughvid_data/0e8bec61-bb2e-4a7c-8ed3-0aabee124701.wav,1.0
ad4c34f0-25c4-4e74-88c8-ae0335b0dd1b,coughvid_data/ad4c34f0-25c4-4e74-88c8-ae0335b0dd1b.wav,coughvid_data/ad4c34f0-25c4-4e74-88c8-ae0335b0dd1b.wav,1.0
d3d69ef9-a2ca-4fcb-91f3-ee0cb24faae7,coughvid_data/d3d69ef9-a2ca-4fcb-91f3-ee0cb24faae7.wav,coughvid_data/d3d69ef9-a2ca-4fcb-91f3-ee0cb24faae7.wav,0.0
7758ab8a-62f7-4915-b3ad-669738bd03a4,coughvid_data/7758ab8a-62f7-4915-b3ad-669738bd03a4.wav,coughvid_data/7758ab8a-62f7-4915-b3ad-669738bd03a4.wav,0.0
4088a6d0-7a90-481f-aac6-4265ed8e0856,coughvid_data/4088a6d0-7a90-481f-aac6-4265ed8e0856.wav,coughvid_data/4088a6d0-7a90-481f-aac6-4265ed8e0856.wav,0.0
30f36733-4747-412e-984f-7577e662385d,coughvid_data/30f36733-4747-412e-984f-7577e662385d.wav,coughvid_data/30f36733-4747-412e-984f-7577e662385d.wav,1.0
107460c7-eb4f-47be-a9fa-430cc196deaf,coughvid_data/107460c7-eb4f-47be-a9fa-430cc196deaf.wav,coughvid_data/107460c7-eb4f-47be-a9fa-430cc196deaf.wav,1.0
55086049-a64a-4135-a499-6af8fbcc87ea,coughvid_data/55086049-a64a-4135-a499-6af8fbcc87ea.wav,coughvid_data/55086049-a64a-4135-a499-6af8fbcc87ea.wav,0.0
f3bdd3ab-aac5-42ca-9c3e-36475ee47349,coughvid_data/f3bdd3ab-aac5-42ca-9c3e-36475ee47349.wav,coughvid_data/f3bdd3ab-aac5-42ca-9c3e-36475ee47349.wav,1.0
861d08d1-8b10-40e3-afa0-710451936f11,coughvid_data/861d08d1-8b10-40e3-afa0-710451936f11.wav,coughvid_data/861d08d1-8b10-40e3-afa0-710451936f11.wav,1.0
a93eca00-d80c-4e47-9932-2197046634c4,coughvid_data/a93eca00-d80c-4e47-9932-2197046634c4.wav,coughvid_data/a93eca00-d80c-4e47-9932-2197046634c4.wav,0.0
99fe6e68-d554-46a6-987c-461ee9f6561e,coughvid_data/99fe6e68-d554-46a6-987c-461ee9f6561e.wav,coughvid_data/99fe6e68-d554-46a6-987c-461ee9f6561e.wav,0.0
efe235af-39f0-4c68-abea-8c333d5f9aa0,coughvid_data/efe235af-39f0-4c68-abea-8c333d5f9aa0.wav,coughvid_data/efe235af-39f0-4c68-abea-8c333d5f9aa0.wav,0.0
eea2dfd8-45fa-4016-a501-29cfe5030807,coughvid_data/eea2dfd8-45fa-4016-a501-29cfe5030807.wav,coughvid_data/eea2dfd8-45fa-4016-a501-29cfe5030807.wav,1.0
795c5b9d-7a20-47a9-9064-726d7d4c504b,coughvid_data/795c5b9d-7a20-47a9-9064-726d7d4c504b.wav,coughvid_data/795c5b9d-7a20-47a9-9064-726d7d4c504b.wav,1.0
8fcb3507-dc11-4b65-a82f-e6bd7555d324,coughvid_data/8fcb3507-dc11-4b65-a82f-e6bd7555d324.wav,coughvid_data/8fcb3507-dc11-4b65-a82f-e6bd7555d324.wav,0.0
e7bd9488-4878-404b-bc30-da40ac705462,coughvid_data/e7bd9488-4878-404b-bc30-da40ac705462.wav,coughvid_data/e7bd9488-4878-404b-bc30-da40ac705462.wav,1.0
3f79e920-731a-4b1c-94b2-7e02f256c9e0,coughvid_data/3f79e920-731a-4b1c-94b2-7e02f256c9e0.wav,coughvid_data/3f79e920-731a-4b1c-94b2-7e02f256c9e0.wav,1.0
cb07a015-e6bc-4282-8477-9f88eeba5af9,coughvid_data/cb07a015-e6bc-4282-8477-9f88eeba5af9.wav,coughvid_data/cb07a015-e6bc-4282-8477-9f88eeba5af9.wav,1.0
9f918d19-9956-4afe-9f98-3d31962ab708,coughvid_data/9f918d19-9956-4afe-9f98-3d31962ab708.wav,coughvid_data/9f918d19-9956-4afe-9f98-3d31962ab708.wav,1.0
1bdd54c9-f30a-43ce-9883-6fa0a68c2dec,coughvid_data/1bdd54c9-f30a-43ce-9883-6fa0a68c2dec.wav,coughvid_data/1bdd54c9-f30a-43ce-9883-6fa0a68c2dec.wav,0.0
e319ee96-c10d-45ac-86a6-b951f2591e3c,coughvid_data/e319ee96-c10d-45ac-86a6-b951f2591e3c.wav,coughvid_data/e319ee96-c10d-45ac-86a6-b951f2591e3c.wav,1.0
f32d0fc1-42e5-454e-b5a8-1582c63eb161,coughvid_data/f32d0fc1-42e5-454e-b5a8-1582c63eb161.wav,coughvid_data/f32d0fc1-42e5-454e-b5a8-1582c63eb161.wav,1.0
bfb9c86e-eead-44ac-8969-ea42e869a3a3,coughvid_data/bfb9c86e-eead-44ac-8969-ea42e869a3a3.wav,coughvid_data/bfb9c86e-eead-44ac-8969-ea42e869a3a3.wav,1.0
ce323b52-86be-42b4-bc3c-0f6a8de38470,coughvid_data/ce323b52-86be-42b4-bc3c-0f6a8de38470.wav,coughvid_data/ce323b52-86be-42b4-bc3c-0f6a8de38470.wav,0.0
c4da0f65-3d9f-480c-9967-ec45e2ef7f69,coughvid_data/c4da0f65-3d9f-480c-9967-ec45e2ef7f69.wav,coughvid_data/c4da0f65-3d9f-480c-9967-ec45e2ef7f69.wav,0.0
79e83fb4-f6ca-4efd-8e7e-36a02c5bf650,coughvid_data/79e83fb4-f6ca-4efd-8e7e-36a02c5bf650.wav,coughvid_data/79e83fb4-f6ca-4efd-8e7e-36a02c5bf650.wav,0.0
aa75a033-7295-488d-98d8-dd702ca9d5a7,coughvid_data/aa75a033-7295-488d-98d8-dd702ca9d5a7.wav,coughvid_data/aa75a033-7295-488d-98d8-dd702ca9d5a7.wav,1.0
ae45bd97-2717-4765-9ce2-0d5d05900e0f,coughvid_data/ae45bd97-2717-4765-9ce2-0d5d05900e0f.wav,coughvid_data/ae45bd97-2717-4765-9ce2-0d5d05900e0f.wav,1.0
4c928ace-a7e3-4bf0-bd53-2a4beadd69d1,coughvid_data/4c928ace-a7e3-4bf0-bd53-2a4beadd69d1.wav,coughvid_data/4c928ace-a7e3-4bf0-bd53-2a4beadd69d1.wav,0.0
f049db3b-5e1b-4dee-a83f-2882d91d2cbf,coughvid_data/f049db3b-5e1b-4dee-a83f-2882d91d2cbf.wav,coughvid_data/f049db3b-5e1b-4dee-a83f-2882d91d2cbf.wav,1.0
4e88cbad-154c-40ec-a0cc-5712aba6bc2d,coughvid_data/4e88cbad-154c-40ec-a0cc-5712aba6bc2d.wav,coughvid_data/4e88cbad-154c-40ec-a0cc-5712aba6bc2d.wav,0.0
e621a1ed-2350-4c6d-b423-853fcca7d9d1,coughvid_data/e621a1ed-2350-4c6d-b423-853fcca7d9d1.wav,coughvid_data/e621a1ed-2350-4c6d-b423-853fcca7d9d1.wav,0.0
90b2c78b-41ac-4420-9672-c2af438faba3,coughvid_data/90b2c78b-41ac-4420-9672-c2af438faba3.wav,coughvid_data/90b2c78b-41ac-4420-9672-c2af438faba3.wav,1.0
daf5969e-7d08-4766-86a6-d34944103bae,coughvid_data/daf5969e-7d08-4766-86a6-d34944103bae.wav,coughvid_data/daf5969e-7d08-4766-86a6-d34944103bae.wav,0.0
a3d7a285-2f62-4c83-acc2-6753661dc1b5,coughvid_data/a3d7a285-2f62-4c83-acc2-6753661dc1b5.wav,coughvid_data/a3d7a285-2f62-4c83-acc2-6753661dc1b5.wav,1.0
6903cca4-a816-43bb-a527-4bb6cbd6e5be,coughvid_data/6903cca4-a816-43bb-a527-4bb6cbd6e5be.wav,coughvid_data/6903cca4-a816-43bb-a527-4bb6cbd6e5be.wav,0.0
efa1d3d1-b29a-4f81-a5f5-ab5fadb6be14,coughvid_data/efa1d3d1-b29a-4f81-a5f5-ab5fadb6be14.wav,coughvid_data/efa1d3d1-b29a-4f81-a5f5-ab5fadb6be14.wav,1.0
3487d783-9802-4c33-938d-ce94ed0b4c8c,coughvid_data/3487d783-9802-4c33-938d-ce94ed0b4c8c.wav,coughvid_data/3487d783-9802-4c33-938d-ce94ed0b4c8c.wav,0.0
fa6cc661-66eb-4067-add2-4a3e094a9e07,coughvid_data/fa6cc661-66eb-4067-add2-4a3e094a9e07.wav,coughvid_data/fa6cc661-66eb-4067-add2-4a3e094a9e07.wav,0.0
08fd1472-1d89-4bc6-b62b-0fce6483c19b,coughvid_data/08fd1472-1d89-4bc6-b62b-0fce6483c19b.wav,coughvid_data/08fd1472-1d89-4bc6-b62b-0fce6483c19b.wav,0.0
b8d76cc3-378a-4ac6-9aef-0640c8473e7e,coughvid_data/b8d76cc3-378a-4ac6-9aef-0640c8473e7e.wav,coughvid_data/b8d76cc3-378a-4ac6-9aef-0640c8473e7e.wav,1.0
78a50cb7-b218-47ff-aed2-af71fc85e774,coughvid_data/78a50cb7-b218-47ff-aed2-af71fc85e774.wav,coughvid_data/78a50cb7-b218-47ff-aed2-af71fc85e774.wav,0.0
3273a756-3412-4e85-a204-b83111f63519,coughvid_data/3273a756-3412-4e85-a204-b83111f63519.wav,coughvid_data/3273a756-3412-4e85-a204-b83111f63519.wav,1.0
4475dc50-43fb-4907-87e7-c486197b284d,coughvid_data/4475dc50-43fb-4907-87e7-c486197b284d.wav,coughvid_data/4475dc50-43fb-4907-87e7-c486197b284d.wav,0.0
b8d3ceff-69bd-481a-aa15-559ab57b46df,coughvid_data/b8d3ceff-69bd-481a-aa15-559ab57b46df.wav,coughvid_data/b8d3ceff-69bd-481a-aa15-559ab57b46df.wav,1.0
5658c411-cd2e-471d-a0b6-c8126c68da28,coughvid_data/5658c411-cd2e-471d-a0b6-c8126c68da28.wav,coughvid_data/5658c411-cd2e-471d-a0b6-c8126c68da28.wav,1.0
8dc51507-c198-46f1-bdb2-bcb747707a29,coughvid_data/8dc51507-c198-46f1-bdb2-bcb747707a29.wav,coughvid_data/8dc51507-c198-46f1-bdb2-bcb747707a29.wav,1.0
d91ea23a-e760-4ff3-8beb-760f25e903fd,coughvid_data/d91ea23a-e760-4ff3-8beb-760f25e903fd.wav,coughvid_data/d91ea23a-e760-4ff3-8beb-760f25e903fd.wav,1.0
417c64a0-bb2f-40a6-b3da-f8047d84323e,coughvid_data/417c64a0-bb2f-40a6-b3da-f8047d84323e.wav,coughvid_data/417c64a0-bb2f-40a6-b3da-f8047d84323e.wav,0.0
ddad77ba-4353-4761-aa76-6e3a1d87c111,coughvid_data/ddad77ba-4353-4761-aa76-6e3a1d87c111.wav,coughvid_data/ddad77ba-4353-4761-aa76-6e3a1d87c111.wav,0.0
1339ceab-0383-435c-8b44-80503f547ef8,coughvid_data/1339ceab-0383-435c-8b44-80503f547ef8.wav,coughvid_data/1339ceab-0383-435c-8b44-80503f547ef8.wav,0.0
6e895deb-b376-4702-860d-8e3f3f9f3002,coughvid_data/6e895deb-b376-4702-860d-8e3f3f9f3002.wav,coughvid_data/6e895deb-b376-4702-860d-8e3f3f9f3002.wav,0.0
31a3f56d-a5e1-447b-85e9-9f5448d905d1,coughvid_data/31a3f56d-a5e1-447b-85e9-9f5448d905d1.wav,coughvid_data/31a3f56d-a5e1-447b-85e9-9f5448d905d1.wav,0.0
00039425-7f3a-42aa-ac13-834aaa2b6b92,coughvid_data/00039425-7f3a-42aa-ac13-834aaa2b6b92.wav,coughvid_data/00039425-7f3a-42aa-ac13-834aaa2b6b92.wav,1.0
f5aa8d4c-108b-4b4d-8e8f-5684c10b2d26,coughvid_data/f5aa8d4c-108b-4b4d-8e8f-5684c10b2d26.wav,coughvid_data/f5aa8d4c-108b-4b4d-8e8f-5684c10b2d26.wav,0.0
4aa75589-0ed3-4823-9063-9bc987e475a2,coughvid_data/4aa75589-0ed3-4823-9063-9bc987e475a2.wav,coughvid_data/4aa75589-0ed3-4823-9063-9bc987e475a2.wav,1.0
f44d809c-6864-4c04-96ef-601f9666143e,coughvid_data/f44d809c-6864-4c04-96ef-601f9666143e.wav,coughvid_data/f44d809c-6864-4c04-96ef-601f9666143e.wav,1.0
99c48351-a203-4e11-a515-55b0e7e86ca4,coughvid_data/99c48351-a203-4e11-a515-55b0e7e86ca4.wav,coughvid_data/99c48351-a203-4e11-a515-55b0e7e86ca4.wav,0.0
062e6942-8fe1-4b53-aca8-d51da618f11a,coughvid_data/062e6942-8fe1-4b53-aca8-d51da618f11a.wav,coughvid_data/062e6942-8fe1-4b53-aca8-d51da618f11a.wav,0.0
74ea774e-38be-4085-b18e-3806de36b577,coughvid_data/74ea774e-38be-4085-b18e-3806de36b577.wav,coughvid_data/74ea774e-38be-4085-b18e-3806de36b577.wav,0.0
c2d9742f-0bdd-44b3-aef0-101494540142,coughvid_data/c2d9742f-0bdd-44b3-aef0-101494540142.wav,coughvid_data/c2d9742f-0bdd-44b3-aef0-101494540142.wav,0.0
963122be-e58f-416e-a9cb-acabedb60cd6,coughvid_data/963122be-e58f-416e-a9cb-acabedb60cd6.wav,coughvid_data/963122be-e58f-416e-a9cb-acabedb60cd6.wav,0.0
9b3b456b-63ed-43f1-a10e-072d456a76cb,coughvid_data/9b3b456b-63ed-43f1-a10e-072d456a76cb.wav,coughvid_data/9b3b456b-63ed-43f1-a10e-072d456a76cb.wav,1.0
618fc43a-4d9d-4dad-8b68-2714b584ccc4,coughvid_data/618fc43a-4d9d-4dad-8b68-2714b584ccc4.wav,coughvid_data/618fc43a-4d9d-4dad-8b68-2714b584ccc4.wav,1.0
9ec6247e-bf87-4639-85c2-8430bb85fc63,coughvid_data/9ec6247e-bf87-4639-85c2-8430bb85fc63.wav,coughvid_data/9ec6247e-bf87-4639-85c2-8430bb85fc63.wav,0.0
f073b040-6984-4c87-a5c0-1738931157ca,coughvid_data/f073b040-6984-4c87-a5c0-1738931157ca.wav,coughvid_data/f073b040-6984-4c87-a5c0-1738931157ca.wav,1.0
3fa4d893-3f8b-43d3-b4db-95c9ce5dfb6a,coughvid_data/3fa4d893-3f8b-43d3-b4db-95c9ce5dfb6a.wav,coughvid_data/3fa4d893-3f8b-43d3-b4db-95c9ce5dfb6a.wav,1.0
6c571083-92c8-4caf-a203-188ab8b22ed8,coughvid_data/6c571083-92c8-4caf-a203-188ab8b22ed8.wav,coughvid_data/6c571083-92c8-4caf-a203-188ab8b22ed8.wav,0.0
6623c3f4-7fa8-4917-8a92-f33f5111ffcd,coughvid_data/6623c3f4-7fa8-4917-8a92-f33f5111ffcd.wav,coughvid_data/6623c3f4-7fa8-4917-8a92-f33f5111ffcd.wav,0.0
6fa31539-a5e2-4294-bfed-308130b92706,coughvid_data/6fa31539-a5e2-4294-bfed-308130b92706.wav,coughvid_data/6fa31539-a5e2-4294-bfed-308130b92706.wav,1.0
63a0e759-a038-40a2-acfc-8cedd255a6a2,coughvid_data/63a0e759-a038-40a2-acfc-8cedd255a6a2.wav,coughvid_data/63a0e759-a038-40a2-acfc-8cedd255a6a2.wav,0.0
823cd2be-e5b8-4871-95a1-a71e46abd6d0,coughvid_data/823cd2be-e5b8-4871-95a1-a71e46abd6d0.wav,coughvid_data/823cd2be-e5b8-4871-95a1-a71e46abd6d0.wav,0.0
f88cdb73-c0c6-4996-bd6a-a1382c03e1c3,coughvid_data/f88cdb73-c0c6-4996-bd6a-a1382c03e1c3.wav,coughvid_data/f88cdb73-c0c6-4996-bd6a-a1382c03e1c3.wav,1.0
4654fd5b-bc9d-4180-bec6-eb3c35c6768f,coughvid_data/4654fd5b-bc9d-4180-bec6-eb3c35c6768f.wav,coughvid_data/4654fd5b-bc9d-4180-bec6-eb3c35c6768f.wav,0.0
2f97671c-5e6f-4a90-80c4-a54e8254ec6d,coughvid_data/2f97671c-5e6f-4a90-80c4-a54e8254ec6d.wav,coughvid_data/2f97671c-5e6f-4a90-80c4-a54e8254ec6d.wav,0.0
76f5dce1-ceea-4862-bc36-856026514c88,coughvid_data/76f5dce1-ceea-4862-bc36-856026514c88.wav,coughvid_data/76f5dce1-ceea-4862-bc36-856026514c88.wav,1.0
6b93d9f5-1814-4172-842a-3b141264a6b9,coughvid_data/6b93d9f5-1814-4172-842a-3b141264a6b9.wav,coughvid_data/6b93d9f5-1814-4172-842a-3b141264a6b9.wav,1.0
e49ef978-9605-45c3-8693-71149e10cf97,coughvid_data/e49ef978-9605-45c3-8693-71149e10cf97.wav,coughvid_data/e49ef978-9605-45c3-8693-71149e10cf97.wav,0.0
dce39a72-4155-4a26-97dc-dfc39fdfd8e3,coughvid_data/dce39a72-4155-4a26-97dc-dfc39fdfd8e3.wav,coughvid_data/dce39a72-4155-4a26-97dc-dfc39fdfd8e3.wav,1.0
97da1c1c-969a-45a0-92e2-b4a1b545cfbe,coughvid_data/97da1c1c-969a-45a0-92e2-b4a1b545cfbe.wav,coughvid_data/97da1c1c-969a-45a0-92e2-b4a1b545cfbe.wav,1.0
e136f725-f618-40e9-82e9-d4712a5479dd,coughvid_data/e136f725-f618-40e9-82e9-d4712a5479dd.wav,coughvid_data/e136f725-f618-40e9-82e9-d4712a5479dd.wav,1.0
e637c958-9479-4e14-81ad-d5533e04a663,coughvid_data/e637c958-9479-4e14-81ad-d5533e04a663.wav,coughvid_data/e637c958-9479-4e14-81ad-d5533e04a663.wav,1.0
3e2eadff-c441-4bb2-a56e-957ab85e8676,coughvid_data/3e2eadff-c441-4bb2-a56e-957ab85e8676.wav,coughvid_data/3e2eadff-c441-4bb2-a56e-957ab85e8676.wav,0.0
c49baa84-8fe0-455b-95ff-51ec0751c967,coughvid_data/c49baa84-8fe0-455b-95ff-51ec0751c967.wav,coughvid_data/c49baa84-8fe0-455b-95ff-51ec0751c967.wav,0.0
b2f40211-06b4-4b75-acb1-cbbe01b994f7,coughvid_data/b2f40211-06b4-4b75-acb1-cbbe01b994f7.wav,coughvid_data/b2f40211-06b4-4b75-acb1-cbbe01b994f7.wav,1.0
9c0c475c-c06a-411a-9069-270556353cde,coughvid_data/9c0c475c-c06a-411a-9069-270556353cde.wav,coughvid_data/9c0c475c-c06a-411a-9069-270556353cde.wav,0.0
4619f7e8-fae5-4477-971c-0568ede350a2,coughvid_data/4619f7e8-fae5-4477-971c-0568ede350a2.wav,coughvid_data/4619f7e8-fae5-4477-971c-0568ede350a2.wav,1.0
ef72a3bb-d8a5-4ca5-9743-f2a9fb427583,coughvid_data/ef72a3bb-d8a5-4ca5-9743-f2a9fb427583.wav,coughvid_data/ef72a3bb-d8a5-4ca5-9743-f2a9fb427583.wav,0.0
30d40fe5-16e3-4ddb-bb70-d86a34386607,coughvid_data/30d40fe5-16e3-4ddb-bb70-d86a34386607.wav,coughvid_data/30d40fe5-16e3-4ddb-bb70-d86a34386607.wav,1.0
8dcc39ae-a1e8-4c5f-8f6b-e3a1eca535d4,coughvid_data/8dcc39ae-a1e8-4c5f-8f6b-e3a1eca535d4.wav,coughvid_data/8dcc39ae-a1e8-4c5f-8f6b-e3a1eca535d4.wav,1.0
1f2331b6-e5d1-4fea-be0d-6b07f18d812f,coughvid_data/1f2331b6-e5d1-4fea-be0d-6b07f18d812f.wav,coughvid_data/1f2331b6-e5d1-4fea-be0d-6b07f18d812f.wav,1.0
061f1682-9b72-45a5-a219-04a53f815e1d,coughvid_data/061f1682-9b72-45a5-a219-04a53f815e1d.wav,coughvid_data/061f1682-9b72-45a5-a219-04a53f815e1d.wav,1.0
38e9e9a4-d0ac-460c-8386-ba68f54f0dc5,coughvid_data/38e9e9a4-d0ac-460c-8386-ba68f54f0dc5.wav,coughvid_data/38e9e9a4-d0ac-460c-8386-ba68f54f0dc5.wav,0.0
69aa1ebb-7fd1-4768-8812-c7dc6a46676e,coughvid_data/69aa1ebb-7fd1-4768-8812-c7dc6a46676e.wav,coughvid_data/69aa1ebb-7fd1-4768-8812-c7dc6a46676e.wav,0.0
0352b80b-3c92-44f2-abbf-d6c056e02ee9,coughvid_data/0352b80b-3c92-44f2-abbf-d6c056e02ee9.wav,coughvid_data/0352b80b-3c92-44f2-abbf-d6c056e02ee9.wav,1.0
125243ce-cda2-4412-a38c-474dd3875d1f,coughvid_data/125243ce-cda2-4412-a38c-474dd3875d1f.wav,coughvid_data/125243ce-cda2-4412-a38c-474dd3875d1f.wav,1.0
be4af024-ad2d-4e3c-9672-b00d995ef58e,coughvid_data/be4af024-ad2d-4e3c-9672-b00d995ef58e.wav,coughvid_data/be4af024-ad2d-4e3c-9672-b00d995ef58e.wav,0.0
5770f8d5-7009-4f77-87bf-f03f1b0126ae,coughvid_data/5770f8d5-7009-4f77-87bf-f03f1b0126ae.wav,coughvid_data/5770f8d5-7009-4f77-87bf-f03f1b0126ae.wav,0.0
d80673d1-ff42-4ee3-b981-206b1c932611,coughvid_data/d80673d1-ff42-4ee3-b981-206b1c932611.wav,coughvid_data/d80673d1-ff42-4ee3-b981-206b1c932611.wav,1.0
2f80dac1-4634-4d77-a18c-66b204042fdc,coughvid_data/2f80dac1-4634-4d77-a18c-66b204042fdc.wav,coughvid_data/2f80dac1-4634-4d77-a18c-66b204042fdc.wav,1.0
1ea331c2-bbc2-4807-a300-dfc06b596126,coughvid_data/1ea331c2-bbc2-4807-a300-dfc06b596126.wav,coughvid_data/1ea331c2-bbc2-4807-a300-dfc06b596126.wav,1.0
a31dc533-5e97-4bc7-b38b-b5af3da7902f,coughvid_data/a31dc533-5e97-4bc7-b38b-b5af3da7902f.wav,coughvid_data/a31dc533-5e97-4bc7-b38b-b5af3da7902f.wav,1.0
6c9c1f09-b31f-4e6e-9dff-9430de89db46,coughvid_data/6c9c1f09-b31f-4e6e-9dff-9430de89db46.wav,coughvid_data/6c9c1f09-b31f-4e6e-9dff-9430de89db46.wav,1.0
23180623-c32f-4fa7-85db-2aaf72438824,coughvid_data/23180623-c32f-4fa7-85db-2aaf72438824.wav,coughvid_data/23180623-c32f-4fa7-85db-2aaf72438824.wav,1.0
80c8ba8e-ad07-4435-b43e-38e428cccbc3,coughvid_data/80c8ba8e-ad07-4435-b43e-38e428cccbc3.wav,coughvid_data/80c8ba8e-ad07-4435-b43e-38e428cccbc3.wav,0.0
5feeecfd-735e-40d1-9d9a-9c9cda66a024,coughvid_data/5feeecfd-735e-40d1-9d9a-9c9cda66a024.wav,coughvid_data/5feeecfd-735e-40d1-9d9a-9c9cda66a024.wav,0.0
c4138919-bd2c-4e24-9fcf-582e428c7d27,coughvid_data/c4138919-bd2c-4e24-9fcf-582e428c7d27.wav,coughvid_data/c4138919-bd2c-4e24-9fcf-582e428c7d27.wav,1.0
f418f9a0-21a6-42f2-91e4-d857023e6216,coughvid_data/f418f9a0-21a6-42f2-91e4-d857023e6216.wav,coughvid_data/f418f9a0-21a6-42f2-91e4-d857023e6216.wav,1.0
02b80927-ead6-492b-aca9-33a009050c27,coughvid_data/02b80927-ead6-492b-aca9-33a009050c27.wav,coughvid_data/02b80927-ead6-492b-aca9-33a009050c27.wav,1.0
9677de7d-20bd-4a40-ac9b-1b00af69009c,coughvid_data/9677de7d-20bd-4a40-ac9b-1b00af69009c.wav,coughvid_data/9677de7d-20bd-4a40-ac9b-1b00af69009c.wav,1.0
3df5819e-085d-4a26-b8b3-63978864b4c5,coughvid_data/3df5819e-085d-4a26-b8b3-63978864b4c5.wav,coughvid_data/3df5819e-085d-4a26-b8b3-63978864b4c5.wav,0.0
21fc5063-f772-45be-992a-7af2b977ab12,coughvid_data/21fc5063-f772-45be-992a-7af2b977ab12.wav,coughvid_data/21fc5063-f772-45be-992a-7af2b977ab12.wav,0.0
84b5624c-fe35-40f2-87e7-5780913057d9,coughvid_data/84b5624c-fe35-40f2-87e7-5780913057d9.wav,coughvid_data/84b5624c-fe35-40f2-87e7-5780913057d9.wav,0.0
c2d24716-5e15-4066-855a-2a0c0b7566f6,coughvid_data/c2d24716-5e15-4066-855a-2a0c0b7566f6.wav,coughvid_data/c2d24716-5e15-4066-855a-2a0c0b7566f6.wav,1.0
97927ea4-eab1-4c08-aefe-17e784062b14,coughvid_data/97927ea4-eab1-4c08-aefe-17e784062b14.wav,coughvid_data/97927ea4-eab1-4c08-aefe-17e784062b14.wav,0.0
453ea93e-fddc-41cb-ac8d-41ec6168780a,coughvid_data/453ea93e-fddc-41cb-ac8d-41ec6168780a.wav,coughvid_data/453ea93e-fddc-41cb-ac8d-41ec6168780a.wav,0.0
5b27a864-b54a-4014-a702-066a2c877999,coughvid_data/5b27a864-b54a-4014-a702-066a2c877999.wav,coughvid_data/5b27a864-b54a-4014-a702-066a2c877999.wav,1.0
6db06b06-da78-40c1-8312-fd80cc6e5bdd,coughvid_data/6db06b06-da78-40c1-8312-fd80cc6e5bdd.wav,coughvid_data/6db06b06-da78-40c1-8312-fd80cc6e5bdd.wav,1.0
e0177fc1-39ec-433c-b5cb-6c71b859a88c,coughvid_data/e0177fc1-39ec-433c-b5cb-6c71b859a88c.wav,coughvid_data/e0177fc1-39ec-433c-b5cb-6c71b859a88c.wav,1.0
f6dc47c2-d5f1-4153-b9a9-7ee1419cbae5,coughvid_data/f6dc47c2-d5f1-4153-b9a9-7ee1419cbae5.wav,coughvid_data/f6dc47c2-d5f1-4153-b9a9-7ee1419cbae5.wav,1.0
caae5140-8ccd-498b-ae24-66950c30bac7,coughvid_data/caae5140-8ccd-498b-ae24-66950c30bac7.wav,coughvid_data/caae5140-8ccd-498b-ae24-66950c30bac7.wav,1.0
d76d48e1-2464-4de4-bd50-470ff9d62b36,coughvid_data/d76d48e1-2464-4de4-bd50-470ff9d62b36.wav,coughvid_data/d76d48e1-2464-4de4-bd50-470ff9d62b36.wav,1.0
c4961eda-91f5-4fbc-bd90-92f56f7f4deb,coughvid_data/c4961eda-91f5-4fbc-bd90-92f56f7f4deb.wav,coughvid_data/c4961eda-91f5-4fbc-bd90-92f56f7f4deb.wav,1.0
b5ce1668-a787-4424-841c-8f17cb05ebb5,coughvid_data/b5ce1668-a787-4424-841c-8f17cb05ebb5.wav,coughvid_data/b5ce1668-a787-4424-841c-8f17cb05ebb5.wav,0.0
a6ab30ff-b03b-4c0f-a791-45a6574b1433,coughvid_data/a6ab30ff-b03b-4c0f-a791-45a6574b1433.wav,coughvid_data/a6ab30ff-b03b-4c0f-a791-45a6574b1433.wav,1.0
8b66adaa-ff22-45f1-b74e-9719c0d544f9,coughvid_data/8b66adaa-ff22-45f1-b74e-9719c0d544f9.wav,coughvid_data/8b66adaa-ff22-45f1-b74e-9719c0d544f9.wav,1.0
b711d63a-88ae-403a-a6dd-35ea22a769c1,coughvid_data/b711d63a-88ae-403a-a6dd-35ea22a769c1.wav,coughvid_data/b711d63a-88ae-403a-a6dd-35ea22a769c1.wav,1.0
62c7f047-52fd-47d2-9eca-f8ebbe6c360a,coughvid_data/62c7f047-52fd-47d2-9eca-f8ebbe6c360a.wav,coughvid_data/62c7f047-52fd-47d2-9eca-f8ebbe6c360a.wav,0.0
d3323b7b-a058-46ed-859c-083755e66713,coughvid_data/d3323b7b-a058-46ed-859c-083755e66713.wav,coughvid_data/d3323b7b-a058-46ed-859c-083755e66713.wav,0.0
870f2198-58ce-4f29-9479-b9febb285837,coughvid_data/870f2198-58ce-4f29-9479-b9febb285837.wav,coughvid_data/870f2198-58ce-4f29-9479-b9febb285837.wav,0.0
d88430da-2e6a-4305-aba8-9c5b0163b851,coughvid_data/d88430da-2e6a-4305-aba8-9c5b0163b851.wav,coughvid_data/d88430da-2e6a-4305-aba8-9c5b0163b851.wav,0.0
86632734-db49-454c-87d0-26836a696464,coughvid_data/86632734-db49-454c-87d0-26836a696464.wav,coughvid_data/86632734-db49-454c-87d0-26836a696464.wav,1.0
8860481e-5493-49dd-968c-909f9739e3d7,coughvid_data/8860481e-5493-49dd-968c-909f9739e3d7.wav,coughvid_data/8860481e-5493-49dd-968c-909f9739e3d7.wav,0.0
d222f342-71d2-4d45-a183-556b16eda313,coughvid_data/d222f342-71d2-4d45-a183-556b16eda313.wav,coughvid_data/d222f342-71d2-4d45-a183-556b16eda313.wav,1.0
a62d8332-6c8a-4cb1-a89f-af5fd43cbde9,coughvid_data/a62d8332-6c8a-4cb1-a89f-af5fd43cbde9.wav,coughvid_data/a62d8332-6c8a-4cb1-a89f-af5fd43cbde9.wav,0.0
7b52c788-7972-4c4d-8f25-3bba95ea0cd8,coughvid_data/7b52c788-7972-4c4d-8f25-3bba95ea0cd8.wav,coughvid_data/7b52c788-7972-4c4d-8f25-3bba95ea0cd8.wav,0.0
465a4214-af0b-4050-80a3-23ef15220835,coughvid_data/465a4214-af0b-4050-80a3-23ef15220835.wav,coughvid_data/465a4214-af0b-4050-80a3-23ef15220835.wav,0.0
6923c1ab-2349-4f14-ba0b-aa42dadf9c94,coughvid_data/6923c1ab-2349-4f14-ba0b-aa42dadf9c94.wav,coughvid_data/6923c1ab-2349-4f14-ba0b-aa42dadf9c94.wav,0.0
4cd7c2e0-8c12-4242-9199-510061abe4e3,coughvid_data/4cd7c2e0-8c12-4242-9199-510061abe4e3.wav,coughvid_data/4cd7c2e0-8c12-4242-9199-510061abe4e3.wav,1.0
ecf131f7-7356-4189-82e5-fb33a407cc90,coughvid_data/ecf131f7-7356-4189-82e5-fb33a407cc90.wav,coughvid_data/ecf131f7-7356-4189-82e5-fb33a407cc90.wav,1.0
0a8f3306-fd12-4689-b346-91fb29f9ae88,coughvid_data/0a8f3306-fd12-4689-b346-91fb29f9ae88.wav,coughvid_data/0a8f3306-fd12-4689-b346-91fb29f9ae88.wav,1.0
0758f54f-ba9d-4ac2-b4bd-8466ca65905c,coughvid_data/0758f54f-ba9d-4ac2-b4bd-8466ca65905c.wav,coughvid_data/0758f54f-ba9d-4ac2-b4bd-8466ca65905c.wav,1.0
b38c0167-321c-4d90-9444-cd93df803450,coughvid_data/b38c0167-321c-4d90-9444-cd93df803450.wav,coughvid_data/b38c0167-321c-4d90-9444-cd93df803450.wav,0.0
cb71869e-a2a5-4684-8dcb-9fe3c7718715,coughvid_data/cb71869e-a2a5-4684-8dcb-9fe3c7718715.wav,coughvid_data/cb71869e-a2a5-4684-8dcb-9fe3c7718715.wav,0.0
f55dd1d0-d2ec-4437-903d-7579dce3cb42,coughvid_data/f55dd1d0-d2ec-4437-903d-7579dce3cb42.wav,coughvid_data/f55dd1d0-d2ec-4437-903d-7579dce3cb42.wav,1.0
fec8a44f-f2c5-433f-b414-bd998645f831,coughvid_data/fec8a44f-f2c5-433f-b414-bd998645f831.wav,coughvid_data/fec8a44f-f2c5-433f-b414-bd998645f831.wav,0.0
462c8d00-d349-40b3-ad60-440fc5746b6d,coughvid_data/462c8d00-d349-40b3-ad60-440fc5746b6d.wav,coughvid_data/462c8d00-d349-40b3-ad60-440fc5746b6d.wav,1.0
30fa4631-eba2-44d7-ba44-4ef930092d45,coughvid_data/30fa4631-eba2-44d7-ba44-4ef930092d45.wav,coughvid_data/30fa4631-eba2-44d7-ba44-4ef930092d45.wav,1.0
78cbd14f-1d35-4eb3-bae1-ebc4cbb9d6c3,coughvid_data/78cbd14f-1d35-4eb3-bae1-ebc4cbb9d6c3.wav,coughvid_data/78cbd14f-1d35-4eb3-bae1-ebc4cbb9d6c3.wav,0.0
6643318d-0fe4-4141-bb73-c2d8a31344a3,coughvid_data/6643318d-0fe4-4141-bb73-c2d8a31344a3.wav,coughvid_data/6643318d-0fe4-4141-bb73-c2d8a31344a3.wav,1.0
b1e56350-eef1-4dd1-8d7a-446c15eff785,coughvid_data/b1e56350-eef1-4dd1-8d7a-446c15eff785.wav,coughvid_data/b1e56350-eef1-4dd1-8d7a-446c15eff785.wav,1.0
acd5e5f0-5429-48ff-b7cc-f6d542837978,coughvid_data/acd5e5f0-5429-48ff-b7cc-f6d542837978.wav,coughvid_data/acd5e5f0-5429-48ff-b7cc-f6d542837978.wav,1.0
f7d1f28a-e3a8-4dd9-b7ec-93e04ee023a0,coughvid_data/f7d1f28a-e3a8-4dd9-b7ec-93e04ee023a0.wav,coughvid_data/f7d1f28a-e3a8-4dd9-b7ec-93e04ee023a0.wav,1.0
555eaca7-3cb0-4d20-af72-4461f41c190e,coughvid_data/555eaca7-3cb0-4d20-af72-4461f41c190e.wav,coughvid_data/555eaca7-3cb0-4d20-af72-4461f41c190e.wav,0.0
ff731ebc-e506-47ca-9625-26546faa1b17,coughvid_data/ff731ebc-e506-47ca-9625-26546faa1b17.wav,coughvid_data/ff731ebc-e506-47ca-9625-26546faa1b17.wav,0.0
0eab6b44-31fa-482b-bf66-56e64523d90a,coughvid_data/0eab6b44-31fa-482b-bf66-56e64523d90a.wav,coughvid_data/0eab6b44-31fa-482b-bf66-56e64523d90a.wav,0.0
0ca87360-2c71-4adb-bdb4-63e95dc50696,coughvid_data/0ca87360-2c71-4adb-bdb4-63e95dc50696.wav,coughvid_data/0ca87360-2c71-4adb-bdb4-63e95dc50696.wav,1.0
10bd680f-9c03-4cb2-802b-7a90b0060533,coughvid_data/10bd680f-9c03-4cb2-802b-7a90b0060533.wav,coughvid_data/10bd680f-9c03-4cb2-802b-7a90b0060533.wav,1.0
ce121666-486d-4cd5-be21-2dc9c81a5aba,coughvid_data/ce121666-486d-4cd5-be21-2dc9c81a5aba.wav,coughvid_data/ce121666-486d-4cd5-be21-2dc9c81a5aba.wav,1.0
61456348-f70d-4642-b8b4-24fcef671a18,coughvid_data/61456348-f70d-4642-b8b4-24fcef671a18.wav,coughvid_data/61456348-f70d-4642-b8b4-24fcef671a18.wav,0.0
93aad509-ee9e-44e9-93dc-4fd93abedbe3,coughvid_data/93aad509-ee9e-44e9-93dc-4fd93abedbe3.wav,coughvid_data/93aad509-ee9e-44e9-93dc-4fd93abedbe3.wav,1.0
b068e51c-87a4-4692-bee1-ec983570bf44,coughvid_data/b068e51c-87a4-4692-bee1-ec983570bf44.wav,coughvid_data/b068e51c-87a4-4692-bee1-ec983570bf44.wav,1.0
66fcdc41-6150-4037-9842-0417375a4d14,coughvid_data/66fcdc41-6150-4037-9842-0417375a4d14.wav,coughvid_data/66fcdc41-6150-4037-9842-0417375a4d14.wav,1.0
5f5ae480-fb9c-4218-8163-4a8ebf5f78a8,coughvid_data/5f5ae480-fb9c-4218-8163-4a8ebf5f78a8.wav,coughvid_data/5f5ae480-fb9c-4218-8163-4a8ebf5f78a8.wav,1.0
a1ee538a-ad06-497f-ae0f-138b65f52be6,coughvid_data/a1ee538a-ad06-497f-ae0f-138b65f52be6.wav,coughvid_data/a1ee538a-ad06-497f-ae0f-138b65f52be6.wav,1.0
ff327b04-44ca-4a61-80c5-c90b7b930fc5,coughvid_data/ff327b04-44ca-4a61-80c5-c90b7b930fc5.wav,coughvid_data/ff327b04-44ca-4a61-80c5-c90b7b930fc5.wav,1.0
f1b4540e-c434-42dd-bce7-46ba54240c39,coughvid_data/f1b4540e-c434-42dd-bce7-46ba54240c39.wav,coughvid_data/f1b4540e-c434-42dd-bce7-46ba54240c39.wav,1.0
c24c992e-215e-4655-8885-3852e7eeccd0,coughvid_data/c24c992e-215e-4655-8885-3852e7eeccd0.wav,coughvid_data/c24c992e-215e-4655-8885-3852e7eeccd0.wav,1.0
b2880c03-b9df-4fab-b2cf-a82eb3ab97f8,coughvid_data/b2880c03-b9df-4fab-b2cf-a82eb3ab97f8.wav,coughvid_data/b2880c03-b9df-4fab-b2cf-a82eb3ab97f8.wav,1.0
8d7cc5c0-98cd-4231-8da4-50a7d07020b3,coughvid_data/8d7cc5c0-98cd-4231-8da4-50a7d07020b3.wav,coughvid_data/8d7cc5c0-98cd-4231-8da4-50a7d07020b3.wav,0.0
b3f0d0aa-5206-4f12-a570-f27d75b741cb,coughvid_data/b3f0d0aa-5206-4f12-a570-f27d75b741cb.wav,coughvid_data/b3f0d0aa-5206-4f12-a570-f27d75b741cb.wav,1.0
8aff6197-2ff0-4acc-943e-5475350e8018,coughvid_data/8aff6197-2ff0-4acc-943e-5475350e8018.wav,coughvid_data/8aff6197-2ff0-4acc-943e-5475350e8018.wav,1.0
62545f0f-6200-48c2-879e-1b4d0c57f4ef,coughvid_data/62545f0f-6200-48c2-879e-1b4d0c57f4ef.wav,coughvid_data/62545f0f-6200-48c2-879e-1b4d0c57f4ef.wav,1.0
32d23963-e40e-4f6d-9d88-d80ed375a8ac,coughvid_data/32d23963-e40e-4f6d-9d88-d80ed375a8ac.wav,coughvid_data/32d23963-e40e-4f6d-9d88-d80ed375a8ac.wav,0.0
36d1c7ee-0e4f-4d25-8e0c-e38bd76143eb,coughvid_data/36d1c7ee-0e4f-4d25-8e0c-e38bd76143eb.wav,coughvid_data/36d1c7ee-0e4f-4d25-8e0c-e38bd76143eb.wav,1.0
2c0c69b2-e59a-4b77-b4f1-5de0b76a1eb3,coughvid_data/2c0c69b2-e59a-4b77-b4f1-5de0b76a1eb3.wav,coughvid_data/2c0c69b2-e59a-4b77-b4f1-5de0b76a1eb3.wav,1.0
0153da92-3e0e-414c-b0dc-92ef6c64c172,coughvid_data/0153da92-3e0e-414c-b0dc-92ef6c64c172.wav,coughvid_data/0153da92-3e0e-414c-b0dc-92ef6c64c172.wav,1.0
07e3ad35-6c0c-4aa3-83a0-f525ce50d41d,coughvid_data/07e3ad35-6c0c-4aa3-83a0-f525ce50d41d.wav,coughvid_data/07e3ad35-6c0c-4aa3-83a0-f525ce50d41d.wav,1.0
10e82596-f111-4bf6-8104-a984253469d4,coughvid_data/10e82596-f111-4bf6-8104-a984253469d4.wav,coughvid_data/10e82596-f111-4bf6-8104-a984253469d4.wav,0.0
19c9c854-34c2-4b57-9de5-4d3d10b2a9b3,coughvid_data/19c9c854-34c2-4b57-9de5-4d3d10b2a9b3.wav,coughvid_data/19c9c854-34c2-4b57-9de5-4d3d10b2a9b3.wav,1.0
f7359e8a-d263-453a-ab78-5576fe5a0e96,coughvid_data/f7359e8a-d263-453a-ab78-5576fe5a0e96.wav,coughvid_data/f7359e8a-d263-453a-ab78-5576fe5a0e96.wav,1.0
5c843d88-7dcc-49b3-aa7b-0cf9eedbabea,coughvid_data/5c843d88-7dcc-49b3-aa7b-0cf9eedbabea.wav,coughvid_data/5c843d88-7dcc-49b3-aa7b-0cf9eedbabea.wav,0.0
607ca59b-fefd-4d74-a855-c85a11c9bbc3,coughvid_data/607ca59b-fefd-4d74-a855-c85a11c9bbc3.wav,coughvid_data/607ca59b-fefd-4d74-a855-c85a11c9bbc3.wav,1.0
185efd81-6060-469e-bfba-d9e26ef42d47,coughvid_data/185efd81-6060-469e-bfba-d9e26ef42d47.wav,coughvid_data/185efd81-6060-469e-bfba-d9e26ef42d47.wav,0.0
0f01b26b-d749-4946-9fd8-9b7436c19303,coughvid_data/0f01b26b-d749-4946-9fd8-9b7436c19303.wav,coughvid_data/0f01b26b-d749-4946-9fd8-9b7436c19303.wav,0.0
c54e2543-7e25-4a57-83fe-6b227220d00c,coughvid_data/c54e2543-7e25-4a57-83fe-6b227220d00c.wav,coughvid_data/c54e2543-7e25-4a57-83fe-6b227220d00c.wav,1.0
d7c0abfa-f689-4ccd-a71e-516c528e0f8d,coughvid_data/d7c0abfa-f689-4ccd-a71e-516c528e0f8d.wav,coughvid_data/d7c0abfa-f689-4ccd-a71e-516c528e0f8d.wav,1.0
6b79bd68-ba91-4b4c-a5fd-0bc6ad4bb186,coughvid_data/6b79bd68-ba91-4b4c-a5fd-0bc6ad4bb186.wav,coughvid_data/6b79bd68-ba91-4b4c-a5fd-0bc6ad4bb186.wav,0.0
891450f7-a656-44df-b767-2e61b4b16d05,coughvid_data/891450f7-a656-44df-b767-2e61b4b16d05.wav,coughvid_data/891450f7-a656-44df-b767-2e61b4b16d05.wav,0.0
fad3aa40-0ee9-42b9-813e-266711e3dbdf,coughvid_data/fad3aa40-0ee9-42b9-813e-266711e3dbdf.wav,coughvid_data/fad3aa40-0ee9-42b9-813e-266711e3dbdf.wav,1.0
684ecc7b-cab6-4c37-a025-05b8e9aa5531,coughvid_data/684ecc7b-cab6-4c37-a025-05b8e9aa5531.wav,coughvid_data/684ecc7b-cab6-4c37-a025-05b8e9aa5531.wav,1.0
028f6ce6-7912-4505-b81d-3b0d27470f72,coughvid_data/028f6ce6-7912-4505-b81d-3b0d27470f72.wav,coughvid_data/028f6ce6-7912-4505-b81d-3b0d27470f72.wav,0.0
dcc5ada6-e247-4486-b3e0-73e42ddcc949,coughvid_data/dcc5ada6-e247-4486-b3e0-73e42ddcc949.wav,coughvid_data/dcc5ada6-e247-4486-b3e0-73e42ddcc949.wav,0.0
fab2e9a6-2a81-4867-b1e9-9fa399ab6475,coughvid_data/fab2e9a6-2a81-4867-b1e9-9fa399ab6475.wav,coughvid_data/fab2e9a6-2a81-4867-b1e9-9fa399ab6475.wav,0.0
f831d1b2-e43a-4701-8405-1e8c97a12d00,coughvid_data/f831d1b2-e43a-4701-8405-1e8c97a12d00.wav,coughvid_data/f831d1b2-e43a-4701-8405-1e8c97a12d00.wav,1.0
f947faf0-5dd8-48c8-98ae-79eb74d2c09f,coughvid_data/f947faf0-5dd8-48c8-98ae-79eb74d2c09f.wav,coughvid_data/f947faf0-5dd8-48c8-98ae-79eb74d2c09f.wav,1.0
96a11929-d2e8-4494-8682-c1c46f7529c9,coughvid_data/96a11929-d2e8-4494-8682-c1c46f7529c9.wav,coughvid_data/96a11929-d2e8-4494-8682-c1c46f7529c9.wav,0.0
adbb3da7-e704-4d43-ade8-e5e575d63c2b,coughvid_data/adbb3da7-e704-4d43-ade8-e5e575d63c2b.wav,coughvid_data/adbb3da7-e704-4d43-ade8-e5e575d63c2b.wav,1.0
e23df0a2-fc36-4f70-a883-cf49d80aeb5b,coughvid_data/e23df0a2-fc36-4f70-a883-cf49d80aeb5b.wav,coughvid_data/e23df0a2-fc36-4f70-a883-cf49d80aeb5b.wav,1.0
9099cfa3-a098-4520-8e0a-a11c2f537d61,coughvid_data/9099cfa3-a098-4520-8e0a-a11c2f537d61.wav,coughvid_data/9099cfa3-a098-4520-8e0a-a11c2f537d61.wav,0.0
bb3d5758-88e0-4020-9b6a-9a833aa16731,coughvid_data/bb3d5758-88e0-4020-9b6a-9a833aa16731.wav,coughvid_data/bb3d5758-88e0-4020-9b6a-9a833aa16731.wav,1.0
4821f446-c18d-49de-a6cd-485c87b45444,coughvid_data/4821f446-c18d-49de-a6cd-485c87b45444.wav,coughvid_data/4821f446-c18d-49de-a6cd-485c87b45444.wav,0.0
21519b33-26a1-48ab-95e9-290188d9d7ed,coughvid_data/21519b33-26a1-48ab-95e9-290188d9d7ed.wav,coughvid_data/21519b33-26a1-48ab-95e9-290188d9d7ed.wav,1.0
4df71c87-d883-49e2-81fe-43126e7452c0,coughvid_data/4df71c87-d883-49e2-81fe-43126e7452c0.wav,coughvid_data/4df71c87-d883-49e2-81fe-43126e7452c0.wav,1.0
96c9ed53-1c85-40f2-ad69-3c06c1ab41bb,coughvid_data/96c9ed53-1c85-40f2-ad69-3c06c1ab41bb.wav,coughvid_data/96c9ed53-1c85-40f2-ad69-3c06c1ab41bb.wav,0.0
49db8508-b22c-46bd-81c6-89f8a9e15f1e,coughvid_data/49db8508-b22c-46bd-81c6-89f8a9e15f1e.wav,coughvid_data/49db8508-b22c-46bd-81c6-89f8a9e15f1e.wav,1.0
4f821c6a-6ef6-4284-abb2-8f43f570a657,coughvid_data/4f821c6a-6ef6-4284-abb2-8f43f570a657.wav,coughvid_data/4f821c6a-6ef6-4284-abb2-8f43f570a657.wav,0.0
f99a8315-236c-483b-8222-449dea88604a,coughvid_data/f99a8315-236c-483b-8222-449dea88604a.wav,coughvid_data/f99a8315-236c-483b-8222-449dea88604a.wav,1.0
105ce4f5-1ae2-4c64-9234-c9f3b5faf700,coughvid_data/105ce4f5-1ae2-4c64-9234-c9f3b5faf700.wav,coughvid_data/105ce4f5-1ae2-4c64-9234-c9f3b5faf700.wav,0.0
74450ea3-ab9d-4c6f-86d8-261d6981b9fd,coughvid_data/74450ea3-ab9d-4c6f-86d8-261d6981b9fd.wav,coughvid_data/74450ea3-ab9d-4c6f-86d8-261d6981b9fd.wav,0.0
45d74056-f8f3-4e25-8111-68f4960b3cfd,coughvid_data/45d74056-f8f3-4e25-8111-68f4960b3cfd.wav,coughvid_data/45d74056-f8f3-4e25-8111-68f4960b3cfd.wav,1.0
4bdf67be-91db-492a-8f45-ab3a697969de,coughvid_data/4bdf67be-91db-492a-8f45-ab3a697969de.wav,coughvid_data/4bdf67be-91db-492a-8f45-ab3a697969de.wav,1.0
f57ac336-3a78-4571-9a3f-b8beabbb43e7,coughvid_data/f57ac336-3a78-4571-9a3f-b8beabbb43e7.wav,coughvid_data/f57ac336-3a78-4571-9a3f-b8beabbb43e7.wav,1.0
c31b14d1-9cb1-4269-9de5-23408a4d0c42,coughvid_data/c31b14d1-9cb1-4269-9de5-23408a4d0c42.wav,coughvid_data/c31b14d1-9cb1-4269-9de5-23408a4d0c42.wav,0.0
0c41e454-f0ac-4ce8-86cd-63fab1f9e603,coughvid_data/0c41e454-f0ac-4ce8-86cd-63fab1f9e603.wav,coughvid_data/0c41e454-f0ac-4ce8-86cd-63fab1f9e603.wav,1.0
84e75577-b1f3-4ae2-bca8-5851f421b03f,coughvid_data/84e75577-b1f3-4ae2-bca8-5851f421b03f.wav,coughvid_data/84e75577-b1f3-4ae2-bca8-5851f421b03f.wav,0.0
a4139107-a294-4420-a4b7-e50e113198a9,coughvid_data/a4139107-a294-4420-a4b7-e50e113198a9.wav,coughvid_data/a4139107-a294-4420-a4b7-e50e113198a9.wav,1.0
24519553-fbff-4343-8b9f-9f3d9dc60cdc,coughvid_data/24519553-fbff-4343-8b9f-9f3d9dc60cdc.wav,coughvid_data/24519553-fbff-4343-8b9f-9f3d9dc60cdc.wav,0.0
ab208b39-5dfa-4eba-b917-74e7d00cd04a,coughvid_data/ab208b39-5dfa-4eba-b917-74e7d00cd04a.wav,coughvid_data/ab208b39-5dfa-4eba-b917-74e7d00cd04a.wav,0.0
40c8a6bc-b676-4678-8987-1db07f5923c4,coughvid_data/40c8a6bc-b676-4678-8987-1db07f5923c4.wav,coughvid_data/40c8a6bc-b676-4678-8987-1db07f5923c4.wav,1.0
5d8e7210-b946-48d6-981f-fff514b32e19,coughvid_data/5d8e7210-b946-48d6-981f-fff514b32e19.wav,coughvid_data/5d8e7210-b946-48d6-981f-fff514b32e19.wav,1.0
41a2f652-e60a-4735-b322-be06882d4fac,coughvid_data/41a2f652-e60a-4735-b322-be06882d4fac.wav,coughvid_data/41a2f652-e60a-4735-b322-be06882d4fac.wav,0.0
0a19afca-10e9-4b55-bc1f-da761720bed6,coughvid_data/0a19afca-10e9-4b55-bc1f-da761720bed6.wav,coughvid_data/0a19afca-10e9-4b55-bc1f-da761720bed6.wav,0.0
83a4c3cb-6eeb-4f1d-a54d-165e9e0bf476,coughvid_data/83a4c3cb-6eeb-4f1d-a54d-165e9e0bf476.wav,coughvid_data/83a4c3cb-6eeb-4f1d-a54d-165e9e0bf476.wav,0.0
bb9188b2-c363-44ae-bde1-7cd7b85931e2,coughvid_data/bb9188b2-c363-44ae-bde1-7cd7b85931e2.wav,coughvid_data/bb9188b2-c363-44ae-bde1-7cd7b85931e2.wav,0.0
f676c0bb-c8fd-478f-9174-370d3ac02479,coughvid_data/f676c0bb-c8fd-478f-9174-370d3ac02479.wav,coughvid_data/f676c0bb-c8fd-478f-9174-370d3ac02479.wav,0.0
0fb0749b-a368-4184-a968-a5ab6266ce2f,coughvid_data/0fb0749b-a368-4184-a968-a5ab6266ce2f.wav,coughvid_data/0fb0749b-a368-4184-a968-a5ab6266ce2f.wav,0.0
f5113e1f-1dd0-4768-8afe-5747b759c22f,coughvid_data/f5113e1f-1dd0-4768-8afe-5747b759c22f.wav,coughvid_data/f5113e1f-1dd0-4768-8afe-5747b759c22f.wav,0.0
52339446-0c26-4d66-a776-9894b8bd196f,coughvid_data/52339446-0c26-4d66-a776-9894b8bd196f.wav,coughvid_data/52339446-0c26-4d66-a776-9894b8bd196f.wav,1.0
ff4b2677-6a66-43e2-9437-04793c8925a6,coughvid_data/ff4b2677-6a66-43e2-9437-04793c8925a6.wav,coughvid_data/ff4b2677-6a66-43e2-9437-04793c8925a6.wav,1.0
f587a047-25b5-4991-bfea-22fa573354ff,coughvid_data/f587a047-25b5-4991-bfea-22fa573354ff.wav,coughvid_data/f587a047-25b5-4991-bfea-22fa573354ff.wav,0.0
3ae08596-f039-43e0-9585-892445a05a91,coughvid_data/3ae08596-f039-43e0-9585-892445a05a91.wav,coughvid_data/3ae08596-f039-43e0-9585-892445a05a91.wav,1.0
e2735b3e-1797-405b-86f2-6ad348ecbe5e,coughvid_data/e2735b3e-1797-405b-86f2-6ad348ecbe5e.wav,coughvid_data/e2735b3e-1797-405b-86f2-6ad348ecbe5e.wav,0.0
17ed8cbb-f15c-4fac-8f03-c95c50fc0e0d,coughvid_data/17ed8cbb-f15c-4fac-8f03-c95c50fc0e0d.wav,coughvid_data/17ed8cbb-f15c-4fac-8f03-c95c50fc0e0d.wav,0.0
a26897ba-2361-4cb8-938a-5e46b42c3dc7,coughvid_data/a26897ba-2361-4cb8-938a-5e46b42c3dc7.wav,coughvid_data/a26897ba-2361-4cb8-938a-5e46b42c3dc7.wav,0.0
9d0a5adc-6847-4e0b-bdb7-ebc584e586b9,coughvid_data/9d0a5adc-6847-4e0b-bdb7-ebc584e586b9.wav,coughvid_data/9d0a5adc-6847-4e0b-bdb7-ebc584e586b9.wav,0.0
edfdcc50-9da6-44b8-9695-b823b1350934,coughvid_data/edfdcc50-9da6-44b8-9695-b823b1350934.wav,coughvid_data/edfdcc50-9da6-44b8-9695-b823b1350934.wav,0.0
7cba2ada-6a5e-40a1-ab2c-eb9bf3af4d32,coughvid_data/7cba2ada-6a5e-40a1-ab2c-eb9bf3af4d32.wav,coughvid_data/7cba2ada-6a5e-40a1-ab2c-eb9bf3af4d32.wav,0.0
0f04ea45-1fa4-488c-9a20-9ded84fff4bf,coughvid_data/0f04ea45-1fa4-488c-9a20-9ded84fff4bf.wav,coughvid_data/0f04ea45-1fa4-488c-9a20-9ded84fff4bf.wav,1.0
e3826661-19e9-4db1-a716-e61e00687aca,coughvid_data/e3826661-19e9-4db1-a716-e61e00687aca.wav,coughvid_data/e3826661-19e9-4db1-a716-e61e00687aca.wav,0.0
ca469aa5-18ba-41a5-80ab-c3f603f53397,coughvid_data/ca469aa5-18ba-41a5-80ab-c3f603f53397.wav,coughvid_data/ca469aa5-18ba-41a5-80ab-c3f603f53397.wav,1.0
eca7d3b5-f250-4cde-9c91-00c412238e0b,coughvid_data/eca7d3b5-f250-4cde-9c91-00c412238e0b.wav,coughvid_data/eca7d3b5-f250-4cde-9c91-00c412238e0b.wav,0.0
235c4430-62dc-4b04-8fc3-ad9c2a370812,coughvid_data/235c4430-62dc-4b04-8fc3-ad9c2a370812.wav,coughvid_data/235c4430-62dc-4b04-8fc3-ad9c2a370812.wav,0.0
4ad28824-d8bc-43c7-bbf3-9dcb23b86733,coughvid_data/4ad28824-d8bc-43c7-bbf3-9dcb23b86733.wav,coughvid_data/4ad28824-d8bc-43c7-bbf3-9dcb23b86733.wav,1.0
f6788d64-0458-42b2-b8b9-bf7f0ef3537a,coughvid_data/f6788d64-0458-42b2-b8b9-bf7f0ef3537a.wav,coughvid_data/f6788d64-0458-42b2-b8b9-bf7f0ef3537a.wav,0.0
73854bdc-b664-4539-a570-1e5fb8628c66,coughvid_data/73854bdc-b664-4539-a570-1e5fb8628c66.wav,coughvid_data/73854bdc-b664-4539-a570-1e5fb8628c66.wav,1.0
d3d9eebb-f0e2-48d6-afa6-93f82def1892,coughvid_data/d3d9eebb-f0e2-48d6-afa6-93f82def1892.wav,coughvid_data/d3d9eebb-f0e2-48d6-afa6-93f82def1892.wav,1.0
0fe32145-63c7-43ec-899b-8a9e3cce3c18,coughvid_data/0fe32145-63c7-43ec-899b-8a9e3cce3c18.wav,coughvid_data/0fe32145-63c7-43ec-899b-8a9e3cce3c18.wav,0.0
34e2858b-85c1-40d9-a42b-f35a86317b6f,coughvid_data/34e2858b-85c1-40d9-a42b-f35a86317b6f.wav,coughvid_data/34e2858b-85c1-40d9-a42b-f35a86317b6f.wav,1.0
d3ab78c5-50bc-4fe0-8f28-c52859f110d0,coughvid_data/d3ab78c5-50bc-4fe0-8f28-c52859f110d0.wav,coughvid_data/d3ab78c5-50bc-4fe0-8f28-c52859f110d0.wav,0.0
3b2c3a8c-cb34-47ce-bb93-281619cb127e,coughvid_data/3b2c3a8c-cb34-47ce-bb93-281619cb127e.wav,coughvid_data/3b2c3a8c-cb34-47ce-bb93-281619cb127e.wav,0.0
d3b94205-c424-4669-93b3-2b7c4d936cba,coughvid_data/d3b94205-c424-4669-93b3-2b7c4d936cba.wav,coughvid_data/d3b94205-c424-4669-93b3-2b7c4d936cba.wav,0.0
40c8f001-ecbb-41dd-a6f6-595fdd5b3fcf,coughvid_data/40c8f001-ecbb-41dd-a6f6-595fdd5b3fcf.wav,coughvid_data/40c8f001-ecbb-41dd-a6f6-595fdd5b3fcf.wav,0.0
3b7a84d8-7041-46a8-94f3-3a3e70838d99,coughvid_data/3b7a84d8-7041-46a8-94f3-3a3e70838d99.wav,coughvid_data/3b7a84d8-7041-46a8-94f3-3a3e70838d99.wav,1.0
94a341fd-0796-4813-9887-d83b7c1781a6,coughvid_data/94a341fd-0796-4813-9887-d83b7c1781a6.wav,coughvid_data/94a341fd-0796-4813-9887-d83b7c1781a6.wav,1.0
f909ce5c-86ef-420c-ad88-3d81c8d6acb2,coughvid_data/f909ce5c-86ef-420c-ad88-3d81c8d6acb2.wav,coughvid_data/f909ce5c-86ef-420c-ad88-3d81c8d6acb2.wav,1.0
72f6868a-766e-444d-99be-b8f0f7900b5e,coughvid_data/72f6868a-766e-444d-99be-b8f0f7900b5e.wav,coughvid_data/72f6868a-766e-444d-99be-b8f0f7900b5e.wav,0.0
9808b0f6-4c36-448b-a898-16390451f58d,coughvid_data/9808b0f6-4c36-448b-a898-16390451f58d.wav,coughvid_data/9808b0f6-4c36-448b-a898-16390451f58d.wav,0.0
21b6d68e-f9ce-441e-8794-b9b9095c8900,coughvid_data/21b6d68e-f9ce-441e-8794-b9b9095c8900.wav,coughvid_data/21b6d68e-f9ce-441e-8794-b9b9095c8900.wav,1.0
b49c819d-16e7-4e1f-a6b0-3703c23e6ffc,coughvid_data/b49c819d-16e7-4e1f-a6b0-3703c23e6ffc.wav,coughvid_data/b49c819d-16e7-4e1f-a6b0-3703c23e6ffc.wav,0.0
a4e8f9b8-2d40-46c7-92a2-25c5f9d9fb28,coughvid_data/a4e8f9b8-2d40-46c7-92a2-25c5f9d9fb28.wav,coughvid_data/a4e8f9b8-2d40-46c7-92a2-25c5f9d9fb28.wav,1.0
0fde44ea-5255-4022-b928-39aa2ff5ff6f,coughvid_data/0fde44ea-5255-4022-b928-39aa2ff5ff6f.wav,coughvid_data/0fde44ea-5255-4022-b928-39aa2ff5ff6f.wav,0.0
97032674-c090-43ed-b5b0-955b7c12b618,coughvid_data/97032674-c090-43ed-b5b0-955b7c12b618.wav,coughvid_data/97032674-c090-43ed-b5b0-955b7c12b618.wav,0.0
719b5c25-27d3-4525-aa1d-4440dac2668e,coughvid_data/719b5c25-27d3-4525-aa1d-4440dac2668e.wav,coughvid_data/719b5c25-27d3-4525-aa1d-4440dac2668e.wav,0.0
14e59cdf-e58e-4d39-ac48-3291c31d6d68,coughvid_data/14e59cdf-e58e-4d39-ac48-3291c31d6d68.wav,coughvid_data/14e59cdf-e58e-4d39-ac48-3291c31d6d68.wav,0.0
64623d49-04eb-4c1d-aaed-30e61531dd76,coughvid_data/64623d49-04eb-4c1d-aaed-30e61531dd76.wav,coughvid_data/64623d49-04eb-4c1d-aaed-30e61531dd76.wav,0.0
db44fc1a-4496-4744-91a2-001220c3c597,coughvid_data/db44fc1a-4496-4744-91a2-001220c3c597.wav,coughvid_data/db44fc1a-4496-4744-91a2-001220c3c597.wav,0.0
c957e580-4af5-4d8b-92ca-6ec2138f42c4,coughvid_data/c957e580-4af5-4d8b-92ca-6ec2138f42c4.wav,coughvid_data/c957e580-4af5-4d8b-92ca-6ec2138f42c4.wav,0.0
8b210d0e-8ec7-4f3e-9f63-40d9fa747bc3,coughvid_data/8b210d0e-8ec7-4f3e-9f63-40d9fa747bc3.wav,coughvid_data/8b210d0e-8ec7-4f3e-9f63-40d9fa747bc3.wav,0.0
5d3a5f9e-15ae-4afc-82c0-c35118cd17e8,coughvid_data/5d3a5f9e-15ae-4afc-82c0-c35118cd17e8.wav,coughvid_data/5d3a5f9e-15ae-4afc-82c0-c35118cd17e8.wav,1.0
ce16ed33-0403-42a4-b493-cdf4a9cfc772,coughvid_data/ce16ed33-0403-42a4-b493-cdf4a9cfc772.wav,coughvid_data/ce16ed33-0403-42a4-b493-cdf4a9cfc772.wav,0.0
d630666f-3847-4daa-932b-3094a3993df0,coughvid_data/d630666f-3847-4daa-932b-3094a3993df0.wav,coughvid_data/d630666f-3847-4daa-932b-3094a3993df0.wav,1.0
2aa11464-4103-4372-b15a-84cf8623ee17,coughvid_data/2aa11464-4103-4372-b15a-84cf8623ee17.wav,coughvid_data/2aa11464-4103-4372-b15a-84cf8623ee17.wav,0.0
f11f5ded-fa78-4b2d-bed6-591dc6583602,coughvid_data/f11f5ded-fa78-4b2d-bed6-591dc6583602.wav,coughvid_data/f11f5ded-fa78-4b2d-bed6-591dc6583602.wav,0.0
656a8368-6161-48d3-a6d2-987124240c93,coughvid_data/656a8368-6161-48d3-a6d2-987124240c93.wav,coughvid_data/656a8368-6161-48d3-a6d2-987124240c93.wav,1.0
570d98da-264f-482d-9626-e44c06fd3343,coughvid_data/570d98da-264f-482d-9626-e44c06fd3343.wav,coughvid_data/570d98da-264f-482d-9626-e44c06fd3343.wav,1.0
40741ed0-afaf-4288-8420-fdd8c94ec67e,coughvid_data/40741ed0-afaf-4288-8420-fdd8c94ec67e.wav,coughvid_data/40741ed0-afaf-4288-8420-fdd8c94ec67e.wav,1.0
68e8775d-ee78-412d-89aa-c601caa92f55,coughvid_data/68e8775d-ee78-412d-89aa-c601caa92f55.wav,coughvid_data/68e8775d-ee78-412d-89aa-c601caa92f55.wav,0.0
66dfeac2-484d-4b0f-8afe-b2cb52027970,coughvid_data/66dfeac2-484d-4b0f-8afe-b2cb52027970.wav,coughvid_data/66dfeac2-484d-4b0f-8afe-b2cb52027970.wav,1.0
e98950fb-5c07-4d25-ae69-0e4a59b62c7f,coughvid_data/e98950fb-5c07-4d25-ae69-0e4a59b62c7f.wav,coughvid_data/e98950fb-5c07-4d25-ae69-0e4a59b62c7f.wav,1.0
4b5031f3-6bcd-4473-a616-78148fe78e50,coughvid_data/4b5031f3-6bcd-4473-a616-78148fe78e50.wav,coughvid_data/4b5031f3-6bcd-4473-a616-78148fe78e50.wav,1.0
b316d3f9-2a05-4ead-b7a5-8cdab0e6a02c,coughvid_data/b316d3f9-2a05-4ead-b7a5-8cdab0e6a02c.wav,coughvid_data/b316d3f9-2a05-4ead-b7a5-8cdab0e6a02c.wav,1.0
5b032d4d-c031-4de1-9416-ba361565220b,coughvid_data/5b032d4d-c031-4de1-9416-ba361565220b.wav,coughvid_data/5b032d4d-c031-4de1-9416-ba361565220b.wav,0.0
d82803d3-db5d-4d19-8c4c-145149b92371,coughvid_data/d82803d3-db5d-4d19-8c4c-145149b92371.wav,coughvid_data/d82803d3-db5d-4d19-8c4c-145149b92371.wav,0.0
ce29aef9-0a86-42e6-ab49-258b8a6b1a5e,coughvid_data/ce29aef9-0a86-42e6-ab49-258b8a6b1a5e.wav,coughvid_data/ce29aef9-0a86-42e6-ab49-258b8a6b1a5e.wav,1.0
7a2a26e7-c479-4292-aadb-61cd42098de6,coughvid_data/7a2a26e7-c479-4292-aadb-61cd42098de6.wav,coughvid_data/7a2a26e7-c479-4292-aadb-61cd42098de6.wav,0.0
da6fe3c6-a926-4400-a9af-396ed1f438e5,coughvid_data/da6fe3c6-a926-4400-a9af-396ed1f438e5.wav,coughvid_data/da6fe3c6-a926-4400-a9af-396ed1f438e5.wav,1.0
cfb44b6c-4a16-4754-b0d1-39dc02e39ccf,coughvid_data/cfb44b6c-4a16-4754-b0d1-39dc02e39ccf.wav,coughvid_data/cfb44b6c-4a16-4754-b0d1-39dc02e39ccf.wav,0.0
66847582-3de6-4346-a2c7-cfc255de5d8a,coughvid_data/66847582-3de6-4346-a2c7-cfc255de5d8a.wav,coughvid_data/66847582-3de6-4346-a2c7-cfc255de5d8a.wav,1.0
3c1eea7d-c485-413e-9ffe-a8f7292b2974,coughvid_data/3c1eea7d-c485-413e-9ffe-a8f7292b2974.wav,coughvid_data/3c1eea7d-c485-413e-9ffe-a8f7292b2974.wav,1.0
5c73c4f2-4147-4970-bcd7-285180ee8cea,coughvid_data/5c73c4f2-4147-4970-bcd7-285180ee8cea.wav,coughvid_data/5c73c4f2-4147-4970-bcd7-285180ee8cea.wav,1.0
1ea81552-a438-44fd-a9b9-5a3f369aecca,coughvid_data/1ea81552-a438-44fd-a9b9-5a3f369aecca.wav,coughvid_data/1ea81552-a438-44fd-a9b9-5a3f369aecca.wav,1.0
8960f83e-bc0f-48f9-b913-a905b11378d8,coughvid_data/8960f83e-bc0f-48f9-b913-a905b11378d8.wav,coughvid_data/8960f83e-bc0f-48f9-b913-a905b11378d8.wav,1.0
7aa26a6b-731e-4bab-8252-2e80b21b88f1,coughvid_data/7aa26a6b-731e-4bab-8252-2e80b21b88f1.wav,coughvid_data/7aa26a6b-731e-4bab-8252-2e80b21b88f1.wav,0.0
d24faf63-ff80-4ba8-ae9c-b087909c053d,coughvid_data/d24faf63-ff80-4ba8-ae9c-b087909c053d.wav,coughvid_data/d24faf63-ff80-4ba8-ae9c-b087909c053d.wav,0.0
dd3042cc-ab7e-44c9-bc4c-c30d00f17b57,coughvid_data/dd3042cc-ab7e-44c9-bc4c-c30d00f17b57.wav,coughvid_data/dd3042cc-ab7e-44c9-bc4c-c30d00f17b57.wav,1.0
ec09fd90-cdaa-4f41-a65c-d1fa93bcd7ec,coughvid_data/ec09fd90-cdaa-4f41-a65c-d1fa93bcd7ec.wav,coughvid_data/ec09fd90-cdaa-4f41-a65c-d1fa93bcd7ec.wav,1.0
3f133eec-436c-47ab-a3bc-bade4d705b7e,coughvid_data/3f133eec-436c-47ab-a3bc-bade4d705b7e.wav,coughvid_data/3f133eec-436c-47ab-a3bc-bade4d705b7e.wav,0.0
f7f6c610-34ff-4fbc-b4b1-4b061444766c,coughvid_data/f7f6c610-34ff-4fbc-b4b1-4b061444766c.wav,coughvid_data/f7f6c610-34ff-4fbc-b4b1-4b061444766c.wav,1.0
4aa43f9e-7d1c-442f-b774-29886be6d22d,coughvid_data/4aa43f9e-7d1c-442f-b774-29886be6d22d.wav,coughvid_data/4aa43f9e-7d1c-442f-b774-29886be6d22d.wav,0.0
29be3bdd-9d62-457f-afa4-9238fa75b8dd,coughvid_data/29be3bdd-9d62-457f-afa4-9238fa75b8dd.wav,coughvid_data/29be3bdd-9d62-457f-afa4-9238fa75b8dd.wav,0.0
ff962678-fd68-46b8-8126-095a0659b460,coughvid_data/ff962678-fd68-46b8-8126-095a0659b460.wav,coughvid_data/ff962678-fd68-46b8-8126-095a0659b460.wav,1.0
dabb1af7-125c-46b4-b1c8-f29024294070,coughvid_data/dabb1af7-125c-46b4-b1c8-f29024294070.wav,coughvid_data/dabb1af7-125c-46b4-b1c8-f29024294070.wav,0.0
71bfd649-972f-4a80-8e0d-63640cad04f2,coughvid_data/71bfd649-972f-4a80-8e0d-63640cad04f2.wav,coughvid_data/71bfd649-972f-4a80-8e0d-63640cad04f2.wav,0.0
020531e8-2b10-44d1-a28b-09bbba092f8a,coughvid_data/020531e8-2b10-44d1-a28b-09bbba092f8a.wav,coughvid_data/020531e8-2b10-44d1-a28b-09bbba092f8a.wav,0.0
c0a97228-1fdd-4d87-bdcc-ce8b835ffdd2,coughvid_data/c0a97228-1fdd-4d87-bdcc-ce8b835ffdd2.wav,coughvid_data/c0a97228-1fdd-4d87-bdcc-ce8b835ffdd2.wav,1.0
83929aec-ee53-4b59-8f13-7aa0d8c5b1ab,coughvid_data/83929aec-ee53-4b59-8f13-7aa0d8c5b1ab.wav,coughvid_data/83929aec-ee53-4b59-8f13-7aa0d8c5b1ab.wav,0.0
ddb7104b-bf29-487a-932f-d370944af865,coughvid_data/ddb7104b-bf29-487a-932f-d370944af865.wav,coughvid_data/ddb7104b-bf29-487a-932f-d370944af865.wav,0.0
863571a5-4548-4981-8671-6e824783b8a6,coughvid_data/863571a5-4548-4981-8671-6e824783b8a6.wav,coughvid_data/863571a5-4548-4981-8671-6e824783b8a6.wav,1.0
31a33c5f-db24-4c18-8eed-d999fb8f1e17,coughvid_data/31a33c5f-db24-4c18-8eed-d999fb8f1e17.wav,coughvid_data/31a33c5f-db24-4c18-8eed-d999fb8f1e17.wav,1.0
8dbfd6be-5252-4201-9480-cf8464a7c2ec,coughvid_data/8dbfd6be-5252-4201-9480-cf8464a7c2ec.wav,coughvid_data/8dbfd6be-5252-4201-9480-cf8464a7c2ec.wav,1.0
53973cc3-173f-4147-96c7-6d450dbfb8c6,coughvid_data/53973cc3-173f-4147-96c7-6d450dbfb8c6.wav,coughvid_data/53973cc3-173f-4147-96c7-6d450dbfb8c6.wav,0.0
7b4e2b37-d42a-4184-a06a-d824c89fe264,coughvid_data/7b4e2b37-d42a-4184-a06a-d824c89fe264.wav,coughvid_data/7b4e2b37-d42a-4184-a06a-d824c89fe264.wav,1.0
1e773f8f-f566-4948-a815-66f6e6a3aa63,coughvid_data/1e773f8f-f566-4948-a815-66f6e6a3aa63.wav,coughvid_data/1e773f8f-f566-4948-a815-66f6e6a3aa63.wav,0.0
4bbae589-df8c-4ccc-bb63-8332976d45ab,coughvid_data/4bbae589-df8c-4ccc-bb63-8332976d45ab.wav,coughvid_data/4bbae589-df8c-4ccc-bb63-8332976d45ab.wav,1.0
9c28ea73-f389-48e6-9ba3-2280ccce80e1,coughvid_data/9c28ea73-f389-48e6-9ba3-2280ccce80e1.wav,coughvid_data/9c28ea73-f389-48e6-9ba3-2280ccce80e1.wav,1.0
787626c7-0f1e-4cc4-b499-e9e4f8651dfd,coughvid_data/787626c7-0f1e-4cc4-b499-e9e4f8651dfd.wav,coughvid_data/787626c7-0f1e-4cc4-b499-e9e4f8651dfd.wav,1.0
75eb2f40-43a6-4ef2-8492-2f5f9a95d1e1,coughvid_data/75eb2f40-43a6-4ef2-8492-2f5f9a95d1e1.wav,coughvid_data/75eb2f40-43a6-4ef2-8492-2f5f9a95d1e1.wav,1.0
fffaa9f8-4db0-46c5-90fb-93b7b014b55d,coughvid_data/fffaa9f8-4db0-46c5-90fb-93b7b014b55d.wav,coughvid_data/fffaa9f8-4db0-46c5-90fb-93b7b014b55d.wav,0.0
4d092f33-6709-419a-8b34-ca6c79513e52,coughvid_data/4d092f33-6709-419a-8b34-ca6c79513e52.wav,coughvid_data/4d092f33-6709-419a-8b34-ca6c79513e52.wav,1.0
31f74e48-2e55-4167-980d-d328138a71a9,coughvid_data/31f74e48-2e55-4167-980d-d328138a71a9.wav,coughvid_data/31f74e48-2e55-4167-980d-d328138a71a9.wav,1.0
9551c777-917c-4845-8c31-176e9d32e099,coughvid_data/9551c777-917c-4845-8c31-176e9d32e099.wav,coughvid_data/9551c777-917c-4845-8c31-176e9d32e099.wav,0.0
2e6adf45-fd7f-44e1-9860-cea570c5880d,coughvid_data/2e6adf45-fd7f-44e1-9860-cea570c5880d.wav,coughvid_data/2e6adf45-fd7f-44e1-9860-cea570c5880d.wav,1.0
b6e71578-d041-4051-b98f-56e56ef3e689,coughvid_data/b6e71578-d041-4051-b98f-56e56ef3e689.wav,coughvid_data/b6e71578-d041-4051-b98f-56e56ef3e689.wav,1.0
33d32c17-46ad-486c-9c2c-849a506cdbb9,coughvid_data/33d32c17-46ad-486c-9c2c-849a506cdbb9.wav,coughvid_data/33d32c17-46ad-486c-9c2c-849a506cdbb9.wav,0.0
f07ec34f-87b9-4d5d-a075-27102b59be71,coughvid_data/f07ec34f-87b9-4d5d-a075-27102b59be71.wav,coughvid_data/f07ec34f-87b9-4d5d-a075-27102b59be71.wav,0.0
293e5cb9-9434-4760-87f3-ab3f7701ffa5,coughvid_data/293e5cb9-9434-4760-87f3-ab3f7701ffa5.wav,coughvid_data/293e5cb9-9434-4760-87f3-ab3f7701ffa5.wav,1.0
037b7826-6cd8-4ac0-a4d4-ec9563816e4a,coughvid_data/037b7826-6cd8-4ac0-a4d4-ec9563816e4a.wav,coughvid_data/037b7826-6cd8-4ac0-a4d4-ec9563816e4a.wav,0.0
ce3f9e37-b553-4c23-b341-8da601f7468e,coughvid_data/ce3f9e37-b553-4c23-b341-8da601f7468e.wav,coughvid_data/ce3f9e37-b553-4c23-b341-8da601f7468e.wav,1.0
ac3929fc-e9e9-40ad-8776-28449a228857,coughvid_data/ac3929fc-e9e9-40ad-8776-28449a228857.wav,coughvid_data/ac3929fc-e9e9-40ad-8776-28449a228857.wav,1.0
b29cbdb6-4d07-445e-a432-e1716bf73c59,coughvid_data/b29cbdb6-4d07-445e-a432-e1716bf73c59.wav,coughvid_data/b29cbdb6-4d07-445e-a432-e1716bf73c59.wav,1.0
444d9701-cc2f-4dc7-87ff-4f6ada471c3e,coughvid_data/444d9701-cc2f-4dc7-87ff-4f6ada471c3e.wav,coughvid_data/444d9701-cc2f-4dc7-87ff-4f6ada471c3e.wav,1.0
9f1f6085-8690-48fe-b562-68d8a1b02cd8,coughvid_data/9f1f6085-8690-48fe-b562-68d8a1b02cd8.wav,coughvid_data/9f1f6085-8690-48fe-b562-68d8a1b02cd8.wav,0.0
aa78817e-f5e3-470b-b516-6006c59fb1fa,coughvid_data/aa78817e-f5e3-470b-b516-6006c59fb1fa.wav,coughvid_data/aa78817e-f5e3-470b-b516-6006c59fb1fa.wav,1.0
0b0d7e10-8353-4124-a16b-bf96e405f63c,coughvid_data/0b0d7e10-8353-4124-a16b-bf96e405f63c.wav,coughvid_data/0b0d7e10-8353-4124-a16b-bf96e405f63c.wav,1.0
3a66da31-a3a3-4608-926c-a42633ac47df,coughvid_data/3a66da31-a3a3-4608-926c-a42633ac47df.wav,coughvid_data/3a66da31-a3a3-4608-926c-a42633ac47df.wav,1.0
59119949-2e88-4103-a0be-fd24b183300a,coughvid_data/59119949-2e88-4103-a0be-fd24b183300a.wav,coughvid_data/59119949-2e88-4103-a0be-fd24b183300a.wav,1.0
ac5c1790-c8ef-4266-9447-af96b66846cf,coughvid_data/ac5c1790-c8ef-4266-9447-af96b66846cf.wav,coughvid_data/ac5c1790-c8ef-4266-9447-af96b66846cf.wav,1.0
37cfccf7-7458-439b-94b6-ee6526586e8a,coughvid_data/37cfccf7-7458-439b-94b6-ee6526586e8a.wav,coughvid_data/37cfccf7-7458-439b-94b6-ee6526586e8a.wav,0.0
df76104e-b464-439a-988a-f909b30e520e,coughvid_data/df76104e-b464-439a-988a-f909b30e520e.wav,coughvid_data/df76104e-b464-439a-988a-f909b30e520e.wav,0.0
7ddaf9c5-a0f8-489f-985b-50ec66ab5cfc,coughvid_data/7ddaf9c5-a0f8-489f-985b-50ec66ab5cfc.wav,coughvid_data/7ddaf9c5-a0f8-489f-985b-50ec66ab5cfc.wav,0.0
583bcee8-db16-4027-b767-cd74e9433cba,coughvid_data/583bcee8-db16-4027-b767-cd74e9433cba.wav,coughvid_data/583bcee8-db16-4027-b767-cd74e9433cba.wav,1.0
44f1c833-4099-482a-b47e-f42b46c28027,coughvid_data/44f1c833-4099-482a-b47e-f42b46c28027.wav,coughvid_data/44f1c833-4099-482a-b47e-f42b46c28027.wav,1.0
222fcb98-e58a-43ef-8881-5d0d35fa09b8,coughvid_data/222fcb98-e58a-43ef-8881-5d0d35fa09b8.wav,coughvid_data/222fcb98-e58a-43ef-8881-5d0d35fa09b8.wav,1.0
377d7cc3-9a71-4c12-b985-8b559c055a5a,coughvid_data/377d7cc3-9a71-4c12-b985-8b559c055a5a.wav,coughvid_data/377d7cc3-9a71-4c12-b985-8b559c055a5a.wav,0.0
bc5e66cb-b6d6-41c2-af2d-6855dc2eae34,coughvid_data/bc5e66cb-b6d6-41c2-af2d-6855dc2eae34.wav,coughvid_data/bc5e66cb-b6d6-41c2-af2d-6855dc2eae34.wav,1.0
74e63c62-6e52-460e-8057-8552db1799c7,coughvid_data/74e63c62-6e52-460e-8057-8552db1799c7.wav,coughvid_data/74e63c62-6e52-460e-8057-8552db1799c7.wav,1.0
640002f6-5ed7-4113-a595-ac896c6ac9c2,coughvid_data/640002f6-5ed7-4113-a595-ac896c6ac9c2.wav,coughvid_data/640002f6-5ed7-4113-a595-ac896c6ac9c2.wav,1.0
5d2ef3f3-77e8-4a7d-87a8-0425a172ad48,coughvid_data/5d2ef3f3-77e8-4a7d-87a8-0425a172ad48.wav,coughvid_data/5d2ef3f3-77e8-4a7d-87a8-0425a172ad48.wav,0.0
b8b4a8f1-e42a-49d4-bf9f-933663a0a165,coughvid_data/b8b4a8f1-e42a-49d4-bf9f-933663a0a165.wav,coughvid_data/b8b4a8f1-e42a-49d4-bf9f-933663a0a165.wav,0.0
77b10e13-74b7-435c-ab67-854ad713af63,coughvid_data/77b10e13-74b7-435c-ab67-854ad713af63.wav,coughvid_data/77b10e13-74b7-435c-ab67-854ad713af63.wav,1.0
659b6958-5918-4e16-808f-2972cd40f690,coughvid_data/659b6958-5918-4e16-808f-2972cd40f690.wav,coughvid_data/659b6958-5918-4e16-808f-2972cd40f690.wav,1.0
d56cffe6-9794-47e5-b7e6-fd51bc87bf4c,coughvid_data/d56cffe6-9794-47e5-b7e6-fd51bc87bf4c.wav,coughvid_data/d56cffe6-9794-47e5-b7e6-fd51bc87bf4c.wav,1.0
505020ce-716e-4ad9-8b0e-09f35acd7f70,coughvid_data/505020ce-716e-4ad9-8b0e-09f35acd7f70.wav,coughvid_data/505020ce-716e-4ad9-8b0e-09f35acd7f70.wav,0.0
0b0b0aa7-b3fd-43f5-8292-9687f7df34de,coughvid_data/0b0b0aa7-b3fd-43f5-8292-9687f7df34de.wav,coughvid_data/0b0b0aa7-b3fd-43f5-8292-9687f7df34de.wav,1.0
b445159c-9097-4082-b418-f70b52eb678f,coughvid_data/b445159c-9097-4082-b418-f70b52eb678f.wav,coughvid_data/b445159c-9097-4082-b418-f70b52eb678f.wav,1.0
17fcbeb7-ea46-45fb-84f7-8b25d11412ae,coughvid_data/17fcbeb7-ea46-45fb-84f7-8b25d11412ae.wav,coughvid_data/17fcbeb7-ea46-45fb-84f7-8b25d11412ae.wav,1.0
fee168b1-58b4-45ba-b2aa-f30d13e4af2f,coughvid_data/fee168b1-58b4-45ba-b2aa-f30d13e4af2f.wav,coughvid_data/fee168b1-58b4-45ba-b2aa-f30d13e4af2f.wav,0.0
38578eb5-eef4-4c69-9e08-cbda1065b9d0,coughvid_data/38578eb5-eef4-4c69-9e08-cbda1065b9d0.wav,coughvid_data/38578eb5-eef4-4c69-9e08-cbda1065b9d0.wav,1.0
c92c464c-6b2e-444e-b145-156b8afc1cef,coughvid_data/c92c464c-6b2e-444e-b145-156b8afc1cef.wav,coughvid_data/c92c464c-6b2e-444e-b145-156b8afc1cef.wav,1.0
4a9c9710-1e9f-4ef5-a712-4eafa70dcd21,coughvid_data/4a9c9710-1e9f-4ef5-a712-4eafa70dcd21.wav,coughvid_data/4a9c9710-1e9f-4ef5-a712-4eafa70dcd21.wav,1.0
2fe9f7fa-92da-432e-bcc2-1220dcb4d40a,coughvid_data/2fe9f7fa-92da-432e-bcc2-1220dcb4d40a.wav,coughvid_data/2fe9f7fa-92da-432e-bcc2-1220dcb4d40a.wav,1.0
d67219bd-4d4a-4d3c-b402-e071927ed1ba,coughvid_data/d67219bd-4d4a-4d3c-b402-e071927ed1ba.wav,coughvid_data/d67219bd-4d4a-4d3c-b402-e071927ed1ba.wav,0.0
6fb9161d-7838-4317-aec5-bff2934c1fcf,coughvid_data/6fb9161d-7838-4317-aec5-bff2934c1fcf.wav,coughvid_data/6fb9161d-7838-4317-aec5-bff2934c1fcf.wav,0.0
3f400c18-5349-485d-8f83-9d9697a2f846,coughvid_data/3f400c18-5349-485d-8f83-9d9697a2f846.wav,coughvid_data/3f400c18-5349-485d-8f83-9d9697a2f846.wav,1.0
9f4023f5-0b77-4360-9551-95a3476d30fb,coughvid_data/9f4023f5-0b77-4360-9551-95a3476d30fb.wav,coughvid_data/9f4023f5-0b77-4360-9551-95a3476d30fb.wav,1.0
4e74091d-1962-4546-bbe9-3102df8205e0,coughvid_data/4e74091d-1962-4546-bbe9-3102df8205e0.wav,coughvid_data/4e74091d-1962-4546-bbe9-3102df8205e0.wav,0.0
875ae842-aead-4871-a26e-6cd7ded98a54,coughvid_data/875ae842-aead-4871-a26e-6cd7ded98a54.wav,coughvid_data/875ae842-aead-4871-a26e-6cd7ded98a54.wav,0.0
58745014-0c88-4879-b412-fde983e0201c,coughvid_data/58745014-0c88-4879-b412-fde983e0201c.wav,coughvid_data/58745014-0c88-4879-b412-fde983e0201c.wav,0.0
82111780-2cb8-45b1-83fd-8be7101fc72c,coughvid_data/82111780-2cb8-45b1-83fd-8be7101fc72c.wav,coughvid_data/82111780-2cb8-45b1-83fd-8be7101fc72c.wav,0.0
429e3aa0-e687-49ff-a299-78d373daa86f,coughvid_data/429e3aa0-e687-49ff-a299-78d373daa86f.wav,coughvid_data/429e3aa0-e687-49ff-a299-78d373daa86f.wav,0.0
44def745-db2c-4413-be32-25f08b6f901a,coughvid_data/44def745-db2c-4413-be32-25f08b6f901a.wav,coughvid_data/44def745-db2c-4413-be32-25f08b6f901a.wav,0.0
643312eb-5d1f-4d41-aef2-2d37f7432c7d,coughvid_data/643312eb-5d1f-4d41-aef2-2d37f7432c7d.wav,coughvid_data/643312eb-5d1f-4d41-aef2-2d37f7432c7d.wav,1.0
3910bae8-6734-4712-aad3-c28ca7033418,coughvid_data/3910bae8-6734-4712-aad3-c28ca7033418.wav,coughvid_data/3910bae8-6734-4712-aad3-c28ca7033418.wav,1.0
a053153b-d287-4970-9abe-79b65d3de7f6,coughvid_data/a053153b-d287-4970-9abe-79b65d3de7f6.wav,coughvid_data/a053153b-d287-4970-9abe-79b65d3de7f6.wav,0.0
05010000-fdb0-4c15-b828-616402d0d17e,coughvid_data/05010000-fdb0-4c15-b828-616402d0d17e.wav,coughvid_data/05010000-fdb0-4c15-b828-616402d0d17e.wav,1.0
829e5d78-46c0-4668-ac73-15704506a02d,coughvid_data/829e5d78-46c0-4668-ac73-15704506a02d.wav,coughvid_data/829e5d78-46c0-4668-ac73-15704506a02d.wav,0.0
9e2e2b5a-beaf-444a-b762-1e6036315874,coughvid_data/9e2e2b5a-beaf-444a-b762-1e6036315874.wav,coughvid_data/9e2e2b5a-beaf-444a-b762-1e6036315874.wav,0.0
d31bf682-844f-43a6-9108-28cba4b83194,coughvid_data/d31bf682-844f-43a6-9108-28cba4b83194.wav,coughvid_data/d31bf682-844f-43a6-9108-28cba4b83194.wav,1.0
da57b0d6-16b9-46ab-85b7-140e436186b1,coughvid_data/da57b0d6-16b9-46ab-85b7-140e436186b1.wav,coughvid_data/da57b0d6-16b9-46ab-85b7-140e436186b1.wav,0.0
89584db6-bb36-4f8e-9b3a-99aa7a8f38f5,coughvid_data/89584db6-bb36-4f8e-9b3a-99aa7a8f38f5.wav,coughvid_data/89584db6-bb36-4f8e-9b3a-99aa7a8f38f5.wav,0.0
bd03d555-8574-4f20-9c5d-ac70cb531414,coughvid_data/bd03d555-8574-4f20-9c5d-ac70cb531414.wav,coughvid_data/bd03d555-8574-4f20-9c5d-ac70cb531414.wav,1.0
92f48509-0984-4e78-8899-8be4330a185f,coughvid_data/92f48509-0984-4e78-8899-8be4330a185f.wav,coughvid_data/92f48509-0984-4e78-8899-8be4330a185f.wav,0.0
026227b4-3438-4c1a-be61-b69e5227d166,coughvid_data/026227b4-3438-4c1a-be61-b69e5227d166.wav,coughvid_data/026227b4-3438-4c1a-be61-b69e5227d166.wav,0.0
c34dae42-797d-41cd-815d-b10d23d8844d,coughvid_data/c34dae42-797d-41cd-815d-b10d23d8844d.wav,coughvid_data/c34dae42-797d-41cd-815d-b10d23d8844d.wav,1.0
b4aa3f05-f71d-4414-9d76-d53af1c2ca4d,coughvid_data/b4aa3f05-f71d-4414-9d76-d53af1c2ca4d.wav,coughvid_data/b4aa3f05-f71d-4414-9d76-d53af1c2ca4d.wav,0.0
bbd65375-f98e-48db-b5cd-3778aa40558f,coughvid_data/bbd65375-f98e-48db-b5cd-3778aa40558f.wav,coughvid_data/bbd65375-f98e-48db-b5cd-3778aa40558f.wav,0.0
57aa5dd7-ba09-4e2c-979b-a2c6e6a30d68,coughvid_data/57aa5dd7-ba09-4e2c-979b-a2c6e6a30d68.wav,coughvid_data/57aa5dd7-ba09-4e2c-979b-a2c6e6a30d68.wav,1.0
141ce408-124b-4fbd-8491-f6a7959a5603,coughvid_data/141ce408-124b-4fbd-8491-f6a7959a5603.wav,coughvid_data/141ce408-124b-4fbd-8491-f6a7959a5603.wav,0.0
a442e3c0-4a90-482a-b995-c0dcb0383981,coughvid_data/a442e3c0-4a90-482a-b995-c0dcb0383981.wav,coughvid_data/a442e3c0-4a90-482a-b995-c0dcb0383981.wav,1.0
82aaa513-810c-4401-b281-af8ab863c149,coughvid_data/82aaa513-810c-4401-b281-af8ab863c149.wav,coughvid_data/82aaa513-810c-4401-b281-af8ab863c149.wav,0.0
8d6c897f-f49b-485c-a63d-e856841c1d8a,coughvid_data/8d6c897f-f49b-485c-a63d-e856841c1d8a.wav,coughvid_data/8d6c897f-f49b-485c-a63d-e856841c1d8a.wav,1.0
a670d7c4-b813-4c4b-8176-07f8a10cf1be,coughvid_data/a670d7c4-b813-4c4b-8176-07f8a10cf1be.wav,coughvid_data/a670d7c4-b813-4c4b-8176-07f8a10cf1be.wav,1.0
10e699d9-a388-475e-8a79-c2e0f4d6c407,coughvid_data/10e699d9-a388-475e-8a79-c2e0f4d6c407.wav,coughvid_data/10e699d9-a388-475e-8a79-c2e0f4d6c407.wav,1.0
cb2aa692-2ee3-4c4d-b9ed-fa275219f1de,coughvid_data/cb2aa692-2ee3-4c4d-b9ed-fa275219f1de.wav,coughvid_data/cb2aa692-2ee3-4c4d-b9ed-fa275219f1de.wav,0.0
a05c64ae-8290-4b2d-9a4c-9e4fecae6274,coughvid_data/a05c64ae-8290-4b2d-9a4c-9e4fecae6274.wav,coughvid_data/a05c64ae-8290-4b2d-9a4c-9e4fecae6274.wav,1.0
b93ff878-fe2b-4ebb-a27c-22752e9235c9,coughvid_data/b93ff878-fe2b-4ebb-a27c-22752e9235c9.wav,coughvid_data/b93ff878-fe2b-4ebb-a27c-22752e9235c9.wav,0.0
8c509a42-be60-4f6c-b5a8-5f304d5caff7,coughvid_data/8c509a42-be60-4f6c-b5a8-5f304d5caff7.wav,coughvid_data/8c509a42-be60-4f6c-b5a8-5f304d5caff7.wav,1.0
a26b36b3-14de-4a2a-b0d0-ed34d3b43179,coughvid_data/a26b36b3-14de-4a2a-b0d0-ed34d3b43179.wav,coughvid_data/a26b36b3-14de-4a2a-b0d0-ed34d3b43179.wav,0.0
c2dee044-c209-446b-9738-7f6cb8994627,coughvid_data/c2dee044-c209-446b-9738-7f6cb8994627.wav,coughvid_data/c2dee044-c209-446b-9738-7f6cb8994627.wav,1.0
735beb10-2919-4aab-9543-7006701178c9,coughvid_data/735beb10-2919-4aab-9543-7006701178c9.wav,coughvid_data/735beb10-2919-4aab-9543-7006701178c9.wav,0.0
260362b6-1bbb-48f8-948a-b52ec6c2e244,coughvid_data/260362b6-1bbb-48f8-948a-b52ec6c2e244.wav,coughvid_data/260362b6-1bbb-48f8-948a-b52ec6c2e244.wav,1.0
222fac80-c608-43cf-a200-0f5e653b5a38,coughvid_data/222fac80-c608-43cf-a200-0f5e653b5a38.wav,coughvid_data/222fac80-c608-43cf-a200-0f5e653b5a38.wav,0.0
d4498fdb-6395-41e6-93eb-c97d68c80116,coughvid_data/d4498fdb-6395-41e6-93eb-c97d68c80116.wav,coughvid_data/d4498fdb-6395-41e6-93eb-c97d68c80116.wav,1.0
a621ae33-3602-4239-8838-8c61d2c19013,coughvid_data/a621ae33-3602-4239-8838-8c61d2c19013.wav,coughvid_data/a621ae33-3602-4239-8838-8c61d2c19013.wav,0.0
40584c8f-1dd5-4360-a018-9887a8640556,coughvid_data/40584c8f-1dd5-4360-a018-9887a8640556.wav,coughvid_data/40584c8f-1dd5-4360-a018-9887a8640556.wav,1.0
25e9af89-292a-4b68-b3b8-f14b80e23122,coughvid_data/25e9af89-292a-4b68-b3b8-f14b80e23122.wav,coughvid_data/25e9af89-292a-4b68-b3b8-f14b80e23122.wav,0.0
48dc947c-6234-453a-8d26-9d01b63a1a60,coughvid_data/48dc947c-6234-453a-8d26-9d01b63a1a60.wav,coughvid_data/48dc947c-6234-453a-8d26-9d01b63a1a60.wav,0.0
24dc579a-9146-41c6-ac4b-d3d73e219226,coughvid_data/24dc579a-9146-41c6-ac4b-d3d73e219226.wav,coughvid_data/24dc579a-9146-41c6-ac4b-d3d73e219226.wav,1.0
8be589c2-c09a-442d-a0a0-50094a73f0d5,coughvid_data/8be589c2-c09a-442d-a0a0-50094a73f0d5.wav,coughvid_data/8be589c2-c09a-442d-a0a0-50094a73f0d5.wav,1.0
605d94b6-775b-4694-a29c-ea3a9d5ebbdd,coughvid_data/605d94b6-775b-4694-a29c-ea3a9d5ebbdd.wav,coughvid_data/605d94b6-775b-4694-a29c-ea3a9d5ebbdd.wav,1.0
6f5c9187-db40-4552-abcf-200daef89298,coughvid_data/6f5c9187-db40-4552-abcf-200daef89298.wav,coughvid_data/6f5c9187-db40-4552-abcf-200daef89298.wav,1.0
c0f0ccc4-5a96-48be-95b5-e6f683b4daae,coughvid_data/c0f0ccc4-5a96-48be-95b5-e6f683b4daae.wav,coughvid_data/c0f0ccc4-5a96-48be-95b5-e6f683b4daae.wav,0.0
2b2e4fbc-a137-455e-9f8e-26c315a5975f,coughvid_data/2b2e4fbc-a137-455e-9f8e-26c315a5975f.wav,coughvid_data/2b2e4fbc-a137-455e-9f8e-26c315a5975f.wav,1.0
f4532f36-31cb-4d84-b4b5-895e61cd3e44,coughvid_data/f4532f36-31cb-4d84-b4b5-895e61cd3e44.wav,coughvid_data/f4532f36-31cb-4d84-b4b5-895e61cd3e44.wav,0.0
285e7f6f-503a-41f0-ac3b-173433a8cf40,coughvid_data/285e7f6f-503a-41f0-ac3b-173433a8cf40.wav,coughvid_data/285e7f6f-503a-41f0-ac3b-173433a8cf40.wav,1.0
9184bd90-ed42-4136-bf15-5051083d6afe,coughvid_data/9184bd90-ed42-4136-bf15-5051083d6afe.wav,coughvid_data/9184bd90-ed42-4136-bf15-5051083d6afe.wav,1.0
52148f2c-461b-4f36-a607-45595eac892a,coughvid_data/52148f2c-461b-4f36-a607-45595eac892a.wav,coughvid_data/52148f2c-461b-4f36-a607-45595eac892a.wav,0.0
f0252ad0-4900-4e79-beb0-d27746d387f8,coughvid_data/f0252ad0-4900-4e79-beb0-d27746d387f8.wav,coughvid_data/f0252ad0-4900-4e79-beb0-d27746d387f8.wav,0.0
39383205-440e-4e69-ae63-f7b2317b04a1,coughvid_data/39383205-440e-4e69-ae63-f7b2317b04a1.wav,coughvid_data/39383205-440e-4e69-ae63-f7b2317b04a1.wav,0.0
65079d0e-177e-4fa5-81b4-7d6a8dc8c5e9,coughvid_data/65079d0e-177e-4fa5-81b4-7d6a8dc8c5e9.wav,coughvid_data/65079d0e-177e-4fa5-81b4-7d6a8dc8c5e9.wav,1.0
c257b3ab-86dc-4450-a1da-434e77267206,coughvid_data/c257b3ab-86dc-4450-a1da-434e77267206.wav,coughvid_data/c257b3ab-86dc-4450-a1da-434e77267206.wav,0.0
c1593753-cd02-46f4-9dad-9e31d0c2c2f6,coughvid_data/c1593753-cd02-46f4-9dad-9e31d0c2c2f6.wav,coughvid_data/c1593753-cd02-46f4-9dad-9e31d0c2c2f6.wav,0.0
af32de8c-0b9b-4215-8a5f-111b2cd9be5c,coughvid_data/af32de8c-0b9b-4215-8a5f-111b2cd9be5c.wav,coughvid_data/af32de8c-0b9b-4215-8a5f-111b2cd9be5c.wav,1.0
3c6c65ea-6b66-4e99-af6c-3c8db3f25032,coughvid_data/3c6c65ea-6b66-4e99-af6c-3c8db3f25032.wav,coughvid_data/3c6c65ea-6b66-4e99-af6c-3c8db3f25032.wav,1.0
0eea6c49-ec49-43e1-a438-7f5f790e514e,coughvid_data/0eea6c49-ec49-43e1-a438-7f5f790e514e.wav,coughvid_data/0eea6c49-ec49-43e1-a438-7f5f790e514e.wav,1.0
1498b62d-0206-4f43-8084-076243eb18c9,coughvid_data/1498b62d-0206-4f43-8084-076243eb18c9.wav,coughvid_data/1498b62d-0206-4f43-8084-076243eb18c9.wav,1.0
096d20b1-9b90-4c94-aa17-ac61d9e216ee,coughvid_data/096d20b1-9b90-4c94-aa17-ac61d9e216ee.wav,coughvid_data/096d20b1-9b90-4c94-aa17-ac61d9e216ee.wav,0.0
c2e033f0-5e2f-4793-be75-afa9ae7d3f8f,coughvid_data/c2e033f0-5e2f-4793-be75-afa9ae7d3f8f.wav,coughvid_data/c2e033f0-5e2f-4793-be75-afa9ae7d3f8f.wav,1.0
b30aa780-773f-46f6-8e83-7bf6f46f42d6,coughvid_data/b30aa780-773f-46f6-8e83-7bf6f46f42d6.wav,coughvid_data/b30aa780-773f-46f6-8e83-7bf6f46f42d6.wav,1.0
ccaf32a7-07df-4f2a-9221-f087c9c5a9a8,coughvid_data/ccaf32a7-07df-4f2a-9221-f087c9c5a9a8.wav,coughvid_data/ccaf32a7-07df-4f2a-9221-f087c9c5a9a8.wav,0.0
07b0beea-f37a-4131-8a7e-6dcbe182e7f3,coughvid_data/07b0beea-f37a-4131-8a7e-6dcbe182e7f3.wav,coughvid_data/07b0beea-f37a-4131-8a7e-6dcbe182e7f3.wav,1.0
6ce03570-8e5f-4405-9162-b16998af4316,coughvid_data/6ce03570-8e5f-4405-9162-b16998af4316.wav,coughvid_data/6ce03570-8e5f-4405-9162-b16998af4316.wav,0.0
412abb18-7ead-402e-a18b-7aa0d5fabf44,coughvid_data/412abb18-7ead-402e-a18b-7aa0d5fabf44.wav,coughvid_data/412abb18-7ead-402e-a18b-7aa0d5fabf44.wav,1.0
9c808288-adb6-49e1-be76-8fe9a47fcbf0,coughvid_data/9c808288-adb6-49e1-be76-8fe9a47fcbf0.wav,coughvid_data/9c808288-adb6-49e1-be76-8fe9a47fcbf0.wav,0.0
55fad690-63b7-4d23-b94e-41dcf729b325,coughvid_data/55fad690-63b7-4d23-b94e-41dcf729b325.wav,coughvid_data/55fad690-63b7-4d23-b94e-41dcf729b325.wav,1.0
57aa0d69-55d2-47af-97e2-91e6e00f94fe,coughvid_data/57aa0d69-55d2-47af-97e2-91e6e00f94fe.wav,coughvid_data/57aa0d69-55d2-47af-97e2-91e6e00f94fe.wav,1.0
626affce-f2c0-4313-91a0-cd921e79d8b8,coughvid_data/626affce-f2c0-4313-91a0-cd921e79d8b8.wav,coughvid_data/626affce-f2c0-4313-91a0-cd921e79d8b8.wav,1.0
f9be9418-1aea-4a0d-8936-d98ac6ae8965,coughvid_data/f9be9418-1aea-4a0d-8936-d98ac6ae8965.wav,coughvid_data/f9be9418-1aea-4a0d-8936-d98ac6ae8965.wav,0.0
0fb1174f-7ebd-4b31-9344-55efbed24156,coughvid_data/0fb1174f-7ebd-4b31-9344-55efbed24156.wav,coughvid_data/0fb1174f-7ebd-4b31-9344-55efbed24156.wav,1.0
36f385b4-685d-469c-99e1-d256d49ec197,coughvid_data/36f385b4-685d-469c-99e1-d256d49ec197.wav,coughvid_data/36f385b4-685d-469c-99e1-d256d49ec197.wav,0.0
1de44182-c6f6-4059-bb54-1e8552999e03,coughvid_data/1de44182-c6f6-4059-bb54-1e8552999e03.wav,coughvid_data/1de44182-c6f6-4059-bb54-1e8552999e03.wav,1.0
c8d3f8b9-3e78-498b-a72b-59f4bfbc7e9a,coughvid_data/c8d3f8b9-3e78-498b-a72b-59f4bfbc7e9a.wav,coughvid_data/c8d3f8b9-3e78-498b-a72b-59f4bfbc7e9a.wav,0.0
6a805f2a-0e83-4c0a-875a-e6c20d8a55ad,coughvid_data/6a805f2a-0e83-4c0a-875a-e6c20d8a55ad.wav,coughvid_data/6a805f2a-0e83-4c0a-875a-e6c20d8a55ad.wav,1.0
34eca216-90b7-4548-bffe-f7fc85602958,coughvid_data/34eca216-90b7-4548-bffe-f7fc85602958.wav,coughvid_data/34eca216-90b7-4548-bffe-f7fc85602958.wav,1.0
7345081d-aa1d-414c-9849-c7d7d02211e6,coughvid_data/7345081d-aa1d-414c-9849-c7d7d02211e6.wav,coughvid_data/7345081d-aa1d-414c-9849-c7d7d02211e6.wav,0.0
592cd6be-dd06-41c6-94e2-53eeb103c729,coughvid_data/592cd6be-dd06-41c6-94e2-53eeb103c729.wav,coughvid_data/592cd6be-dd06-41c6-94e2-53eeb103c729.wav,1.0
ef27565b-5352-4bc8-b5e2-56c411468326,coughvid_data/ef27565b-5352-4bc8-b5e2-56c411468326.wav,coughvid_data/ef27565b-5352-4bc8-b5e2-56c411468326.wav,1.0
0b060755-8ddd-4a18-b724-12fd25599be9,coughvid_data/0b060755-8ddd-4a18-b724-12fd25599be9.wav,coughvid_data/0b060755-8ddd-4a18-b724-12fd25599be9.wav,1.0
7b58cb82-a32b-4da1-b7eb-9e98bc468924,coughvid_data/7b58cb82-a32b-4da1-b7eb-9e98bc468924.wav,coughvid_data/7b58cb82-a32b-4da1-b7eb-9e98bc468924.wav,0.0
d7eb8526-1578-4e3c-8a62-53152bb8ad68,coughvid_data/d7eb8526-1578-4e3c-8a62-53152bb8ad68.wav,coughvid_data/d7eb8526-1578-4e3c-8a62-53152bb8ad68.wav,0.0
e84ff260-3559-4c12-9c09-b2d4a77141bd,coughvid_data/e84ff260-3559-4c12-9c09-b2d4a77141bd.wav,coughvid_data/e84ff260-3559-4c12-9c09-b2d4a77141bd.wav,0.0
c6f09487-1e0a-490d-be61-2a45609c0902,coughvid_data/c6f09487-1e0a-490d-be61-2a45609c0902.wav,coughvid_data/c6f09487-1e0a-490d-be61-2a45609c0902.wav,0.0
3e4a86eb-dbb2-44b3-b103-d0af0258c720,coughvid_data/3e4a86eb-dbb2-44b3-b103-d0af0258c720.wav,coughvid_data/3e4a86eb-dbb2-44b3-b103-d0af0258c720.wav,1.0
4aa2d93c-a8b2-48fd-b79b-fd360c83a204,coughvid_data/4aa2d93c-a8b2-48fd-b79b-fd360c83a204.wav,coughvid_data/4aa2d93c-a8b2-48fd-b79b-fd360c83a204.wav,0.0
5cce2a30-4623-4abb-b12c-573edaf641f7,coughvid_data/5cce2a30-4623-4abb-b12c-573edaf641f7.wav,coughvid_data/5cce2a30-4623-4abb-b12c-573edaf641f7.wav,0.0
0fa57eed-008c-4b91-9da9-bb498a73c110,coughvid_data/0fa57eed-008c-4b91-9da9-bb498a73c110.wav,coughvid_data/0fa57eed-008c-4b91-9da9-bb498a73c110.wav,0.0
2de41de6-fd3d-4948-adca-78ae50b9bb97,coughvid_data/2de41de6-fd3d-4948-adca-78ae50b9bb97.wav,coughvid_data/2de41de6-fd3d-4948-adca-78ae50b9bb97.wav,1.0
90d19009-344d-4ffc-a999-56fc6dbf29a6,coughvid_data/90d19009-344d-4ffc-a999-56fc6dbf29a6.wav,coughvid_data/90d19009-344d-4ffc-a999-56fc6dbf29a6.wav,1.0
6a9f1b53-ccce-444c-a196-089c096368a5,coughvid_data/6a9f1b53-ccce-444c-a196-089c096368a5.wav,coughvid_data/6a9f1b53-ccce-444c-a196-089c096368a5.wav,0.0
6791e957-8fa4-45be-bc6e-4724a3247f90,coughvid_data/6791e957-8fa4-45be-bc6e-4724a3247f90.wav,coughvid_data/6791e957-8fa4-45be-bc6e-4724a3247f90.wav,0.0
0741b646-894f-41fa-a1dd-fe0e100fc9eb,coughvid_data/0741b646-894f-41fa-a1dd-fe0e100fc9eb.wav,coughvid_data/0741b646-894f-41fa-a1dd-fe0e100fc9eb.wav,1.0
c24d4514-4297-4df5-ac1e-281b91011e0e,coughvid_data/c24d4514-4297-4df5-ac1e-281b91011e0e.wav,coughvid_data/c24d4514-4297-4df5-ac1e-281b91011e0e.wav,0.0
c60f5927-71d6-45ef-9bfe-80ffaa957d52,coughvid_data/c60f5927-71d6-45ef-9bfe-80ffaa957d52.wav,coughvid_data/c60f5927-71d6-45ef-9bfe-80ffaa957d52.wav,0.0
5dc12629-60db-4f7a-8d01-949e92ffe797,coughvid_data/5dc12629-60db-4f7a-8d01-949e92ffe797.wav,coughvid_data/5dc12629-60db-4f7a-8d01-949e92ffe797.wav,1.0
0e77f13c-636b-4795-bdf5-0d45e79e27e6,coughvid_data/0e77f13c-636b-4795-bdf5-0d45e79e27e6.wav,coughvid_data/0e77f13c-636b-4795-bdf5-0d45e79e27e6.wav,0.0
a92658b5-84a0-421b-bd59-3677c901e1ed,coughvid_data/a92658b5-84a0-421b-bd59-3677c901e1ed.wav,coughvid_data/a92658b5-84a0-421b-bd59-3677c901e1ed.wav,0.0
9d9ae3fc-7a52-4cf1-9708-661100c09f67,coughvid_data/9d9ae3fc-7a52-4cf1-9708-661100c09f67.wav,coughvid_data/9d9ae3fc-7a52-4cf1-9708-661100c09f67.wav,1.0
96a61efe-42df-4e47-ac1a-0f5e6722b288,coughvid_data/96a61efe-42df-4e47-ac1a-0f5e6722b288.wav,coughvid_data/96a61efe-42df-4e47-ac1a-0f5e6722b288.wav,0.0
f6706c28-294b-444f-a3b0-05b38500e3a6,coughvid_data/f6706c28-294b-444f-a3b0-05b38500e3a6.wav,coughvid_data/f6706c28-294b-444f-a3b0-05b38500e3a6.wav,0.0
940615f4-7257-42e6-8d97-41df4bb26fc7,coughvid_data/940615f4-7257-42e6-8d97-41df4bb26fc7.wav,coughvid_data/940615f4-7257-42e6-8d97-41df4bb26fc7.wav,1.0
029f6ee9-d7c5-4d4c-a153-09c210683687,coughvid_data/029f6ee9-d7c5-4d4c-a153-09c210683687.wav,coughvid_data/029f6ee9-d7c5-4d4c-a153-09c210683687.wav,1.0
f837eca8-4bef-49d9-8f34-50f51ae046ce,coughvid_data/f837eca8-4bef-49d9-8f34-50f51ae046ce.wav,coughvid_data/f837eca8-4bef-49d9-8f34-50f51ae046ce.wav,1.0
0e8ef5cd-8fea-45cd-9b36-a57b098e51d3,coughvid_data/0e8ef5cd-8fea-45cd-9b36-a57b098e51d3.wav,coughvid_data/0e8ef5cd-8fea-45cd-9b36-a57b098e51d3.wav,0.0
1a6084d5-9a6e-45ac-8f7b-9fdd2836e0fe,coughvid_data/1a6084d5-9a6e-45ac-8f7b-9fdd2836e0fe.wav,coughvid_data/1a6084d5-9a6e-45ac-8f7b-9fdd2836e0fe.wav,0.0
6a4613f6-ec32-40c1-b233-3ab935cd0bcd,coughvid_data/6a4613f6-ec32-40c1-b233-3ab935cd0bcd.wav,coughvid_data/6a4613f6-ec32-40c1-b233-3ab935cd0bcd.wav,0.0
77134ee6-1ce3-4506-95d3-e6dccf32b417,coughvid_data/77134ee6-1ce3-4506-95d3-e6dccf32b417.wav,coughvid_data/77134ee6-1ce3-4506-95d3-e6dccf32b417.wav,0.0
70199b46-18c6-42f7-8a56-ceaa854a6acf,coughvid_data/70199b46-18c6-42f7-8a56-ceaa854a6acf.wav,coughvid_data/70199b46-18c6-42f7-8a56-ceaa854a6acf.wav,1.0
62b680f9-ba3d-40d0-84c3-e79045efeb6a,coughvid_data/62b680f9-ba3d-40d0-84c3-e79045efeb6a.wav,coughvid_data/62b680f9-ba3d-40d0-84c3-e79045efeb6a.wav,0.0
e2e3d4e1-3169-4f8c-a5ad-f157d97c4a40,coughvid_data/e2e3d4e1-3169-4f8c-a5ad-f157d97c4a40.wav,coughvid_data/e2e3d4e1-3169-4f8c-a5ad-f157d97c4a40.wav,0.0
30ea354a-bce8-484c-94a6-240e0322cd37,coughvid_data/30ea354a-bce8-484c-94a6-240e0322cd37.wav,coughvid_data/30ea354a-bce8-484c-94a6-240e0322cd37.wav,1.0
fcb29df4-7091-4f3b-be42-16cbcf7c5eeb,coughvid_data/fcb29df4-7091-4f3b-be42-16cbcf7c5eeb.wav,coughvid_data/fcb29df4-7091-4f3b-be42-16cbcf7c5eeb.wav,0.0
c2666bdd-eee7-4b13-8e81-57c29624b631,coughvid_data/c2666bdd-eee7-4b13-8e81-57c29624b631.wav,coughvid_data/c2666bdd-eee7-4b13-8e81-57c29624b631.wav,0.0
77f29648-4850-4e31-bd02-079737fa6f80,coughvid_data/77f29648-4850-4e31-bd02-079737fa6f80.wav,coughvid_data/77f29648-4850-4e31-bd02-079737fa6f80.wav,0.0
1fcf9369-1845-439d-859e-f359aeef80ee,coughvid_data/1fcf9369-1845-439d-859e-f359aeef80ee.wav,coughvid_data/1fcf9369-1845-439d-859e-f359aeef80ee.wav,1.0
331bfeac-d7f3-4f76-a128-39ae542fd561,coughvid_data/331bfeac-d7f3-4f76-a128-39ae542fd561.wav,coughvid_data/331bfeac-d7f3-4f76-a128-39ae542fd561.wav,0.0
8781bdcc-e293-4816-8bc6-761146eb8da9,coughvid_data/8781bdcc-e293-4816-8bc6-761146eb8da9.wav,coughvid_data/8781bdcc-e293-4816-8bc6-761146eb8da9.wav,0.0
f637672b-248f-44c6-b569-02a59b368932,coughvid_data/f637672b-248f-44c6-b569-02a59b368932.wav,coughvid_data/f637672b-248f-44c6-b569-02a59b368932.wav,0.0
f35081a0-e682-4cdf-a927-482fb8fa0631,coughvid_data/f35081a0-e682-4cdf-a927-482fb8fa0631.wav,coughvid_data/f35081a0-e682-4cdf-a927-482fb8fa0631.wav,1.0
fffce9f0-a5e8-4bee-b13b-c671aac4a61c,coughvid_data/fffce9f0-a5e8-4bee-b13b-c671aac4a61c.wav,coughvid_data/fffce9f0-a5e8-4bee-b13b-c671aac4a61c.wav,1.0
f06b2d71-982a-4aca-8075-7b539c316892,coughvid_data/f06b2d71-982a-4aca-8075-7b539c316892.wav,coughvid_data/f06b2d71-982a-4aca-8075-7b539c316892.wav,0.0
19c71223-e97a-4939-a933-d2017aad0acd,coughvid_data/19c71223-e97a-4939-a933-d2017aad0acd.wav,coughvid_data/19c71223-e97a-4939-a933-d2017aad0acd.wav,0.0
b568c748-65e9-408f-b3f9-c28872e2ab11,coughvid_data/b568c748-65e9-408f-b3f9-c28872e2ab11.wav,coughvid_data/b568c748-65e9-408f-b3f9-c28872e2ab11.wav,0.0
2d05391d-b70f-4daf-98b4-aedc52b15634,coughvid_data/2d05391d-b70f-4daf-98b4-aedc52b15634.wav,coughvid_data/2d05391d-b70f-4daf-98b4-aedc52b15634.wav,0.0
fd990e5a-46b7-4443-9634-d1f0769a41d9,coughvid_data/fd990e5a-46b7-4443-9634-d1f0769a41d9.wav,coughvid_data/fd990e5a-46b7-4443-9634-d1f0769a41d9.wav,0.0
f358b0af-6fb5-43a5-854a-e95765d49311,coughvid_data/f358b0af-6fb5-43a5-854a-e95765d49311.wav,coughvid_data/f358b0af-6fb5-43a5-854a-e95765d49311.wav,1.0
82a7bdf0-56fb-426c-9dc6-7811ee82ece2,coughvid_data/82a7bdf0-56fb-426c-9dc6-7811ee82ece2.wav,coughvid_data/82a7bdf0-56fb-426c-9dc6-7811ee82ece2.wav,1.0
8829028b-ba33-4909-9ab8-e523dfce46da,coughvid_data/8829028b-ba33-4909-9ab8-e523dfce46da.wav,coughvid_data/8829028b-ba33-4909-9ab8-e523dfce46da.wav,0.0
da53e916-fa87-41d1-817c-ce93aa94be65,coughvid_data/da53e916-fa87-41d1-817c-ce93aa94be65.wav,coughvid_data/da53e916-fa87-41d1-817c-ce93aa94be65.wav,1.0
ec80925e-4ddc-4fbe-94b2-eb0c1ed2de03,coughvid_data/ec80925e-4ddc-4fbe-94b2-eb0c1ed2de03.wav,coughvid_data/ec80925e-4ddc-4fbe-94b2-eb0c1ed2de03.wav,1.0
c1a9b697-7d1c-4f44-b559-c48b01fb1a2b,coughvid_data/c1a9b697-7d1c-4f44-b559-c48b01fb1a2b.wav,coughvid_data/c1a9b697-7d1c-4f44-b559-c48b01fb1a2b.wav,1.0
691c3e53-a5b2-45bf-8780-e77dbc437a9e,coughvid_data/691c3e53-a5b2-45bf-8780-e77dbc437a9e.wav,coughvid_data/691c3e53-a5b2-45bf-8780-e77dbc437a9e.wav,0.0
2855ea7f-e1a9-4ecf-ac1c-62e6e7c7dc39,coughvid_data/2855ea7f-e1a9-4ecf-ac1c-62e6e7c7dc39.wav,coughvid_data/2855ea7f-e1a9-4ecf-ac1c-62e6e7c7dc39.wav,1.0
aadcccba-14a8-4dcf-80ab-faaa3d19c677,coughvid_data/aadcccba-14a8-4dcf-80ab-faaa3d19c677.wav,coughvid_data/aadcccba-14a8-4dcf-80ab-faaa3d19c677.wav,0.0
a1b53533-28da-48da-8531-084369f3ad84,coughvid_data/a1b53533-28da-48da-8531-084369f3ad84.wav,coughvid_data/a1b53533-28da-48da-8531-084369f3ad84.wav,0.0
2368985e-fece-47b3-a2c8-6fe8b33cdb70,coughvid_data/2368985e-fece-47b3-a2c8-6fe8b33cdb70.wav,coughvid_data/2368985e-fece-47b3-a2c8-6fe8b33cdb70.wav,0.0
98e4742a-3aab-4dcb-a5b8-e903f91c4324,coughvid_data/98e4742a-3aab-4dcb-a5b8-e903f91c4324.wav,coughvid_data/98e4742a-3aab-4dcb-a5b8-e903f91c4324.wav,1.0
a98bb5cf-cc0a-433e-9afd-ba755116d532,coughvid_data/a98bb5cf-cc0a-433e-9afd-ba755116d532.wav,coughvid_data/a98bb5cf-cc0a-433e-9afd-ba755116d532.wav,1.0
7985c4a1-0ca1-4d36-8454-768db1b75be1,coughvid_data/7985c4a1-0ca1-4d36-8454-768db1b75be1.wav,coughvid_data/7985c4a1-0ca1-4d36-8454-768db1b75be1.wav,0.0
3df1981c-e380-40bd-ab27-4465eee42d27,coughvid_data/3df1981c-e380-40bd-ab27-4465eee42d27.wav,coughvid_data/3df1981c-e380-40bd-ab27-4465eee42d27.wav,1.0
de1ee05d-ae1e-430e-a0f0-098ecca3f74b,coughvid_data/de1ee05d-ae1e-430e-a0f0-098ecca3f74b.wav,coughvid_data/de1ee05d-ae1e-430e-a0f0-098ecca3f74b.wav,0.0
4d230bec-1056-49ca-b274-c0825b924824,coughvid_data/4d230bec-1056-49ca-b274-c0825b924824.wav,coughvid_data/4d230bec-1056-49ca-b274-c0825b924824.wav,1.0
7397cb02-35d1-44fb-a777-848c447435e0,coughvid_data/7397cb02-35d1-44fb-a777-848c447435e0.wav,coughvid_data/7397cb02-35d1-44fb-a777-848c447435e0.wav,0.0
efc114b9-9bf8-4cb0-b710-55860833b692,coughvid_data/efc114b9-9bf8-4cb0-b710-55860833b692.wav,coughvid_data/efc114b9-9bf8-4cb0-b710-55860833b692.wav,0.0
b3e4bf6b-4ac1-40a9-925d-576c215506ad,coughvid_data/b3e4bf6b-4ac1-40a9-925d-576c215506ad.wav,coughvid_data/b3e4bf6b-4ac1-40a9-925d-576c215506ad.wav,0.0
47348b44-2fef-411e-ba48-a7434fbbf9d6,coughvid_data/47348b44-2fef-411e-ba48-a7434fbbf9d6.wav,coughvid_data/47348b44-2fef-411e-ba48-a7434fbbf9d6.wav,0.0
dbceb1f1-88ce-4502-842b-99463d7e062b,coughvid_data/dbceb1f1-88ce-4502-842b-99463d7e062b.wav,coughvid_data/dbceb1f1-88ce-4502-842b-99463d7e062b.wav,0.0
c19b56a4-ea1b-43b3-bd1e-2ef4bf5eeeb9,coughvid_data/c19b56a4-ea1b-43b3-bd1e-2ef4bf5eeeb9.wav,coughvid_data/c19b56a4-ea1b-43b3-bd1e-2ef4bf5eeeb9.wav,0.0
79083b4c-387a-42dc-a3b1-7e32e155ebe0,coughvid_data/79083b4c-387a-42dc-a3b1-7e32e155ebe0.wav,coughvid_data/79083b4c-387a-42dc-a3b1-7e32e155ebe0.wav,0.0
7674c284-4b70-44d3-b432-f2f91a3e69f7,coughvid_data/7674c284-4b70-44d3-b432-f2f91a3e69f7.wav,coughvid_data/7674c284-4b70-44d3-b432-f2f91a3e69f7.wav,0.0
a830dbe5-5e1d-4aaf-a18f-fd08e84b02a4,coughvid_data/a830dbe5-5e1d-4aaf-a18f-fd08e84b02a4.wav,coughvid_data/a830dbe5-5e1d-4aaf-a18f-fd08e84b02a4.wav,1.0
52ba6875-b680-44e8-8ca2-eecb5a756d66,coughvid_data/52ba6875-b680-44e8-8ca2-eecb5a756d66.wav,coughvid_data/52ba6875-b680-44e8-8ca2-eecb5a756d66.wav,1.0
427116c2-4dc4-4487-b4bb-bc8717f71db4,coughvid_data/427116c2-4dc4-4487-b4bb-bc8717f71db4.wav,coughvid_data/427116c2-4dc4-4487-b4bb-bc8717f71db4.wav,0.0
ae16873f-240b-4d87-bb88-8a3a52cd9f02,coughvid_data/ae16873f-240b-4d87-bb88-8a3a52cd9f02.wav,coughvid_data/ae16873f-240b-4d87-bb88-8a3a52cd9f02.wav,0.0
b8738fc2-42d8-460e-97aa-ee731e15b21d,coughvid_data/b8738fc2-42d8-460e-97aa-ee731e15b21d.wav,coughvid_data/b8738fc2-42d8-460e-97aa-ee731e15b21d.wav,1.0
e696c394-62ac-4867-b6f7-d138faa1a06a,coughvid_data/e696c394-62ac-4867-b6f7-d138faa1a06a.wav,coughvid_data/e696c394-62ac-4867-b6f7-d138faa1a06a.wav,0.0
1c13288a-9ef9-4027-9ca6-06472a106fb1,coughvid_data/1c13288a-9ef9-4027-9ca6-06472a106fb1.wav,coughvid_data/1c13288a-9ef9-4027-9ca6-06472a106fb1.wav,1.0
88bae043-13e6-45c1-8a70-6443bd5427f2,coughvid_data/88bae043-13e6-45c1-8a70-6443bd5427f2.wav,coughvid_data/88bae043-13e6-45c1-8a70-6443bd5427f2.wav,1.0
645c50c1-8a4b-4d15-8fde-5d85ea92ecdc,coughvid_data/645c50c1-8a4b-4d15-8fde-5d85ea92ecdc.wav,coughvid_data/645c50c1-8a4b-4d15-8fde-5d85ea92ecdc.wav,1.0
88f6aa4d-d9e3-4d51-b803-5736e92762e4,coughvid_data/88f6aa4d-d9e3-4d51-b803-5736e92762e4.wav,coughvid_data/88f6aa4d-d9e3-4d51-b803-5736e92762e4.wav,1.0
f2f383b7-62df-435f-afa8-10ef5c95b0be,coughvid_data/f2f383b7-62df-435f-afa8-10ef5c95b0be.wav,coughvid_data/f2f383b7-62df-435f-afa8-10ef5c95b0be.wav,1.0
03a90760-828d-4a2c-b10d-ddc8e86eeee8,coughvid_data/03a90760-828d-4a2c-b10d-ddc8e86eeee8.wav,coughvid_data/03a90760-828d-4a2c-b10d-ddc8e86eeee8.wav,0.0
5e8b3d12-7b30-4f9d-9da8-fe38b1923e3d,coughvid_data/5e8b3d12-7b30-4f9d-9da8-fe38b1923e3d.wav,coughvid_data/5e8b3d12-7b30-4f9d-9da8-fe38b1923e3d.wav,0.0
b2b69a77-2098-4a72-b96e-cc87cb3faa5a,coughvid_data/b2b69a77-2098-4a72-b96e-cc87cb3faa5a.wav,coughvid_data/b2b69a77-2098-4a72-b96e-cc87cb3faa5a.wav,1.0
0acfa353-f96c-4cc3-b7af-d6fcd0c359a5,coughvid_data/0acfa353-f96c-4cc3-b7af-d6fcd0c359a5.wav,coughvid_data/0acfa353-f96c-4cc3-b7af-d6fcd0c359a5.wav,0.0
415db4c5-89ab-4b27-b00b-835e232c0d05,coughvid_data/415db4c5-89ab-4b27-b00b-835e232c0d05.wav,coughvid_data/415db4c5-89ab-4b27-b00b-835e232c0d05.wav,1.0
1336fa93-0203-458d-b532-8cf9b150291d,coughvid_data/1336fa93-0203-458d-b532-8cf9b150291d.wav,coughvid_data/1336fa93-0203-458d-b532-8cf9b150291d.wav,1.0
868ca3fd-b830-4a45-b7f0-e3b64065d5ac,coughvid_data/868ca3fd-b830-4a45-b7f0-e3b64065d5ac.wav,coughvid_data/868ca3fd-b830-4a45-b7f0-e3b64065d5ac.wav,0.0
cc5b8aa6-355a-4f4c-bc88-4f1d5bafc5ad,coughvid_data/cc5b8aa6-355a-4f4c-bc88-4f1d5bafc5ad.wav,coughvid_data/cc5b8aa6-355a-4f4c-bc88-4f1d5bafc5ad.wav,1.0
9d3acba2-e1a3-4af8-9147-53e1ad5011c4,coughvid_data/9d3acba2-e1a3-4af8-9147-53e1ad5011c4.wav,coughvid_data/9d3acba2-e1a3-4af8-9147-53e1ad5011c4.wav,1.0
980ac651-11a0-45f1-877b-81dff52e47fe,coughvid_data/980ac651-11a0-45f1-877b-81dff52e47fe.wav,coughvid_data/980ac651-11a0-45f1-877b-81dff52e47fe.wav,1.0
6d913185-2074-4584-ba6c-7bd282706360,coughvid_data/6d913185-2074-4584-ba6c-7bd282706360.wav,coughvid_data/6d913185-2074-4584-ba6c-7bd282706360.wav,0.0
ebfbd038-2bcf-4767-b333-c252dd1f38ee,coughvid_data/ebfbd038-2bcf-4767-b333-c252dd1f38ee.wav,coughvid_data/ebfbd038-2bcf-4767-b333-c252dd1f38ee.wav,1.0
f5db0719-9107-4897-990c-aff0c3845161,coughvid_data/f5db0719-9107-4897-990c-aff0c3845161.wav,coughvid_data/f5db0719-9107-4897-990c-aff0c3845161.wav,0.0
6ce93e02-0b41-4b1d-a411-6df6fd52d763,coughvid_data/6ce93e02-0b41-4b1d-a411-6df6fd52d763.wav,coughvid_data/6ce93e02-0b41-4b1d-a411-6df6fd52d763.wav,1.0
8ad47c99-ac32-4755-86cc-94607207aec3,coughvid_data/8ad47c99-ac32-4755-86cc-94607207aec3.wav,coughvid_data/8ad47c99-ac32-4755-86cc-94607207aec3.wav,0.0
db94db96-0ef5-4220-a48e-de84a5711beb,coughvid_data/db94db96-0ef5-4220-a48e-de84a5711beb.wav,coughvid_data/db94db96-0ef5-4220-a48e-de84a5711beb.wav,1.0
236b7101-499c-4684-ada3-32c211031a79,coughvid_data/236b7101-499c-4684-ada3-32c211031a79.wav,coughvid_data/236b7101-499c-4684-ada3-32c211031a79.wav,0.0
8901ad0a-b58f-429b-b0d6-574c2ba14690,coughvid_data/8901ad0a-b58f-429b-b0d6-574c2ba14690.wav,coughvid_data/8901ad0a-b58f-429b-b0d6-574c2ba14690.wav,1.0
b775ed55-e326-49ef-8fdf-23199176be72,coughvid_data/b775ed55-e326-49ef-8fdf-23199176be72.wav,coughvid_data/b775ed55-e326-49ef-8fdf-23199176be72.wav,1.0
4997535e-f2f0-433b-8e1a-27e00f378a25,coughvid_data/4997535e-f2f0-433b-8e1a-27e00f378a25.wav,coughvid_data/4997535e-f2f0-433b-8e1a-27e00f378a25.wav,1.0
2e81c537-3606-4c6d-a8b9-b87470883ed3,coughvid_data/2e81c537-3606-4c6d-a8b9-b87470883ed3.wav,coughvid_data/2e81c537-3606-4c6d-a8b9-b87470883ed3.wav,1.0
83747059-fe7a-4709-872c-96c0d5bd7d3e,coughvid_data/83747059-fe7a-4709-872c-96c0d5bd7d3e.wav,coughvid_data/83747059-fe7a-4709-872c-96c0d5bd7d3e.wav,1.0
4a6f9be4-9303-4007-aef8-f2bd0c0565de,coughvid_data/4a6f9be4-9303-4007-aef8-f2bd0c0565de.wav,coughvid_data/4a6f9be4-9303-4007-aef8-f2bd0c0565de.wav,1.0
b4b7f4b3-08b4-46ad-a39f-ff4e5b029520,coughvid_data/b4b7f4b3-08b4-46ad-a39f-ff4e5b029520.wav,coughvid_data/b4b7f4b3-08b4-46ad-a39f-ff4e5b029520.wav,1.0
198028e8-6562-4327-a359-e5ec2687dfcb,coughvid_data/198028e8-6562-4327-a359-e5ec2687dfcb.wav,coughvid_data/198028e8-6562-4327-a359-e5ec2687dfcb.wav,1.0
801ca7e0-927a-425b-a78a-0bafe1904f77,coughvid_data/801ca7e0-927a-425b-a78a-0bafe1904f77.wav,coughvid_data/801ca7e0-927a-425b-a78a-0bafe1904f77.wav,1.0
d918014c-b16d-4378-b223-e4b860196571,coughvid_data/d918014c-b16d-4378-b223-e4b860196571.wav,coughvid_data/d918014c-b16d-4378-b223-e4b860196571.wav,0.0
e6de6990-ac3b-4e79-b323-abfbde11226e,coughvid_data/e6de6990-ac3b-4e79-b323-abfbde11226e.wav,coughvid_data/e6de6990-ac3b-4e79-b323-abfbde11226e.wav,0.0
87679487-6604-4f43-9386-e60253b22f81,coughvid_data/87679487-6604-4f43-9386-e60253b22f81.wav,coughvid_data/87679487-6604-4f43-9386-e60253b22f81.wav,1.0
0b72bbdf-fe74-4c76-8c9a-9e4a60a7b9f9,coughvid_data/0b72bbdf-fe74-4c76-8c9a-9e4a60a7b9f9.wav,coughvid_data/0b72bbdf-fe74-4c76-8c9a-9e4a60a7b9f9.wav,1.0
c5596a75-c213-4ab9-874d-b21b57559c9b,coughvid_data/c5596a75-c213-4ab9-874d-b21b57559c9b.wav,coughvid_data/c5596a75-c213-4ab9-874d-b21b57559c9b.wav,1.0
9cd7b466-aba3-400d-9e0d-1362a6007988,coughvid_data/9cd7b466-aba3-400d-9e0d-1362a6007988.wav,coughvid_data/9cd7b466-aba3-400d-9e0d-1362a6007988.wav,1.0
f0ffebda-8a51-4cc7-b5c4-5bc1b4d0f8c6,coughvid_data/f0ffebda-8a51-4cc7-b5c4-5bc1b4d0f8c6.wav,coughvid_data/f0ffebda-8a51-4cc7-b5c4-5bc1b4d0f8c6.wav,0.0
f726390a-c676-4d07-acb3-3a3fa17709ee,coughvid_data/f726390a-c676-4d07-acb3-3a3fa17709ee.wav,coughvid_data/f726390a-c676-4d07-acb3-3a3fa17709ee.wav,0.0
98f776e4-316c-4fbc-b122-321f906ce31c,coughvid_data/98f776e4-316c-4fbc-b122-321f906ce31c.wav,coughvid_data/98f776e4-316c-4fbc-b122-321f906ce31c.wav,0.0
4b9df238-0be3-43bd-aac2-719cf69c853c,coughvid_data/4b9df238-0be3-43bd-aac2-719cf69c853c.wav,coughvid_data/4b9df238-0be3-43bd-aac2-719cf69c853c.wav,1.0
bf3eeaf4-735b-4769-be9c-325d84c37b36,coughvid_data/bf3eeaf4-735b-4769-be9c-325d84c37b36.wav,coughvid_data/bf3eeaf4-735b-4769-be9c-325d84c37b36.wav,0.0
2c238346-d437-44c9-877b-10f4b7546800,coughvid_data/2c238346-d437-44c9-877b-10f4b7546800.wav,coughvid_data/2c238346-d437-44c9-877b-10f4b7546800.wav,1.0
2fd7b95c-8705-4d55-9799-225853e929cd,coughvid_data/2fd7b95c-8705-4d55-9799-225853e929cd.wav,coughvid_data/2fd7b95c-8705-4d55-9799-225853e929cd.wav,1.0
cd63091b-d9e3-4ff9-a6f0-c2c0b9d65790,coughvid_data/cd63091b-d9e3-4ff9-a6f0-c2c0b9d65790.wav,coughvid_data/cd63091b-d9e3-4ff9-a6f0-c2c0b9d65790.wav,1.0
c6b96683-1868-49e2-b6ee-1a65894cd99b,coughvid_data/c6b96683-1868-49e2-b6ee-1a65894cd99b.wav,coughvid_data/c6b96683-1868-49e2-b6ee-1a65894cd99b.wav,1.0
4f195d07-71ce-4285-8e26-bdc786c537f7,coughvid_data/4f195d07-71ce-4285-8e26-bdc786c537f7.wav,coughvid_data/4f195d07-71ce-4285-8e26-bdc786c537f7.wav,1.0
96678e97-6a39-4932-9c5d-13981167bbd8,coughvid_data/96678e97-6a39-4932-9c5d-13981167bbd8.wav,coughvid_data/96678e97-6a39-4932-9c5d-13981167bbd8.wav,1.0
3f446c77-e97a-4edb-a12f-27095decf857,coughvid_data/3f446c77-e97a-4edb-a12f-27095decf857.wav,coughvid_data/3f446c77-e97a-4edb-a12f-27095decf857.wav,1.0
ad50b1d0-d438-47c2-bdd7-b77456a17518,coughvid_data/ad50b1d0-d438-47c2-bdd7-b77456a17518.wav,coughvid_data/ad50b1d0-d438-47c2-bdd7-b77456a17518.wav,1.0
05a98293-2ff3-4d00-b79f-ad49ba5b64f1,coughvid_data/05a98293-2ff3-4d00-b79f-ad49ba5b64f1.wav,coughvid_data/05a98293-2ff3-4d00-b79f-ad49ba5b64f1.wav,0.0
d71debc3-074c-4315-8662-190ec90aed10,coughvid_data/d71debc3-074c-4315-8662-190ec90aed10.wav,coughvid_data/d71debc3-074c-4315-8662-190ec90aed10.wav,1.0
43f9de1c-a7cb-4978-a354-4365441af05a,coughvid_data/43f9de1c-a7cb-4978-a354-4365441af05a.wav,coughvid_data/43f9de1c-a7cb-4978-a354-4365441af05a.wav,0.0
c259d5a2-a9a9-4b06-84db-5100492d6612,coughvid_data/c259d5a2-a9a9-4b06-84db-5100492d6612.wav,coughvid_data/c259d5a2-a9a9-4b06-84db-5100492d6612.wav,0.0
c0d2e55b-8c8e-4c61-8ca3-75d277156701,coughvid_data/c0d2e55b-8c8e-4c61-8ca3-75d277156701.wav,coughvid_data/c0d2e55b-8c8e-4c61-8ca3-75d277156701.wav,1.0
4e06f267-94c0-4dc9-b51c-7219457522ba,coughvid_data/4e06f267-94c0-4dc9-b51c-7219457522ba.wav,coughvid_data/4e06f267-94c0-4dc9-b51c-7219457522ba.wav,0.0
9e86a2c4-139b-4f69-b4e5-08b5f82bbf34,coughvid_data/9e86a2c4-139b-4f69-b4e5-08b5f82bbf34.wav,coughvid_data/9e86a2c4-139b-4f69-b4e5-08b5f82bbf34.wav,0.0
251ef5f4-73cc-4b08-a9d3-f7e38225ad98,coughvid_data/251ef5f4-73cc-4b08-a9d3-f7e38225ad98.wav,coughvid_data/251ef5f4-73cc-4b08-a9d3-f7e38225ad98.wav,0.0
7dffb47e-5c86-4481-ae24-ed8c14bf8384,coughvid_data/7dffb47e-5c86-4481-ae24-ed8c14bf8384.wav,coughvid_data/7dffb47e-5c86-4481-ae24-ed8c14bf8384.wav,0.0
1257af44-1b35-4758-a764-88447aaf8ba3,coughvid_data/1257af44-1b35-4758-a764-88447aaf8ba3.wav,coughvid_data/1257af44-1b35-4758-a764-88447aaf8ba3.wav,1.0
0de42330-5613-4fd8-83b6-0b7f9f5e83ae,coughvid_data/0de42330-5613-4fd8-83b6-0b7f9f5e83ae.wav,coughvid_data/0de42330-5613-4fd8-83b6-0b7f9f5e83ae.wav,1.0
182e4470-de4e-4eba-8745-1829d6362da3,coughvid_data/182e4470-de4e-4eba-8745-1829d6362da3.wav,coughvid_data/182e4470-de4e-4eba-8745-1829d6362da3.wav,0.0
f50f55be-4b9f-4707-814f-24a52857b63f,coughvid_data/f50f55be-4b9f-4707-814f-24a52857b63f.wav,coughvid_data/f50f55be-4b9f-4707-814f-24a52857b63f.wav,1.0
149cc51d-863f-41df-a13f-ef2bb4f0b139,coughvid_data/149cc51d-863f-41df-a13f-ef2bb4f0b139.wav,coughvid_data/149cc51d-863f-41df-a13f-ef2bb4f0b139.wav,0.0
68b505f9-1bf6-4a96-be6a-6cebfc73a974,coughvid_data/68b505f9-1bf6-4a96-be6a-6cebfc73a974.wav,coughvid_data/68b505f9-1bf6-4a96-be6a-6cebfc73a974.wav,1.0
c22fb607-3df3-451c-8925-ab4ae4797651,coughvid_data/c22fb607-3df3-451c-8925-ab4ae4797651.wav,coughvid_data/c22fb607-3df3-451c-8925-ab4ae4797651.wav,0.0
edce4023-5da8-4698-95ed-7dca251a6679,coughvid_data/edce4023-5da8-4698-95ed-7dca251a6679.wav,coughvid_data/edce4023-5da8-4698-95ed-7dca251a6679.wav,1.0
726daa93-059f-49c6-8f90-afa662d5158e,coughvid_data/726daa93-059f-49c6-8f90-afa662d5158e.wav,coughvid_data/726daa93-059f-49c6-8f90-afa662d5158e.wav,1.0
619d892f-9418-4be7-9bd0-3fe558ece028,coughvid_data/619d892f-9418-4be7-9bd0-3fe558ece028.wav,coughvid_data/619d892f-9418-4be7-9bd0-3fe558ece028.wav,1.0
dc769762-84d7-443f-8073-99e61f0e184a,coughvid_data/dc769762-84d7-443f-8073-99e61f0e184a.wav,coughvid_data/dc769762-84d7-443f-8073-99e61f0e184a.wav,0.0
3dfff5eb-21ba-4045-ae51-ea6e23056f34,coughvid_data/3dfff5eb-21ba-4045-ae51-ea6e23056f34.wav,coughvid_data/3dfff5eb-21ba-4045-ae51-ea6e23056f34.wav,0.0
f77a0539-720a-45ec-ad43-fbfeb78ee087,coughvid_data/f77a0539-720a-45ec-ad43-fbfeb78ee087.wav,coughvid_data/f77a0539-720a-45ec-ad43-fbfeb78ee087.wav,0.0
49220b77-44a3-4a2b-9832-a1e6752bd402,coughvid_data/49220b77-44a3-4a2b-9832-a1e6752bd402.wav,coughvid_data/49220b77-44a3-4a2b-9832-a1e6752bd402.wav,0.0
ae66e79e-6205-4285-b154-e6bbdc9d2989,coughvid_data/ae66e79e-6205-4285-b154-e6bbdc9d2989.wav,coughvid_data/ae66e79e-6205-4285-b154-e6bbdc9d2989.wav,1.0
de3d32cf-a1e5-4386-a9af-b5705813df55,coughvid_data/de3d32cf-a1e5-4386-a9af-b5705813df55.wav,coughvid_data/de3d32cf-a1e5-4386-a9af-b5705813df55.wav,0.0
76c85763-b42c-48ca-8b31-c63c7de2a904,coughvid_data/76c85763-b42c-48ca-8b31-c63c7de2a904.wav,coughvid_data/76c85763-b42c-48ca-8b31-c63c7de2a904.wav,1.0
8b801b87-996d-40c3-834f-04f368247747,coughvid_data/8b801b87-996d-40c3-834f-04f368247747.wav,coughvid_data/8b801b87-996d-40c3-834f-04f368247747.wav,0.0
35f7d5fb-2834-4ff4-9b99-2f1eacd5630d,coughvid_data/35f7d5fb-2834-4ff4-9b99-2f1eacd5630d.wav,coughvid_data/35f7d5fb-2834-4ff4-9b99-2f1eacd5630d.wav,1.0
fa3cdedb-afb1-4baa-8a51-56dff85460cb,coughvid_data/fa3cdedb-afb1-4baa-8a51-56dff85460cb.wav,coughvid_data/fa3cdedb-afb1-4baa-8a51-56dff85460cb.wav,1.0
3a63e885-aba5-4767-8f8b-4521d0bedde9,coughvid_data/3a63e885-aba5-4767-8f8b-4521d0bedde9.wav,coughvid_data/3a63e885-aba5-4767-8f8b-4521d0bedde9.wav,1.0
6f397fe0-253c-40c5-b4ba-5c456b1f510d,coughvid_data/6f397fe0-253c-40c5-b4ba-5c456b1f510d.wav,coughvid_data/6f397fe0-253c-40c5-b4ba-5c456b1f510d.wav,0.0
33d54956-31de-4a8e-86a2-9fa3838c2374,coughvid_data/33d54956-31de-4a8e-86a2-9fa3838c2374.wav,coughvid_data/33d54956-31de-4a8e-86a2-9fa3838c2374.wav,1.0
af89b4c6-a942-4dbd-9efb-cc0ae79a9acf,coughvid_data/af89b4c6-a942-4dbd-9efb-cc0ae79a9acf.wav,coughvid_data/af89b4c6-a942-4dbd-9efb-cc0ae79a9acf.wav,1.0
1173f60e-0e25-483a-869f-e65d99303b43,coughvid_data/1173f60e-0e25-483a-869f-e65d99303b43.wav,coughvid_data/1173f60e-0e25-483a-869f-e65d99303b43.wav,0.0
65ea336b-4868-489e-a8f9-ebbe1f9ed672,coughvid_data/65ea336b-4868-489e-a8f9-ebbe1f9ed672.wav,coughvid_data/65ea336b-4868-489e-a8f9-ebbe1f9ed672.wav,0.0
d997353e-bfe7-4933-ab3d-44165a1a4318,coughvid_data/d997353e-bfe7-4933-ab3d-44165a1a4318.wav,coughvid_data/d997353e-bfe7-4933-ab3d-44165a1a4318.wav,1.0
3a55a149-b71b-4401-87f2-855f01c16c0b,coughvid_data/3a55a149-b71b-4401-87f2-855f01c16c0b.wav,coughvid_data/3a55a149-b71b-4401-87f2-855f01c16c0b.wav,1.0
24bc93d4-cc6f-468c-8efa-1b04744979a6,coughvid_data/24bc93d4-cc6f-468c-8efa-1b04744979a6.wav,coughvid_data/24bc93d4-cc6f-468c-8efa-1b04744979a6.wav,0.0
9b1db5c3-fa66-4abe-881a-9f8551454d6f,coughvid_data/9b1db5c3-fa66-4abe-881a-9f8551454d6f.wav,coughvid_data/9b1db5c3-fa66-4abe-881a-9f8551454d6f.wav,0.0
3f2c6f57-c361-4fe7-ada8-5f47b6e8ee60,coughvid_data/3f2c6f57-c361-4fe7-ada8-5f47b6e8ee60.wav,coughvid_data/3f2c6f57-c361-4fe7-ada8-5f47b6e8ee60.wav,1.0
89980dfd-e83d-4a5b-adf7-7ba9e12135dd,coughvid_data/89980dfd-e83d-4a5b-adf7-7ba9e12135dd.wav,coughvid_data/89980dfd-e83d-4a5b-adf7-7ba9e12135dd.wav,0.0
9dd9512e-537d-4622-a5ac-07998c949422,coughvid_data/9dd9512e-537d-4622-a5ac-07998c949422.wav,coughvid_data/9dd9512e-537d-4622-a5ac-07998c949422.wav,0.0
dbdc2c77-dda9-42ae-868a-b545361fde50,coughvid_data/dbdc2c77-dda9-42ae-868a-b545361fde50.wav,coughvid_data/dbdc2c77-dda9-42ae-868a-b545361fde50.wav,1.0
6a82850b-69e7-4acb-8723-41e947270802,coughvid_data/6a82850b-69e7-4acb-8723-41e947270802.wav,coughvid_data/6a82850b-69e7-4acb-8723-41e947270802.wav,1.0
07f03f9d-3bae-4c7a-a441-17ecf5a8cd51,coughvid_data/07f03f9d-3bae-4c7a-a441-17ecf5a8cd51.wav,coughvid_data/07f03f9d-3bae-4c7a-a441-17ecf5a8cd51.wav,0.0
4aef5e70-cfe0-4494-84ba-01199397125c,coughvid_data/4aef5e70-cfe0-4494-84ba-01199397125c.wav,coughvid_data/4aef5e70-cfe0-4494-84ba-01199397125c.wav,1.0
94c934bb-9ab3-4739-ace6-d66471938988,coughvid_data/94c934bb-9ab3-4739-ace6-d66471938988.wav,coughvid_data/94c934bb-9ab3-4739-ace6-d66471938988.wav,1.0
35f6d296-ced4-4d3d-ae82-a2ee7ec82b29,coughvid_data/35f6d296-ced4-4d3d-ae82-a2ee7ec82b29.wav,coughvid_data/35f6d296-ced4-4d3d-ae82-a2ee7ec82b29.wav,1.0
c26e5c87-6f9d-41a9-b241-b3236caf0ece,coughvid_data/c26e5c87-6f9d-41a9-b241-b3236caf0ece.wav,coughvid_data/c26e5c87-6f9d-41a9-b241-b3236caf0ece.wav,1.0
6d25354c-712b-4d24-831a-e99a95dd597b,coughvid_data/6d25354c-712b-4d24-831a-e99a95dd597b.wav,coughvid_data/6d25354c-712b-4d24-831a-e99a95dd597b.wav,1.0
55ac5991-7081-49bc-9069-41ff67b764f4,coughvid_data/55ac5991-7081-49bc-9069-41ff67b764f4.wav,coughvid_data/55ac5991-7081-49bc-9069-41ff67b764f4.wav,0.0
edb6dbda-90b7-4205-a68d-22e3bce68f39,coughvid_data/edb6dbda-90b7-4205-a68d-22e3bce68f39.wav,coughvid_data/edb6dbda-90b7-4205-a68d-22e3bce68f39.wav,1.0
f40e4a84-a9da-46fc-933f-ea106ca0b9c5,coughvid_data/f40e4a84-a9da-46fc-933f-ea106ca0b9c5.wav,coughvid_data/f40e4a84-a9da-46fc-933f-ea106ca0b9c5.wav,0.0
038e47f4-22af-48b9-b51b-6b6445a5e7ad,coughvid_data/038e47f4-22af-48b9-b51b-6b6445a5e7ad.wav,coughvid_data/038e47f4-22af-48b9-b51b-6b6445a5e7ad.wav,0.0
d02f5615-c0dd-4877-86d7-88b79ed57ba4,coughvid_data/d02f5615-c0dd-4877-86d7-88b79ed57ba4.wav,coughvid_data/d02f5615-c0dd-4877-86d7-88b79ed57ba4.wav,1.0
dea47426-a6cb-4ab4-a3aa-8dad29db8183,coughvid_data/dea47426-a6cb-4ab4-a3aa-8dad29db8183.wav,coughvid_data/dea47426-a6cb-4ab4-a3aa-8dad29db8183.wav,1.0
a28dcd78-56a1-48f6-b60a-f44c83cd31bf,coughvid_data/a28dcd78-56a1-48f6-b60a-f44c83cd31bf.wav,coughvid_data/a28dcd78-56a1-48f6-b60a-f44c83cd31bf.wav,0.0
740b07a7-8272-4d6f-879d-fd4ddb8c1893,coughvid_data/740b07a7-8272-4d6f-879d-fd4ddb8c1893.wav,coughvid_data/740b07a7-8272-4d6f-879d-fd4ddb8c1893.wav,0.0
31b8dc8d-3fbd-4e0c-bbae-def12bc16ea2,coughvid_data/31b8dc8d-3fbd-4e0c-bbae-def12bc16ea2.wav,coughvid_data/31b8dc8d-3fbd-4e0c-bbae-def12bc16ea2.wav,1.0
f148a395-6448-4157-af5b-5b40ca7ff5c6,coughvid_data/f148a395-6448-4157-af5b-5b40ca7ff5c6.wav,coughvid_data/f148a395-6448-4157-af5b-5b40ca7ff5c6.wav,1.0
9be1e899-f29b-4c88-871a-b71fd2b8f34a,coughvid_data/9be1e899-f29b-4c88-871a-b71fd2b8f34a.wav,coughvid_data/9be1e899-f29b-4c88-871a-b71fd2b8f34a.wav,0.0
2e80e707-3bbc-4dda-aeb0-c6afa96dab97,coughvid_data/2e80e707-3bbc-4dda-aeb0-c6afa96dab97.wav,coughvid_data/2e80e707-3bbc-4dda-aeb0-c6afa96dab97.wav,1.0
775cbec8-e6c3-47e4-9d6e-e482f78331b4,coughvid_data/775cbec8-e6c3-47e4-9d6e-e482f78331b4.wav,coughvid_data/775cbec8-e6c3-47e4-9d6e-e482f78331b4.wav,0.0
df3fb74e-ccf7-4a43-bd06-b4f325b50b87,coughvid_data/df3fb74e-ccf7-4a43-bd06-b4f325b50b87.wav,coughvid_data/df3fb74e-ccf7-4a43-bd06-b4f325b50b87.wav,0.0
61dfc967-463d-4305-a660-31cfcab965c7,coughvid_data/61dfc967-463d-4305-a660-31cfcab965c7.wav,coughvid_data/61dfc967-463d-4305-a660-31cfcab965c7.wav,0.0
3d9a9b8d-3543-444b-9732-63cab4951f17,coughvid_data/3d9a9b8d-3543-444b-9732-63cab4951f17.wav,coughvid_data/3d9a9b8d-3543-444b-9732-63cab4951f17.wav,0.0
1ab18574-2d14-47c4-9e89-646969528612,coughvid_data/1ab18574-2d14-47c4-9e89-646969528612.wav,coughvid_data/1ab18574-2d14-47c4-9e89-646969528612.wav,0.0
4a085ec7-5b0f-4290-8fe3-9aa6c9a1c4ca,coughvid_data/4a085ec7-5b0f-4290-8fe3-9aa6c9a1c4ca.wav,coughvid_data/4a085ec7-5b0f-4290-8fe3-9aa6c9a1c4ca.wav,0.0
cb538e13-112b-48f1-91ae-3657d95cfee2,coughvid_data/cb538e13-112b-48f1-91ae-3657d95cfee2.wav,coughvid_data/cb538e13-112b-48f1-91ae-3657d95cfee2.wav,0.0
cf6cd0ca-94b1-40c9-b198-27153715f2e0,coughvid_data/cf6cd0ca-94b1-40c9-b198-27153715f2e0.wav,coughvid_data/cf6cd0ca-94b1-40c9-b198-27153715f2e0.wav,0.0
5a1c64d3-a2bb-4ba5-9937-6f16e38f977a,coughvid_data/5a1c64d3-a2bb-4ba5-9937-6f16e38f977a.wav,coughvid_data/5a1c64d3-a2bb-4ba5-9937-6f16e38f977a.wav,1.0
836a340f-3e5c-4ea7-8817-1586d27a7f7a,coughvid_data/836a340f-3e5c-4ea7-8817-1586d27a7f7a.wav,coughvid_data/836a340f-3e5c-4ea7-8817-1586d27a7f7a.wav,1.0
258d29a4-bad2-4f73-bf74-0559282d8bee,coughvid_data/258d29a4-bad2-4f73-bf74-0559282d8bee.wav,coughvid_data/258d29a4-bad2-4f73-bf74-0559282d8bee.wav,1.0
4706ce53-9e83-4310-9d41-edd2eab8ccee,coughvid_data/4706ce53-9e83-4310-9d41-edd2eab8ccee.wav,coughvid_data/4706ce53-9e83-4310-9d41-edd2eab8ccee.wav,0.0
9fd3201f-9a4c-465f-b673-a50cc25aaaac,coughvid_data/9fd3201f-9a4c-465f-b673-a50cc25aaaac.wav,coughvid_data/9fd3201f-9a4c-465f-b673-a50cc25aaaac.wav,0.0
9b4cd5d3-c357-42c5-a7e2-a315b9b82921,coughvid_data/9b4cd5d3-c357-42c5-a7e2-a315b9b82921.wav,coughvid_data/9b4cd5d3-c357-42c5-a7e2-a315b9b82921.wav,1.0
b25944eb-acc0-4d81-9665-cf50e30148c8,coughvid_data/b25944eb-acc0-4d81-9665-cf50e30148c8.wav,coughvid_data/b25944eb-acc0-4d81-9665-cf50e30148c8.wav,0.0
942a759e-d920-459f-9b81-5f96081a48b4,coughvid_data/942a759e-d920-459f-9b81-5f96081a48b4.wav,coughvid_data/942a759e-d920-459f-9b81-5f96081a48b4.wav,1.0
634b9d49-1aac-4317-a1ba-66301068ea3c,coughvid_data/634b9d49-1aac-4317-a1ba-66301068ea3c.wav,coughvid_data/634b9d49-1aac-4317-a1ba-66301068ea3c.wav,1.0
df1db81e-42d5-40a5-b234-1d48055acd9b,coughvid_data/df1db81e-42d5-40a5-b234-1d48055acd9b.wav,coughvid_data/df1db81e-42d5-40a5-b234-1d48055acd9b.wav,0.0
4209ffb3-66c3-4b72-8b8f-480a47ef3dda,coughvid_data/4209ffb3-66c3-4b72-8b8f-480a47ef3dda.wav,coughvid_data/4209ffb3-66c3-4b72-8b8f-480a47ef3dda.wav,0.0
88625752-a39a-4df2-bc30-317340830cf9,coughvid_data/88625752-a39a-4df2-bc30-317340830cf9.wav,coughvid_data/88625752-a39a-4df2-bc30-317340830cf9.wav,0.0
3cbd8630-11c0-4df0-a8c5-5200bec45213,coughvid_data/3cbd8630-11c0-4df0-a8c5-5200bec45213.wav,coughvid_data/3cbd8630-11c0-4df0-a8c5-5200bec45213.wav,1.0
560f047e-97b6-4e9f-a77d-33c29bb3eba2,coughvid_data/560f047e-97b6-4e9f-a77d-33c29bb3eba2.wav,coughvid_data/560f047e-97b6-4e9f-a77d-33c29bb3eba2.wav,1.0
20775064-89c3-4b75-a3be-e1e6ae9603f0,coughvid_data/20775064-89c3-4b75-a3be-e1e6ae9603f0.wav,coughvid_data/20775064-89c3-4b75-a3be-e1e6ae9603f0.wav,0.0
8f709d52-df6b-4aba-b502-e5c517459665,coughvid_data/8f709d52-df6b-4aba-b502-e5c517459665.wav,coughvid_data/8f709d52-df6b-4aba-b502-e5c517459665.wav,0.0
3a2069dd-919e-4791-af37-abd95129774c,coughvid_data/3a2069dd-919e-4791-af37-abd95129774c.wav,coughvid_data/3a2069dd-919e-4791-af37-abd95129774c.wav,0.0
bf69fdc1-081b-4c49-9046-9599df9182e1,coughvid_data/bf69fdc1-081b-4c49-9046-9599df9182e1.wav,coughvid_data/bf69fdc1-081b-4c49-9046-9599df9182e1.wav,0.0
5788f099-8890-465e-a73b-b17b5127bae9,coughvid_data/5788f099-8890-465e-a73b-b17b5127bae9.wav,coughvid_data/5788f099-8890-465e-a73b-b17b5127bae9.wav,0.0
59e7d9da-620f-437d-a4ca-8b080b753a9f,coughvid_data/59e7d9da-620f-437d-a4ca-8b080b753a9f.wav,coughvid_data/59e7d9da-620f-437d-a4ca-8b080b753a9f.wav,0.0
949f339e-cf70-47bd-8294-557c6bddba85,coughvid_data/949f339e-cf70-47bd-8294-557c6bddba85.wav,coughvid_data/949f339e-cf70-47bd-8294-557c6bddba85.wav,0.0
7def6b5b-5b1d-4092-84d5-654b37b975a9,coughvid_data/7def6b5b-5b1d-4092-84d5-654b37b975a9.wav,coughvid_data/7def6b5b-5b1d-4092-84d5-654b37b975a9.wav,1.0
40ad5e86-0e97-4287-bba0-69efa223140b,coughvid_data/40ad5e86-0e97-4287-bba0-69efa223140b.wav,coughvid_data/40ad5e86-0e97-4287-bba0-69efa223140b.wav,1.0
a38b5cb8-7ee4-4a4a-90d6-1152f3dd3abb,coughvid_data/a38b5cb8-7ee4-4a4a-90d6-1152f3dd3abb.wav,coughvid_data/a38b5cb8-7ee4-4a4a-90d6-1152f3dd3abb.wav,1.0
83b45262-29ba-4610-8fbe-82c28769bfbf,coughvid_data/83b45262-29ba-4610-8fbe-82c28769bfbf.wav,coughvid_data/83b45262-29ba-4610-8fbe-82c28769bfbf.wav,1.0
e3856aec-39d9-43cb-86a3-c8a8ff0fe3de,coughvid_data/e3856aec-39d9-43cb-86a3-c8a8ff0fe3de.wav,coughvid_data/e3856aec-39d9-43cb-86a3-c8a8ff0fe3de.wav,0.0
200b47d3-7805-464b-8500-f05afc6274a2,coughvid_data/200b47d3-7805-464b-8500-f05afc6274a2.wav,coughvid_data/200b47d3-7805-464b-8500-f05afc6274a2.wav,1.0
135182e3-1747-4e1a-99eb-2520a5e0f607,coughvid_data/135182e3-1747-4e1a-99eb-2520a5e0f607.wav,coughvid_data/135182e3-1747-4e1a-99eb-2520a5e0f607.wav,1.0
a5bd72ff-e401-4d17-a727-9469820404b8,coughvid_data/a5bd72ff-e401-4d17-a727-9469820404b8.wav,coughvid_data/a5bd72ff-e401-4d17-a727-9469820404b8.wav,1.0
9b29efa3-a7c9-40ea-871c-b2fd6ab9a5cb,coughvid_data/9b29efa3-a7c9-40ea-871c-b2fd6ab9a5cb.wav,coughvid_data/9b29efa3-a7c9-40ea-871c-b2fd6ab9a5cb.wav,0.0
baf0b37f-6648-49cc-a189-65d8eae99bb8,coughvid_data/baf0b37f-6648-49cc-a189-65d8eae99bb8.wav,coughvid_data/baf0b37f-6648-49cc-a189-65d8eae99bb8.wav,0.0
2c08c168-aae7-47c9-840d-e4e626c4affc,coughvid_data/2c08c168-aae7-47c9-840d-e4e626c4affc.wav,coughvid_data/2c08c168-aae7-47c9-840d-e4e626c4affc.wav,1.0
efe0ce0a-efa8-4bd7-b624-96061acb1d8a,coughvid_data/efe0ce0a-efa8-4bd7-b624-96061acb1d8a.wav,coughvid_data/efe0ce0a-efa8-4bd7-b624-96061acb1d8a.wav,0.0
e16268c9-dc19-43d9-b55b-b01258603ae5,coughvid_data/e16268c9-dc19-43d9-b55b-b01258603ae5.wav,coughvid_data/e16268c9-dc19-43d9-b55b-b01258603ae5.wav,1.0
f3a7c745-38b9-4c51-8724-e32d0bb8bdc3,coughvid_data/f3a7c745-38b9-4c51-8724-e32d0bb8bdc3.wav,coughvid_data/f3a7c745-38b9-4c51-8724-e32d0bb8bdc3.wav,1.0
56785d55-5651-4ff9-9a8d-c3c2e0312f29,coughvid_data/56785d55-5651-4ff9-9a8d-c3c2e0312f29.wav,coughvid_data/56785d55-5651-4ff9-9a8d-c3c2e0312f29.wav,1.0
52c687c5-903b-414b-b4b6-16097af144a0,coughvid_data/52c687c5-903b-414b-b4b6-16097af144a0.wav,coughvid_data/52c687c5-903b-414b-b4b6-16097af144a0.wav,0.0
9bdf049e-e4db-4781-af48-f09a81dd9af9,coughvid_data/9bdf049e-e4db-4781-af48-f09a81dd9af9.wav,coughvid_data/9bdf049e-e4db-4781-af48-f09a81dd9af9.wav,1.0
763abc17-c8f2-4e61-899e-4882f2b4e00e,coughvid_data/763abc17-c8f2-4e61-899e-4882f2b4e00e.wav,coughvid_data/763abc17-c8f2-4e61-899e-4882f2b4e00e.wav,1.0
e40af736-eecd-4242-92eb-2890b130e0a6,coughvid_data/e40af736-eecd-4242-92eb-2890b130e0a6.wav,coughvid_data/e40af736-eecd-4242-92eb-2890b130e0a6.wav,0.0
aa5f1f85-9c47-4db5-8f45-4ef806574d78,coughvid_data/aa5f1f85-9c47-4db5-8f45-4ef806574d78.wav,coughvid_data/aa5f1f85-9c47-4db5-8f45-4ef806574d78.wav,1.0
5b876460-b5c3-4084-969f-6fd67f0c0f01,coughvid_data/5b876460-b5c3-4084-969f-6fd67f0c0f01.wav,coughvid_data/5b876460-b5c3-4084-969f-6fd67f0c0f01.wav,0.0
46bfe9f6-e71e-4af1-bea8-c9b839f52d2e,coughvid_data/46bfe9f6-e71e-4af1-bea8-c9b839f52d2e.wav,coughvid_data/46bfe9f6-e71e-4af1-bea8-c9b839f52d2e.wav,1.0
cffba440-b36d-4442-b61d-9a36828ecdf8,coughvid_data/cffba440-b36d-4442-b61d-9a36828ecdf8.wav,coughvid_data/cffba440-b36d-4442-b61d-9a36828ecdf8.wav,1.0
5b8fdb02-5cc5-4511-94f9-3efc3d5998c6,coughvid_data/5b8fdb02-5cc5-4511-94f9-3efc3d5998c6.wav,coughvid_data/5b8fdb02-5cc5-4511-94f9-3efc3d5998c6.wav,0.0
334b6703-dfdd-40b9-b79e-c2c78d518aa6,coughvid_data/334b6703-dfdd-40b9-b79e-c2c78d518aa6.wav,coughvid_data/334b6703-dfdd-40b9-b79e-c2c78d518aa6.wav,1.0
25a33deb-8191-4371-90c9-46f816f9dee1,coughvid_data/25a33deb-8191-4371-90c9-46f816f9dee1.wav,coughvid_data/25a33deb-8191-4371-90c9-46f816f9dee1.wav,0.0
344a5cda-3374-4985-bc3d-4489bc96ebc4,coughvid_data/344a5cda-3374-4985-bc3d-4489bc96ebc4.wav,coughvid_data/344a5cda-3374-4985-bc3d-4489bc96ebc4.wav,0.0
22589939-9005-4c0d-9bcc-a6c60301b23c,coughvid_data/22589939-9005-4c0d-9bcc-a6c60301b23c.wav,coughvid_data/22589939-9005-4c0d-9bcc-a6c60301b23c.wav,0.0
e26f8e78-17b7-4c40-b73e-d51499ce3905,coughvid_data/e26f8e78-17b7-4c40-b73e-d51499ce3905.wav,coughvid_data/e26f8e78-17b7-4c40-b73e-d51499ce3905.wav,1.0
bf23fbb9-74be-4123-a2fa-7683bcb297bb,coughvid_data/bf23fbb9-74be-4123-a2fa-7683bcb297bb.wav,coughvid_data/bf23fbb9-74be-4123-a2fa-7683bcb297bb.wav,0.0
c0cb9f79-0896-48b5-84fb-4efe8c05033b,coughvid_data/c0cb9f79-0896-48b5-84fb-4efe8c05033b.wav,coughvid_data/c0cb9f79-0896-48b5-84fb-4efe8c05033b.wav,1.0
c7871b34-4d11-4106-adc5-95f49f77ed63,coughvid_data/c7871b34-4d11-4106-adc5-95f49f77ed63.wav,coughvid_data/c7871b34-4d11-4106-adc5-95f49f77ed63.wav,1.0
d1da8234-3cab-446c-baac-3e409906eed4,coughvid_data/d1da8234-3cab-446c-baac-3e409906eed4.wav,coughvid_data/d1da8234-3cab-446c-baac-3e409906eed4.wav,1.0
ae69e0aa-c4da-4291-b8f4-3f4bbf971617,coughvid_data/ae69e0aa-c4da-4291-b8f4-3f4bbf971617.wav,coughvid_data/ae69e0aa-c4da-4291-b8f4-3f4bbf971617.wav,0.0
8c43190e-bbc6-4fc6-9e4b-f10cecce1465,coughvid_data/8c43190e-bbc6-4fc6-9e4b-f10cecce1465.wav,coughvid_data/8c43190e-bbc6-4fc6-9e4b-f10cecce1465.wav,0.0
2532b7ae-20da-4dde-ab4e-46ffe1fdbe77,coughvid_data/2532b7ae-20da-4dde-ab4e-46ffe1fdbe77.wav,coughvid_data/2532b7ae-20da-4dde-ab4e-46ffe1fdbe77.wav,1.0
1d1c5926-b155-43f0-b9e3-5d3d20ae604d,coughvid_data/1d1c5926-b155-43f0-b9e3-5d3d20ae604d.wav,coughvid_data/1d1c5926-b155-43f0-b9e3-5d3d20ae604d.wav,1.0
04c5aaa1-2197-4975-b93a-023331c80a33,coughvid_data/04c5aaa1-2197-4975-b93a-023331c80a33.wav,coughvid_data/04c5aaa1-2197-4975-b93a-023331c80a33.wav,0.0
950e15ba-ac25-49cd-8b26-4c4b8a0a2737,coughvid_data/950e15ba-ac25-49cd-8b26-4c4b8a0a2737.wav,coughvid_data/950e15ba-ac25-49cd-8b26-4c4b8a0a2737.wav,1.0
39df71ed-7135-4004-ae0b-319229da770e,coughvid_data/39df71ed-7135-4004-ae0b-319229da770e.wav,coughvid_data/39df71ed-7135-4004-ae0b-319229da770e.wav,0.0
696067bd-fe8b-468d-904e-19d2ff1059b1,coughvid_data/696067bd-fe8b-468d-904e-19d2ff1059b1.wav,coughvid_data/696067bd-fe8b-468d-904e-19d2ff1059b1.wav,0.0
85229a22-0271-4b42-bfb0-3d42a6626ccc,coughvid_data/85229a22-0271-4b42-bfb0-3d42a6626ccc.wav,coughvid_data/85229a22-0271-4b42-bfb0-3d42a6626ccc.wav,1.0
6dbea6e0-bf6b-49e1-8b62-228bfc60dddc,coughvid_data/6dbea6e0-bf6b-49e1-8b62-228bfc60dddc.wav,coughvid_data/6dbea6e0-bf6b-49e1-8b62-228bfc60dddc.wav,1.0
e4ec845a-b80b-409b-afa0-81abc3ae3dc7,coughvid_data/e4ec845a-b80b-409b-afa0-81abc3ae3dc7.wav,coughvid_data/e4ec845a-b80b-409b-afa0-81abc3ae3dc7.wav,1.0
a2e0504f-26ae-460a-b1ea-a499dd798ec4,coughvid_data/a2e0504f-26ae-460a-b1ea-a499dd798ec4.wav,coughvid_data/a2e0504f-26ae-460a-b1ea-a499dd798ec4.wav,1.0
068fe6a8-3918-4f06-81de-123d132bff40,coughvid_data/068fe6a8-3918-4f06-81de-123d132bff40.wav,coughvid_data/068fe6a8-3918-4f06-81de-123d132bff40.wav,1.0
b7aacb46-5cdf-4763-9d99-7917794aea9b,coughvid_data/b7aacb46-5cdf-4763-9d99-7917794aea9b.wav,coughvid_data/b7aacb46-5cdf-4763-9d99-7917794aea9b.wav,0.0
3623b68f-2521-44a2-8e7d-a12350673877,coughvid_data/3623b68f-2521-44a2-8e7d-a12350673877.wav,coughvid_data/3623b68f-2521-44a2-8e7d-a12350673877.wav,1.0
15220b89-f69d-4575-b063-74c3bc3ee868,coughvid_data/15220b89-f69d-4575-b063-74c3bc3ee868.wav,coughvid_data/15220b89-f69d-4575-b063-74c3bc3ee868.wav,0.0
f27f0740-c649-41ad-b48e-8dfe01e8a7a4,coughvid_data/f27f0740-c649-41ad-b48e-8dfe01e8a7a4.wav,coughvid_data/f27f0740-c649-41ad-b48e-8dfe01e8a7a4.wav,1.0
ee4d7677-a823-4add-8268-8a7a8b49d83b,coughvid_data/ee4d7677-a823-4add-8268-8a7a8b49d83b.wav,coughvid_data/ee4d7677-a823-4add-8268-8a7a8b49d83b.wav,1.0
95708932-6883-4efe-9407-9dd23176731f,coughvid_data/95708932-6883-4efe-9407-9dd23176731f.wav,coughvid_data/95708932-6883-4efe-9407-9dd23176731f.wav,0.0
ff201807-134a-4a38-92e3-4eaab9219681,coughvid_data/ff201807-134a-4a38-92e3-4eaab9219681.wav,coughvid_data/ff201807-134a-4a38-92e3-4eaab9219681.wav,1.0
69fec8bb-4031-42b9-a5fd-de7ab4ea4c87,coughvid_data/69fec8bb-4031-42b9-a5fd-de7ab4ea4c87.wav,coughvid_data/69fec8bb-4031-42b9-a5fd-de7ab4ea4c87.wav,0.0
0b16e44d-5b1c-4aae-93f7-23dc0bbbc74b,coughvid_data/0b16e44d-5b1c-4aae-93f7-23dc0bbbc74b.wav,coughvid_data/0b16e44d-5b1c-4aae-93f7-23dc0bbbc74b.wav,1.0
729e0244-ce7a-429f-9d53-06d4cc86f721,coughvid_data/729e0244-ce7a-429f-9d53-06d4cc86f721.wav,coughvid_data/729e0244-ce7a-429f-9d53-06d4cc86f721.wav,1.0
12afa85d-16a7-40e0-8201-c4b6bd8bd4b5,coughvid_data/12afa85d-16a7-40e0-8201-c4b6bd8bd4b5.wav,coughvid_data/12afa85d-16a7-40e0-8201-c4b6bd8bd4b5.wav,1.0
b21c91b8-fdc8-46cb-8c3d-8e1a8e13f96a,coughvid_data/b21c91b8-fdc8-46cb-8c3d-8e1a8e13f96a.wav,coughvid_data/b21c91b8-fdc8-46cb-8c3d-8e1a8e13f96a.wav,0.0
c522332b-13ed-4ce6-8e5f-d41cb611c488,coughvid_data/c522332b-13ed-4ce6-8e5f-d41cb611c488.wav,coughvid_data/c522332b-13ed-4ce6-8e5f-d41cb611c488.wav,1.0
bd97d334-0267-4337-9066-645feefdb8d6,coughvid_data/bd97d334-0267-4337-9066-645feefdb8d6.wav,coughvid_data/bd97d334-0267-4337-9066-645feefdb8d6.wav,1.0
2f9e359e-a8ed-4ff5-9257-49b6fb5c5f88,coughvid_data/2f9e359e-a8ed-4ff5-9257-49b6fb5c5f88.wav,coughvid_data/2f9e359e-a8ed-4ff5-9257-49b6fb5c5f88.wav,1.0
13532fa0-d5e3-4e2b-9771-a216022ba01c,coughvid_data/13532fa0-d5e3-4e2b-9771-a216022ba01c.wav,coughvid_data/13532fa0-d5e3-4e2b-9771-a216022ba01c.wav,0.0
b4c06597-61fd-451a-b651-2d506b19e293,coughvid_data/b4c06597-61fd-451a-b651-2d506b19e293.wav,coughvid_data/b4c06597-61fd-451a-b651-2d506b19e293.wav,0.0
675d1767-600a-4967-be09-1b81c74100b1,coughvid_data/675d1767-600a-4967-be09-1b81c74100b1.wav,coughvid_data/675d1767-600a-4967-be09-1b81c74100b1.wav,1.0
8cc64779-8e23-4ab9-b066-47432fd38f47,coughvid_data/8cc64779-8e23-4ab9-b066-47432fd38f47.wav,coughvid_data/8cc64779-8e23-4ab9-b066-47432fd38f47.wav,0.0
b492f127-ee29-4a55-b479-80e5e3a8a66a,coughvid_data/b492f127-ee29-4a55-b479-80e5e3a8a66a.wav,coughvid_data/b492f127-ee29-4a55-b479-80e5e3a8a66a.wav,1.0
ceb1b83f-af34-4c7c-8339-ead3580e1ce9,coughvid_data/ceb1b83f-af34-4c7c-8339-ead3580e1ce9.wav,coughvid_data/ceb1b83f-af34-4c7c-8339-ead3580e1ce9.wav,1.0
a7f60e92-8e0a-4469-8339-18e104719da9,coughvid_data/a7f60e92-8e0a-4469-8339-18e104719da9.wav,coughvid_data/a7f60e92-8e0a-4469-8339-18e104719da9.wav,1.0
5e40fec5-c461-4bff-9ea4-55a44d73b1d8,coughvid_data/5e40fec5-c461-4bff-9ea4-55a44d73b1d8.wav,coughvid_data/5e40fec5-c461-4bff-9ea4-55a44d73b1d8.wav,0.0
73fd0c3b-9de5-42e7-90ab-e40f0eb47f0c,coughvid_data/73fd0c3b-9de5-42e7-90ab-e40f0eb47f0c.wav,coughvid_data/73fd0c3b-9de5-42e7-90ab-e40f0eb47f0c.wav,1.0
ea6d40fe-3db5-40f7-a0c7-4ef9364f5b35,coughvid_data/ea6d40fe-3db5-40f7-a0c7-4ef9364f5b35.wav,coughvid_data/ea6d40fe-3db5-40f7-a0c7-4ef9364f5b35.wav,1.0
7b3e1c79-dd13-4987-bd25-9a191e9999d3,coughvid_data/7b3e1c79-dd13-4987-bd25-9a191e9999d3.wav,coughvid_data/7b3e1c79-dd13-4987-bd25-9a191e9999d3.wav,1.0
a091d1b7-9e50-479a-838c-adf4252a1ca0,coughvid_data/a091d1b7-9e50-479a-838c-adf4252a1ca0.wav,coughvid_data/a091d1b7-9e50-479a-838c-adf4252a1ca0.wav,0.0
9e2938c6-85f4-4b77-9047-c25441f185d7,coughvid_data/9e2938c6-85f4-4b77-9047-c25441f185d7.wav,coughvid_data/9e2938c6-85f4-4b77-9047-c25441f185d7.wav,0.0
ba38a9bb-83c4-43f4-bc80-7f68d4eb48fb,coughvid_data/ba38a9bb-83c4-43f4-bc80-7f68d4eb48fb.wav,coughvid_data/ba38a9bb-83c4-43f4-bc80-7f68d4eb48fb.wav,1.0
dbf5073a-0f15-4004-95d9-fbce8158302d,coughvid_data/dbf5073a-0f15-4004-95d9-fbce8158302d.wav,coughvid_data/dbf5073a-0f15-4004-95d9-fbce8158302d.wav,1.0
3fc24090-97ca-42fd-bb8b-8449c6c86213,coughvid_data/3fc24090-97ca-42fd-bb8b-8449c6c86213.wav,coughvid_data/3fc24090-97ca-42fd-bb8b-8449c6c86213.wav,1.0
d81adbaa-3240-4f17-85c7-e523292d7ac0,coughvid_data/d81adbaa-3240-4f17-85c7-e523292d7ac0.wav,coughvid_data/d81adbaa-3240-4f17-85c7-e523292d7ac0.wav,1.0
3f91be13-dd28-4b6d-b6c9-124aca0e7176,coughvid_data/3f91be13-dd28-4b6d-b6c9-124aca0e7176.wav,coughvid_data/3f91be13-dd28-4b6d-b6c9-124aca0e7176.wav,0.0
120d695f-cc83-4710-bab1-2d14ae22c413,coughvid_data/120d695f-cc83-4710-bab1-2d14ae22c413.wav,coughvid_data/120d695f-cc83-4710-bab1-2d14ae22c413.wav,0.0
0cb57c85-f55d-4667-91ff-8f93989eba42,coughvid_data/0cb57c85-f55d-4667-91ff-8f93989eba42.wav,coughvid_data/0cb57c85-f55d-4667-91ff-8f93989eba42.wav,0.0
3fd47efe-31a0-4b16-a86b-2e2afa2b4bd8,coughvid_data/3fd47efe-31a0-4b16-a86b-2e2afa2b4bd8.wav,coughvid_data/3fd47efe-31a0-4b16-a86b-2e2afa2b4bd8.wav,1.0
e55c408a-399b-4221-b0f4-59d1edc42085,coughvid_data/e55c408a-399b-4221-b0f4-59d1edc42085.wav,coughvid_data/e55c408a-399b-4221-b0f4-59d1edc42085.wav,0.0
9d389c55-da76-4670-b950-f5c03742d905,coughvid_data/9d389c55-da76-4670-b950-f5c03742d905.wav,coughvid_data/9d389c55-da76-4670-b950-f5c03742d905.wav,1.0
306ec0c0-fb62-4471-a2d7-d05b752a7268,coughvid_data/306ec0c0-fb62-4471-a2d7-d05b752a7268.wav,coughvid_data/306ec0c0-fb62-4471-a2d7-d05b752a7268.wav,1.0
35c16d47-5a2a-4a3a-8c51-3046a3295b63,coughvid_data/35c16d47-5a2a-4a3a-8c51-3046a3295b63.wav,coughvid_data/35c16d47-5a2a-4a3a-8c51-3046a3295b63.wav,1.0
17c868d8-3c5a-4152-94c4-697707025e97,coughvid_data/17c868d8-3c5a-4152-94c4-697707025e97.wav,coughvid_data/17c868d8-3c5a-4152-94c4-697707025e97.wav,0.0
48204832-f2c5-4d36-b6e6-7c381a9fc931,coughvid_data/48204832-f2c5-4d36-b6e6-7c381a9fc931.wav,coughvid_data/48204832-f2c5-4d36-b6e6-7c381a9fc931.wav,1.0
47fe5447-128d-46d2-aabb-cc4c1f2149c6,coughvid_data/47fe5447-128d-46d2-aabb-cc4c1f2149c6.wav,coughvid_data/47fe5447-128d-46d2-aabb-cc4c1f2149c6.wav,1.0
6f72703b-d44b-441b-a859-9007263ddd37,coughvid_data/6f72703b-d44b-441b-a859-9007263ddd37.wav,coughvid_data/6f72703b-d44b-441b-a859-9007263ddd37.wav,1.0
64978679-7e7b-49a1-825d-488b86d1119b,coughvid_data/64978679-7e7b-49a1-825d-488b86d1119b.wav,coughvid_data/64978679-7e7b-49a1-825d-488b86d1119b.wav,1.0
d789e459-6db1-4481-af44-db7427304108,coughvid_data/d789e459-6db1-4481-af44-db7427304108.wav,coughvid_data/d789e459-6db1-4481-af44-db7427304108.wav,1.0
0a95eb28-043c-446f-bbc0-ef69d02c5565,coughvid_data/0a95eb28-043c-446f-bbc0-ef69d02c5565.wav,coughvid_data/0a95eb28-043c-446f-bbc0-ef69d02c5565.wav,0.0
fb9d8a59-e352-42cf-8256-7621131f0ded,coughvid_data/fb9d8a59-e352-42cf-8256-7621131f0ded.wav,coughvid_data/fb9d8a59-e352-42cf-8256-7621131f0ded.wav,0.0
20cc3602-8922-4c38-8acb-5b9bad2ab513,coughvid_data/20cc3602-8922-4c38-8acb-5b9bad2ab513.wav,coughvid_data/20cc3602-8922-4c38-8acb-5b9bad2ab513.wav,0.0
950d0e7b-775d-493c-b13e-d52fce3563bd,coughvid_data/950d0e7b-775d-493c-b13e-d52fce3563bd.wav,coughvid_data/950d0e7b-775d-493c-b13e-d52fce3563bd.wav,1.0
1d5264ed-d766-4104-b2e0-4f6d763f4331,coughvid_data/1d5264ed-d766-4104-b2e0-4f6d763f4331.wav,coughvid_data/1d5264ed-d766-4104-b2e0-4f6d763f4331.wav,1.0
d9eb75dc-00cf-49bb-bcd6-3144fc37f645,coughvid_data/d9eb75dc-00cf-49bb-bcd6-3144fc37f645.wav,coughvid_data/d9eb75dc-00cf-49bb-bcd6-3144fc37f645.wav,0.0
e767d74b-3ab5-4642-bbb1-f83afa118bdf,coughvid_data/e767d74b-3ab5-4642-bbb1-f83afa118bdf.wav,coughvid_data/e767d74b-3ab5-4642-bbb1-f83afa118bdf.wav,0.0
cdb758eb-4ccc-458c-a609-5487ae5b859b,coughvid_data/cdb758eb-4ccc-458c-a609-5487ae5b859b.wav,coughvid_data/cdb758eb-4ccc-458c-a609-5487ae5b859b.wav,1.0
316a4f23-0a56-41fd-a407-4f80b76f8927,coughvid_data/316a4f23-0a56-41fd-a407-4f80b76f8927.wav,coughvid_data/316a4f23-0a56-41fd-a407-4f80b76f8927.wav,0.0
a6d4ff33-d499-446a-a4e6-5f22275bc695,coughvid_data/a6d4ff33-d499-446a-a4e6-5f22275bc695.wav,coughvid_data/a6d4ff33-d499-446a-a4e6-5f22275bc695.wav,0.0
ac023e02-64f4-4de4-ad9b-6c5b2cf5a242,coughvid_data/ac023e02-64f4-4de4-ad9b-6c5b2cf5a242.wav,coughvid_data/ac023e02-64f4-4de4-ad9b-6c5b2cf5a242.wav,0.0
463ce01e-aaa6-4a11-b1a2-1055ced0063e,coughvid_data/463ce01e-aaa6-4a11-b1a2-1055ced0063e.wav,coughvid_data/463ce01e-aaa6-4a11-b1a2-1055ced0063e.wav,1.0
eb87d067-37a7-4a3d-95c9-53365e36eac9,coughvid_data/eb87d067-37a7-4a3d-95c9-53365e36eac9.wav,coughvid_data/eb87d067-37a7-4a3d-95c9-53365e36eac9.wav,0.0
ea14fc20-28a3-4cb1-aaa6-c7081ba3dd29,coughvid_data/ea14fc20-28a3-4cb1-aaa6-c7081ba3dd29.wav,coughvid_data/ea14fc20-28a3-4cb1-aaa6-c7081ba3dd29.wav,1.0
7596ee6b-1c51-4bf7-9f46-fc8db04f02e4,coughvid_data/7596ee6b-1c51-4bf7-9f46-fc8db04f02e4.wav,coughvid_data/7596ee6b-1c51-4bf7-9f46-fc8db04f02e4.wav,0.0
e83d9943-0a3b-4492-a260-25dffff666b2,coughvid_data/e83d9943-0a3b-4492-a260-25dffff666b2.wav,coughvid_data/e83d9943-0a3b-4492-a260-25dffff666b2.wav,1.0
93966be5-186c-4950-93a7-e4c7b15114a7,coughvid_data/93966be5-186c-4950-93a7-e4c7b15114a7.wav,coughvid_data/93966be5-186c-4950-93a7-e4c7b15114a7.wav,1.0
cefb99ae-7dda-4397-8b65-77e3fc0c7739,coughvid_data/cefb99ae-7dda-4397-8b65-77e3fc0c7739.wav,coughvid_data/cefb99ae-7dda-4397-8b65-77e3fc0c7739.wav,1.0
dcc75e59-091f-46d5-9fef-fb02cc06b0f4,coughvid_data/dcc75e59-091f-46d5-9fef-fb02cc06b0f4.wav,coughvid_data/dcc75e59-091f-46d5-9fef-fb02cc06b0f4.wav,0.0
90348929-f8be-4e74-83df-2d12291c4a50,coughvid_data/90348929-f8be-4e74-83df-2d12291c4a50.wav,coughvid_data/90348929-f8be-4e74-83df-2d12291c4a50.wav,1.0
f40a1570-85f2-4227-bc4f-9f8a3f4ea419,coughvid_data/f40a1570-85f2-4227-bc4f-9f8a3f4ea419.wav,coughvid_data/f40a1570-85f2-4227-bc4f-9f8a3f4ea419.wav,0.0
2c022be6-5efb-43b0-a64d-dc84578a278b,coughvid_data/2c022be6-5efb-43b0-a64d-dc84578a278b.wav,coughvid_data/2c022be6-5efb-43b0-a64d-dc84578a278b.wav,0.0
dc7cbc86-d580-4361-8c16-555477f8748b,coughvid_data/dc7cbc86-d580-4361-8c16-555477f8748b.wav,coughvid_data/dc7cbc86-d580-4361-8c16-555477f8748b.wav,1.0
e1f06aaa-2e37-4ffd-b6f5-957417c4378a,coughvid_data/e1f06aaa-2e37-4ffd-b6f5-957417c4378a.wav,coughvid_data/e1f06aaa-2e37-4ffd-b6f5-957417c4378a.wav,1.0
a864ea10-6f08-458c-bf04-64d83759ad10,coughvid_data/a864ea10-6f08-458c-bf04-64d83759ad10.wav,coughvid_data/a864ea10-6f08-458c-bf04-64d83759ad10.wav,0.0
1e34e7ac-1799-4880-970f-cf2ae6cbaa98,coughvid_data/1e34e7ac-1799-4880-970f-cf2ae6cbaa98.wav,coughvid_data/1e34e7ac-1799-4880-970f-cf2ae6cbaa98.wav,1.0
60b6c987-7d81-4fbd-aba4-a649583eabf6,coughvid_data/60b6c987-7d81-4fbd-aba4-a649583eabf6.wav,coughvid_data/60b6c987-7d81-4fbd-aba4-a649583eabf6.wav,0.0
892bb9f7-b44a-4053-9a0a-41d1144dabce,coughvid_data/892bb9f7-b44a-4053-9a0a-41d1144dabce.wav,coughvid_data/892bb9f7-b44a-4053-9a0a-41d1144dabce.wav,0.0
59d3d0c4-9321-49e4-ac97-0e3ee51fcca1,coughvid_data/59d3d0c4-9321-49e4-ac97-0e3ee51fcca1.wav,coughvid_data/59d3d0c4-9321-49e4-ac97-0e3ee51fcca1.wav,0.0
eaa9fcb5-41cf-485c-9339-4b6d1dbefefd,coughvid_data/eaa9fcb5-41cf-485c-9339-4b6d1dbefefd.wav,coughvid_data/eaa9fcb5-41cf-485c-9339-4b6d1dbefefd.wav,1.0
899c97f3-b799-43bc-a526-a3893ef7b334,coughvid_data/899c97f3-b799-43bc-a526-a3893ef7b334.wav,coughvid_data/899c97f3-b799-43bc-a526-a3893ef7b334.wav,1.0
a580b098-2fe2-40a9-98bf-ae623ec1cd9c,coughvid_data/a580b098-2fe2-40a9-98bf-ae623ec1cd9c.wav,coughvid_data/a580b098-2fe2-40a9-98bf-ae623ec1cd9c.wav,0.0
a2177b04-c411-4188-b9ba-6f02d23977d8,coughvid_data/a2177b04-c411-4188-b9ba-6f02d23977d8.wav,coughvid_data/a2177b04-c411-4188-b9ba-6f02d23977d8.wav,1.0
eb5f902e-a58c-4d18-afbd-297aa47d92c9,coughvid_data/eb5f902e-a58c-4d18-afbd-297aa47d92c9.wav,coughvid_data/eb5f902e-a58c-4d18-afbd-297aa47d92c9.wav,1.0
48034d7f-9a8d-4767-a545-ab913854b88a,coughvid_data/48034d7f-9a8d-4767-a545-ab913854b88a.wav,coughvid_data/48034d7f-9a8d-4767-a545-ab913854b88a.wav,1.0
ad7a293c-1665-4357-bcc2-147332f7c4b8,coughvid_data/ad7a293c-1665-4357-bcc2-147332f7c4b8.wav,coughvid_data/ad7a293c-1665-4357-bcc2-147332f7c4b8.wav,0.0
98c33f92-60bf-44e7-ad92-bf8a57a3bfca,coughvid_data/98c33f92-60bf-44e7-ad92-bf8a57a3bfca.wav,coughvid_data/98c33f92-60bf-44e7-ad92-bf8a57a3bfca.wav,1.0
abcb0f36-df6d-4316-8006-c1f881262fc2,coughvid_data/abcb0f36-df6d-4316-8006-c1f881262fc2.wav,coughvid_data/abcb0f36-df6d-4316-8006-c1f881262fc2.wav,1.0
99b7ea5a-eb12-468a-8e80-32936c0f6b95,coughvid_data/99b7ea5a-eb12-468a-8e80-32936c0f6b95.wav,coughvid_data/99b7ea5a-eb12-468a-8e80-32936c0f6b95.wav,0.0
a278f213-fb46-4df1-bdb7-120fbec6c8ad,coughvid_data/a278f213-fb46-4df1-bdb7-120fbec6c8ad.wav,coughvid_data/a278f213-fb46-4df1-bdb7-120fbec6c8ad.wav,1.0
62d821c2-b617-4357-a7a3-b8f32e07ba4d,coughvid_data/62d821c2-b617-4357-a7a3-b8f32e07ba4d.wav,coughvid_data/62d821c2-b617-4357-a7a3-b8f32e07ba4d.wav,1.0
a57e3ee3-1fc4-4db3-9cf7-6fc44bb5b4af,coughvid_data/a57e3ee3-1fc4-4db3-9cf7-6fc44bb5b4af.wav,coughvid_data/a57e3ee3-1fc4-4db3-9cf7-6fc44bb5b4af.wav,1.0
144f681d-cd0e-49d6-8131-409104956ecf,coughvid_data/144f681d-cd0e-49d6-8131-409104956ecf.wav,coughvid_data/144f681d-cd0e-49d6-8131-409104956ecf.wav,0.0
5f5f4027-45d4-4867-a9e2-ecc500eaf21d,coughvid_data/5f5f4027-45d4-4867-a9e2-ecc500eaf21d.wav,coughvid_data/5f5f4027-45d4-4867-a9e2-ecc500eaf21d.wav,1.0
fc55e500-fa9b-456a-8c0c-c8236cc5a364,coughvid_data/fc55e500-fa9b-456a-8c0c-c8236cc5a364.wav,coughvid_data/fc55e500-fa9b-456a-8c0c-c8236cc5a364.wav,1.0
e04e1e7a-4186-4dee-a748-2246be4390b3,coughvid_data/e04e1e7a-4186-4dee-a748-2246be4390b3.wav,coughvid_data/e04e1e7a-4186-4dee-a748-2246be4390b3.wav,0.0
1ab96679-90fb-4bd4-89e0-45e15ae00341,coughvid_data/1ab96679-90fb-4bd4-89e0-45e15ae00341.wav,coughvid_data/1ab96679-90fb-4bd4-89e0-45e15ae00341.wav,0.0
c77a1f29-5200-47b2-86e8-2c35fbded51c,coughvid_data/c77a1f29-5200-47b2-86e8-2c35fbded51c.wav,coughvid_data/c77a1f29-5200-47b2-86e8-2c35fbded51c.wav,1.0
aeded0cd-89ff-43d3-86f2-4ae7bc4fbb56,coughvid_data/aeded0cd-89ff-43d3-86f2-4ae7bc4fbb56.wav,coughvid_data/aeded0cd-89ff-43d3-86f2-4ae7bc4fbb56.wav,1.0
7671dc5f-c8cb-4734-b5cd-e49c66e4c009,coughvid_data/7671dc5f-c8cb-4734-b5cd-e49c66e4c009.wav,coughvid_data/7671dc5f-c8cb-4734-b5cd-e49c66e4c009.wav,1.0
b53e8152-9b57-49af-887a-785e9fe74990,coughvid_data/b53e8152-9b57-49af-887a-785e9fe74990.wav,coughvid_data/b53e8152-9b57-49af-887a-785e9fe74990.wav,1.0
b78c7ea5-36ef-43f4-9bcf-e058fc442f28,coughvid_data/b78c7ea5-36ef-43f4-9bcf-e058fc442f28.wav,coughvid_data/b78c7ea5-36ef-43f4-9bcf-e058fc442f28.wav,1.0
d3c447e5-dfa2-4050-9ead-1791feda54b2,coughvid_data/d3c447e5-dfa2-4050-9ead-1791feda54b2.wav,coughvid_data/d3c447e5-dfa2-4050-9ead-1791feda54b2.wav,0.0
be0a50dc-1a49-427e-ac2f-9f6b13f25fa3,coughvid_data/be0a50dc-1a49-427e-ac2f-9f6b13f25fa3.wav,coughvid_data/be0a50dc-1a49-427e-ac2f-9f6b13f25fa3.wav,0.0
0f90851c-63cc-4fe1-872d-1b7aea06b533,coughvid_data/0f90851c-63cc-4fe1-872d-1b7aea06b533.wav,coughvid_data/0f90851c-63cc-4fe1-872d-1b7aea06b533.wav,1.0
5418a808-f17d-4985-a1eb-5d1ee3647cb0,coughvid_data/5418a808-f17d-4985-a1eb-5d1ee3647cb0.wav,coughvid_data/5418a808-f17d-4985-a1eb-5d1ee3647cb0.wav,1.0
250ad436-f2f1-494f-af36-8fc09c6928cf,coughvid_data/250ad436-f2f1-494f-af36-8fc09c6928cf.wav,coughvid_data/250ad436-f2f1-494f-af36-8fc09c6928cf.wav,1.0
71eb00ca-8e5d-410a-ad0f-20a56bb09c88,coughvid_data/71eb00ca-8e5d-410a-ad0f-20a56bb09c88.wav,coughvid_data/71eb00ca-8e5d-410a-ad0f-20a56bb09c88.wav,1.0
5d2dc00c-47ec-44ad-87ce-88abac587b02,coughvid_data/5d2dc00c-47ec-44ad-87ce-88abac587b02.wav,coughvid_data/5d2dc00c-47ec-44ad-87ce-88abac587b02.wav,0.0
91bc441e-23f0-41e2-bb21-e50611f01acb,coughvid_data/91bc441e-23f0-41e2-bb21-e50611f01acb.wav,coughvid_data/91bc441e-23f0-41e2-bb21-e50611f01acb.wav,0.0
e0d79f30-c1e4-4c99-bc0e-f044f7a9db60,coughvid_data/e0d79f30-c1e4-4c99-bc0e-f044f7a9db60.wav,coughvid_data/e0d79f30-c1e4-4c99-bc0e-f044f7a9db60.wav,0.0
6f1cb96d-2322-4f30-a172-3e605ea1710b,coughvid_data/6f1cb96d-2322-4f30-a172-3e605ea1710b.wav,coughvid_data/6f1cb96d-2322-4f30-a172-3e605ea1710b.wav,1.0
4cafb751-4cb2-4ee5-b798-d7a40adba76b,coughvid_data/4cafb751-4cb2-4ee5-b798-d7a40adba76b.wav,coughvid_data/4cafb751-4cb2-4ee5-b798-d7a40adba76b.wav,1.0
9ecb18ca-483d-400f-a049-1a078a483c50,coughvid_data/9ecb18ca-483d-400f-a049-1a078a483c50.wav,coughvid_data/9ecb18ca-483d-400f-a049-1a078a483c50.wav,1.0
23f9e707-818c-4056-8365-db2f3b11bf95,coughvid_data/23f9e707-818c-4056-8365-db2f3b11bf95.wav,coughvid_data/23f9e707-818c-4056-8365-db2f3b11bf95.wav,0.0
1bc4bc67-c44d-4f25-9387-5f6901c83cf1,coughvid_data/1bc4bc67-c44d-4f25-9387-5f6901c83cf1.wav,coughvid_data/1bc4bc67-c44d-4f25-9387-5f6901c83cf1.wav,1.0
908144dd-1c57-41ca-9a94-585890cc4280,coughvid_data/908144dd-1c57-41ca-9a94-585890cc4280.wav,coughvid_data/908144dd-1c57-41ca-9a94-585890cc4280.wav,0.0
3190c4e0-b9c7-4a75-a3a7-9734d3a3ebb7,coughvid_data/3190c4e0-b9c7-4a75-a3a7-9734d3a3ebb7.wav,coughvid_data/3190c4e0-b9c7-4a75-a3a7-9734d3a3ebb7.wav,1.0
3f9c965a-cc4e-4b49-b9b4-af47e8f962ce,coughvid_data/3f9c965a-cc4e-4b49-b9b4-af47e8f962ce.wav,coughvid_data/3f9c965a-cc4e-4b49-b9b4-af47e8f962ce.wav,1.0
6ec1e029-8ee9-4c79-b9f7-63e783805f3f,coughvid_data/6ec1e029-8ee9-4c79-b9f7-63e783805f3f.wav,coughvid_data/6ec1e029-8ee9-4c79-b9f7-63e783805f3f.wav,0.0
6824ab69-9ed9-4611-8c7d-06dbdc8bf98d,coughvid_data/6824ab69-9ed9-4611-8c7d-06dbdc8bf98d.wav,coughvid_data/6824ab69-9ed9-4611-8c7d-06dbdc8bf98d.wav,0.0
9e420c4d-b543-4818-93ae-b587892050df,coughvid_data/9e420c4d-b543-4818-93ae-b587892050df.wav,coughvid_data/9e420c4d-b543-4818-93ae-b587892050df.wav,0.0
530f0b6d-047c-4393-8f8e-7a5a247e29a1,coughvid_data/530f0b6d-047c-4393-8f8e-7a5a247e29a1.wav,coughvid_data/530f0b6d-047c-4393-8f8e-7a5a247e29a1.wav,0.0
c3bbad39-9dde-496f-bb58-b52b01d421a6,coughvid_data/c3bbad39-9dde-496f-bb58-b52b01d421a6.wav,coughvid_data/c3bbad39-9dde-496f-bb58-b52b01d421a6.wav,1.0
ef8985bc-db5c-4afd-b555-6bdecc933afa,coughvid_data/ef8985bc-db5c-4afd-b555-6bdecc933afa.wav,coughvid_data/ef8985bc-db5c-4afd-b555-6bdecc933afa.wav,0.0
6b2cfffa-5628-4e75-b1b6-d5ae7b0e6203,coughvid_data/6b2cfffa-5628-4e75-b1b6-d5ae7b0e6203.wav,coughvid_data/6b2cfffa-5628-4e75-b1b6-d5ae7b0e6203.wav,0.0
6b235150-c76b-42fd-8c0a-693fcbedab75,coughvid_data/6b235150-c76b-42fd-8c0a-693fcbedab75.wav,coughvid_data/6b235150-c76b-42fd-8c0a-693fcbedab75.wav,1.0
11982ef5-3cd7-4dbf-90a4-6fcd77854972,coughvid_data/11982ef5-3cd7-4dbf-90a4-6fcd77854972.wav,coughvid_data/11982ef5-3cd7-4dbf-90a4-6fcd77854972.wav,0.0
ca2d7e1b-9ba3-43a3-b0c8-d47cb76c6610,coughvid_data/ca2d7e1b-9ba3-43a3-b0c8-d47cb76c6610.wav,coughvid_data/ca2d7e1b-9ba3-43a3-b0c8-d47cb76c6610.wav,1.0
a1092580-10f6-4176-8862-3a8cc0784f4a,coughvid_data/a1092580-10f6-4176-8862-3a8cc0784f4a.wav,coughvid_data/a1092580-10f6-4176-8862-3a8cc0784f4a.wav,1.0
1550382d-9c94-4804-a48b-d5fad49a6f74,coughvid_data/1550382d-9c94-4804-a48b-d5fad49a6f74.wav,coughvid_data/1550382d-9c94-4804-a48b-d5fad49a6f74.wav,0.0
e4d4e1dc-9cbf-4ec9-b280-46acf2f5cc06,coughvid_data/e4d4e1dc-9cbf-4ec9-b280-46acf2f5cc06.wav,coughvid_data/e4d4e1dc-9cbf-4ec9-b280-46acf2f5cc06.wav,1.0
05760334-aed2-4666-aa2c-28975d77f6b5,coughvid_data/05760334-aed2-4666-aa2c-28975d77f6b5.wav,coughvid_data/05760334-aed2-4666-aa2c-28975d77f6b5.wav,0.0
a5c65c14-6390-4481-94b8-fbe09ef301cf,coughvid_data/a5c65c14-6390-4481-94b8-fbe09ef301cf.wav,coughvid_data/a5c65c14-6390-4481-94b8-fbe09ef301cf.wav,1.0
aca0685d-b886-49d9-b1a1-055f7d6f9279,coughvid_data/aca0685d-b886-49d9-b1a1-055f7d6f9279.wav,coughvid_data/aca0685d-b886-49d9-b1a1-055f7d6f9279.wav,0.0
a2f9456b-5500-4947-8e73-55a60cced78e,coughvid_data/a2f9456b-5500-4947-8e73-55a60cced78e.wav,coughvid_data/a2f9456b-5500-4947-8e73-55a60cced78e.wav,0.0
96eb332f-284f-4f85-a9eb-726fc3665eec,coughvid_data/96eb332f-284f-4f85-a9eb-726fc3665eec.wav,coughvid_data/96eb332f-284f-4f85-a9eb-726fc3665eec.wav,0.0
1a06cc26-1a79-4d2e-a596-b6f2904e9523,coughvid_data/1a06cc26-1a79-4d2e-a596-b6f2904e9523.wav,coughvid_data/1a06cc26-1a79-4d2e-a596-b6f2904e9523.wav,0.0
6c56e872-9f86-42d4-9920-d66fc1aeaa8a,coughvid_data/6c56e872-9f86-42d4-9920-d66fc1aeaa8a.wav,coughvid_data/6c56e872-9f86-42d4-9920-d66fc1aeaa8a.wav,0.0
d844a814-c17d-4398-b536-9963f6ded940,coughvid_data/d844a814-c17d-4398-b536-9963f6ded940.wav,coughvid_data/d844a814-c17d-4398-b536-9963f6ded940.wav,1.0
defe2926-9ed9-4ca9-a09e-7f936825e100,coughvid_data/defe2926-9ed9-4ca9-a09e-7f936825e100.wav,coughvid_data/defe2926-9ed9-4ca9-a09e-7f936825e100.wav,1.0
d1eb56c9-2c5e-40ad-bdc8-59c00733de9e,coughvid_data/d1eb56c9-2c5e-40ad-bdc8-59c00733de9e.wav,coughvid_data/d1eb56c9-2c5e-40ad-bdc8-59c00733de9e.wav,0.0
774e236d-23d5-40b7-9b5a-63b48433d323,coughvid_data/774e236d-23d5-40b7-9b5a-63b48433d323.wav,coughvid_data/774e236d-23d5-40b7-9b5a-63b48433d323.wav,1.0
c76dcf90-f920-4ea2-ba15-2542f6399b6e,coughvid_data/c76dcf90-f920-4ea2-ba15-2542f6399b6e.wav,coughvid_data/c76dcf90-f920-4ea2-ba15-2542f6399b6e.wav,1.0
ae257f2a-e50c-4503-b0af-14e24ed8685e,coughvid_data/ae257f2a-e50c-4503-b0af-14e24ed8685e.wav,coughvid_data/ae257f2a-e50c-4503-b0af-14e24ed8685e.wav,0.0
1b01bc89-ebb4-45ae-b245-2b8e669a1d6d,coughvid_data/1b01bc89-ebb4-45ae-b245-2b8e669a1d6d.wav,coughvid_data/1b01bc89-ebb4-45ae-b245-2b8e669a1d6d.wav,0.0
b4f36734-a63d-4f4b-8e4a-5da0cab843ad,coughvid_data/b4f36734-a63d-4f4b-8e4a-5da0cab843ad.wav,coughvid_data/b4f36734-a63d-4f4b-8e4a-5da0cab843ad.wav,0.0
0cdef87d-68d9-4c2b-bcb6-44746e98c46d,coughvid_data/0cdef87d-68d9-4c2b-bcb6-44746e98c46d.wav,coughvid_data/0cdef87d-68d9-4c2b-bcb6-44746e98c46d.wav,0.0
ba3e704b-3501-4d85-923f-0c9632b547e8,coughvid_data/ba3e704b-3501-4d85-923f-0c9632b547e8.wav,coughvid_data/ba3e704b-3501-4d85-923f-0c9632b547e8.wav,1.0
ab8a9321-4679-43d1-9606-0bf1beeadbb8,coughvid_data/ab8a9321-4679-43d1-9606-0bf1beeadbb8.wav,coughvid_data/ab8a9321-4679-43d1-9606-0bf1beeadbb8.wav,0.0
a08ff8e0-f2a8-4848-9a43-222d7ece59ba,coughvid_data/a08ff8e0-f2a8-4848-9a43-222d7ece59ba.wav,coughvid_data/a08ff8e0-f2a8-4848-9a43-222d7ece59ba.wav,1.0
d163b6a6-05c3-489b-ab91-14595bed7e61,coughvid_data/d163b6a6-05c3-489b-ab91-14595bed7e61.wav,coughvid_data/d163b6a6-05c3-489b-ab91-14595bed7e61.wav,0.0
28755bd9-5000-4787-9d3f-332fe059fce2,coughvid_data/28755bd9-5000-4787-9d3f-332fe059fce2.wav,coughvid_data/28755bd9-5000-4787-9d3f-332fe059fce2.wav,0.0
1ed2eced-cfd7-4f12-917d-a59b7b024d01,coughvid_data/1ed2eced-cfd7-4f12-917d-a59b7b024d01.wav,coughvid_data/1ed2eced-cfd7-4f12-917d-a59b7b024d01.wav,1.0
41dcf39d-5a77-48db-a366-1a48b6c02f22,coughvid_data/41dcf39d-5a77-48db-a366-1a48b6c02f22.wav,coughvid_data/41dcf39d-5a77-48db-a366-1a48b6c02f22.wav,0.0
e0775475-c08a-4b96-9227-a9eaf90616ac,coughvid_data/e0775475-c08a-4b96-9227-a9eaf90616ac.wav,coughvid_data/e0775475-c08a-4b96-9227-a9eaf90616ac.wav,1.0
70b56c87-1e16-4faa-b87b-f0f5cf39b618,coughvid_data/70b56c87-1e16-4faa-b87b-f0f5cf39b618.wav,coughvid_data/70b56c87-1e16-4faa-b87b-f0f5cf39b618.wav,0.0
ee42cab8-6560-49b4-bb5e-bdeaa8f99751,coughvid_data/ee42cab8-6560-49b4-bb5e-bdeaa8f99751.wav,coughvid_data/ee42cab8-6560-49b4-bb5e-bdeaa8f99751.wav,1.0
39200755-0bfd-48ef-b263-eaeee7a5b77c,coughvid_data/39200755-0bfd-48ef-b263-eaeee7a5b77c.wav,coughvid_data/39200755-0bfd-48ef-b263-eaeee7a5b77c.wav,1.0
ea0014f9-5d05-47ab-9330-9bff176f6d0f,coughvid_data/ea0014f9-5d05-47ab-9330-9bff176f6d0f.wav,coughvid_data/ea0014f9-5d05-47ab-9330-9bff176f6d0f.wav,0.0
292fcce7-5869-4dc2-b4b3-c5a885cf5fc8,coughvid_data/292fcce7-5869-4dc2-b4b3-c5a885cf5fc8.wav,coughvid_data/292fcce7-5869-4dc2-b4b3-c5a885cf5fc8.wav,0.0
c4459255-56ad-49b7-a28e-dd9ef6c05985,coughvid_data/c4459255-56ad-49b7-a28e-dd9ef6c05985.wav,coughvid_data/c4459255-56ad-49b7-a28e-dd9ef6c05985.wav,0.0
d11b5721-c7ae-479f-9261-a765dec2f404,coughvid_data/d11b5721-c7ae-479f-9261-a765dec2f404.wav,coughvid_data/d11b5721-c7ae-479f-9261-a765dec2f404.wav,1.0
9149c778-0099-4ab8-a21d-70eb07be0854,coughvid_data/9149c778-0099-4ab8-a21d-70eb07be0854.wav,coughvid_data/9149c778-0099-4ab8-a21d-70eb07be0854.wav,0.0
5eeaf902-bff0-4492-b308-9fb8311b73a0,coughvid_data/5eeaf902-bff0-4492-b308-9fb8311b73a0.wav,coughvid_data/5eeaf902-bff0-4492-b308-9fb8311b73a0.wav,0.0
dc8f7676-081b-4fb9-9b41-3c6d3dfa08ad,coughvid_data/dc8f7676-081b-4fb9-9b41-3c6d3dfa08ad.wav,coughvid_data/dc8f7676-081b-4fb9-9b41-3c6d3dfa08ad.wav,0.0
f5a661dc-8161-4842-b1c3-cd7265896101,coughvid_data/f5a661dc-8161-4842-b1c3-cd7265896101.wav,coughvid_data/f5a661dc-8161-4842-b1c3-cd7265896101.wav,1.0
56aa96bc-bace-47a3-9bd7-ecd37bcb0003,coughvid_data/56aa96bc-bace-47a3-9bd7-ecd37bcb0003.wav,coughvid_data/56aa96bc-bace-47a3-9bd7-ecd37bcb0003.wav,0.0
62572aad-4fdf-4aad-b9b8-63b35a11ba02,coughvid_data/62572aad-4fdf-4aad-b9b8-63b35a11ba02.wav,coughvid_data/62572aad-4fdf-4aad-b9b8-63b35a11ba02.wav,0.0
80a873cd-3ec9-4463-a3e8-4bb8b7fb533f,coughvid_data/80a873cd-3ec9-4463-a3e8-4bb8b7fb533f.wav,coughvid_data/80a873cd-3ec9-4463-a3e8-4bb8b7fb533f.wav,1.0
c40258a5-9678-4582-9d9f-a5c8ab92c468,coughvid_data/c40258a5-9678-4582-9d9f-a5c8ab92c468.wav,coughvid_data/c40258a5-9678-4582-9d9f-a5c8ab92c468.wav,1.0
622bf28f-1fba-440b-b405-31edc355890b,coughvid_data/622bf28f-1fba-440b-b405-31edc355890b.wav,coughvid_data/622bf28f-1fba-440b-b405-31edc355890b.wav,1.0
561a3d5e-0aab-47f8-a2d4-2b8e9a4eecbe,coughvid_data/561a3d5e-0aab-47f8-a2d4-2b8e9a4eecbe.wav,coughvid_data/561a3d5e-0aab-47f8-a2d4-2b8e9a4eecbe.wav,0.0
ea83ca25-dce8-4613-89c8-605350309872,coughvid_data/ea83ca25-dce8-4613-89c8-605350309872.wav,coughvid_data/ea83ca25-dce8-4613-89c8-605350309872.wav,1.0
50e4574d-0fa7-4fa0-977d-394644797b1b,coughvid_data/50e4574d-0fa7-4fa0-977d-394644797b1b.wav,coughvid_data/50e4574d-0fa7-4fa0-977d-394644797b1b.wav,1.0
639c0947-16a5-421a-af60-96ddfa896024,coughvid_data/639c0947-16a5-421a-af60-96ddfa896024.wav,coughvid_data/639c0947-16a5-421a-af60-96ddfa896024.wav,1.0
56c8e215-c619-4e27-b987-4e759448dcbe,coughvid_data/56c8e215-c619-4e27-b987-4e759448dcbe.wav,coughvid_data/56c8e215-c619-4e27-b987-4e759448dcbe.wav,0.0
f1c5c405-e9da-4fe4-93db-e85bc826b630,coughvid_data/f1c5c405-e9da-4fe4-93db-e85bc826b630.wav,coughvid_data/f1c5c405-e9da-4fe4-93db-e85bc826b630.wav,1.0
b66dec6b-856d-4f8b-9362-903d715302c5,coughvid_data/b66dec6b-856d-4f8b-9362-903d715302c5.wav,coughvid_data/b66dec6b-856d-4f8b-9362-903d715302c5.wav,1.0
250edafe-6f9d-4567-b245-6f9a12d07923,coughvid_data/250edafe-6f9d-4567-b245-6f9a12d07923.wav,coughvid_data/250edafe-6f9d-4567-b245-6f9a12d07923.wav,1.0
23d5eae2-bb34-4a8e-b225-14924233ec4f,coughvid_data/23d5eae2-bb34-4a8e-b225-14924233ec4f.wav,coughvid_data/23d5eae2-bb34-4a8e-b225-14924233ec4f.wav,1.0
10f9b814-9755-4734-8c3b-c627430ac920,coughvid_data/10f9b814-9755-4734-8c3b-c627430ac920.wav,coughvid_data/10f9b814-9755-4734-8c3b-c627430ac920.wav,1.0
1e61d4e3-ca16-460b-a859-7779bc636607,coughvid_data/1e61d4e3-ca16-460b-a859-7779bc636607.wav,coughvid_data/1e61d4e3-ca16-460b-a859-7779bc636607.wav,1.0
70c096bc-3d15-49c6-8875-351dbed2727b,coughvid_data/70c096bc-3d15-49c6-8875-351dbed2727b.wav,coughvid_data/70c096bc-3d15-49c6-8875-351dbed2727b.wav,0.0
b5163b72-0fba-4d12-add4-33dc0d536954,coughvid_data/b5163b72-0fba-4d12-add4-33dc0d536954.wav,coughvid_data/b5163b72-0fba-4d12-add4-33dc0d536954.wav,0.0
be452536-f720-479f-8701-010478f03a85,coughvid_data/be452536-f720-479f-8701-010478f03a85.wav,coughvid_data/be452536-f720-479f-8701-010478f03a85.wav,0.0
c8ae92d4-d230-4267-9936-dcddced5f0a5,coughvid_data/c8ae92d4-d230-4267-9936-dcddced5f0a5.wav,coughvid_data/c8ae92d4-d230-4267-9936-dcddced5f0a5.wav,0.0
e61e73eb-1f58-4fa8-8531-db38f91bda74,coughvid_data/e61e73eb-1f58-4fa8-8531-db38f91bda74.wav,coughvid_data/e61e73eb-1f58-4fa8-8531-db38f91bda74.wav,1.0
7af73457-999a-4b56-9500-d864595383d3,coughvid_data/7af73457-999a-4b56-9500-d864595383d3.wav,coughvid_data/7af73457-999a-4b56-9500-d864595383d3.wav,1.0
35839992-c1b3-4155-b907-ae7bbed8c988,coughvid_data/35839992-c1b3-4155-b907-ae7bbed8c988.wav,coughvid_data/35839992-c1b3-4155-b907-ae7bbed8c988.wav,0.0
83236c7b-73d2-42e4-a79b-b7032825dffd,coughvid_data/83236c7b-73d2-42e4-a79b-b7032825dffd.wav,coughvid_data/83236c7b-73d2-42e4-a79b-b7032825dffd.wav,0.0
a109d232-66f0-4c2c-890f-1d34e8264588,coughvid_data/a109d232-66f0-4c2c-890f-1d34e8264588.wav,coughvid_data/a109d232-66f0-4c2c-890f-1d34e8264588.wav,1.0
00432f00-2477-4faf-a440-cc1276065b4a,coughvid_data/00432f00-2477-4faf-a440-cc1276065b4a.wav,coughvid_data/00432f00-2477-4faf-a440-cc1276065b4a.wav,0.0
e6595b02-66a4-4417-83e5-dac9d9c70dfa,coughvid_data/e6595b02-66a4-4417-83e5-dac9d9c70dfa.wav,coughvid_data/e6595b02-66a4-4417-83e5-dac9d9c70dfa.wav,1.0
78b063b2-213d-491e-9e3e-76da57f2a354,coughvid_data/78b063b2-213d-491e-9e3e-76da57f2a354.wav,coughvid_data/78b063b2-213d-491e-9e3e-76da57f2a354.wav,1.0
bc6ebea2-39ff-4a92-a32c-1bda32c49215,coughvid_data/bc6ebea2-39ff-4a92-a32c-1bda32c49215.wav,coughvid_data/bc6ebea2-39ff-4a92-a32c-1bda32c49215.wav,0.0
e363e996-6ec4-4aa1-b70a-e57871a2e826,coughvid_data/e363e996-6ec4-4aa1-b70a-e57871a2e826.wav,coughvid_data/e363e996-6ec4-4aa1-b70a-e57871a2e826.wav,1.0
bfff4be0-e623-4861-8100-9d12c6ce196c,coughvid_data/bfff4be0-e623-4861-8100-9d12c6ce196c.wav,coughvid_data/bfff4be0-e623-4861-8100-9d12c6ce196c.wav,1.0
b6d4e091-6ee6-4372-89cd-239db414437b,coughvid_data/b6d4e091-6ee6-4372-89cd-239db414437b.wav,coughvid_data/b6d4e091-6ee6-4372-89cd-239db414437b.wav,1.0
31987195-72fe-4bf2-842c-82278e6c60a3,coughvid_data/31987195-72fe-4bf2-842c-82278e6c60a3.wav,coughvid_data/31987195-72fe-4bf2-842c-82278e6c60a3.wav,0.0
967a1fee-a7df-4644-9693-498626b618cc,coughvid_data/967a1fee-a7df-4644-9693-498626b618cc.wav,coughvid_data/967a1fee-a7df-4644-9693-498626b618cc.wav,1.0
b8fe95aa-759b-4792-af3a-0c337bb40619,coughvid_data/b8fe95aa-759b-4792-af3a-0c337bb40619.wav,coughvid_data/b8fe95aa-759b-4792-af3a-0c337bb40619.wav,0.0
6bdbcb6d-c94c-44f3-8b68-ab747dc11bd3,coughvid_data/6bdbcb6d-c94c-44f3-8b68-ab747dc11bd3.wav,coughvid_data/6bdbcb6d-c94c-44f3-8b68-ab747dc11bd3.wav,1.0
183d8c7a-43fc-47cc-b3de-fcd1517b14f1,coughvid_data/183d8c7a-43fc-47cc-b3de-fcd1517b14f1.wav,coughvid_data/183d8c7a-43fc-47cc-b3de-fcd1517b14f1.wav,1.0
99d23504-149b-469d-b874-22b5e5d1eb59,coughvid_data/99d23504-149b-469d-b874-22b5e5d1eb59.wav,coughvid_data/99d23504-149b-469d-b874-22b5e5d1eb59.wav,1.0
74329f61-ae2a-4bea-9199-90873dc19d39,coughvid_data/74329f61-ae2a-4bea-9199-90873dc19d39.wav,coughvid_data/74329f61-ae2a-4bea-9199-90873dc19d39.wav,0.0
41b99768-ae1b-4038-b831-d7c7d225f369,coughvid_data/41b99768-ae1b-4038-b831-d7c7d225f369.wav,coughvid_data/41b99768-ae1b-4038-b831-d7c7d225f369.wav,1.0
1933a8d9-3ea6-4365-a421-d8be52ca74e9,coughvid_data/1933a8d9-3ea6-4365-a421-d8be52ca74e9.wav,coughvid_data/1933a8d9-3ea6-4365-a421-d8be52ca74e9.wav,0.0
316f1549-13b8-4788-b52f-8e70066a4f9a,coughvid_data/316f1549-13b8-4788-b52f-8e70066a4f9a.wav,coughvid_data/316f1549-13b8-4788-b52f-8e70066a4f9a.wav,0.0
43b3c687-017e-4097-8c79-894f2190c353,coughvid_data/43b3c687-017e-4097-8c79-894f2190c353.wav,coughvid_data/43b3c687-017e-4097-8c79-894f2190c353.wav,1.0
1e40fe69-d632-4c96-8e8d-516c111ca47f,coughvid_data/1e40fe69-d632-4c96-8e8d-516c111ca47f.wav,coughvid_data/1e40fe69-d632-4c96-8e8d-516c111ca47f.wav,1.0
d6454c1e-2cba-4d45-948e-6414994f4c84,coughvid_data/d6454c1e-2cba-4d45-948e-6414994f4c84.wav,coughvid_data/d6454c1e-2cba-4d45-948e-6414994f4c84.wav,1.0
71b60177-1185-4b20-8ba6-3613378744cf,coughvid_data/71b60177-1185-4b20-8ba6-3613378744cf.wav,coughvid_data/71b60177-1185-4b20-8ba6-3613378744cf.wav,0.0
16549cce-5fab-46ff-ae4b-e2c5eca2e74f,coughvid_data/16549cce-5fab-46ff-ae4b-e2c5eca2e74f.wav,coughvid_data/16549cce-5fab-46ff-ae4b-e2c5eca2e74f.wav,1.0
e21efaf2-9691-4857-b3e7-717bdd740d30,coughvid_data/e21efaf2-9691-4857-b3e7-717bdd740d30.wav,coughvid_data/e21efaf2-9691-4857-b3e7-717bdd740d30.wav,0.0
4a91684d-8261-461b-9d42-52a4b5d724ab,coughvid_data/4a91684d-8261-461b-9d42-52a4b5d724ab.wav,coughvid_data/4a91684d-8261-461b-9d42-52a4b5d724ab.wav,1.0
75908349-07c7-4072-8fc0-0bde33dac24c,coughvid_data/75908349-07c7-4072-8fc0-0bde33dac24c.wav,coughvid_data/75908349-07c7-4072-8fc0-0bde33dac24c.wav,0.0
9ba200c8-94b2-490f-8d93-67a6cd3f17a9,coughvid_data/9ba200c8-94b2-490f-8d93-67a6cd3f17a9.wav,coughvid_data/9ba200c8-94b2-490f-8d93-67a6cd3f17a9.wav,1.0
0be8bfe9-6ed7-4a3a-a75d-634224b747fb,coughvid_data/0be8bfe9-6ed7-4a3a-a75d-634224b747fb.wav,coughvid_data/0be8bfe9-6ed7-4a3a-a75d-634224b747fb.wav,1.0
0c8249a9-3dd0-4b37-b90f-24c2c42cebab,coughvid_data/0c8249a9-3dd0-4b37-b90f-24c2c42cebab.wav,coughvid_data/0c8249a9-3dd0-4b37-b90f-24c2c42cebab.wav,1.0
d05678d3-810c-489e-8b27-c2c6c496bb1e,coughvid_data/d05678d3-810c-489e-8b27-c2c6c496bb1e.wav,coughvid_data/d05678d3-810c-489e-8b27-c2c6c496bb1e.wav,1.0
65080e8a-3bf3-4c14-88f6-b0d83cdc46b1,coughvid_data/65080e8a-3bf3-4c14-88f6-b0d83cdc46b1.wav,coughvid_data/65080e8a-3bf3-4c14-88f6-b0d83cdc46b1.wav,0.0
9ee6d60e-566d-453d-a459-3f4559952513,coughvid_data/9ee6d60e-566d-453d-a459-3f4559952513.wav,coughvid_data/9ee6d60e-566d-453d-a459-3f4559952513.wav,1.0
c3eba23c-cf92-4860-b816-cd892b6fb1a2,coughvid_data/c3eba23c-cf92-4860-b816-cd892b6fb1a2.wav,coughvid_data/c3eba23c-cf92-4860-b816-cd892b6fb1a2.wav,0.0
1360cb4c-63ee-40c3-b111-0c581c08c0b0,coughvid_data/1360cb4c-63ee-40c3-b111-0c581c08c0b0.wav,coughvid_data/1360cb4c-63ee-40c3-b111-0c581c08c0b0.wav,1.0
80d04021-6a3e-4104-9880-afdd833d5589,coughvid_data/80d04021-6a3e-4104-9880-afdd833d5589.wav,coughvid_data/80d04021-6a3e-4104-9880-afdd833d5589.wav,0.0
3810c386-04a6-411e-9ce8-4baf24dff076,coughvid_data/3810c386-04a6-411e-9ce8-4baf24dff076.wav,coughvid_data/3810c386-04a6-411e-9ce8-4baf24dff076.wav,0.0
c48fd544-cce4-4aa5-8085-87b833156280,coughvid_data/c48fd544-cce4-4aa5-8085-87b833156280.wav,coughvid_data/c48fd544-cce4-4aa5-8085-87b833156280.wav,1.0
c6b708d7-513e-4a1b-be1a-c7d2e29ce5da,coughvid_data/c6b708d7-513e-4a1b-be1a-c7d2e29ce5da.wav,coughvid_data/c6b708d7-513e-4a1b-be1a-c7d2e29ce5da.wav,1.0
2dc6ee2a-3b70-4aa5-b3b5-ec313bd2fe85,coughvid_data/2dc6ee2a-3b70-4aa5-b3b5-ec313bd2fe85.wav,coughvid_data/2dc6ee2a-3b70-4aa5-b3b5-ec313bd2fe85.wav,1.0
9fc30462-4e90-4b05-a9d4-f25b775d1794,coughvid_data/9fc30462-4e90-4b05-a9d4-f25b775d1794.wav,coughvid_data/9fc30462-4e90-4b05-a9d4-f25b775d1794.wav,1.0
72585dfe-80f6-4778-a4ae-12904217c729,coughvid_data/72585dfe-80f6-4778-a4ae-12904217c729.wav,coughvid_data/72585dfe-80f6-4778-a4ae-12904217c729.wav,1.0
86bca306-76a3-40aa-b487-b4de2a3385f1,coughvid_data/86bca306-76a3-40aa-b487-b4de2a3385f1.wav,coughvid_data/86bca306-76a3-40aa-b487-b4de2a3385f1.wav,0.0
2eadebc8-c2eb-485a-8547-a40a8bb718d8,coughvid_data/2eadebc8-c2eb-485a-8547-a40a8bb718d8.wav,coughvid_data/2eadebc8-c2eb-485a-8547-a40a8bb718d8.wav,1.0
4cfe71ea-00f2-4595-9903-85dd74968690,coughvid_data/4cfe71ea-00f2-4595-9903-85dd74968690.wav,coughvid_data/4cfe71ea-00f2-4595-9903-85dd74968690.wav,1.0
b02ba8bb-8ea2-4723-9434-002b6d33d720,coughvid_data/b02ba8bb-8ea2-4723-9434-002b6d33d720.wav,coughvid_data/b02ba8bb-8ea2-4723-9434-002b6d33d720.wav,0.0
d46d543a-cae1-43fb-9ee9-4629f7ec1a51,coughvid_data/d46d543a-cae1-43fb-9ee9-4629f7ec1a51.wav,coughvid_data/d46d543a-cae1-43fb-9ee9-4629f7ec1a51.wav,0.0
dda10413-9d10-4725-9996-9c6821c0c900,coughvid_data/dda10413-9d10-4725-9996-9c6821c0c900.wav,coughvid_data/dda10413-9d10-4725-9996-9c6821c0c900.wav,1.0
009bf244-d6a7-4070-8412-21cd506aed62,coughvid_data/009bf244-d6a7-4070-8412-21cd506aed62.wav,coughvid_data/009bf244-d6a7-4070-8412-21cd506aed62.wav,0.0
93ffe91c-de19-49c0-be4e-f1f0a902a6fc,coughvid_data/93ffe91c-de19-49c0-be4e-f1f0a902a6fc.wav,coughvid_data/93ffe91c-de19-49c0-be4e-f1f0a902a6fc.wav,0.0
faa43139-a47c-4ccb-bbb1-85b77bced926,coughvid_data/faa43139-a47c-4ccb-bbb1-85b77bced926.wav,coughvid_data/faa43139-a47c-4ccb-bbb1-85b77bced926.wav,1.0
b55d9a8c-e1a9-496f-86a5-6c007e7c7e2b,coughvid_data/b55d9a8c-e1a9-496f-86a5-6c007e7c7e2b.wav,coughvid_data/b55d9a8c-e1a9-496f-86a5-6c007e7c7e2b.wav,0.0
6254b235-6090-4e1b-96da-9720cc625a51,coughvid_data/6254b235-6090-4e1b-96da-9720cc625a51.wav,coughvid_data/6254b235-6090-4e1b-96da-9720cc625a51.wav,0.0
a478bead-92c1-4ce1-81f7-a3e2a1be9962,coughvid_data/a478bead-92c1-4ce1-81f7-a3e2a1be9962.wav,coughvid_data/a478bead-92c1-4ce1-81f7-a3e2a1be9962.wav,1.0
72013c84-2db5-4090-a2bb-a85339b6d242,coughvid_data/72013c84-2db5-4090-a2bb-a85339b6d242.wav,coughvid_data/72013c84-2db5-4090-a2bb-a85339b6d242.wav,0.0
f867579e-bd48-45f5-8f6a-d1d8f245a05b,coughvid_data/f867579e-bd48-45f5-8f6a-d1d8f245a05b.wav,coughvid_data/f867579e-bd48-45f5-8f6a-d1d8f245a05b.wav,0.0
0cb18590-3107-42dc-b0ca-63b897f15a8b,coughvid_data/0cb18590-3107-42dc-b0ca-63b897f15a8b.wav,coughvid_data/0cb18590-3107-42dc-b0ca-63b897f15a8b.wav,0.0
41c95439-7a27-4f01-8aba-4a0640b4683e,coughvid_data/41c95439-7a27-4f01-8aba-4a0640b4683e.wav,coughvid_data/41c95439-7a27-4f01-8aba-4a0640b4683e.wav,1.0
a37ea024-1537-4190-90e9-d14ff2125808,coughvid_data/a37ea024-1537-4190-90e9-d14ff2125808.wav,coughvid_data/a37ea024-1537-4190-90e9-d14ff2125808.wav,0.0
62713ad7-9e61-4bdf-851d-d24212d35ed5,coughvid_data/62713ad7-9e61-4bdf-851d-d24212d35ed5.wav,coughvid_data/62713ad7-9e61-4bdf-851d-d24212d35ed5.wav,1.0
edda7104-3e6b-4060-a6b5-2450b1208916,coughvid_data/edda7104-3e6b-4060-a6b5-2450b1208916.wav,coughvid_data/edda7104-3e6b-4060-a6b5-2450b1208916.wav,0.0
33027607-354b-4c16-ba5b-5aea054178f7,coughvid_data/33027607-354b-4c16-ba5b-5aea054178f7.wav,coughvid_data/33027607-354b-4c16-ba5b-5aea054178f7.wav,0.0
5723dd74-7fde-431e-a2af-8165fcd0a5a5,coughvid_data/5723dd74-7fde-431e-a2af-8165fcd0a5a5.wav,coughvid_data/5723dd74-7fde-431e-a2af-8165fcd0a5a5.wav,1.0
d40e635e-5567-4896-a6c9-214a29888a15,coughvid_data/d40e635e-5567-4896-a6c9-214a29888a15.wav,coughvid_data/d40e635e-5567-4896-a6c9-214a29888a15.wav,0.0
d265e58a-faa2-4e94-ac77-9b43fc7fb3fb,coughvid_data/d265e58a-faa2-4e94-ac77-9b43fc7fb3fb.wav,coughvid_data/d265e58a-faa2-4e94-ac77-9b43fc7fb3fb.wav,1.0
7b169e0a-9058-44eb-9d17-73dc79c2bcdc,coughvid_data/7b169e0a-9058-44eb-9d17-73dc79c2bcdc.wav,coughvid_data/7b169e0a-9058-44eb-9d17-73dc79c2bcdc.wav,0.0
19d7faa8-6984-4b91-ab5a-203c451584e6,coughvid_data/19d7faa8-6984-4b91-ab5a-203c451584e6.wav,coughvid_data/19d7faa8-6984-4b91-ab5a-203c451584e6.wav,1.0
370a35cf-1abe-4cae-a345-50f8832908cb,coughvid_data/370a35cf-1abe-4cae-a345-50f8832908cb.wav,coughvid_data/370a35cf-1abe-4cae-a345-50f8832908cb.wav,1.0
35923ee9-b71e-4f48-89ea-42fda84541a5,coughvid_data/35923ee9-b71e-4f48-89ea-42fda84541a5.wav,coughvid_data/35923ee9-b71e-4f48-89ea-42fda84541a5.wav,1.0
538eef46-a87e-48bb-8fe0-64361e6dadb6,coughvid_data/538eef46-a87e-48bb-8fe0-64361e6dadb6.wav,coughvid_data/538eef46-a87e-48bb-8fe0-64361e6dadb6.wav,0.0
54cbcfa4-ea98-478f-ad35-084253488dcf,coughvid_data/54cbcfa4-ea98-478f-ad35-084253488dcf.wav,coughvid_data/54cbcfa4-ea98-478f-ad35-084253488dcf.wav,1.0
01424527-9c3b-4b6e-96f1-9eea3150819b,coughvid_data/01424527-9c3b-4b6e-96f1-9eea3150819b.wav,coughvid_data/01424527-9c3b-4b6e-96f1-9eea3150819b.wav,0.0
fe54547d-80c3-4e96-83e0-0f480255e811,coughvid_data/fe54547d-80c3-4e96-83e0-0f480255e811.wav,coughvid_data/fe54547d-80c3-4e96-83e0-0f480255e811.wav,0.0
8cd3924c-58ef-44fa-8080-4fca62aa05f4,coughvid_data/8cd3924c-58ef-44fa-8080-4fca62aa05f4.wav,coughvid_data/8cd3924c-58ef-44fa-8080-4fca62aa05f4.wav,0.0
a3b3cdab-bfc2-4ed2-b76a-f0f0dd4723c0,coughvid_data/a3b3cdab-bfc2-4ed2-b76a-f0f0dd4723c0.wav,coughvid_data/a3b3cdab-bfc2-4ed2-b76a-f0f0dd4723c0.wav,0.0
03b3c127-5487-4340-b3c9-b371facc6ca5,coughvid_data/03b3c127-5487-4340-b3c9-b371facc6ca5.wav,coughvid_data/03b3c127-5487-4340-b3c9-b371facc6ca5.wav,0.0
8fc64273-ec0a-45e6-be9e-9993e31f22d3,coughvid_data/8fc64273-ec0a-45e6-be9e-9993e31f22d3.wav,coughvid_data/8fc64273-ec0a-45e6-be9e-9993e31f22d3.wav,1.0
d1bfc962-d066-4058-8979-bb913c555268,coughvid_data/d1bfc962-d066-4058-8979-bb913c555268.wav,coughvid_data/d1bfc962-d066-4058-8979-bb913c555268.wav,1.0
57b189ea-19cd-466b-a625-ead7d9489b46,coughvid_data/57b189ea-19cd-466b-a625-ead7d9489b46.wav,coughvid_data/57b189ea-19cd-466b-a625-ead7d9489b46.wav,1.0
4c25df27-9e0e-4f56-bfb8-275d09f6a48a,coughvid_data/4c25df27-9e0e-4f56-bfb8-275d09f6a48a.wav,coughvid_data/4c25df27-9e0e-4f56-bfb8-275d09f6a48a.wav,1.0
a2848970-7849-4f73-8ed8-22dfec9eda02,coughvid_data/a2848970-7849-4f73-8ed8-22dfec9eda02.wav,coughvid_data/a2848970-7849-4f73-8ed8-22dfec9eda02.wav,0.0
123be4d7-d27f-4992-b556-6ac7593c7109,coughvid_data/123be4d7-d27f-4992-b556-6ac7593c7109.wav,coughvid_data/123be4d7-d27f-4992-b556-6ac7593c7109.wav,0.0
d0acb836-774b-44fa-bac0-3f7b59d066ce,coughvid_data/d0acb836-774b-44fa-bac0-3f7b59d066ce.wav,coughvid_data/d0acb836-774b-44fa-bac0-3f7b59d066ce.wav,0.0
9cccb186-aa6c-4f90-a635-a7134b5386df,coughvid_data/9cccb186-aa6c-4f90-a635-a7134b5386df.wav,coughvid_data/9cccb186-aa6c-4f90-a635-a7134b5386df.wav,0.0
f235ff3b-2a25-4f9e-afe8-cb966ddba77c,coughvid_data/f235ff3b-2a25-4f9e-afe8-cb966ddba77c.wav,coughvid_data/f235ff3b-2a25-4f9e-afe8-cb966ddba77c.wav,0.0
fca92c09-027a-4be9-8052-1539917fd008,coughvid_data/fca92c09-027a-4be9-8052-1539917fd008.wav,coughvid_data/fca92c09-027a-4be9-8052-1539917fd008.wav,1.0
b53b347e-df9b-470b-bfd2-d70afa44bc8f,coughvid_data/b53b347e-df9b-470b-bfd2-d70afa44bc8f.wav,coughvid_data/b53b347e-df9b-470b-bfd2-d70afa44bc8f.wav,0.0
ee50d7e8-e246-4458-951e-c87a45f39d75,coughvid_data/ee50d7e8-e246-4458-951e-c87a45f39d75.wav,coughvid_data/ee50d7e8-e246-4458-951e-c87a45f39d75.wav,1.0
0d64bfc1-2965-4256-9d23-76766943ff63,coughvid_data/0d64bfc1-2965-4256-9d23-76766943ff63.wav,coughvid_data/0d64bfc1-2965-4256-9d23-76766943ff63.wav,0.0
b90eb776-4583-46f1-8d65-f7b9002478fb,coughvid_data/b90eb776-4583-46f1-8d65-f7b9002478fb.wav,coughvid_data/b90eb776-4583-46f1-8d65-f7b9002478fb.wav,1.0
08be7cfe-da7b-4126-8290-aafe8a608b56,coughvid_data/08be7cfe-da7b-4126-8290-aafe8a608b56.wav,coughvid_data/08be7cfe-da7b-4126-8290-aafe8a608b56.wav,1.0
97b08740-5bf1-4ce2-9aae-0c00ac75535e,coughvid_data/97b08740-5bf1-4ce2-9aae-0c00ac75535e.wav,coughvid_data/97b08740-5bf1-4ce2-9aae-0c00ac75535e.wav,1.0
1aa05e4e-d1bb-41e7-a157-1cc0ba7de462,coughvid_data/1aa05e4e-d1bb-41e7-a157-1cc0ba7de462.wav,coughvid_data/1aa05e4e-d1bb-41e7-a157-1cc0ba7de462.wav,0.0
94f2428f-bc48-4693-9f8a-05d0f2c490ed,coughvid_data/94f2428f-bc48-4693-9f8a-05d0f2c490ed.wav,coughvid_data/94f2428f-bc48-4693-9f8a-05d0f2c490ed.wav,0.0
c36875b3-9706-428a-b89e-73afd12b91c5,coughvid_data/c36875b3-9706-428a-b89e-73afd12b91c5.wav,coughvid_data/c36875b3-9706-428a-b89e-73afd12b91c5.wav,1.0
67309373-9347-414b-abed-31e1bca3f0f2,coughvid_data/67309373-9347-414b-abed-31e1bca3f0f2.wav,coughvid_data/67309373-9347-414b-abed-31e1bca3f0f2.wav,1.0
130d4188-fde6-457c-a562-531c3376b78b,coughvid_data/130d4188-fde6-457c-a562-531c3376b78b.wav,coughvid_data/130d4188-fde6-457c-a562-531c3376b78b.wav,1.0
4e8165b1-5979-4fa7-8746-29a93b8086ab,coughvid_data/4e8165b1-5979-4fa7-8746-29a93b8086ab.wav,coughvid_data/4e8165b1-5979-4fa7-8746-29a93b8086ab.wav,0.0
7e686a69-f8df-4c4d-8b79-b70d2d08aa69,coughvid_data/7e686a69-f8df-4c4d-8b79-b70d2d08aa69.wav,coughvid_data/7e686a69-f8df-4c4d-8b79-b70d2d08aa69.wav,1.0
70c0fcff-fe59-420d-aa36-afa3c5a8c068,coughvid_data/70c0fcff-fe59-420d-aa36-afa3c5a8c068.wav,coughvid_data/70c0fcff-fe59-420d-aa36-afa3c5a8c068.wav,0.0
30fee754-9e9d-4113-ba50-d18e382d3200,coughvid_data/30fee754-9e9d-4113-ba50-d18e382d3200.wav,coughvid_data/30fee754-9e9d-4113-ba50-d18e382d3200.wav,1.0
dcf68d8f-02c2-4f7b-9f63-c4d56b02cdba,coughvid_data/dcf68d8f-02c2-4f7b-9f63-c4d56b02cdba.wav,coughvid_data/dcf68d8f-02c2-4f7b-9f63-c4d56b02cdba.wav,0.0
90c73be9-8e17-4a37-b195-b7f65eb4bfdb,coughvid_data/90c73be9-8e17-4a37-b195-b7f65eb4bfdb.wav,coughvid_data/90c73be9-8e17-4a37-b195-b7f65eb4bfdb.wav,0.0
c66b8483-8310-437c-9e6d-ab3fc0aa5e98,coughvid_data/c66b8483-8310-437c-9e6d-ab3fc0aa5e98.wav,coughvid_data/c66b8483-8310-437c-9e6d-ab3fc0aa5e98.wav,1.0
864e6a64-4e75-419e-9281-35b83efec3f8,coughvid_data/864e6a64-4e75-419e-9281-35b83efec3f8.wav,coughvid_data/864e6a64-4e75-419e-9281-35b83efec3f8.wav,1.0
3f20d0a6-d409-4ed5-a82b-053b40ef646e,coughvid_data/3f20d0a6-d409-4ed5-a82b-053b40ef646e.wav,coughvid_data/3f20d0a6-d409-4ed5-a82b-053b40ef646e.wav,0.0
6ae56493-b148-47b7-9189-31493f1c2e96,coughvid_data/6ae56493-b148-47b7-9189-31493f1c2e96.wav,coughvid_data/6ae56493-b148-47b7-9189-31493f1c2e96.wav,0.0
739b6e52-f1b6-4f0f-8c93-5f108a651691,coughvid_data/739b6e52-f1b6-4f0f-8c93-5f108a651691.wav,coughvid_data/739b6e52-f1b6-4f0f-8c93-5f108a651691.wav,0.0
19384e56-5222-41e5-a5f1-b2baeae83cce,coughvid_data/19384e56-5222-41e5-a5f1-b2baeae83cce.wav,coughvid_data/19384e56-5222-41e5-a5f1-b2baeae83cce.wav,0.0
a32c73a3-42be-4756-909f-c2efce918cc4,coughvid_data/a32c73a3-42be-4756-909f-c2efce918cc4.wav,coughvid_data/a32c73a3-42be-4756-909f-c2efce918cc4.wav,0.0
3fe67a1d-d5a5-4016-b57c-f316cf918e41,coughvid_data/3fe67a1d-d5a5-4016-b57c-f316cf918e41.wav,coughvid_data/3fe67a1d-d5a5-4016-b57c-f316cf918e41.wav,0.0
972d85b2-be7e-4fd9-a690-646bd4b42e41,coughvid_data/972d85b2-be7e-4fd9-a690-646bd4b42e41.wav,coughvid_data/972d85b2-be7e-4fd9-a690-646bd4b42e41.wav,1.0
a239c1fb-3fc5-47c6-92d2-a7e976d6c232,coughvid_data/a239c1fb-3fc5-47c6-92d2-a7e976d6c232.wav,coughvid_data/a239c1fb-3fc5-47c6-92d2-a7e976d6c232.wav,1.0
a1fd1196-9a26-49c8-9136-093e48df4e2e,coughvid_data/a1fd1196-9a26-49c8-9136-093e48df4e2e.wav,coughvid_data/a1fd1196-9a26-49c8-9136-093e48df4e2e.wav,0.0
630f70db-a270-4e89-88a4-55bd2e2c2900,coughvid_data/630f70db-a270-4e89-88a4-55bd2e2c2900.wav,coughvid_data/630f70db-a270-4e89-88a4-55bd2e2c2900.wav,1.0
d7c9dff0-7ebf-440a-81f1-c9c0be22c0fa,coughvid_data/d7c9dff0-7ebf-440a-81f1-c9c0be22c0fa.wav,coughvid_data/d7c9dff0-7ebf-440a-81f1-c9c0be22c0fa.wav,1.0
a9d5d5bb-9532-4880-a01b-4944a06e3989,coughvid_data/a9d5d5bb-9532-4880-a01b-4944a06e3989.wav,coughvid_data/a9d5d5bb-9532-4880-a01b-4944a06e3989.wav,0.0
c385f4cd-a196-4063-9147-67c7d1b3f8c3,coughvid_data/c385f4cd-a196-4063-9147-67c7d1b3f8c3.wav,coughvid_data/c385f4cd-a196-4063-9147-67c7d1b3f8c3.wav,1.0
6edcebb8-7fad-4d4b-bdc9-d5d0bf6a0706,coughvid_data/6edcebb8-7fad-4d4b-bdc9-d5d0bf6a0706.wav,coughvid_data/6edcebb8-7fad-4d4b-bdc9-d5d0bf6a0706.wav,1.0
6335cf6c-c2e4-4663-be98-d40b2ec12ad7,coughvid_data/6335cf6c-c2e4-4663-be98-d40b2ec12ad7.wav,coughvid_data/6335cf6c-c2e4-4663-be98-d40b2ec12ad7.wav,0.0
61519aed-2918-4a6b-8b57-7d90f9dc27b6,coughvid_data/61519aed-2918-4a6b-8b57-7d90f9dc27b6.wav,coughvid_data/61519aed-2918-4a6b-8b57-7d90f9dc27b6.wav,1.0
c9e69ce2-2eca-4239-b085-8770a9578da1,coughvid_data/c9e69ce2-2eca-4239-b085-8770a9578da1.wav,coughvid_data/c9e69ce2-2eca-4239-b085-8770a9578da1.wav,0.0
3a0d8696-8f7b-4ba1-8c2d-38c3a40a0a84,coughvid_data/3a0d8696-8f7b-4ba1-8c2d-38c3a40a0a84.wav,coughvid_data/3a0d8696-8f7b-4ba1-8c2d-38c3a40a0a84.wav,0.0
47679ba8-a9ae-42a3-9fae-d3a70a412ffb,coughvid_data/47679ba8-a9ae-42a3-9fae-d3a70a412ffb.wav,coughvid_data/47679ba8-a9ae-42a3-9fae-d3a70a412ffb.wav,0.0
4ffeaaff-c65d-4c8e-bf45-b4420a1b1f81,coughvid_data/4ffeaaff-c65d-4c8e-bf45-b4420a1b1f81.wav,coughvid_data/4ffeaaff-c65d-4c8e-bf45-b4420a1b1f81.wav,0.0
044625b1-6173-4e9c-b1e4-d75602628f7c,coughvid_data/044625b1-6173-4e9c-b1e4-d75602628f7c.wav,coughvid_data/044625b1-6173-4e9c-b1e4-d75602628f7c.wav,1.0
85dc25cc-1329-478a-8d49-7ef7ec184a7a,coughvid_data/85dc25cc-1329-478a-8d49-7ef7ec184a7a.wav,coughvid_data/85dc25cc-1329-478a-8d49-7ef7ec184a7a.wav,0.0
b922a974-227d-414b-9057-3144b678ea98,coughvid_data/b922a974-227d-414b-9057-3144b678ea98.wav,coughvid_data/b922a974-227d-414b-9057-3144b678ea98.wav,1.0
239862c9-653a-46c7-ba74-2511aab54340,coughvid_data/239862c9-653a-46c7-ba74-2511aab54340.wav,coughvid_data/239862c9-653a-46c7-ba74-2511aab54340.wav,1.0
9f2f3deb-139e-4d0f-a1de-ea2f9b2821ed,coughvid_data/9f2f3deb-139e-4d0f-a1de-ea2f9b2821ed.wav,coughvid_data/9f2f3deb-139e-4d0f-a1de-ea2f9b2821ed.wav,0.0
ac53a7a5-a9d0-4d6d-90d8-fd7d29c8a25c,coughvid_data/ac53a7a5-a9d0-4d6d-90d8-fd7d29c8a25c.wav,coughvid_data/ac53a7a5-a9d0-4d6d-90d8-fd7d29c8a25c.wav,1.0
a22099fe-6fb5-47e8-a00e-37cdec4f9d42,coughvid_data/a22099fe-6fb5-47e8-a00e-37cdec4f9d42.wav,coughvid_data/a22099fe-6fb5-47e8-a00e-37cdec4f9d42.wav,1.0
4fc6701d-8068-4acd-88bb-e625acc7cf9c,coughvid_data/4fc6701d-8068-4acd-88bb-e625acc7cf9c.wav,coughvid_data/4fc6701d-8068-4acd-88bb-e625acc7cf9c.wav,0.0
d6d428e1-3829-41e9-aa09-5f05e5eb058b,coughvid_data/d6d428e1-3829-41e9-aa09-5f05e5eb058b.wav,coughvid_data/d6d428e1-3829-41e9-aa09-5f05e5eb058b.wav,1.0
07ed3a48-a0cb-48d6-a353-2103bc80367f,coughvid_data/07ed3a48-a0cb-48d6-a353-2103bc80367f.wav,coughvid_data/07ed3a48-a0cb-48d6-a353-2103bc80367f.wav,1.0
089100f6-5afb-4992-b85f-6ab7b89f64f0,coughvid_data/089100f6-5afb-4992-b85f-6ab7b89f64f0.wav,coughvid_data/089100f6-5afb-4992-b85f-6ab7b89f64f0.wav,0.0
5fcb2ad5-12cc-43d8-897e-02de9685f934,coughvid_data/5fcb2ad5-12cc-43d8-897e-02de9685f934.wav,coughvid_data/5fcb2ad5-12cc-43d8-897e-02de9685f934.wav,0.0
5fcaf505-e676-4d16-90ae-d97720c610d0,coughvid_data/5fcaf505-e676-4d16-90ae-d97720c610d0.wav,coughvid_data/5fcaf505-e676-4d16-90ae-d97720c610d0.wav,0.0
305898a2-7331-45a4-8080-6fe0947443e9,coughvid_data/305898a2-7331-45a4-8080-6fe0947443e9.wav,coughvid_data/305898a2-7331-45a4-8080-6fe0947443e9.wav,0.0
5acd1962-80ee-48e5-8b0a-79f01f70b2a7,coughvid_data/5acd1962-80ee-48e5-8b0a-79f01f70b2a7.wav,coughvid_data/5acd1962-80ee-48e5-8b0a-79f01f70b2a7.wav,0.0
8f876bce-8403-496e-a0d2-08410b3587b9,coughvid_data/8f876bce-8403-496e-a0d2-08410b3587b9.wav,coughvid_data/8f876bce-8403-496e-a0d2-08410b3587b9.wav,0.0
beb9eff3-e2c7-4f53-981b-0abc09158dec,coughvid_data/beb9eff3-e2c7-4f53-981b-0abc09158dec.wav,coughvid_data/beb9eff3-e2c7-4f53-981b-0abc09158dec.wav,1.0
d59ceac3-7e00-4fb9-b493-ebb7542e41a9,coughvid_data/d59ceac3-7e00-4fb9-b493-ebb7542e41a9.wav,coughvid_data/d59ceac3-7e00-4fb9-b493-ebb7542e41a9.wav,1.0
f6ec2571-03b9-4e6b-889a-b0895f07747d,coughvid_data/f6ec2571-03b9-4e6b-889a-b0895f07747d.wav,coughvid_data/f6ec2571-03b9-4e6b-889a-b0895f07747d.wav,1.0
e3d754fe-0048-4efb-ba18-7f702867f5e1,coughvid_data/e3d754fe-0048-4efb-ba18-7f702867f5e1.wav,coughvid_data/e3d754fe-0048-4efb-ba18-7f702867f5e1.wav,0.0
198c72d8-f3c4-4132-8f6f-6f30b94050ed,coughvid_data/198c72d8-f3c4-4132-8f6f-6f30b94050ed.wav,coughvid_data/198c72d8-f3c4-4132-8f6f-6f30b94050ed.wav,0.0
508bb30e-51a6-46e6-88cd-cb8973fcb8af,coughvid_data/508bb30e-51a6-46e6-88cd-cb8973fcb8af.wav,coughvid_data/508bb30e-51a6-46e6-88cd-cb8973fcb8af.wav,1.0
1fe5ed27-20fa-44aa-8c08-5c59387fdd21,coughvid_data/1fe5ed27-20fa-44aa-8c08-5c59387fdd21.wav,coughvid_data/1fe5ed27-20fa-44aa-8c08-5c59387fdd21.wav,0.0
19654d11-2cef-46ec-8007-4a4c7bea60af,coughvid_data/19654d11-2cef-46ec-8007-4a4c7bea60af.wav,coughvid_data/19654d11-2cef-46ec-8007-4a4c7bea60af.wav,1.0
1e2a678d-aa4b-4c24-9717-02ef8522aba6,coughvid_data/1e2a678d-aa4b-4c24-9717-02ef8522aba6.wav,coughvid_data/1e2a678d-aa4b-4c24-9717-02ef8522aba6.wav,1.0
860dcf39-692b-4154-8219-13569dd894b3,coughvid_data/860dcf39-692b-4154-8219-13569dd894b3.wav,coughvid_data/860dcf39-692b-4154-8219-13569dd894b3.wav,1.0
dde2b0cb-05b6-45cb-aa72-8f018ed2e789,coughvid_data/dde2b0cb-05b6-45cb-aa72-8f018ed2e789.wav,coughvid_data/dde2b0cb-05b6-45cb-aa72-8f018ed2e789.wav,0.0
f920945a-b459-4f8b-94bb-f0ceb730e1f6,coughvid_data/f920945a-b459-4f8b-94bb-f0ceb730e1f6.wav,coughvid_data/f920945a-b459-4f8b-94bb-f0ceb730e1f6.wav,1.0
f5293f37-7e09-47a9-87da-04ba41b1c5a4,coughvid_data/f5293f37-7e09-47a9-87da-04ba41b1c5a4.wav,coughvid_data/f5293f37-7e09-47a9-87da-04ba41b1c5a4.wav,0.0
b2e87ed2-cee0-4d1d-b3cf-af5bb92b42e7,coughvid_data/b2e87ed2-cee0-4d1d-b3cf-af5bb92b42e7.wav,coughvid_data/b2e87ed2-cee0-4d1d-b3cf-af5bb92b42e7.wav,0.0
01820f7c-b953-4faf-aa13-978cfda6b08e,coughvid_data/01820f7c-b953-4faf-aa13-978cfda6b08e.wav,coughvid_data/01820f7c-b953-4faf-aa13-978cfda6b08e.wav,1.0
06be6999-caeb-41b7-ae84-83064cdf8575,coughvid_data/06be6999-caeb-41b7-ae84-83064cdf8575.wav,coughvid_data/06be6999-caeb-41b7-ae84-83064cdf8575.wav,0.0
f0ad69f4-eb20-4b94-b264-36db1fbf552b,coughvid_data/f0ad69f4-eb20-4b94-b264-36db1fbf552b.wav,coughvid_data/f0ad69f4-eb20-4b94-b264-36db1fbf552b.wav,1.0
d9419d6c-f19f-40c7-a24f-20ec50bc6e2b,coughvid_data/d9419d6c-f19f-40c7-a24f-20ec50bc6e2b.wav,coughvid_data/d9419d6c-f19f-40c7-a24f-20ec50bc6e2b.wav,1.0
d32b210c-f7c4-4789-9baa-d77fdbd4f14e,coughvid_data/d32b210c-f7c4-4789-9baa-d77fdbd4f14e.wav,coughvid_data/d32b210c-f7c4-4789-9baa-d77fdbd4f14e.wav,0.0
6c9a5f33-9e90-4c08-8782-20b0d86abc46,coughvid_data/6c9a5f33-9e90-4c08-8782-20b0d86abc46.wav,coughvid_data/6c9a5f33-9e90-4c08-8782-20b0d86abc46.wav,1.0
3e7f1e64-2e14-4731-8826-fa2c83efde0e,coughvid_data/3e7f1e64-2e14-4731-8826-fa2c83efde0e.wav,coughvid_data/3e7f1e64-2e14-4731-8826-fa2c83efde0e.wav,0.0
d6d3f9f2-11c7-4aa0-9d0d-5e93f3f215be,coughvid_data/d6d3f9f2-11c7-4aa0-9d0d-5e93f3f215be.wav,coughvid_data/d6d3f9f2-11c7-4aa0-9d0d-5e93f3f215be.wav,0.0
ebfdaff0-e851-4c5e-abec-e9f2ae1785a7,coughvid_data/ebfdaff0-e851-4c5e-abec-e9f2ae1785a7.wav,coughvid_data/ebfdaff0-e851-4c5e-abec-e9f2ae1785a7.wav,0.0
bcaf041b-32c6-4c56-b9a3-1d76d1afc99f,coughvid_data/bcaf041b-32c6-4c56-b9a3-1d76d1afc99f.wav,coughvid_data/bcaf041b-32c6-4c56-b9a3-1d76d1afc99f.wav,0.0
18736769-dad3-4fa6-88d5-6e8dfc951008,coughvid_data/18736769-dad3-4fa6-88d5-6e8dfc951008.wav,coughvid_data/18736769-dad3-4fa6-88d5-6e8dfc951008.wav,1.0
923e4286-9b53-4ea7-84da-42b2cf229661,coughvid_data/923e4286-9b53-4ea7-84da-42b2cf229661.wav,coughvid_data/923e4286-9b53-4ea7-84da-42b2cf229661.wav,0.0
5b6119a8-6ffb-4480-b411-021bf5818222,coughvid_data/5b6119a8-6ffb-4480-b411-021bf5818222.wav,coughvid_data/5b6119a8-6ffb-4480-b411-021bf5818222.wav,0.0
3503a362-f99a-439f-8b19-2e64956b9c8c,coughvid_data/3503a362-f99a-439f-8b19-2e64956b9c8c.wav,coughvid_data/3503a362-f99a-439f-8b19-2e64956b9c8c.wav,0.0
ae7d06f1-2f0e-4fee-a080-76084ab5bb86,coughvid_data/ae7d06f1-2f0e-4fee-a080-76084ab5bb86.wav,coughvid_data/ae7d06f1-2f0e-4fee-a080-76084ab5bb86.wav,1.0
37973b58-b7bf-48f3-8c3c-8e023331ce88,coughvid_data/37973b58-b7bf-48f3-8c3c-8e023331ce88.wav,coughvid_data/37973b58-b7bf-48f3-8c3c-8e023331ce88.wav,1.0
126c8949-06ca-4636-a8c7-c8f98eeb81fc,coughvid_data/126c8949-06ca-4636-a8c7-c8f98eeb81fc.wav,coughvid_data/126c8949-06ca-4636-a8c7-c8f98eeb81fc.wav,1.0
e76d4b02-9aee-4c9a-aabb-f07adf1213b7,coughvid_data/e76d4b02-9aee-4c9a-aabb-f07adf1213b7.wav,coughvid_data/e76d4b02-9aee-4c9a-aabb-f07adf1213b7.wav,1.0
724b117c-99a8-43e3-af4a-5c542b90f195,coughvid_data/724b117c-99a8-43e3-af4a-5c542b90f195.wav,coughvid_data/724b117c-99a8-43e3-af4a-5c542b90f195.wav,0.0
8f8279cb-19c7-4590-885d-110b04259311,coughvid_data/8f8279cb-19c7-4590-885d-110b04259311.wav,coughvid_data/8f8279cb-19c7-4590-885d-110b04259311.wav,1.0
626014ed-ae7a-4981-b9e5-36ad82c2ad2d,coughvid_data/626014ed-ae7a-4981-b9e5-36ad82c2ad2d.wav,coughvid_data/626014ed-ae7a-4981-b9e5-36ad82c2ad2d.wav,1.0
fc1701d9-e457-418e-8277-d2fbe1051abe,coughvid_data/fc1701d9-e457-418e-8277-d2fbe1051abe.wav,coughvid_data/fc1701d9-e457-418e-8277-d2fbe1051abe.wav,0.0
b51b3a95-b162-4a68-883b-3dfcc160343a,coughvid_data/b51b3a95-b162-4a68-883b-3dfcc160343a.wav,coughvid_data/b51b3a95-b162-4a68-883b-3dfcc160343a.wav,0.0
68ce6385-d861-42f4-bb68-8f4ba99c10f6,coughvid_data/68ce6385-d861-42f4-bb68-8f4ba99c10f6.wav,coughvid_data/68ce6385-d861-42f4-bb68-8f4ba99c10f6.wav,1.0
94f7ed15-cea4-40be-a9b1-4752811e1e5e,coughvid_data/94f7ed15-cea4-40be-a9b1-4752811e1e5e.wav,coughvid_data/94f7ed15-cea4-40be-a9b1-4752811e1e5e.wav,1.0
bba496f8-473f-4e52-a42e-cbcffd77a4f2,coughvid_data/bba496f8-473f-4e52-a42e-cbcffd77a4f2.wav,coughvid_data/bba496f8-473f-4e52-a42e-cbcffd77a4f2.wav,1.0
2c5570f5-449c-40dc-a0f4-5f85960b90d9,coughvid_data/2c5570f5-449c-40dc-a0f4-5f85960b90d9.wav,coughvid_data/2c5570f5-449c-40dc-a0f4-5f85960b90d9.wav,1.0
005bca13-18d1-4514-a086-cc8c3fafeeb2,coughvid_data/005bca13-18d1-4514-a086-cc8c3fafeeb2.wav,coughvid_data/005bca13-18d1-4514-a086-cc8c3fafeeb2.wav,1.0
15f9e47b-93e6-4bef-bb1b-75c9341c0e8c,coughvid_data/15f9e47b-93e6-4bef-bb1b-75c9341c0e8c.wav,coughvid_data/15f9e47b-93e6-4bef-bb1b-75c9341c0e8c.wav,1.0
c5a17f64-5195-463f-bd20-6c22efb88be9,coughvid_data/c5a17f64-5195-463f-bd20-6c22efb88be9.wav,coughvid_data/c5a17f64-5195-463f-bd20-6c22efb88be9.wav,1.0
fd61030c-8eb0-4b59-bc71-45f25ca9a93c,coughvid_data/fd61030c-8eb0-4b59-bc71-45f25ca9a93c.wav,coughvid_data/fd61030c-8eb0-4b59-bc71-45f25ca9a93c.wav,1.0
d9c6781d-fca5-41ab-b5a0-4658ea36ba59,coughvid_data/d9c6781d-fca5-41ab-b5a0-4658ea36ba59.wav,coughvid_data/d9c6781d-fca5-41ab-b5a0-4658ea36ba59.wav,0.0
1e929edc-77da-44b3-a766-326be8bd3efa,coughvid_data/1e929edc-77da-44b3-a766-326be8bd3efa.wav,coughvid_data/1e929edc-77da-44b3-a766-326be8bd3efa.wav,1.0
eeaf0a7c-60f3-4e8e-a0e1-770125e54567,coughvid_data/eeaf0a7c-60f3-4e8e-a0e1-770125e54567.wav,coughvid_data/eeaf0a7c-60f3-4e8e-a0e1-770125e54567.wav,0.0
570acf17-56d0-423e-869f-38cc0360d5e7,coughvid_data/570acf17-56d0-423e-869f-38cc0360d5e7.wav,coughvid_data/570acf17-56d0-423e-869f-38cc0360d5e7.wav,1.0
bf91b1aa-74df-4f16-8935-3b55e1d6d913,coughvid_data/bf91b1aa-74df-4f16-8935-3b55e1d6d913.wav,coughvid_data/bf91b1aa-74df-4f16-8935-3b55e1d6d913.wav,0.0
5929506a-3fe9-4437-81b3-59e7661c1990,coughvid_data/5929506a-3fe9-4437-81b3-59e7661c1990.wav,coughvid_data/5929506a-3fe9-4437-81b3-59e7661c1990.wav,0.0
aa40c5aa-eb30-418b-ad71-cb0701f5a5f4,coughvid_data/aa40c5aa-eb30-418b-ad71-cb0701f5a5f4.wav,coughvid_data/aa40c5aa-eb30-418b-ad71-cb0701f5a5f4.wav,0.0
f4d562e6-1bf5-4016-9c6d-86c7b84fd11f,coughvid_data/f4d562e6-1bf5-4016-9c6d-86c7b84fd11f.wav,coughvid_data/f4d562e6-1bf5-4016-9c6d-86c7b84fd11f.wav,1.0
9d3a706f-7d29-4737-96cf-1fdb08ea778b,coughvid_data/9d3a706f-7d29-4737-96cf-1fdb08ea778b.wav,coughvid_data/9d3a706f-7d29-4737-96cf-1fdb08ea778b.wav,1.0
5d927f06-23d6-4fd3-aa9c-53c6cb185ad8,coughvid_data/5d927f06-23d6-4fd3-aa9c-53c6cb185ad8.wav,coughvid_data/5d927f06-23d6-4fd3-aa9c-53c6cb185ad8.wav,0.0
1fb47adc-d640-4c2b-a6f2-7e1078caad81,coughvid_data/1fb47adc-d640-4c2b-a6f2-7e1078caad81.wav,coughvid_data/1fb47adc-d640-4c2b-a6f2-7e1078caad81.wav,1.0
92827b7e-751d-49bb-b928-27875fe09525,coughvid_data/92827b7e-751d-49bb-b928-27875fe09525.wav,coughvid_data/92827b7e-751d-49bb-b928-27875fe09525.wav,1.0
7e44d32d-897f-48e3-8b5b-e1997de83a6a,coughvid_data/7e44d32d-897f-48e3-8b5b-e1997de83a6a.wav,coughvid_data/7e44d32d-897f-48e3-8b5b-e1997de83a6a.wav,1.0
d851526b-8d3f-4d9b-b595-8de2dd18a824,coughvid_data/d851526b-8d3f-4d9b-b595-8de2dd18a824.wav,coughvid_data/d851526b-8d3f-4d9b-b595-8de2dd18a824.wav,0.0
0567082b-6e02-4f22-931f-18fc256667ce,coughvid_data/0567082b-6e02-4f22-931f-18fc256667ce.wav,coughvid_data/0567082b-6e02-4f22-931f-18fc256667ce.wav,1.0
144b04ae-6c59-4b80-b024-3a16b6407c06,coughvid_data/144b04ae-6c59-4b80-b024-3a16b6407c06.wav,coughvid_data/144b04ae-6c59-4b80-b024-3a16b6407c06.wav,1.0
1f6ad366-e53e-43f9-aa25-e1d4343a6daf,coughvid_data/1f6ad366-e53e-43f9-aa25-e1d4343a6daf.wav,coughvid_data/1f6ad366-e53e-43f9-aa25-e1d4343a6daf.wav,1.0
d964e9df-eafd-49ba-b72a-374411f73096,coughvid_data/d964e9df-eafd-49ba-b72a-374411f73096.wav,coughvid_data/d964e9df-eafd-49ba-b72a-374411f73096.wav,1.0
90c2baaa-2711-4490-9702-0417f69e9e92,coughvid_data/90c2baaa-2711-4490-9702-0417f69e9e92.wav,coughvid_data/90c2baaa-2711-4490-9702-0417f69e9e92.wav,0.0
bb638b95-6c18-4c5c-86ca-08c6d3781757,coughvid_data/bb638b95-6c18-4c5c-86ca-08c6d3781757.wav,coughvid_data/bb638b95-6c18-4c5c-86ca-08c6d3781757.wav,0.0
4656f1d8-e213-4ad7-b2a9-bec1210fdcf3,coughvid_data/4656f1d8-e213-4ad7-b2a9-bec1210fdcf3.wav,coughvid_data/4656f1d8-e213-4ad7-b2a9-bec1210fdcf3.wav,0.0
bfc19721-9966-491f-86fa-4398b1c59fdf,coughvid_data/bfc19721-9966-491f-86fa-4398b1c59fdf.wav,coughvid_data/bfc19721-9966-491f-86fa-4398b1c59fdf.wav,1.0
65946718-82b9-4ae8-80eb-90b091a10415,coughvid_data/65946718-82b9-4ae8-80eb-90b091a10415.wav,coughvid_data/65946718-82b9-4ae8-80eb-90b091a10415.wav,0.0
ab052260-59fd-47bb-8b7e-462ced0ec00e,coughvid_data/ab052260-59fd-47bb-8b7e-462ced0ec00e.wav,coughvid_data/ab052260-59fd-47bb-8b7e-462ced0ec00e.wav,0.0
0cd6b372-fe2e-4b78-887c-ada088c95c83,coughvid_data/0cd6b372-fe2e-4b78-887c-ada088c95c83.wav,coughvid_data/0cd6b372-fe2e-4b78-887c-ada088c95c83.wav,0.0
39394f37-856c-4bef-b894-06bcaa9ea965,coughvid_data/39394f37-856c-4bef-b894-06bcaa9ea965.wav,coughvid_data/39394f37-856c-4bef-b894-06bcaa9ea965.wav,0.0
32af5bfc-d3fb-4ba6-be13-d53039cb867b,coughvid_data/32af5bfc-d3fb-4ba6-be13-d53039cb867b.wav,coughvid_data/32af5bfc-d3fb-4ba6-be13-d53039cb867b.wav,1.0
79dcfea0-ce2a-41e9-8000-20064a63cddc,coughvid_data/79dcfea0-ce2a-41e9-8000-20064a63cddc.wav,coughvid_data/79dcfea0-ce2a-41e9-8000-20064a63cddc.wav,1.0
7e77ffde-7232-4e65-ac5c-4c6b763df4a1,coughvid_data/7e77ffde-7232-4e65-ac5c-4c6b763df4a1.wav,coughvid_data/7e77ffde-7232-4e65-ac5c-4c6b763df4a1.wav,0.0
4bc00277-2024-48cd-bce4-6203766f0a94,coughvid_data/4bc00277-2024-48cd-bce4-6203766f0a94.wav,coughvid_data/4bc00277-2024-48cd-bce4-6203766f0a94.wav,1.0
ba1ce016-b24d-434a-99b6-b93117d93083,coughvid_data/ba1ce016-b24d-434a-99b6-b93117d93083.wav,coughvid_data/ba1ce016-b24d-434a-99b6-b93117d93083.wav,1.0
f21a5a80-7dd5-42a9-8845-23db0f25acb5,coughvid_data/f21a5a80-7dd5-42a9-8845-23db0f25acb5.wav,coughvid_data/f21a5a80-7dd5-42a9-8845-23db0f25acb5.wav,1.0
d158afd2-d3ca-4290-92fc-d50e00de1864,coughvid_data/d158afd2-d3ca-4290-92fc-d50e00de1864.wav,coughvid_data/d158afd2-d3ca-4290-92fc-d50e00de1864.wav,1.0
21c16c1c-46fc-4b80-b941-65d7c6e87555,coughvid_data/21c16c1c-46fc-4b80-b941-65d7c6e87555.wav,coughvid_data/21c16c1c-46fc-4b80-b941-65d7c6e87555.wav,1.0
9ce2dcba-6ecd-454f-8e57-2b15dc024cf4,coughvid_data/9ce2dcba-6ecd-454f-8e57-2b15dc024cf4.wav,coughvid_data/9ce2dcba-6ecd-454f-8e57-2b15dc024cf4.wav,0.0
86344a09-2efc-4b98-b525-804b4c31b9ff,coughvid_data/86344a09-2efc-4b98-b525-804b4c31b9ff.wav,coughvid_data/86344a09-2efc-4b98-b525-804b4c31b9ff.wav,0.0
f96f0c77-239e-4944-875a-4820ff54adc5,coughvid_data/f96f0c77-239e-4944-875a-4820ff54adc5.wav,coughvid_data/f96f0c77-239e-4944-875a-4820ff54adc5.wav,1.0
9e5e00ee-c1dd-470a-852d-64e3b87ec769,coughvid_data/9e5e00ee-c1dd-470a-852d-64e3b87ec769.wav,coughvid_data/9e5e00ee-c1dd-470a-852d-64e3b87ec769.wav,0.0
2e42c1ee-87cb-4239-bd6b-e824d9931a2d,coughvid_data/2e42c1ee-87cb-4239-bd6b-e824d9931a2d.wav,coughvid_data/2e42c1ee-87cb-4239-bd6b-e824d9931a2d.wav,0.0
d8996737-54bb-4c71-a1a0-1f4ce18dd75a,coughvid_data/d8996737-54bb-4c71-a1a0-1f4ce18dd75a.wav,coughvid_data/d8996737-54bb-4c71-a1a0-1f4ce18dd75a.wav,0.0
cf633584-8374-49a7-be22-e002d3625930,coughvid_data/cf633584-8374-49a7-be22-e002d3625930.wav,coughvid_data/cf633584-8374-49a7-be22-e002d3625930.wav,1.0
8b05b6c4-1067-4640-852a-344b2e9fd07f,coughvid_data/8b05b6c4-1067-4640-852a-344b2e9fd07f.wav,coughvid_data/8b05b6c4-1067-4640-852a-344b2e9fd07f.wav,1.0
df208705-8829-4774-9cdc-3f838b543bbe,coughvid_data/df208705-8829-4774-9cdc-3f838b543bbe.wav,coughvid_data/df208705-8829-4774-9cdc-3f838b543bbe.wav,0.0
d053589b-5b35-4752-80bb-03171eb772c1,coughvid_data/d053589b-5b35-4752-80bb-03171eb772c1.wav,coughvid_data/d053589b-5b35-4752-80bb-03171eb772c1.wav,0.0
0db7625d-01c1-4b73-9879-c5609838c746,coughvid_data/0db7625d-01c1-4b73-9879-c5609838c746.wav,coughvid_data/0db7625d-01c1-4b73-9879-c5609838c746.wav,1.0
3f582004-aa52-4a2b-bba8-cb76352ddf44,coughvid_data/3f582004-aa52-4a2b-bba8-cb76352ddf44.wav,coughvid_data/3f582004-aa52-4a2b-bba8-cb76352ddf44.wav,1.0
7a4d0683-9e5c-47d1-bace-62ad7bd16b45,coughvid_data/7a4d0683-9e5c-47d1-bace-62ad7bd16b45.wav,coughvid_data/7a4d0683-9e5c-47d1-bace-62ad7bd16b45.wav,0.0
f87a5914-69bb-40cd-84eb-d546a5a6a54c,coughvid_data/f87a5914-69bb-40cd-84eb-d546a5a6a54c.wav,coughvid_data/f87a5914-69bb-40cd-84eb-d546a5a6a54c.wav,1.0
4efe63d6-2447-4bab-a6df-8f95ffaf4a7f,coughvid_data/4efe63d6-2447-4bab-a6df-8f95ffaf4a7f.wav,coughvid_data/4efe63d6-2447-4bab-a6df-8f95ffaf4a7f.wav,0.0
e640876b-429a-41f3-9b86-e51039660c66,coughvid_data/e640876b-429a-41f3-9b86-e51039660c66.wav,coughvid_data/e640876b-429a-41f3-9b86-e51039660c66.wav,1.0
0832d6e0-979d-4ecb-a367-26417cf3ad86,coughvid_data/0832d6e0-979d-4ecb-a367-26417cf3ad86.wav,coughvid_data/0832d6e0-979d-4ecb-a367-26417cf3ad86.wav,1.0
13573d82-bac2-4fe6-99c2-01c5a59d4c4f,coughvid_data/13573d82-bac2-4fe6-99c2-01c5a59d4c4f.wav,coughvid_data/13573d82-bac2-4fe6-99c2-01c5a59d4c4f.wav,0.0
8fea1c19-fa10-4970-b9ca-a6fcb9563dac,coughvid_data/8fea1c19-fa10-4970-b9ca-a6fcb9563dac.wav,coughvid_data/8fea1c19-fa10-4970-b9ca-a6fcb9563dac.wav,1.0
c9cd6959-0d31-4c22-a0d4-46efef8547d8,coughvid_data/c9cd6959-0d31-4c22-a0d4-46efef8547d8.wav,coughvid_data/c9cd6959-0d31-4c22-a0d4-46efef8547d8.wav,1.0
77ff6719-c466-44f9-8dd0-b0d788868281,coughvid_data/77ff6719-c466-44f9-8dd0-b0d788868281.wav,coughvid_data/77ff6719-c466-44f9-8dd0-b0d788868281.wav,1.0
bcbd4916-214e-4bdd-9022-ed1c99eea8fc,coughvid_data/bcbd4916-214e-4bdd-9022-ed1c99eea8fc.wav,coughvid_data/bcbd4916-214e-4bdd-9022-ed1c99eea8fc.wav,0.0
376507b8-5867-45ea-9cbb-449751bf0d28,coughvid_data/376507b8-5867-45ea-9cbb-449751bf0d28.wav,coughvid_data/376507b8-5867-45ea-9cbb-449751bf0d28.wav,0.0
6b419aca-5176-4d73-9ec1-07d0f1cf95ea,coughvid_data/6b419aca-5176-4d73-9ec1-07d0f1cf95ea.wav,coughvid_data/6b419aca-5176-4d73-9ec1-07d0f1cf95ea.wav,1.0
a3f31376-908c-4c86-bba2-e98e743af86a,coughvid_data/a3f31376-908c-4c86-bba2-e98e743af86a.wav,coughvid_data/a3f31376-908c-4c86-bba2-e98e743af86a.wav,1.0
2ad03de8-76e5-41c4-a354-7ade4a5d8014,coughvid_data/2ad03de8-76e5-41c4-a354-7ade4a5d8014.wav,coughvid_data/2ad03de8-76e5-41c4-a354-7ade4a5d8014.wav,0.0
5a26af7f-e7b9-4de5-a9b9-c7da1e45d6ae,coughvid_data/5a26af7f-e7b9-4de5-a9b9-c7da1e45d6ae.wav,coughvid_data/5a26af7f-e7b9-4de5-a9b9-c7da1e45d6ae.wav,0.0
87bdaf4c-d5db-4c92-a606-7c0b0eacb8c0,coughvid_data/87bdaf4c-d5db-4c92-a606-7c0b0eacb8c0.wav,coughvid_data/87bdaf4c-d5db-4c92-a606-7c0b0eacb8c0.wav,1.0
29b2a4b6-5fae-4351-afdc-bcb552f7c5c8,coughvid_data/29b2a4b6-5fae-4351-afdc-bcb552f7c5c8.wav,coughvid_data/29b2a4b6-5fae-4351-afdc-bcb552f7c5c8.wav,1.0
1e304501-954a-413c-b535-790820d775f1,coughvid_data/1e304501-954a-413c-b535-790820d775f1.wav,coughvid_data/1e304501-954a-413c-b535-790820d775f1.wav,0.0
02b46db8-0a5e-41ea-9274-885e4fcca0b4,coughvid_data/02b46db8-0a5e-41ea-9274-885e4fcca0b4.wav,coughvid_data/02b46db8-0a5e-41ea-9274-885e4fcca0b4.wav,1.0
08973187-8cf7-4a38-bfa1-4fb715e8a1d2,coughvid_data/08973187-8cf7-4a38-bfa1-4fb715e8a1d2.wav,coughvid_data/08973187-8cf7-4a38-bfa1-4fb715e8a1d2.wav,1.0
f7cc49b8-010e-46e5-aa8f-c9af9c982f4c,coughvid_data/f7cc49b8-010e-46e5-aa8f-c9af9c982f4c.wav,coughvid_data/f7cc49b8-010e-46e5-aa8f-c9af9c982f4c.wav,0.0
5a160065-1991-4aa3-8c8a-9938dd02fb20,coughvid_data/5a160065-1991-4aa3-8c8a-9938dd02fb20.wav,coughvid_data/5a160065-1991-4aa3-8c8a-9938dd02fb20.wav,0.0
f9f812f9-f076-4f39-9cd7-b2a18a5da82f,coughvid_data/f9f812f9-f076-4f39-9cd7-b2a18a5da82f.wav,coughvid_data/f9f812f9-f076-4f39-9cd7-b2a18a5da82f.wav,1.0
1d1dd53c-0b98-4ebd-a34b-e168bff6b7da,coughvid_data/1d1dd53c-0b98-4ebd-a34b-e168bff6b7da.wav,coughvid_data/1d1dd53c-0b98-4ebd-a34b-e168bff6b7da.wav,1.0
3b8e6988-cee6-4836-8c59-7ea1258b99b5,coughvid_data/3b8e6988-cee6-4836-8c59-7ea1258b99b5.wav,coughvid_data/3b8e6988-cee6-4836-8c59-7ea1258b99b5.wav,1.0
21cf3a6c-271d-44f8-92b2-c0d88eb72f51,coughvid_data/21cf3a6c-271d-44f8-92b2-c0d88eb72f51.wav,coughvid_data/21cf3a6c-271d-44f8-92b2-c0d88eb72f51.wav,0.0
04cbcf6f-5f10-446a-8611-f7ce58ad352c,coughvid_data/04cbcf6f-5f10-446a-8611-f7ce58ad352c.wav,coughvid_data/04cbcf6f-5f10-446a-8611-f7ce58ad352c.wav,0.0
37b57f98-2520-4b62-9cd7-ef6f0b389963,coughvid_data/37b57f98-2520-4b62-9cd7-ef6f0b389963.wav,coughvid_data/37b57f98-2520-4b62-9cd7-ef6f0b389963.wav,0.0
a75adc66-7f70-4f0f-91f7-7a2a2eac61e9,coughvid_data/a75adc66-7f70-4f0f-91f7-7a2a2eac61e9.wav,coughvid_data/a75adc66-7f70-4f0f-91f7-7a2a2eac61e9.wav,1.0
4bc5287f-92ae-400e-93b2-037163281e89,coughvid_data/4bc5287f-92ae-400e-93b2-037163281e89.wav,coughvid_data/4bc5287f-92ae-400e-93b2-037163281e89.wav,1.0
a2a3d39c-c23d-4b6a-a485-8fc8f44bdb50,coughvid_data/a2a3d39c-c23d-4b6a-a485-8fc8f44bdb50.wav,coughvid_data/a2a3d39c-c23d-4b6a-a485-8fc8f44bdb50.wav,0.0
532304ac-a96c-4c4e-91f3-b9d7480c196f,coughvid_data/532304ac-a96c-4c4e-91f3-b9d7480c196f.wav,coughvid_data/532304ac-a96c-4c4e-91f3-b9d7480c196f.wav,1.0
f4562a08-6124-4bca-8a0d-0bce0d0877a5,coughvid_data/f4562a08-6124-4bca-8a0d-0bce0d0877a5.wav,coughvid_data/f4562a08-6124-4bca-8a0d-0bce0d0877a5.wav,1.0
269a2293-1f60-4b58-9863-55ae174ff95d,coughvid_data/269a2293-1f60-4b58-9863-55ae174ff95d.wav,coughvid_data/269a2293-1f60-4b58-9863-55ae174ff95d.wav,1.0
93ef7e54-97d2-4866-9ad3-e1bcfd61158e,coughvid_data/93ef7e54-97d2-4866-9ad3-e1bcfd61158e.wav,coughvid_data/93ef7e54-97d2-4866-9ad3-e1bcfd61158e.wav,1.0
532aa8a7-754c-49a3-89de-6694a205b00f,coughvid_data/532aa8a7-754c-49a3-89de-6694a205b00f.wav,coughvid_data/532aa8a7-754c-49a3-89de-6694a205b00f.wav,0.0
2e4ca5b9-2e1f-4e81-b830-c75ae040dfb4,coughvid_data/2e4ca5b9-2e1f-4e81-b830-c75ae040dfb4.wav,coughvid_data/2e4ca5b9-2e1f-4e81-b830-c75ae040dfb4.wav,1.0
cb38c724-2546-4c28-a88b-f28b883fb184,coughvid_data/cb38c724-2546-4c28-a88b-f28b883fb184.wav,coughvid_data/cb38c724-2546-4c28-a88b-f28b883fb184.wav,1.0
8344f4cb-36ec-4429-9f74-7bc006d32077,coughvid_data/8344f4cb-36ec-4429-9f74-7bc006d32077.wav,coughvid_data/8344f4cb-36ec-4429-9f74-7bc006d32077.wav,0.0
7724309e-8cf4-4170-8e12-2a18f1106d64,coughvid_data/7724309e-8cf4-4170-8e12-2a18f1106d64.wav,coughvid_data/7724309e-8cf4-4170-8e12-2a18f1106d64.wav,0.0
d1260300-bc0f-4917-9dde-be6b539bb2f3,coughvid_data/d1260300-bc0f-4917-9dde-be6b539bb2f3.wav,coughvid_data/d1260300-bc0f-4917-9dde-be6b539bb2f3.wav,0.0
634687e4-02e1-4599-a1a6-d74c0618bb1e,coughvid_data/634687e4-02e1-4599-a1a6-d74c0618bb1e.wav,coughvid_data/634687e4-02e1-4599-a1a6-d74c0618bb1e.wav,0.0
79df4fde-cabf-41d3-98e2-b02597b4a00d,coughvid_data/79df4fde-cabf-41d3-98e2-b02597b4a00d.wav,coughvid_data/79df4fde-cabf-41d3-98e2-b02597b4a00d.wav,0.0
8f11bc64-ced3-4907-9ad3-6471d85cb25e,coughvid_data/8f11bc64-ced3-4907-9ad3-6471d85cb25e.wav,coughvid_data/8f11bc64-ced3-4907-9ad3-6471d85cb25e.wav,1.0
75d63d0a-4590-4f2e-8fae-d0a42651050a,coughvid_data/75d63d0a-4590-4f2e-8fae-d0a42651050a.wav,coughvid_data/75d63d0a-4590-4f2e-8fae-d0a42651050a.wav,0.0
8709b771-1ec7-4c54-b362-b69fd680ee9d,coughvid_data/8709b771-1ec7-4c54-b362-b69fd680ee9d.wav,coughvid_data/8709b771-1ec7-4c54-b362-b69fd680ee9d.wav,0.0
7e3ef39f-52c3-461f-910d-c413fa4d68a6,coughvid_data/7e3ef39f-52c3-461f-910d-c413fa4d68a6.wav,coughvid_data/7e3ef39f-52c3-461f-910d-c413fa4d68a6.wav,1.0
b21bf67d-3729-4bd9-bfa2-6ec475128975,coughvid_data/b21bf67d-3729-4bd9-bfa2-6ec475128975.wav,coughvid_data/b21bf67d-3729-4bd9-bfa2-6ec475128975.wav,1.0
c8ec3493-60c3-4751-a913-86f42921b6bb,coughvid_data/c8ec3493-60c3-4751-a913-86f42921b6bb.wav,coughvid_data/c8ec3493-60c3-4751-a913-86f42921b6bb.wav,0.0
8ea77200-3907-4cfb-aabb-ddf42b0c51c8,coughvid_data/8ea77200-3907-4cfb-aabb-ddf42b0c51c8.wav,coughvid_data/8ea77200-3907-4cfb-aabb-ddf42b0c51c8.wav,1.0
904f7a61-1ad4-4b82-8b60-c5e9f674f079,coughvid_data/904f7a61-1ad4-4b82-8b60-c5e9f674f079.wav,coughvid_data/904f7a61-1ad4-4b82-8b60-c5e9f674f079.wav,0.0
cae21a5b-d67e-4e1c-98b6-e7b47a636aa3,coughvid_data/cae21a5b-d67e-4e1c-98b6-e7b47a636aa3.wav,coughvid_data/cae21a5b-d67e-4e1c-98b6-e7b47a636aa3.wav,0.0
269d0ef3-5fe1-454d-91d1-df2adde3eb4c,coughvid_data/269d0ef3-5fe1-454d-91d1-df2adde3eb4c.wav,coughvid_data/269d0ef3-5fe1-454d-91d1-df2adde3eb4c.wav,1.0
04eab744-7d2a-4a40-b9ce-1cde226faafb,coughvid_data/04eab744-7d2a-4a40-b9ce-1cde226faafb.wav,coughvid_data/04eab744-7d2a-4a40-b9ce-1cde226faafb.wav,1.0
51de5c61-17ad-4595-8a77-f2f9eb3e2154,coughvid_data/51de5c61-17ad-4595-8a77-f2f9eb3e2154.wav,coughvid_data/51de5c61-17ad-4595-8a77-f2f9eb3e2154.wav,1.0
3b1cd361-b8b0-47ae-a02a-d2b0f2d40807,coughvid_data/3b1cd361-b8b0-47ae-a02a-d2b0f2d40807.wav,coughvid_data/3b1cd361-b8b0-47ae-a02a-d2b0f2d40807.wav,1.0
e39a3d8b-8143-40e3-a991-d7c7a8aef8b8,coughvid_data/e39a3d8b-8143-40e3-a991-d7c7a8aef8b8.wav,coughvid_data/e39a3d8b-8143-40e3-a991-d7c7a8aef8b8.wav,1.0
617513fd-394d-4468-af95-73a26166f917,coughvid_data/617513fd-394d-4468-af95-73a26166f917.wav,coughvid_data/617513fd-394d-4468-af95-73a26166f917.wav,1.0
e9a91fd3-3c58-4ee0-975b-38c3adab3341,coughvid_data/e9a91fd3-3c58-4ee0-975b-38c3adab3341.wav,coughvid_data/e9a91fd3-3c58-4ee0-975b-38c3adab3341.wav,0.0
f62c314d-fe92-492d-ae58-ea092f1b20b3,coughvid_data/f62c314d-fe92-492d-ae58-ea092f1b20b3.wav,coughvid_data/f62c314d-fe92-492d-ae58-ea092f1b20b3.wav,1.0
3edb4a67-a333-4808-9c3c-77c89aa81ca6,coughvid_data/3edb4a67-a333-4808-9c3c-77c89aa81ca6.wav,coughvid_data/3edb4a67-a333-4808-9c3c-77c89aa81ca6.wav,0.0
2e714497-328e-4021-be6f-2c76667a0e41,coughvid_data/2e714497-328e-4021-be6f-2c76667a0e41.wav,coughvid_data/2e714497-328e-4021-be6f-2c76667a0e41.wav,1.0
df2a1570-ed26-4808-b0e6-a47fabbefe6d,coughvid_data/df2a1570-ed26-4808-b0e6-a47fabbefe6d.wav,coughvid_data/df2a1570-ed26-4808-b0e6-a47fabbefe6d.wav,0.0
44dfe847-b7e1-4b2e-a1e8-c645fc179726,coughvid_data/44dfe847-b7e1-4b2e-a1e8-c645fc179726.wav,coughvid_data/44dfe847-b7e1-4b2e-a1e8-c645fc179726.wav,0.0
e14aee5a-29e1-4c70-97d3-8d455b20d969,coughvid_data/e14aee5a-29e1-4c70-97d3-8d455b20d969.wav,coughvid_data/e14aee5a-29e1-4c70-97d3-8d455b20d969.wav,0.0
34a48437-442f-4076-bf39-0d2dc1d761f8,coughvid_data/34a48437-442f-4076-bf39-0d2dc1d761f8.wav,coughvid_data/34a48437-442f-4076-bf39-0d2dc1d761f8.wav,1.0
8fdc9da8-be37-4f08-be1e-f5067a8b14dd,coughvid_data/8fdc9da8-be37-4f08-be1e-f5067a8b14dd.wav,coughvid_data/8fdc9da8-be37-4f08-be1e-f5067a8b14dd.wav,0.0
e35f8622-f9f2-4a7b-ad55-4abcb8bd8345,coughvid_data/e35f8622-f9f2-4a7b-ad55-4abcb8bd8345.wav,coughvid_data/e35f8622-f9f2-4a7b-ad55-4abcb8bd8345.wav,1.0
68aa481d-9706-4443-9da1-9148c980c601,coughvid_data/68aa481d-9706-4443-9da1-9148c980c601.wav,coughvid_data/68aa481d-9706-4443-9da1-9148c980c601.wav,0.0
93ab80d3-1ab3-456e-a410-6a3359fa37b0,coughvid_data/93ab80d3-1ab3-456e-a410-6a3359fa37b0.wav,coughvid_data/93ab80d3-1ab3-456e-a410-6a3359fa37b0.wav,0.0
f013d91b-cc98-44e2-8922-27ba4e50d276,coughvid_data/f013d91b-cc98-44e2-8922-27ba4e50d276.wav,coughvid_data/f013d91b-cc98-44e2-8922-27ba4e50d276.wav,0.0
cccfe344-b525-4bd3-86ee-d78d70da4d6f,coughvid_data/cccfe344-b525-4bd3-86ee-d78d70da4d6f.wav,coughvid_data/cccfe344-b525-4bd3-86ee-d78d70da4d6f.wav,0.0
85e6deca-9cb3-472e-a38b-e48d063c0194,coughvid_data/85e6deca-9cb3-472e-a38b-e48d063c0194.wav,coughvid_data/85e6deca-9cb3-472e-a38b-e48d063c0194.wav,1.0
4d1894e7-ee2f-40d9-b8e2-b36246c1190d,coughvid_data/4d1894e7-ee2f-40d9-b8e2-b36246c1190d.wav,coughvid_data/4d1894e7-ee2f-40d9-b8e2-b36246c1190d.wav,1.0
a961d405-a986-414b-b6a4-4a06b509aae0,coughvid_data/a961d405-a986-414b-b6a4-4a06b509aae0.wav,coughvid_data/a961d405-a986-414b-b6a4-4a06b509aae0.wav,1.0
7ad275a9-9606-44a6-a6fe-1d5610e4e965,coughvid_data/7ad275a9-9606-44a6-a6fe-1d5610e4e965.wav,coughvid_data/7ad275a9-9606-44a6-a6fe-1d5610e4e965.wav,1.0
5bb41aa7-61d5-41cf-8555-193d6f6eadfa,coughvid_data/5bb41aa7-61d5-41cf-8555-193d6f6eadfa.wav,coughvid_data/5bb41aa7-61d5-41cf-8555-193d6f6eadfa.wav,1.0
c75f4d9d-6c91-4eb6-b5d9-e0e5bd749c19,coughvid_data/c75f4d9d-6c91-4eb6-b5d9-e0e5bd749c19.wav,coughvid_data/c75f4d9d-6c91-4eb6-b5d9-e0e5bd749c19.wav,1.0
e725bc03-72a5-4078-8288-be037a82ef7d,coughvid_data/e725bc03-72a5-4078-8288-be037a82ef7d.wav,coughvid_data/e725bc03-72a5-4078-8288-be037a82ef7d.wav,0.0
ec5412e4-01e2-40dc-963d-35dc7f8895e5,coughvid_data/ec5412e4-01e2-40dc-963d-35dc7f8895e5.wav,coughvid_data/ec5412e4-01e2-40dc-963d-35dc7f8895e5.wav,0.0
76f37f34-5e03-46a9-bea1-5d6c4191e07e,coughvid_data/76f37f34-5e03-46a9-bea1-5d6c4191e07e.wav,coughvid_data/76f37f34-5e03-46a9-bea1-5d6c4191e07e.wav,1.0
2a4e629e-7e83-4d3c-b741-ee1b8de0e192,coughvid_data/2a4e629e-7e83-4d3c-b741-ee1b8de0e192.wav,coughvid_data/2a4e629e-7e83-4d3c-b741-ee1b8de0e192.wav,0.0
cc0bc8c7-eb1b-4290-8f64-58c4fe25c58e,coughvid_data/cc0bc8c7-eb1b-4290-8f64-58c4fe25c58e.wav,coughvid_data/cc0bc8c7-eb1b-4290-8f64-58c4fe25c58e.wav,1.0
f62d823c-6f46-4057-9d30-6d860a3d152f,coughvid_data/f62d823c-6f46-4057-9d30-6d860a3d152f.wav,coughvid_data/f62d823c-6f46-4057-9d30-6d860a3d152f.wav,1.0
ff18f5dd-fc75-4f22-be2e-374eb3e2372d,coughvid_data/ff18f5dd-fc75-4f22-be2e-374eb3e2372d.wav,coughvid_data/ff18f5dd-fc75-4f22-be2e-374eb3e2372d.wav,0.0
d9737860-656a-4388-8bc0-dc359008a6ab,coughvid_data/d9737860-656a-4388-8bc0-dc359008a6ab.wav,coughvid_data/d9737860-656a-4388-8bc0-dc359008a6ab.wav,1.0
182891db-b9c3-47a2-b00e-6586f45373a8,coughvid_data/182891db-b9c3-47a2-b00e-6586f45373a8.wav,coughvid_data/182891db-b9c3-47a2-b00e-6586f45373a8.wav,1.0
9d87c1bf-866e-48a5-ab67-4829613f50f9,coughvid_data/9d87c1bf-866e-48a5-ab67-4829613f50f9.wav,coughvid_data/9d87c1bf-866e-48a5-ab67-4829613f50f9.wav,0.0
ffdf80c2-be81-4fc9-9484-a72223cfc87d,coughvid_data/ffdf80c2-be81-4fc9-9484-a72223cfc87d.wav,coughvid_data/ffdf80c2-be81-4fc9-9484-a72223cfc87d.wav,0.0
c5a5699b-bbc3-4a08-918a-bbcafc3808a8,coughvid_data/c5a5699b-bbc3-4a08-918a-bbcafc3808a8.wav,coughvid_data/c5a5699b-bbc3-4a08-918a-bbcafc3808a8.wav,1.0
baa66d4e-540a-4c6c-808c-0b4c3f8b689d,coughvid_data/baa66d4e-540a-4c6c-808c-0b4c3f8b689d.wav,coughvid_data/baa66d4e-540a-4c6c-808c-0b4c3f8b689d.wav,0.0
317cffcf-6c9e-4016-8c0e-2abf64adfd43,coughvid_data/317cffcf-6c9e-4016-8c0e-2abf64adfd43.wav,coughvid_data/317cffcf-6c9e-4016-8c0e-2abf64adfd43.wav,1.0
a516bde5-bda5-4156-9085-fd1f224720c2,coughvid_data/a516bde5-bda5-4156-9085-fd1f224720c2.wav,coughvid_data/a516bde5-bda5-4156-9085-fd1f224720c2.wav,0.0
21d95211-da92-44a9-83c7-30f8d4c6d670,coughvid_data/21d95211-da92-44a9-83c7-30f8d4c6d670.wav,coughvid_data/21d95211-da92-44a9-83c7-30f8d4c6d670.wav,1.0
dabd8101-b56b-40cd-84c6-169b7f8c6fbc,coughvid_data/dabd8101-b56b-40cd-84c6-169b7f8c6fbc.wav,coughvid_data/dabd8101-b56b-40cd-84c6-169b7f8c6fbc.wav,1.0
7d30c7ee-53e3-4b73-8615-15b0bf6cdbd9,coughvid_data/7d30c7ee-53e3-4b73-8615-15b0bf6cdbd9.wav,coughvid_data/7d30c7ee-53e3-4b73-8615-15b0bf6cdbd9.wav,1.0
b9e3d6b6-f3a0-40cc-9cfe-48439e9a64c8,coughvid_data/b9e3d6b6-f3a0-40cc-9cfe-48439e9a64c8.wav,coughvid_data/b9e3d6b6-f3a0-40cc-9cfe-48439e9a64c8.wav,0.0
00291cce-36a0-4a29-9e2d-c1d96ca17242,coughvid_data/00291cce-36a0-4a29-9e2d-c1d96ca17242.wav,coughvid_data/00291cce-36a0-4a29-9e2d-c1d96ca17242.wav,1.0
08fb79a1-0a34-4dd7-a1ec-f050a91b7dbd,coughvid_data/08fb79a1-0a34-4dd7-a1ec-f050a91b7dbd.wav,coughvid_data/08fb79a1-0a34-4dd7-a1ec-f050a91b7dbd.wav,0.0
d44eb589-3d0f-4ccb-bc9d-2f3011f3f7e3,coughvid_data/d44eb589-3d0f-4ccb-bc9d-2f3011f3f7e3.wav,coughvid_data/d44eb589-3d0f-4ccb-bc9d-2f3011f3f7e3.wav,1.0
b455b5a9-3779-4525-9bde-52b7fd79f0ff,coughvid_data/b455b5a9-3779-4525-9bde-52b7fd79f0ff.wav,coughvid_data/b455b5a9-3779-4525-9bde-52b7fd79f0ff.wav,1.0
9b6374bb-095f-4bab-b842-13a14eea6e81,coughvid_data/9b6374bb-095f-4bab-b842-13a14eea6e81.wav,coughvid_data/9b6374bb-095f-4bab-b842-13a14eea6e81.wav,0.0
0286bc63-9d1a-4f12-888d-7c2dc6b2c3fb,coughvid_data/0286bc63-9d1a-4f12-888d-7c2dc6b2c3fb.wav,coughvid_data/0286bc63-9d1a-4f12-888d-7c2dc6b2c3fb.wav,1.0
e3442f8c-5000-46e0-bb2d-bee894f001e1,coughvid_data/e3442f8c-5000-46e0-bb2d-bee894f001e1.wav,coughvid_data/e3442f8c-5000-46e0-bb2d-bee894f001e1.wav,1.0
03a81c51-6167-4045-8746-04e82af983b2,coughvid_data/03a81c51-6167-4045-8746-04e82af983b2.wav,coughvid_data/03a81c51-6167-4045-8746-04e82af983b2.wav,0.0
c20f8441-f2b0-4872-972a-12d82855a4ee,coughvid_data/c20f8441-f2b0-4872-972a-12d82855a4ee.wav,coughvid_data/c20f8441-f2b0-4872-972a-12d82855a4ee.wav,1.0
964f93b7-4ba2-451b-a68a-ed7d271a2951,coughvid_data/964f93b7-4ba2-451b-a68a-ed7d271a2951.wav,coughvid_data/964f93b7-4ba2-451b-a68a-ed7d271a2951.wav,1.0
2f63ad4e-0441-454b-a5b1-20c88f864433,coughvid_data/2f63ad4e-0441-454b-a5b1-20c88f864433.wav,coughvid_data/2f63ad4e-0441-454b-a5b1-20c88f864433.wav,1.0
d1651845-f208-439e-b894-fde87306dd9c,coughvid_data/d1651845-f208-439e-b894-fde87306dd9c.wav,coughvid_data/d1651845-f208-439e-b894-fde87306dd9c.wav,1.0
1adeaa1f-55d1-405b-8ee9-64d07f3ea192,coughvid_data/1adeaa1f-55d1-405b-8ee9-64d07f3ea192.wav,coughvid_data/1adeaa1f-55d1-405b-8ee9-64d07f3ea192.wav,1.0
09560dc6-bffd-4dd0-b132-b86ddbd3051c,coughvid_data/09560dc6-bffd-4dd0-b132-b86ddbd3051c.wav,coughvid_data/09560dc6-bffd-4dd0-b132-b86ddbd3051c.wav,0.0
e01a01fc-460b-4064-9333-819cf715311b,coughvid_data/e01a01fc-460b-4064-9333-819cf715311b.wav,coughvid_data/e01a01fc-460b-4064-9333-819cf715311b.wav,1.0
4c46fd44-6288-4453-91d8-2b2b6ba77658,coughvid_data/4c46fd44-6288-4453-91d8-2b2b6ba77658.wav,coughvid_data/4c46fd44-6288-4453-91d8-2b2b6ba77658.wav,0.0
0c69482d-2a4f-4916-a58f-9e9aaaf1dc1c,coughvid_data/0c69482d-2a4f-4916-a58f-9e9aaaf1dc1c.wav,coughvid_data/0c69482d-2a4f-4916-a58f-9e9aaaf1dc1c.wav,1.0
ce8606a3-81fd-459e-87f2-97a9ddbf2a3d,coughvid_data/ce8606a3-81fd-459e-87f2-97a9ddbf2a3d.wav,coughvid_data/ce8606a3-81fd-459e-87f2-97a9ddbf2a3d.wav,0.0
6c7f0ac1-21f5-43de-9f00-9937c3baa119,coughvid_data/6c7f0ac1-21f5-43de-9f00-9937c3baa119.wav,coughvid_data/6c7f0ac1-21f5-43de-9f00-9937c3baa119.wav,0.0
c5ac2f00-93e1-4f82-97ca-7bfd714ebb8b,coughvid_data/c5ac2f00-93e1-4f82-97ca-7bfd714ebb8b.wav,coughvid_data/c5ac2f00-93e1-4f82-97ca-7bfd714ebb8b.wav,0.0
96f8e0a8-1261-403e-9823-69bbb1bffe2e,coughvid_data/96f8e0a8-1261-403e-9823-69bbb1bffe2e.wav,coughvid_data/96f8e0a8-1261-403e-9823-69bbb1bffe2e.wav,1.0
1bf4ab43-e9ec-49b7-be12-272c2b9ea0b0,coughvid_data/1bf4ab43-e9ec-49b7-be12-272c2b9ea0b0.wav,coughvid_data/1bf4ab43-e9ec-49b7-be12-272c2b9ea0b0.wav,1.0
e156de26-a117-4b2d-89a8-232ae56507e8,coughvid_data/e156de26-a117-4b2d-89a8-232ae56507e8.wav,coughvid_data/e156de26-a117-4b2d-89a8-232ae56507e8.wav,0.0
29ec6341-f6a5-44ec-add1-4994ded834b4,coughvid_data/29ec6341-f6a5-44ec-add1-4994ded834b4.wav,coughvid_data/29ec6341-f6a5-44ec-add1-4994ded834b4.wav,1.0
b5820264-46c8-457e-9473-73241a9a6993,coughvid_data/b5820264-46c8-457e-9473-73241a9a6993.wav,coughvid_data/b5820264-46c8-457e-9473-73241a9a6993.wav,1.0
eb195a7b-3147-4a63-8318-d5d04bad13ca,coughvid_data/eb195a7b-3147-4a63-8318-d5d04bad13ca.wav,coughvid_data/eb195a7b-3147-4a63-8318-d5d04bad13ca.wav,0.0
6a32bf8e-f826-4478-a6eb-02acf3b9cd61,coughvid_data/6a32bf8e-f826-4478-a6eb-02acf3b9cd61.wav,coughvid_data/6a32bf8e-f826-4478-a6eb-02acf3b9cd61.wav,1.0
0a521c77-8f08-4caf-8a93-782ffa39bb5b,coughvid_data/0a521c77-8f08-4caf-8a93-782ffa39bb5b.wav,coughvid_data/0a521c77-8f08-4caf-8a93-782ffa39bb5b.wav,0.0
c9db19a0-914f-402d-bcba-a89abb3801b4,coughvid_data/c9db19a0-914f-402d-bcba-a89abb3801b4.wav,coughvid_data/c9db19a0-914f-402d-bcba-a89abb3801b4.wav,1.0
50bdf5c8-c6c4-45ac-9873-413d0fa1feb4,coughvid_data/50bdf5c8-c6c4-45ac-9873-413d0fa1feb4.wav,coughvid_data/50bdf5c8-c6c4-45ac-9873-413d0fa1feb4.wav,1.0
1aac7dcf-9002-4126-a044-9c0099a15dc5,coughvid_data/1aac7dcf-9002-4126-a044-9c0099a15dc5.wav,coughvid_data/1aac7dcf-9002-4126-a044-9c0099a15dc5.wav,0.0
d14595b1-7ad4-4d5a-bd77-6c5f41f56833,coughvid_data/d14595b1-7ad4-4d5a-bd77-6c5f41f56833.wav,coughvid_data/d14595b1-7ad4-4d5a-bd77-6c5f41f56833.wav,1.0
9178f1a2-a149-493b-8ac4-ed53fa695d1a,coughvid_data/9178f1a2-a149-493b-8ac4-ed53fa695d1a.wav,coughvid_data/9178f1a2-a149-493b-8ac4-ed53fa695d1a.wav,1.0
48aafde6-7640-4f29-913b-92fd3c4a3a72,coughvid_data/48aafde6-7640-4f29-913b-92fd3c4a3a72.wav,coughvid_data/48aafde6-7640-4f29-913b-92fd3c4a3a72.wav,1.0
a3652154-abdd-4d52-98cf-cddfc1c75447,coughvid_data/a3652154-abdd-4d52-98cf-cddfc1c75447.wav,coughvid_data/a3652154-abdd-4d52-98cf-cddfc1c75447.wav,1.0
160d8d0c-7a60-42b1-ba1e-8893e9130216,coughvid_data/160d8d0c-7a60-42b1-ba1e-8893e9130216.wav,coughvid_data/160d8d0c-7a60-42b1-ba1e-8893e9130216.wav,0.0
211e05b4-e557-417b-8dc8-c2ed029c36f0,coughvid_data/211e05b4-e557-417b-8dc8-c2ed029c36f0.wav,coughvid_data/211e05b4-e557-417b-8dc8-c2ed029c36f0.wav,0.0
24b001fa-6361-4cda-88b0-66e0439a2c44,coughvid_data/24b001fa-6361-4cda-88b0-66e0439a2c44.wav,coughvid_data/24b001fa-6361-4cda-88b0-66e0439a2c44.wav,1.0
e02b509a-d93a-400f-9755-479ce02a53db,coughvid_data/e02b509a-d93a-400f-9755-479ce02a53db.wav,coughvid_data/e02b509a-d93a-400f-9755-479ce02a53db.wav,1.0
99d95d49-7132-4092-abca-c3bac9c9c41c,coughvid_data/99d95d49-7132-4092-abca-c3bac9c9c41c.wav,coughvid_data/99d95d49-7132-4092-abca-c3bac9c9c41c.wav,1.0
d85f3880-7322-44af-9c49-c4e4bf53214f,coughvid_data/d85f3880-7322-44af-9c49-c4e4bf53214f.wav,coughvid_data/d85f3880-7322-44af-9c49-c4e4bf53214f.wav,0.0
10a37922-bbe3-4faa-9cc5-939fece00411,coughvid_data/10a37922-bbe3-4faa-9cc5-939fece00411.wav,coughvid_data/10a37922-bbe3-4faa-9cc5-939fece00411.wav,0.0
3639acc6-0471-41f7-bcab-f6099fb3e482,coughvid_data/3639acc6-0471-41f7-bcab-f6099fb3e482.wav,coughvid_data/3639acc6-0471-41f7-bcab-f6099fb3e482.wav,1.0
9c1a0eb2-0af9-429a-8bb5-cb3c8fb08751,coughvid_data/9c1a0eb2-0af9-429a-8bb5-cb3c8fb08751.wav,coughvid_data/9c1a0eb2-0af9-429a-8bb5-cb3c8fb08751.wav,0.0
107c5bfe-1347-4ead-b49f-2652cdab4e09,coughvid_data/107c5bfe-1347-4ead-b49f-2652cdab4e09.wav,coughvid_data/107c5bfe-1347-4ead-b49f-2652cdab4e09.wav,0.0
346daa76-ea6c-4b09-b50e-ef607728d0cd,coughvid_data/346daa76-ea6c-4b09-b50e-ef607728d0cd.wav,coughvid_data/346daa76-ea6c-4b09-b50e-ef607728d0cd.wav,1.0
c61bbb97-c658-40aa-9b03-f20993e888a5,coughvid_data/c61bbb97-c658-40aa-9b03-f20993e888a5.wav,coughvid_data/c61bbb97-c658-40aa-9b03-f20993e888a5.wav,0.0
a04748bf-70bf-4fa3-9a98-7a2a1fd2d018,coughvid_data/a04748bf-70bf-4fa3-9a98-7a2a1fd2d018.wav,coughvid_data/a04748bf-70bf-4fa3-9a98-7a2a1fd2d018.wav,0.0
d24291ca-9a94-4da0-8730-9316e6d748fc,coughvid_data/d24291ca-9a94-4da0-8730-9316e6d748fc.wav,coughvid_data/d24291ca-9a94-4da0-8730-9316e6d748fc.wav,1.0
19c471cd-0fb0-4eea-824b-34847b5c2bd4,coughvid_data/19c471cd-0fb0-4eea-824b-34847b5c2bd4.wav,coughvid_data/19c471cd-0fb0-4eea-824b-34847b5c2bd4.wav,0.0
e101d5dd-c44c-44bc-89dd-3e65264013cd,coughvid_data/e101d5dd-c44c-44bc-89dd-3e65264013cd.wav,coughvid_data/e101d5dd-c44c-44bc-89dd-3e65264013cd.wav,0.0
f68cf0fa-48ee-4b2d-b4f5-8e10b44dd311,coughvid_data/f68cf0fa-48ee-4b2d-b4f5-8e10b44dd311.wav,coughvid_data/f68cf0fa-48ee-4b2d-b4f5-8e10b44dd311.wav,0.0
49e43ad5-4d7e-42bc-af74-2a0dda632562,coughvid_data/49e43ad5-4d7e-42bc-af74-2a0dda632562.wav,coughvid_data/49e43ad5-4d7e-42bc-af74-2a0dda632562.wav,0.0
f92c116c-d112-496b-a340-4b8b3a732a9f,coughvid_data/f92c116c-d112-496b-a340-4b8b3a732a9f.wav,coughvid_data/f92c116c-d112-496b-a340-4b8b3a732a9f.wav,0.0
85a08661-643e-4059-a87d-9ac12c700e67,coughvid_data/85a08661-643e-4059-a87d-9ac12c700e67.wav,coughvid_data/85a08661-643e-4059-a87d-9ac12c700e67.wav,0.0
0e1c6768-2adc-4cc8-bd0a-9dbef8dae0b9,coughvid_data/0e1c6768-2adc-4cc8-bd0a-9dbef8dae0b9.wav,coughvid_data/0e1c6768-2adc-4cc8-bd0a-9dbef8dae0b9.wav,1.0
4725c3d1-a567-4d8c-82c3-b471289482d7,coughvid_data/4725c3d1-a567-4d8c-82c3-b471289482d7.wav,coughvid_data/4725c3d1-a567-4d8c-82c3-b471289482d7.wav,0.0
4ec974db-442e-48da-8b65-4e3ba9b90ed1,coughvid_data/4ec974db-442e-48da-8b65-4e3ba9b90ed1.wav,coughvid_data/4ec974db-442e-48da-8b65-4e3ba9b90ed1.wav,0.0
749fdead-a02e-44f2-8782-d473c104a141,coughvid_data/749fdead-a02e-44f2-8782-d473c104a141.wav,coughvid_data/749fdead-a02e-44f2-8782-d473c104a141.wav,1.0
8097a57a-d833-4130-b438-0a3fd64e4e00,coughvid_data/8097a57a-d833-4130-b438-0a3fd64e4e00.wav,coughvid_data/8097a57a-d833-4130-b438-0a3fd64e4e00.wav,0.0
3d8c6384-046d-4fa4-ab7c-6e05b62dab97,coughvid_data/3d8c6384-046d-4fa4-ab7c-6e05b62dab97.wav,coughvid_data/3d8c6384-046d-4fa4-ab7c-6e05b62dab97.wav,1.0
e3077ee1-d2f6-48d2-a72c-7637c690a700,coughvid_data/e3077ee1-d2f6-48d2-a72c-7637c690a700.wav,coughvid_data/e3077ee1-d2f6-48d2-a72c-7637c690a700.wav,0.0
e021966a-4bc7-4f4b-8a3e-23f4089c15e7,coughvid_data/e021966a-4bc7-4f4b-8a3e-23f4089c15e7.wav,coughvid_data/e021966a-4bc7-4f4b-8a3e-23f4089c15e7.wav,1.0
57f798c8-ee38-488d-a008-2e36c271d14b,coughvid_data/57f798c8-ee38-488d-a008-2e36c271d14b.wav,coughvid_data/57f798c8-ee38-488d-a008-2e36c271d14b.wav,1.0
8e89d2cc-7773-4d90-a2fe-dbcd7ba75084,coughvid_data/8e89d2cc-7773-4d90-a2fe-dbcd7ba75084.wav,coughvid_data/8e89d2cc-7773-4d90-a2fe-dbcd7ba75084.wav,0.0
896ec993-0c45-4f94-988e-2dbc14fa85be,coughvid_data/896ec993-0c45-4f94-988e-2dbc14fa85be.wav,coughvid_data/896ec993-0c45-4f94-988e-2dbc14fa85be.wav,0.0
169385c4-6ea3-4ff1-9a0f-293c0c324f0b,coughvid_data/169385c4-6ea3-4ff1-9a0f-293c0c324f0b.wav,coughvid_data/169385c4-6ea3-4ff1-9a0f-293c0c324f0b.wav,0.0
2ede0a80-c141-441c-ab5e-d2197ef509ab,coughvid_data/2ede0a80-c141-441c-ab5e-d2197ef509ab.wav,coughvid_data/2ede0a80-c141-441c-ab5e-d2197ef509ab.wav,1.0
32fdc275-09fc-44a9-af13-8229d0b0e943,coughvid_data/32fdc275-09fc-44a9-af13-8229d0b0e943.wav,coughvid_data/32fdc275-09fc-44a9-af13-8229d0b0e943.wav,0.0
c4325225-b05e-43a3-8273-7b8a584f370f,coughvid_data/c4325225-b05e-43a3-8273-7b8a584f370f.wav,coughvid_data/c4325225-b05e-43a3-8273-7b8a584f370f.wav,1.0
93332b80-8dfd-46cf-9cd0-8a80171eebe0,coughvid_data/93332b80-8dfd-46cf-9cd0-8a80171eebe0.wav,coughvid_data/93332b80-8dfd-46cf-9cd0-8a80171eebe0.wav,0.0
e81c696b-c06d-4958-976e-28fa987300d8,coughvid_data/e81c696b-c06d-4958-976e-28fa987300d8.wav,coughvid_data/e81c696b-c06d-4958-976e-28fa987300d8.wav,1.0
c282605b-ad9c-4b7b-b52d-3676aa3ab8dd,coughvid_data/c282605b-ad9c-4b7b-b52d-3676aa3ab8dd.wav,coughvid_data/c282605b-ad9c-4b7b-b52d-3676aa3ab8dd.wav,0.0
324b98fc-c26f-4c41-88b8-8493d9f68639,coughvid_data/324b98fc-c26f-4c41-88b8-8493d9f68639.wav,coughvid_data/324b98fc-c26f-4c41-88b8-8493d9f68639.wav,1.0
4734821d-2378-46e2-b184-803c9da46dbc,coughvid_data/4734821d-2378-46e2-b184-803c9da46dbc.wav,coughvid_data/4734821d-2378-46e2-b184-803c9da46dbc.wav,1.0
320d9560-b90b-49a6-9818-3d29700920a9,coughvid_data/320d9560-b90b-49a6-9818-3d29700920a9.wav,coughvid_data/320d9560-b90b-49a6-9818-3d29700920a9.wav,0.0
6e8f12ac-3957-46f2-9b74-dc160dc17695,coughvid_data/6e8f12ac-3957-46f2-9b74-dc160dc17695.wav,coughvid_data/6e8f12ac-3957-46f2-9b74-dc160dc17695.wav,1.0
11fceebb-1440-4a51-9565-18bd72b09447,coughvid_data/11fceebb-1440-4a51-9565-18bd72b09447.wav,coughvid_data/11fceebb-1440-4a51-9565-18bd72b09447.wav,0.0
ba877b2d-687c-47f8-9bc6-508adaba03b8,coughvid_data/ba877b2d-687c-47f8-9bc6-508adaba03b8.wav,coughvid_data/ba877b2d-687c-47f8-9bc6-508adaba03b8.wav,1.0
3a530922-e3fe-4c3b-864d-3c143c38e099,coughvid_data/3a530922-e3fe-4c3b-864d-3c143c38e099.wav,coughvid_data/3a530922-e3fe-4c3b-864d-3c143c38e099.wav,1.0
d65b3722-b475-400c-b1b5-f91ffaf6d73d,coughvid_data/d65b3722-b475-400c-b1b5-f91ffaf6d73d.wav,coughvid_data/d65b3722-b475-400c-b1b5-f91ffaf6d73d.wav,1.0
b673d865-b441-431d-80e0-181b3419c375,coughvid_data/b673d865-b441-431d-80e0-181b3419c375.wav,coughvid_data/b673d865-b441-431d-80e0-181b3419c375.wav,0.0
30912adc-1bf8-4140-b8f0-4f8134317d6c,coughvid_data/30912adc-1bf8-4140-b8f0-4f8134317d6c.wav,coughvid_data/30912adc-1bf8-4140-b8f0-4f8134317d6c.wav,1.0
670c6750-610f-4274-96ad-ed62168cec11,coughvid_data/670c6750-610f-4274-96ad-ed62168cec11.wav,coughvid_data/670c6750-610f-4274-96ad-ed62168cec11.wav,1.0
35c1a471-504d-4886-aa5d-9fa8fd6452ac,coughvid_data/35c1a471-504d-4886-aa5d-9fa8fd6452ac.wav,coughvid_data/35c1a471-504d-4886-aa5d-9fa8fd6452ac.wav,0.0
e77ef14c-1e01-443c-9759-3c10b87ac41a,coughvid_data/e77ef14c-1e01-443c-9759-3c10b87ac41a.wav,coughvid_data/e77ef14c-1e01-443c-9759-3c10b87ac41a.wav,0.0
6aea430c-5091-4967-b278-e70e33ca51bb,coughvid_data/6aea430c-5091-4967-b278-e70e33ca51bb.wav,coughvid_data/6aea430c-5091-4967-b278-e70e33ca51bb.wav,1.0
f13e6590-3409-47b6-bdd5-81e6b3670121,coughvid_data/f13e6590-3409-47b6-bdd5-81e6b3670121.wav,coughvid_data/f13e6590-3409-47b6-bdd5-81e6b3670121.wav,0.0
c3413546-3b4e-429b-93f9-428810fe4238,coughvid_data/c3413546-3b4e-429b-93f9-428810fe4238.wav,coughvid_data/c3413546-3b4e-429b-93f9-428810fe4238.wav,1.0
55864ce0-e614-41f1-9204-ca048adaf5b3,coughvid_data/55864ce0-e614-41f1-9204-ca048adaf5b3.wav,coughvid_data/55864ce0-e614-41f1-9204-ca048adaf5b3.wav,0.0
f1fdac04-7a1b-483e-9d13-26d84fea0b8b,coughvid_data/f1fdac04-7a1b-483e-9d13-26d84fea0b8b.wav,coughvid_data/f1fdac04-7a1b-483e-9d13-26d84fea0b8b.wav,1.0
9edf2a2a-b6b8-4b3d-986c-6ba55a697b9f,coughvid_data/9edf2a2a-b6b8-4b3d-986c-6ba55a697b9f.wav,coughvid_data/9edf2a2a-b6b8-4b3d-986c-6ba55a697b9f.wav,1.0
2534572f-afe6-4df0-bcf4-622e0f71286d,coughvid_data/2534572f-afe6-4df0-bcf4-622e0f71286d.wav,coughvid_data/2534572f-afe6-4df0-bcf4-622e0f71286d.wav,0.0
c523afbe-7eaf-4789-8080-3771f4c9b4da,coughvid_data/c523afbe-7eaf-4789-8080-3771f4c9b4da.wav,coughvid_data/c523afbe-7eaf-4789-8080-3771f4c9b4da.wav,1.0
7014d34a-a98b-4b71-869d-a218afdae26f,coughvid_data/7014d34a-a98b-4b71-869d-a218afdae26f.wav,coughvid_data/7014d34a-a98b-4b71-869d-a218afdae26f.wav,1.0
ef86e9d1-450c-4df1-8018-038459ac4c14,coughvid_data/ef86e9d1-450c-4df1-8018-038459ac4c14.wav,coughvid_data/ef86e9d1-450c-4df1-8018-038459ac4c14.wav,1.0
5debacdd-b0e7-4f2b-a008-adb3f92597ea,coughvid_data/5debacdd-b0e7-4f2b-a008-adb3f92597ea.wav,coughvid_data/5debacdd-b0e7-4f2b-a008-adb3f92597ea.wav,0.0
dd3e8166-0375-4882-b037-add3a813f84f,coughvid_data/dd3e8166-0375-4882-b037-add3a813f84f.wav,coughvid_data/dd3e8166-0375-4882-b037-add3a813f84f.wav,1.0
a5a1c57a-c8ab-4366-bf4a-0b8d21729518,coughvid_data/a5a1c57a-c8ab-4366-bf4a-0b8d21729518.wav,coughvid_data/a5a1c57a-c8ab-4366-bf4a-0b8d21729518.wav,1.0
f14492ed-b66f-4b94-9bf9-85fc1dfe9605,coughvid_data/f14492ed-b66f-4b94-9bf9-85fc1dfe9605.wav,coughvid_data/f14492ed-b66f-4b94-9bf9-85fc1dfe9605.wav,1.0
cf8281e8-d2d1-4b66-aeb9-ea9cf279923e,coughvid_data/cf8281e8-d2d1-4b66-aeb9-ea9cf279923e.wav,coughvid_data/cf8281e8-d2d1-4b66-aeb9-ea9cf279923e.wav,1.0
c500d455-d461-47a8-b0b0-ab01a31b7774,coughvid_data/c500d455-d461-47a8-b0b0-ab01a31b7774.wav,coughvid_data/c500d455-d461-47a8-b0b0-ab01a31b7774.wav,1.0
892d38ff-033a-4a31-925e-d057709d10e3,coughvid_data/892d38ff-033a-4a31-925e-d057709d10e3.wav,coughvid_data/892d38ff-033a-4a31-925e-d057709d10e3.wav,0.0
4f302984-200d-4804-ad93-2d4c7ab803f6,coughvid_data/4f302984-200d-4804-ad93-2d4c7ab803f6.wav,coughvid_data/4f302984-200d-4804-ad93-2d4c7ab803f6.wav,0.0
d0131b1d-1a1e-419f-9c3f-04ab845d55cf,coughvid_data/d0131b1d-1a1e-419f-9c3f-04ab845d55cf.wav,coughvid_data/d0131b1d-1a1e-419f-9c3f-04ab845d55cf.wav,1.0
ff1e2e71-c04a-4d4b-890e-feae32cb95ca,coughvid_data/ff1e2e71-c04a-4d4b-890e-feae32cb95ca.wav,coughvid_data/ff1e2e71-c04a-4d4b-890e-feae32cb95ca.wav,1.0
99189da5-1c7f-47fb-8324-8d3257eaf246,coughvid_data/99189da5-1c7f-47fb-8324-8d3257eaf246.wav,coughvid_data/99189da5-1c7f-47fb-8324-8d3257eaf246.wav,1.0
00ce9f7f-e738-474b-a7fc-ab4d3cf323df,coughvid_data/00ce9f7f-e738-474b-a7fc-ab4d3cf323df.wav,coughvid_data/00ce9f7f-e738-474b-a7fc-ab4d3cf323df.wav,1.0
3fed12ea-bcf8-4043-9187-2ca2ceb8b53d,coughvid_data/3fed12ea-bcf8-4043-9187-2ca2ceb8b53d.wav,coughvid_data/3fed12ea-bcf8-4043-9187-2ca2ceb8b53d.wav,0.0
2edf13d4-ca35-41d5-ab61-1b337b998651,coughvid_data/2edf13d4-ca35-41d5-ab61-1b337b998651.wav,coughvid_data/2edf13d4-ca35-41d5-ab61-1b337b998651.wav,0.0
202877b0-4a73-494a-956d-2396441ad681,coughvid_data/202877b0-4a73-494a-956d-2396441ad681.wav,coughvid_data/202877b0-4a73-494a-956d-2396441ad681.wav,0.0
1ad1d920-cca6-42c9-a2fd-ab51181d2710,coughvid_data/1ad1d920-cca6-42c9-a2fd-ab51181d2710.wav,coughvid_data/1ad1d920-cca6-42c9-a2fd-ab51181d2710.wav,0.0
e1838205-c4fb-4a27-8d4f-c3c02f77bab9,coughvid_data/e1838205-c4fb-4a27-8d4f-c3c02f77bab9.wav,coughvid_data/e1838205-c4fb-4a27-8d4f-c3c02f77bab9.wav,1.0
86a24c43-6d17-4cb8-910d-7eb3f0702f4d,coughvid_data/86a24c43-6d17-4cb8-910d-7eb3f0702f4d.wav,coughvid_data/86a24c43-6d17-4cb8-910d-7eb3f0702f4d.wav,0.0
ec6232d4-615e-409d-a65d-687a87fc432d,coughvid_data/ec6232d4-615e-409d-a65d-687a87fc432d.wav,coughvid_data/ec6232d4-615e-409d-a65d-687a87fc432d.wav,0.0
3ed69864-aca2-4d5f-835b-89e74d756435,coughvid_data/3ed69864-aca2-4d5f-835b-89e74d756435.wav,coughvid_data/3ed69864-aca2-4d5f-835b-89e74d756435.wav,0.0
d4ba64e5-d1ad-4ef3-a9b8-6957f056184e,coughvid_data/d4ba64e5-d1ad-4ef3-a9b8-6957f056184e.wav,coughvid_data/d4ba64e5-d1ad-4ef3-a9b8-6957f056184e.wav,1.0
16badf2d-33c8-4435-bf48-b29fa29f0a47,coughvid_data/16badf2d-33c8-4435-bf48-b29fa29f0a47.wav,coughvid_data/16badf2d-33c8-4435-bf48-b29fa29f0a47.wav,1.0
1a9b5175-9d39-4b44-b95f-b26904d6d850,coughvid_data/1a9b5175-9d39-4b44-b95f-b26904d6d850.wav,coughvid_data/1a9b5175-9d39-4b44-b95f-b26904d6d850.wav,1.0
1fee4f6f-831e-4a0a-9b1c-21982bb3ec3b,coughvid_data/1fee4f6f-831e-4a0a-9b1c-21982bb3ec3b.wav,coughvid_data/1fee4f6f-831e-4a0a-9b1c-21982bb3ec3b.wav,1.0
08727219-4c45-4f2d-ac8d-76bdcd4efdda,coughvid_data/08727219-4c45-4f2d-ac8d-76bdcd4efdda.wav,coughvid_data/08727219-4c45-4f2d-ac8d-76bdcd4efdda.wav,1.0
e597d166-daee-4dee-a22e-747300866014,coughvid_data/e597d166-daee-4dee-a22e-747300866014.wav,coughvid_data/e597d166-daee-4dee-a22e-747300866014.wav,1.0
5013b4b9-dea5-4905-9667-51b7f13b2423,coughvid_data/5013b4b9-dea5-4905-9667-51b7f13b2423.wav,coughvid_data/5013b4b9-dea5-4905-9667-51b7f13b2423.wav,1.0
1d54e2ad-73b5-43e5-953b-2db3fece22ea,coughvid_data/1d54e2ad-73b5-43e5-953b-2db3fece22ea.wav,coughvid_data/1d54e2ad-73b5-43e5-953b-2db3fece22ea.wav,0.0
7ff46c27-d502-4898-be9d-24f01982825b,coughvid_data/7ff46c27-d502-4898-be9d-24f01982825b.wav,coughvid_data/7ff46c27-d502-4898-be9d-24f01982825b.wav,1.0
d3a8255d-a8a5-4aaa-8b40-49c8e3dc4923,coughvid_data/d3a8255d-a8a5-4aaa-8b40-49c8e3dc4923.wav,coughvid_data/d3a8255d-a8a5-4aaa-8b40-49c8e3dc4923.wav,1.0
c2d350b7-ccea-4514-a780-78f7192fde11,coughvid_data/c2d350b7-ccea-4514-a780-78f7192fde11.wav,coughvid_data/c2d350b7-ccea-4514-a780-78f7192fde11.wav,0.0
06c3acd2-d6e2-4e80-a3d5-9ea2b819b541,coughvid_data/06c3acd2-d6e2-4e80-a3d5-9ea2b819b541.wav,coughvid_data/06c3acd2-d6e2-4e80-a3d5-9ea2b819b541.wav,0.0
5fbcf608-a608-4cb1-8e3a-e51a82eb31aa,coughvid_data/5fbcf608-a608-4cb1-8e3a-e51a82eb31aa.wav,coughvid_data/5fbcf608-a608-4cb1-8e3a-e51a82eb31aa.wav,1.0
3cb8dcb1-ff03-4ab3-8dd3-26446a495a2b,coughvid_data/3cb8dcb1-ff03-4ab3-8dd3-26446a495a2b.wav,coughvid_data/3cb8dcb1-ff03-4ab3-8dd3-26446a495a2b.wav,1.0
247bd278-6881-47d3-8f8a-70d4ecdfa78a,coughvid_data/247bd278-6881-47d3-8f8a-70d4ecdfa78a.wav,coughvid_data/247bd278-6881-47d3-8f8a-70d4ecdfa78a.wav,0.0
29241394-8a28-46f5-8b62-a062b4564c5c,coughvid_data/29241394-8a28-46f5-8b62-a062b4564c5c.wav,coughvid_data/29241394-8a28-46f5-8b62-a062b4564c5c.wav,0.0
3da2ac89-e005-4515-a05f-1465958e489f,coughvid_data/3da2ac89-e005-4515-a05f-1465958e489f.wav,coughvid_data/3da2ac89-e005-4515-a05f-1465958e489f.wav,1.0
f282b272-5533-4d75-89c0-a4fa3bc0a4fc,coughvid_data/f282b272-5533-4d75-89c0-a4fa3bc0a4fc.wav,coughvid_data/f282b272-5533-4d75-89c0-a4fa3bc0a4fc.wav,1.0
613a31a6-2a6e-4f54-9b35-ff52ff02bfd3,coughvid_data/613a31a6-2a6e-4f54-9b35-ff52ff02bfd3.wav,coughvid_data/613a31a6-2a6e-4f54-9b35-ff52ff02bfd3.wav,0.0
3e2193d0-a1b4-4697-8b8c-69fa4d62afcc,coughvid_data/3e2193d0-a1b4-4697-8b8c-69fa4d62afcc.wav,coughvid_data/3e2193d0-a1b4-4697-8b8c-69fa4d62afcc.wav,1.0
7f1e51a5-16c3-4682-bf9c-2feb42d8bd14,coughvid_data/7f1e51a5-16c3-4682-bf9c-2feb42d8bd14.wav,coughvid_data/7f1e51a5-16c3-4682-bf9c-2feb42d8bd14.wav,1.0
d3669a39-488f-41fa-8c31-3cd7d1908708,coughvid_data/d3669a39-488f-41fa-8c31-3cd7d1908708.wav,coughvid_data/d3669a39-488f-41fa-8c31-3cd7d1908708.wav,1.0
4bd6bdb8-e239-4946-b80f-f3db9d3e86ea,coughvid_data/4bd6bdb8-e239-4946-b80f-f3db9d3e86ea.wav,coughvid_data/4bd6bdb8-e239-4946-b80f-f3db9d3e86ea.wav,1.0
1e7c3c56-1c90-4b97-becb-caf080d8a2fe,coughvid_data/1e7c3c56-1c90-4b97-becb-caf080d8a2fe.wav,coughvid_data/1e7c3c56-1c90-4b97-becb-caf080d8a2fe.wav,1.0
46ab32b1-3748-4b01-853a-0f4243d089f8,coughvid_data/46ab32b1-3748-4b01-853a-0f4243d089f8.wav,coughvid_data/46ab32b1-3748-4b01-853a-0f4243d089f8.wav,0.0
426cdc3e-6520-436b-8a6b-596c4391a7d2,coughvid_data/426cdc3e-6520-436b-8a6b-596c4391a7d2.wav,coughvid_data/426cdc3e-6520-436b-8a6b-596c4391a7d2.wav,1.0
7372d65a-1fb3-4c3b-8010-8fb45c37b5b5,coughvid_data/7372d65a-1fb3-4c3b-8010-8fb45c37b5b5.wav,coughvid_data/7372d65a-1fb3-4c3b-8010-8fb45c37b5b5.wav,1.0
294dd3f4-71b6-4b60-a1f5-b41ffbb3728b,coughvid_data/294dd3f4-71b6-4b60-a1f5-b41ffbb3728b.wav,coughvid_data/294dd3f4-71b6-4b60-a1f5-b41ffbb3728b.wav,1.0
3b018a2b-59a9-484b-a71e-437fb96698ab,coughvid_data/3b018a2b-59a9-484b-a71e-437fb96698ab.wav,coughvid_data/3b018a2b-59a9-484b-a71e-437fb96698ab.wav,1.0
d8412cc9-887f-4538-93c4-c0f53d3ecad2,coughvid_data/d8412cc9-887f-4538-93c4-c0f53d3ecad2.wav,coughvid_data/d8412cc9-887f-4538-93c4-c0f53d3ecad2.wav,0.0
3647a6e0-c2ff-4b04-898f-eb60d1a23743,coughvid_data/3647a6e0-c2ff-4b04-898f-eb60d1a23743.wav,coughvid_data/3647a6e0-c2ff-4b04-898f-eb60d1a23743.wav,1.0
64d7d0e6-715c-4fd2-a0e8-334122b61ff2,coughvid_data/64d7d0e6-715c-4fd2-a0e8-334122b61ff2.wav,coughvid_data/64d7d0e6-715c-4fd2-a0e8-334122b61ff2.wav,1.0
1cfd9b15-2121-4de6-bde8-f9bdaa35eebe,coughvid_data/1cfd9b15-2121-4de6-bde8-f9bdaa35eebe.wav,coughvid_data/1cfd9b15-2121-4de6-bde8-f9bdaa35eebe.wav,0.0
48fbbe76-191f-4297-8e87-aa86fc3b6097,coughvid_data/48fbbe76-191f-4297-8e87-aa86fc3b6097.wav,coughvid_data/48fbbe76-191f-4297-8e87-aa86fc3b6097.wav,1.0
4b96a4d5-e938-4003-a9d0-9210199f5f17,coughvid_data/4b96a4d5-e938-4003-a9d0-9210199f5f17.wav,coughvid_data/4b96a4d5-e938-4003-a9d0-9210199f5f17.wav,0.0
b1945513-b993-4398-95b8-15c742513e12,coughvid_data/b1945513-b993-4398-95b8-15c742513e12.wav,coughvid_data/b1945513-b993-4398-95b8-15c742513e12.wav,0.0
ecfd7a7f-33de-4b1a-be03-231e01eeeced,coughvid_data/ecfd7a7f-33de-4b1a-be03-231e01eeeced.wav,coughvid_data/ecfd7a7f-33de-4b1a-be03-231e01eeeced.wav,0.0
8f0a75ca-75f1-4420-83a3-5c7223b8c2f4,coughvid_data/8f0a75ca-75f1-4420-83a3-5c7223b8c2f4.wav,coughvid_data/8f0a75ca-75f1-4420-83a3-5c7223b8c2f4.wav,0.0
41c43b99-2954-4376-86a6-659c14c2bba9,coughvid_data/41c43b99-2954-4376-86a6-659c14c2bba9.wav,coughvid_data/41c43b99-2954-4376-86a6-659c14c2bba9.wav,1.0
8fc30ced-1f41-47e0-87aa-789679b43558,coughvid_data/8fc30ced-1f41-47e0-87aa-789679b43558.wav,coughvid_data/8fc30ced-1f41-47e0-87aa-789679b43558.wav,0.0
b9fceaad-8ee1-449a-95b9-4b26da8656dd,coughvid_data/b9fceaad-8ee1-449a-95b9-4b26da8656dd.wav,coughvid_data/b9fceaad-8ee1-449a-95b9-4b26da8656dd.wav,1.0
0554ee51-20ef-4b0d-89f2-f3a28fbffece,coughvid_data/0554ee51-20ef-4b0d-89f2-f3a28fbffece.wav,coughvid_data/0554ee51-20ef-4b0d-89f2-f3a28fbffece.wav,0.0
60d28fa8-c904-4b36-99b2-2f0ad08ed1c3,coughvid_data/60d28fa8-c904-4b36-99b2-2f0ad08ed1c3.wav,coughvid_data/60d28fa8-c904-4b36-99b2-2f0ad08ed1c3.wav,1.0
101ed080-9de8-4705-b9b3-92496314b05c,coughvid_data/101ed080-9de8-4705-b9b3-92496314b05c.wav,coughvid_data/101ed080-9de8-4705-b9b3-92496314b05c.wav,0.0
4169385f-851d-4517-89e4-a3b0130935ca,coughvid_data/4169385f-851d-4517-89e4-a3b0130935ca.wav,coughvid_data/4169385f-851d-4517-89e4-a3b0130935ca.wav,0.0
a739d614-d2ea-435d-a71e-4d1a856ba44a,coughvid_data/a739d614-d2ea-435d-a71e-4d1a856ba44a.wav,coughvid_data/a739d614-d2ea-435d-a71e-4d1a856ba44a.wav,1.0
5eac4973-465b-4e91-8310-bab4f516e3f9,coughvid_data/5eac4973-465b-4e91-8310-bab4f516e3f9.wav,coughvid_data/5eac4973-465b-4e91-8310-bab4f516e3f9.wav,1.0
6eaee903-0df8-4a22-b0c6-792d838369fa,coughvid_data/6eaee903-0df8-4a22-b0c6-792d838369fa.wav,coughvid_data/6eaee903-0df8-4a22-b0c6-792d838369fa.wav,0.0
2584d069-ea26-4625-81b5-0e7fe2c983ee,coughvid_data/2584d069-ea26-4625-81b5-0e7fe2c983ee.wav,coughvid_data/2584d069-ea26-4625-81b5-0e7fe2c983ee.wav,0.0
26cd5971-2a8c-42d1-a27e-0235b7645b57,coughvid_data/26cd5971-2a8c-42d1-a27e-0235b7645b57.wav,coughvid_data/26cd5971-2a8c-42d1-a27e-0235b7645b57.wav,1.0
f5e49e14-ac6f-479c-b21c-91b6b920291b,coughvid_data/f5e49e14-ac6f-479c-b21c-91b6b920291b.wav,coughvid_data/f5e49e14-ac6f-479c-b21c-91b6b920291b.wav,0.0
0e2d37b7-8ab4-4891-a35e-c0231ee31af5,coughvid_data/0e2d37b7-8ab4-4891-a35e-c0231ee31af5.wav,coughvid_data/0e2d37b7-8ab4-4891-a35e-c0231ee31af5.wav,0.0
806bb50e-7474-43ce-8bf7-384b2cc674c5,coughvid_data/806bb50e-7474-43ce-8bf7-384b2cc674c5.wav,coughvid_data/806bb50e-7474-43ce-8bf7-384b2cc674c5.wav,0.0
3e77bc27-e278-4417-8eb4-d388c5807f04,coughvid_data/3e77bc27-e278-4417-8eb4-d388c5807f04.wav,coughvid_data/3e77bc27-e278-4417-8eb4-d388c5807f04.wav,1.0
0e45303f-9f12-4fea-825c-b7952d61684b,coughvid_data/0e45303f-9f12-4fea-825c-b7952d61684b.wav,coughvid_data/0e45303f-9f12-4fea-825c-b7952d61684b.wav,1.0
1b9ef797-86b7-4ab9-af35-7bafe15dec7c,coughvid_data/1b9ef797-86b7-4ab9-af35-7bafe15dec7c.wav,coughvid_data/1b9ef797-86b7-4ab9-af35-7bafe15dec7c.wav,1.0
655e92b0-7e57-403e-bd28-c7088a17842e,coughvid_data/655e92b0-7e57-403e-bd28-c7088a17842e.wav,coughvid_data/655e92b0-7e57-403e-bd28-c7088a17842e.wav,0.0
837e08f0-5f29-4358-9a22-d4975c29a8c1,coughvid_data/837e08f0-5f29-4358-9a22-d4975c29a8c1.wav,coughvid_data/837e08f0-5f29-4358-9a22-d4975c29a8c1.wav,0.0
ab808e5c-e74b-49fd-a52c-47b01e7d8cf6,coughvid_data/ab808e5c-e74b-49fd-a52c-47b01e7d8cf6.wav,coughvid_data/ab808e5c-e74b-49fd-a52c-47b01e7d8cf6.wav,1.0
1edb22c9-d307-4c8b-837c-7e6f80448a7b,coughvid_data/1edb22c9-d307-4c8b-837c-7e6f80448a7b.wav,coughvid_data/1edb22c9-d307-4c8b-837c-7e6f80448a7b.wav,0.0
6d8fb4ca-343a-42b4-8c98-f34d21d7b8f9,coughvid_data/6d8fb4ca-343a-42b4-8c98-f34d21d7b8f9.wav,coughvid_data/6d8fb4ca-343a-42b4-8c98-f34d21d7b8f9.wav,0.0
4e17bce2-0042-451c-98f2-801357c59101,coughvid_data/4e17bce2-0042-451c-98f2-801357c59101.wav,coughvid_data/4e17bce2-0042-451c-98f2-801357c59101.wav,0.0
89a9d33a-38ac-4927-914b-79d448519c72,coughvid_data/89a9d33a-38ac-4927-914b-79d448519c72.wav,coughvid_data/89a9d33a-38ac-4927-914b-79d448519c72.wav,1.0
95b97514-6c66-4711-874e-f4fb85793ed2,coughvid_data/95b97514-6c66-4711-874e-f4fb85793ed2.wav,coughvid_data/95b97514-6c66-4711-874e-f4fb85793ed2.wav,0.0
46e8eb92-c8f0-4147-96a5-de963f3300a5,coughvid_data/46e8eb92-c8f0-4147-96a5-de963f3300a5.wav,coughvid_data/46e8eb92-c8f0-4147-96a5-de963f3300a5.wav,1.0
829367d2-3785-4688-8231-f6e7946dc429,coughvid_data/829367d2-3785-4688-8231-f6e7946dc429.wav,coughvid_data/829367d2-3785-4688-8231-f6e7946dc429.wav,1.0
70e6b145-bbb5-410d-80ec-2de483898498,coughvid_data/70e6b145-bbb5-410d-80ec-2de483898498.wav,coughvid_data/70e6b145-bbb5-410d-80ec-2de483898498.wav,1.0
9bdef567-3097-4553-8dab-beed4036d779,coughvid_data/9bdef567-3097-4553-8dab-beed4036d779.wav,coughvid_data/9bdef567-3097-4553-8dab-beed4036d779.wav,1.0
2d94dbe7-de2a-40fc-8e76-82e954a2cafc,coughvid_data/2d94dbe7-de2a-40fc-8e76-82e954a2cafc.wav,coughvid_data/2d94dbe7-de2a-40fc-8e76-82e954a2cafc.wav,1.0
42ed8b0f-c344-4948-9c7a-998defcc20b0,coughvid_data/42ed8b0f-c344-4948-9c7a-998defcc20b0.wav,coughvid_data/42ed8b0f-c344-4948-9c7a-998defcc20b0.wav,1.0
ba1b51a7-f8d8-494b-b1e0-23c98cfc5a24,coughvid_data/ba1b51a7-f8d8-494b-b1e0-23c98cfc5a24.wav,coughvid_data/ba1b51a7-f8d8-494b-b1e0-23c98cfc5a24.wav,1.0
4f501d3b-beb6-4474-b8b6-a65171689bca,coughvid_data/4f501d3b-beb6-4474-b8b6-a65171689bca.wav,coughvid_data/4f501d3b-beb6-4474-b8b6-a65171689bca.wav,0.0
ebd333ee-d20f-4902-a195-567b24b40346,coughvid_data/ebd333ee-d20f-4902-a195-567b24b40346.wav,coughvid_data/ebd333ee-d20f-4902-a195-567b24b40346.wav,1.0
0bbd20db-8967-492c-ba5c-41eb1198a8c0,coughvid_data/0bbd20db-8967-492c-ba5c-41eb1198a8c0.wav,coughvid_data/0bbd20db-8967-492c-ba5c-41eb1198a8c0.wav,0.0
b1d502f3-d921-439a-a1f3-231d003d2ac9,coughvid_data/b1d502f3-d921-439a-a1f3-231d003d2ac9.wav,coughvid_data/b1d502f3-d921-439a-a1f3-231d003d2ac9.wav,1.0
1167be89-dca1-4a45-b4dd-74cded5229f9,coughvid_data/1167be89-dca1-4a45-b4dd-74cded5229f9.wav,coughvid_data/1167be89-dca1-4a45-b4dd-74cded5229f9.wav,0.0
b589c70d-a0ef-49ed-b291-7ca1ba598abf,coughvid_data/b589c70d-a0ef-49ed-b291-7ca1ba598abf.wav,coughvid_data/b589c70d-a0ef-49ed-b291-7ca1ba598abf.wav,0.0
fd61e78b-cd07-4eda-b943-981db0c86f7f,coughvid_data/fd61e78b-cd07-4eda-b943-981db0c86f7f.wav,coughvid_data/fd61e78b-cd07-4eda-b943-981db0c86f7f.wav,0.0
07397e2f-b124-469f-8179-2d90c60d5fc4,coughvid_data/07397e2f-b124-469f-8179-2d90c60d5fc4.wav,coughvid_data/07397e2f-b124-469f-8179-2d90c60d5fc4.wav,1.0
58b3e9ec-3de0-4b9a-898c-d8f09cdb196c,coughvid_data/58b3e9ec-3de0-4b9a-898c-d8f09cdb196c.wav,coughvid_data/58b3e9ec-3de0-4b9a-898c-d8f09cdb196c.wav,1.0
b7e26fa3-f5c3-43ef-861b-03bf429461d8,coughvid_data/b7e26fa3-f5c3-43ef-861b-03bf429461d8.wav,coughvid_data/b7e26fa3-f5c3-43ef-861b-03bf429461d8.wav,1.0
63f4e572-e693-4265-8b77-07f552fc63e9,coughvid_data/63f4e572-e693-4265-8b77-07f552fc63e9.wav,coughvid_data/63f4e572-e693-4265-8b77-07f552fc63e9.wav,1.0
a69ab53a-3734-4526-830e-54bf3d807760,coughvid_data/a69ab53a-3734-4526-830e-54bf3d807760.wav,coughvid_data/a69ab53a-3734-4526-830e-54bf3d807760.wav,1.0
b78641d3-b2d9-480e-9335-49dff927abe3,coughvid_data/b78641d3-b2d9-480e-9335-49dff927abe3.wav,coughvid_data/b78641d3-b2d9-480e-9335-49dff927abe3.wav,0.0
eb38ef6e-af9a-48c8-9e10-92eb8d459029,coughvid_data/eb38ef6e-af9a-48c8-9e10-92eb8d459029.wav,coughvid_data/eb38ef6e-af9a-48c8-9e10-92eb8d459029.wav,0.0
32d4ccea-f420-4ece-9cb2-c35329ecd47e,coughvid_data/32d4ccea-f420-4ece-9cb2-c35329ecd47e.wav,coughvid_data/32d4ccea-f420-4ece-9cb2-c35329ecd47e.wav,1.0
2a8ed129-71ec-40d7-8e35-ba9c893c1f51,coughvid_data/2a8ed129-71ec-40d7-8e35-ba9c893c1f51.wav,coughvid_data/2a8ed129-71ec-40d7-8e35-ba9c893c1f51.wav,0.0
44d79c14-0c71-4ccd-bba1-ec66264a2d8f,coughvid_data/44d79c14-0c71-4ccd-bba1-ec66264a2d8f.wav,coughvid_data/44d79c14-0c71-4ccd-bba1-ec66264a2d8f.wav,1.0
b79ee5f8-3fd2-4e74-8b33-f3e6630df1c8,coughvid_data/b79ee5f8-3fd2-4e74-8b33-f3e6630df1c8.wav,coughvid_data/b79ee5f8-3fd2-4e74-8b33-f3e6630df1c8.wav,0.0
0bc5bd03-0f5c-4ee3-837a-7bfb4a57ef59,coughvid_data/0bc5bd03-0f5c-4ee3-837a-7bfb4a57ef59.wav,coughvid_data/0bc5bd03-0f5c-4ee3-837a-7bfb4a57ef59.wav,0.0
4f9577e6-4924-446a-8079-ec17501f8e55,coughvid_data/4f9577e6-4924-446a-8079-ec17501f8e55.wav,coughvid_data/4f9577e6-4924-446a-8079-ec17501f8e55.wav,0.0
fbc74e73-90ae-4cbd-bd81-983250e5c0f7,coughvid_data/fbc74e73-90ae-4cbd-bd81-983250e5c0f7.wav,coughvid_data/fbc74e73-90ae-4cbd-bd81-983250e5c0f7.wav,0.0
80a05566-ac42-4c5c-82a5-4e21cb3ed772,coughvid_data/80a05566-ac42-4c5c-82a5-4e21cb3ed772.wav,coughvid_data/80a05566-ac42-4c5c-82a5-4e21cb3ed772.wav,1.0
e77a153f-1439-42e9-9d6e-a7aa3124f69f,coughvid_data/e77a153f-1439-42e9-9d6e-a7aa3124f69f.wav,coughvid_data/e77a153f-1439-42e9-9d6e-a7aa3124f69f.wav,1.0
1b028001-9e68-47ac-b7c4-1e579487129b,coughvid_data/1b028001-9e68-47ac-b7c4-1e579487129b.wav,coughvid_data/1b028001-9e68-47ac-b7c4-1e579487129b.wav,0.0
190107e1-7ac3-44c5-822a-05fd1ff937ea,coughvid_data/190107e1-7ac3-44c5-822a-05fd1ff937ea.wav,coughvid_data/190107e1-7ac3-44c5-822a-05fd1ff937ea.wav,1.0
4f1f1de0-c34a-4542-8c3b-4b543d8cdf7b,coughvid_data/4f1f1de0-c34a-4542-8c3b-4b543d8cdf7b.wav,coughvid_data/4f1f1de0-c34a-4542-8c3b-4b543d8cdf7b.wav,0.0
f09e5e96-63b6-473f-b54d-b6b2ba92e40e,coughvid_data/f09e5e96-63b6-473f-b54d-b6b2ba92e40e.wav,coughvid_data/f09e5e96-63b6-473f-b54d-b6b2ba92e40e.wav,1.0
9a52dd52-13e2-4547-8287-22c3a89a0ac5,coughvid_data/9a52dd52-13e2-4547-8287-22c3a89a0ac5.wav,coughvid_data/9a52dd52-13e2-4547-8287-22c3a89a0ac5.wav,0.0
71ade8e5-ac50-4979-b1b7-4730bc2d229b,coughvid_data/71ade8e5-ac50-4979-b1b7-4730bc2d229b.wav,coughvid_data/71ade8e5-ac50-4979-b1b7-4730bc2d229b.wav,0.0
07809b76-1f10-424e-853b-cbf4756a8ba2,coughvid_data/07809b76-1f10-424e-853b-cbf4756a8ba2.wav,coughvid_data/07809b76-1f10-424e-853b-cbf4756a8ba2.wav,1.0
b1767ce1-752f-490a-8f7f-93f2b14274d0,coughvid_data/b1767ce1-752f-490a-8f7f-93f2b14274d0.wav,coughvid_data/b1767ce1-752f-490a-8f7f-93f2b14274d0.wav,0.0
6fc979b0-f5c7-4b0d-9e3c-5cfd097255b1,coughvid_data/6fc979b0-f5c7-4b0d-9e3c-5cfd097255b1.wav,coughvid_data/6fc979b0-f5c7-4b0d-9e3c-5cfd097255b1.wav,0.0
45672c15-8e22-49b8-8008-e727cbcdd041,coughvid_data/45672c15-8e22-49b8-8008-e727cbcdd041.wav,coughvid_data/45672c15-8e22-49b8-8008-e727cbcdd041.wav,0.0
986e98ba-2690-4b04-9d0b-9443c1dad3ca,coughvid_data/986e98ba-2690-4b04-9d0b-9443c1dad3ca.wav,coughvid_data/986e98ba-2690-4b04-9d0b-9443c1dad3ca.wav,0.0
660edbc3-8473-4591-a720-44072cbfe572,coughvid_data/660edbc3-8473-4591-a720-44072cbfe572.wav,coughvid_data/660edbc3-8473-4591-a720-44072cbfe572.wav,1.0
8a51646f-0189-428d-b59e-ee82a9a2e2a8,coughvid_data/8a51646f-0189-428d-b59e-ee82a9a2e2a8.wav,coughvid_data/8a51646f-0189-428d-b59e-ee82a9a2e2a8.wav,1.0
563ae851-f40b-490c-99c9-1acf9c269a3c,coughvid_data/563ae851-f40b-490c-99c9-1acf9c269a3c.wav,coughvid_data/563ae851-f40b-490c-99c9-1acf9c269a3c.wav,1.0
611ac868-05a6-483b-8c07-ba5989b88048,coughvid_data/611ac868-05a6-483b-8c07-ba5989b88048.wav,coughvid_data/611ac868-05a6-483b-8c07-ba5989b88048.wav,0.0
1f650eeb-f9d9-40f7-9155-ed82c26abd88,coughvid_data/1f650eeb-f9d9-40f7-9155-ed82c26abd88.wav,coughvid_data/1f650eeb-f9d9-40f7-9155-ed82c26abd88.wav,0.0
bc4ba068-8413-42c1-8191-eb7697e3b5c3,coughvid_data/bc4ba068-8413-42c1-8191-eb7697e3b5c3.wav,coughvid_data/bc4ba068-8413-42c1-8191-eb7697e3b5c3.wav,1.0
f6db3fed-4e72-4b2c-a849-0baf1497ea68,coughvid_data/f6db3fed-4e72-4b2c-a849-0baf1497ea68.wav,coughvid_data/f6db3fed-4e72-4b2c-a849-0baf1497ea68.wav,0.0
c5e530bd-9814-403a-bd14-8633dbf553b7,coughvid_data/c5e530bd-9814-403a-bd14-8633dbf553b7.wav,coughvid_data/c5e530bd-9814-403a-bd14-8633dbf553b7.wav,1.0
c90c8f78-f691-4eca-b1e3-c847267f73b5,coughvid_data/c90c8f78-f691-4eca-b1e3-c847267f73b5.wav,coughvid_data/c90c8f78-f691-4eca-b1e3-c847267f73b5.wav,1.0
3987cfec-1d63-4362-9d51-0f98b1fa67fd,coughvid_data/3987cfec-1d63-4362-9d51-0f98b1fa67fd.wav,coughvid_data/3987cfec-1d63-4362-9d51-0f98b1fa67fd.wav,1.0
63242785-5cf3-4f29-8576-ca23dc248fc8,coughvid_data/63242785-5cf3-4f29-8576-ca23dc248fc8.wav,coughvid_data/63242785-5cf3-4f29-8576-ca23dc248fc8.wav,0.0
646e6d17-d8cb-4a82-a2d6-b442db2e0628,coughvid_data/646e6d17-d8cb-4a82-a2d6-b442db2e0628.wav,coughvid_data/646e6d17-d8cb-4a82-a2d6-b442db2e0628.wav,0.0
43aad1cb-3758-4f67-8721-acc34b6ade70,coughvid_data/43aad1cb-3758-4f67-8721-acc34b6ade70.wav,coughvid_data/43aad1cb-3758-4f67-8721-acc34b6ade70.wav,0.0
beed7255-fdd6-4612-ac06-116a8123a3e2,coughvid_data/beed7255-fdd6-4612-ac06-116a8123a3e2.wav,coughvid_data/beed7255-fdd6-4612-ac06-116a8123a3e2.wav,0.0
7c08612d-631e-4c89-92bf-82fc7705108e,coughvid_data/7c08612d-631e-4c89-92bf-82fc7705108e.wav,coughvid_data/7c08612d-631e-4c89-92bf-82fc7705108e.wav,1.0
9fbcd827-c674-42e8-82b9-1c3d911bffc3,coughvid_data/9fbcd827-c674-42e8-82b9-1c3d911bffc3.wav,coughvid_data/9fbcd827-c674-42e8-82b9-1c3d911bffc3.wav,1.0
4d5582c9-afeb-4499-acc7-3b531513fdcc,coughvid_data/4d5582c9-afeb-4499-acc7-3b531513fdcc.wav,coughvid_data/4d5582c9-afeb-4499-acc7-3b531513fdcc.wav,0.0
27fd0d9a-2265-4d5e-bf2f-192ea8a638ae,coughvid_data/27fd0d9a-2265-4d5e-bf2f-192ea8a638ae.wav,coughvid_data/27fd0d9a-2265-4d5e-bf2f-192ea8a638ae.wav,1.0
5b7b22eb-09f7-4b66-bac2-ce571452c2fd,coughvid_data/5b7b22eb-09f7-4b66-bac2-ce571452c2fd.wav,coughvid_data/5b7b22eb-09f7-4b66-bac2-ce571452c2fd.wav,1.0
b7ffed0b-86c5-4903-b267-948ed8f4324a,coughvid_data/b7ffed0b-86c5-4903-b267-948ed8f4324a.wav,coughvid_data/b7ffed0b-86c5-4903-b267-948ed8f4324a.wav,0.0
b3889822-bf4c-4655-8d72-69593a4abda4,coughvid_data/b3889822-bf4c-4655-8d72-69593a4abda4.wav,coughvid_data/b3889822-bf4c-4655-8d72-69593a4abda4.wav,1.0
2e430db6-3d78-4b46-94d9-caec3786ab35,coughvid_data/2e430db6-3d78-4b46-94d9-caec3786ab35.wav,coughvid_data/2e430db6-3d78-4b46-94d9-caec3786ab35.wav,1.0
b3f67729-c21c-442c-9c48-8e3725e200d9,coughvid_data/b3f67729-c21c-442c-9c48-8e3725e200d9.wav,coughvid_data/b3f67729-c21c-442c-9c48-8e3725e200d9.wav,1.0
60226da5-e164-4e0b-95f4-9c28dcc2a941,coughvid_data/60226da5-e164-4e0b-95f4-9c28dcc2a941.wav,coughvid_data/60226da5-e164-4e0b-95f4-9c28dcc2a941.wav,1.0
dedbe6ec-9e41-4c8b-8a97-8709d2ddb711,coughvid_data/dedbe6ec-9e41-4c8b-8a97-8709d2ddb711.wav,coughvid_data/dedbe6ec-9e41-4c8b-8a97-8709d2ddb711.wav,0.0
78d26707-212b-4fc6-b718-8cf3baa1f051,coughvid_data/78d26707-212b-4fc6-b718-8cf3baa1f051.wav,coughvid_data/78d26707-212b-4fc6-b718-8cf3baa1f051.wav,1.0
1e6ff039-d45f-4c8d-8bf0-b0236766ddd7,coughvid_data/1e6ff039-d45f-4c8d-8bf0-b0236766ddd7.wav,coughvid_data/1e6ff039-d45f-4c8d-8bf0-b0236766ddd7.wav,0.0
1c059869-9c1b-4ded-9a75-c4d2de2a2808,coughvid_data/1c059869-9c1b-4ded-9a75-c4d2de2a2808.wav,coughvid_data/1c059869-9c1b-4ded-9a75-c4d2de2a2808.wav,0.0
70edfd8c-9bca-4135-9117-1d091e911a3c,coughvid_data/70edfd8c-9bca-4135-9117-1d091e911a3c.wav,coughvid_data/70edfd8c-9bca-4135-9117-1d091e911a3c.wav,0.0
2ffd1b8d-ee54-408d-95b5-b7247d14ab9f,coughvid_data/2ffd1b8d-ee54-408d-95b5-b7247d14ab9f.wav,coughvid_data/2ffd1b8d-ee54-408d-95b5-b7247d14ab9f.wav,1.0
8dac4ad7-9bbc-4a9c-8c1a-d3823d31bb57,coughvid_data/8dac4ad7-9bbc-4a9c-8c1a-d3823d31bb57.wav,coughvid_data/8dac4ad7-9bbc-4a9c-8c1a-d3823d31bb57.wav,0.0
a6f635b0-3e17-4706-9d6e-ce7f08cd68d4,coughvid_data/a6f635b0-3e17-4706-9d6e-ce7f08cd68d4.wav,coughvid_data/a6f635b0-3e17-4706-9d6e-ce7f08cd68d4.wav,1.0
fc4e7c12-0af3-471f-a66f-75a5c9f896ca,coughvid_data/fc4e7c12-0af3-471f-a66f-75a5c9f896ca.wav,coughvid_data/fc4e7c12-0af3-471f-a66f-75a5c9f896ca.wav,0.0
2574fcac-a208-4834-9f58-486fb0fc9c72,coughvid_data/2574fcac-a208-4834-9f58-486fb0fc9c72.wav,coughvid_data/2574fcac-a208-4834-9f58-486fb0fc9c72.wav,0.0
35e556db-2049-4f69-90e0-53513a71e032,coughvid_data/35e556db-2049-4f69-90e0-53513a71e032.wav,coughvid_data/35e556db-2049-4f69-90e0-53513a71e032.wav,0.0
35b2611b-e9ee-45f5-9443-66f97a226710,coughvid_data/35b2611b-e9ee-45f5-9443-66f97a226710.wav,coughvid_data/35b2611b-e9ee-45f5-9443-66f97a226710.wav,0.0
92869f9e-12f7-4877-9120-852077ee1e4f,coughvid_data/92869f9e-12f7-4877-9120-852077ee1e4f.wav,coughvid_data/92869f9e-12f7-4877-9120-852077ee1e4f.wav,0.0
60205c77-e798-4ccf-9e2c-fb79366d7c1f,coughvid_data/60205c77-e798-4ccf-9e2c-fb79366d7c1f.wav,coughvid_data/60205c77-e798-4ccf-9e2c-fb79366d7c1f.wav,0.0
1a496b50-8e5e-447e-bac7-96f2bc48d793,coughvid_data/1a496b50-8e5e-447e-bac7-96f2bc48d793.wav,coughvid_data/1a496b50-8e5e-447e-bac7-96f2bc48d793.wav,1.0
7efdbd4d-dbec-4934-a73d-6d94aada96cd,coughvid_data/7efdbd4d-dbec-4934-a73d-6d94aada96cd.wav,coughvid_data/7efdbd4d-dbec-4934-a73d-6d94aada96cd.wav,1.0
5fd63508-510f-4563-9bff-119ddfb7ec37,coughvid_data/5fd63508-510f-4563-9bff-119ddfb7ec37.wav,coughvid_data/5fd63508-510f-4563-9bff-119ddfb7ec37.wav,1.0
45b27dd8-ab91-4ee5-b998-a1346c827612,coughvid_data/45b27dd8-ab91-4ee5-b998-a1346c827612.wav,coughvid_data/45b27dd8-ab91-4ee5-b998-a1346c827612.wav,1.0
44091e0f-5339-424b-9710-05ba126e0140,coughvid_data/44091e0f-5339-424b-9710-05ba126e0140.wav,coughvid_data/44091e0f-5339-424b-9710-05ba126e0140.wav,1.0
59771098-cb42-4581-9caf-e2efe3eeb5fd,coughvid_data/59771098-cb42-4581-9caf-e2efe3eeb5fd.wav,coughvid_data/59771098-cb42-4581-9caf-e2efe3eeb5fd.wav,0.0
e8f5bcaa-487d-4e86-93a0-a89c9f87ae93,coughvid_data/e8f5bcaa-487d-4e86-93a0-a89c9f87ae93.wav,coughvid_data/e8f5bcaa-487d-4e86-93a0-a89c9f87ae93.wav,1.0
29426ec2-55bf-4ce0-a591-bd7ea2dd9a6c,coughvid_data/29426ec2-55bf-4ce0-a591-bd7ea2dd9a6c.wav,coughvid_data/29426ec2-55bf-4ce0-a591-bd7ea2dd9a6c.wav,1.0
5d0bbe6d-6dae-4593-9b2a-2839777b3d9d,coughvid_data/5d0bbe6d-6dae-4593-9b2a-2839777b3d9d.wav,coughvid_data/5d0bbe6d-6dae-4593-9b2a-2839777b3d9d.wav,1.0
2d303146-eb28-4cad-b222-aa78ee659a91,coughvid_data/2d303146-eb28-4cad-b222-aa78ee659a91.wav,coughvid_data/2d303146-eb28-4cad-b222-aa78ee659a91.wav,1.0
f8c8874c-b26c-4f63-b7fe-7961024f6050,coughvid_data/f8c8874c-b26c-4f63-b7fe-7961024f6050.wav,coughvid_data/f8c8874c-b26c-4f63-b7fe-7961024f6050.wav,0.0
205eb76f-8331-4db0-8e28-1b7771cbb8f2,coughvid_data/205eb76f-8331-4db0-8e28-1b7771cbb8f2.wav,coughvid_data/205eb76f-8331-4db0-8e28-1b7771cbb8f2.wav,1.0
91f958fb-21e8-488e-acc6-65c8301d6100,coughvid_data/91f958fb-21e8-488e-acc6-65c8301d6100.wav,coughvid_data/91f958fb-21e8-488e-acc6-65c8301d6100.wav,1.0
8e7349e9-f687-4127-9b09-f4ff5e3dbd48,coughvid_data/8e7349e9-f687-4127-9b09-f4ff5e3dbd48.wav,coughvid_data/8e7349e9-f687-4127-9b09-f4ff5e3dbd48.wav,0.0
74f31b0e-04b6-476e-ad84-857c83a20914,coughvid_data/74f31b0e-04b6-476e-ad84-857c83a20914.wav,coughvid_data/74f31b0e-04b6-476e-ad84-857c83a20914.wav,1.0
9021d05a-2c97-4389-aed7-c6058f066b86,coughvid_data/9021d05a-2c97-4389-aed7-c6058f066b86.wav,coughvid_data/9021d05a-2c97-4389-aed7-c6058f066b86.wav,0.0
db4a38e3-e297-4b7b-b700-3a1ac28ec022,coughvid_data/db4a38e3-e297-4b7b-b700-3a1ac28ec022.wav,coughvid_data/db4a38e3-e297-4b7b-b700-3a1ac28ec022.wav,1.0
d399c5d8-0e71-48aa-86f7-8bf09224e39a,coughvid_data/d399c5d8-0e71-48aa-86f7-8bf09224e39a.wav,coughvid_data/d399c5d8-0e71-48aa-86f7-8bf09224e39a.wav,0.0
2041591b-8ac1-40f5-bc8c-e9399f9685ab,coughvid_data/2041591b-8ac1-40f5-bc8c-e9399f9685ab.wav,coughvid_data/2041591b-8ac1-40f5-bc8c-e9399f9685ab.wav,1.0
28c65a28-8653-492e-be6f-dd5183ad3339,coughvid_data/28c65a28-8653-492e-be6f-dd5183ad3339.wav,coughvid_data/28c65a28-8653-492e-be6f-dd5183ad3339.wav,1.0
09f32058-8672-43a6-941c-52ee01447b74,coughvid_data/09f32058-8672-43a6-941c-52ee01447b74.wav,coughvid_data/09f32058-8672-43a6-941c-52ee01447b74.wav,0.0
b6f51dcc-1bcd-4d7e-93dd-3ea254cac48b,coughvid_data/b6f51dcc-1bcd-4d7e-93dd-3ea254cac48b.wav,coughvid_data/b6f51dcc-1bcd-4d7e-93dd-3ea254cac48b.wav,0.0
fa3cbbd0-dcbb-4ce7-a658-d87644a69946,coughvid_data/fa3cbbd0-dcbb-4ce7-a658-d87644a69946.wav,coughvid_data/fa3cbbd0-dcbb-4ce7-a658-d87644a69946.wav,1.0
0d154224-0a70-4e31-8f8b-8853b333fa6b,coughvid_data/0d154224-0a70-4e31-8f8b-8853b333fa6b.wav,coughvid_data/0d154224-0a70-4e31-8f8b-8853b333fa6b.wav,1.0
5efa345c-a48a-4c67-920c-c77d3365c768,coughvid_data/5efa345c-a48a-4c67-920c-c77d3365c768.wav,coughvid_data/5efa345c-a48a-4c67-920c-c77d3365c768.wav,1.0
88571a5b-7d25-4373-86f8-f784dbceabec,coughvid_data/88571a5b-7d25-4373-86f8-f784dbceabec.wav,coughvid_data/88571a5b-7d25-4373-86f8-f784dbceabec.wav,1.0
a817b42a-f2dd-4505-86e8-5a5a4287df29,coughvid_data/a817b42a-f2dd-4505-86e8-5a5a4287df29.wav,coughvid_data/a817b42a-f2dd-4505-86e8-5a5a4287df29.wav,0.0
8d5f51db-5bba-4bec-a9af-2e9cb5c12c24,coughvid_data/8d5f51db-5bba-4bec-a9af-2e9cb5c12c24.wav,coughvid_data/8d5f51db-5bba-4bec-a9af-2e9cb5c12c24.wav,0.0
5ea1fd9c-bc92-4eec-88a4-96d22c449193,coughvid_data/5ea1fd9c-bc92-4eec-88a4-96d22c449193.wav,coughvid_data/5ea1fd9c-bc92-4eec-88a4-96d22c449193.wav,0.0
e07f4e9c-7a8a-44b2-b25c-2934f30ac3ed,coughvid_data/e07f4e9c-7a8a-44b2-b25c-2934f30ac3ed.wav,coughvid_data/e07f4e9c-7a8a-44b2-b25c-2934f30ac3ed.wav,0.0
b2de8d2c-f1ea-4c7d-9f34-01fae4f9995e,coughvid_data/b2de8d2c-f1ea-4c7d-9f34-01fae4f9995e.wav,coughvid_data/b2de8d2c-f1ea-4c7d-9f34-01fae4f9995e.wav,0.0
e05d34a8-1418-4b08-9392-e3aa84f13361,coughvid_data/e05d34a8-1418-4b08-9392-e3aa84f13361.wav,coughvid_data/e05d34a8-1418-4b08-9392-e3aa84f13361.wav,0.0
c591c5cf-5300-43f8-a74f-ed63ed37c1a0,coughvid_data/c591c5cf-5300-43f8-a74f-ed63ed37c1a0.wav,coughvid_data/c591c5cf-5300-43f8-a74f-ed63ed37c1a0.wav,0.0
d077803f-4ce2-4c11-b23f-561df9bad4ae,coughvid_data/d077803f-4ce2-4c11-b23f-561df9bad4ae.wav,coughvid_data/d077803f-4ce2-4c11-b23f-561df9bad4ae.wav,0.0
3e049c27-8814-4a17-b2d8-f1d2c66d1882,coughvid_data/3e049c27-8814-4a17-b2d8-f1d2c66d1882.wav,coughvid_data/3e049c27-8814-4a17-b2d8-f1d2c66d1882.wav,0.0
9d5f3e7b-ab2c-432e-b15a-2ade30a9e01d,coughvid_data/9d5f3e7b-ab2c-432e-b15a-2ade30a9e01d.wav,coughvid_data/9d5f3e7b-ab2c-432e-b15a-2ade30a9e01d.wav,0.0
40644d68-53ef-43df-b62e-565497463ddd,coughvid_data/40644d68-53ef-43df-b62e-565497463ddd.wav,coughvid_data/40644d68-53ef-43df-b62e-565497463ddd.wav,0.0
5f4fb1e3-a3b8-4638-aa39-4338f0147e20,coughvid_data/5f4fb1e3-a3b8-4638-aa39-4338f0147e20.wav,coughvid_data/5f4fb1e3-a3b8-4638-aa39-4338f0147e20.wav,0.0
5c5888da-63a8-4357-acad-3b371173db46,coughvid_data/5c5888da-63a8-4357-acad-3b371173db46.wav,coughvid_data/5c5888da-63a8-4357-acad-3b371173db46.wav,1.0
032eedc1-ac8a-40cb-9477-abf156ff527d,coughvid_data/032eedc1-ac8a-40cb-9477-abf156ff527d.wav,coughvid_data/032eedc1-ac8a-40cb-9477-abf156ff527d.wav,0.0
030616cc-5fb6-465e-b426-061dedb19915,coughvid_data/030616cc-5fb6-465e-b426-061dedb19915.wav,coughvid_data/030616cc-5fb6-465e-b426-061dedb19915.wav,1.0
da2c6c6d-8fba-4df3-9ed0-894b9f6ce681,coughvid_data/da2c6c6d-8fba-4df3-9ed0-894b9f6ce681.wav,coughvid_data/da2c6c6d-8fba-4df3-9ed0-894b9f6ce681.wav,1.0
eefa4eaa-dd83-43b7-85e1-2b6389223461,coughvid_data/eefa4eaa-dd83-43b7-85e1-2b6389223461.wav,coughvid_data/eefa4eaa-dd83-43b7-85e1-2b6389223461.wav,0.0
087b2eb4-8460-4e09-a385-c6f21d38558a,coughvid_data/087b2eb4-8460-4e09-a385-c6f21d38558a.wav,coughvid_data/087b2eb4-8460-4e09-a385-c6f21d38558a.wav,0.0
4c7bb314-c283-4249-8f0b-b9213f3ed012,coughvid_data/4c7bb314-c283-4249-8f0b-b9213f3ed012.wav,coughvid_data/4c7bb314-c283-4249-8f0b-b9213f3ed012.wav,0.0
d9572ab3-33a4-40c8-ae98-87e9404a8963,coughvid_data/d9572ab3-33a4-40c8-ae98-87e9404a8963.wav,coughvid_data/d9572ab3-33a4-40c8-ae98-87e9404a8963.wav,1.0
fc5ebb25-efd1-4df7-8a6e-4af934926890,coughvid_data/fc5ebb25-efd1-4df7-8a6e-4af934926890.wav,coughvid_data/fc5ebb25-efd1-4df7-8a6e-4af934926890.wav,1.0
355cdcc6-45ac-4aca-abbe-623dac67ee87,coughvid_data/355cdcc6-45ac-4aca-abbe-623dac67ee87.wav,coughvid_data/355cdcc6-45ac-4aca-abbe-623dac67ee87.wav,1.0
ca7fd608-758f-4f11-9105-c02b13e10ff5,coughvid_data/ca7fd608-758f-4f11-9105-c02b13e10ff5.wav,coughvid_data/ca7fd608-758f-4f11-9105-c02b13e10ff5.wav,1.0
692b0b34-59c6-45c3-a6f1-81cfd86b50e3,coughvid_data/692b0b34-59c6-45c3-a6f1-81cfd86b50e3.wav,coughvid_data/692b0b34-59c6-45c3-a6f1-81cfd86b50e3.wav,0.0
b9579f63-24fd-4e2f-8444-c087556984ea,coughvid_data/b9579f63-24fd-4e2f-8444-c087556984ea.wav,coughvid_data/b9579f63-24fd-4e2f-8444-c087556984ea.wav,1.0
85d5b124-b2dc-4383-9243-bc1ca5547995,coughvid_data/85d5b124-b2dc-4383-9243-bc1ca5547995.wav,coughvid_data/85d5b124-b2dc-4383-9243-bc1ca5547995.wav,0.0
08e1fcba-d1b0-4365-b1ac-5efa5d143bcb,coughvid_data/08e1fcba-d1b0-4365-b1ac-5efa5d143bcb.wav,coughvid_data/08e1fcba-d1b0-4365-b1ac-5efa5d143bcb.wav,1.0
79319102-5fd0-46bd-b091-017b1c0973d1,coughvid_data/79319102-5fd0-46bd-b091-017b1c0973d1.wav,coughvid_data/79319102-5fd0-46bd-b091-017b1c0973d1.wav,1.0
a424d397-d176-450f-9071-dce0dac6092a,coughvid_data/a424d397-d176-450f-9071-dce0dac6092a.wav,coughvid_data/a424d397-d176-450f-9071-dce0dac6092a.wav,1.0
889dccee-0dc6-456a-ba25-0472a850ffd0,coughvid_data/889dccee-0dc6-456a-ba25-0472a850ffd0.wav,coughvid_data/889dccee-0dc6-456a-ba25-0472a850ffd0.wav,1.0
503149d3-408b-4e2c-9ee8-b6ad1bb1fc3c,coughvid_data/503149d3-408b-4e2c-9ee8-b6ad1bb1fc3c.wav,coughvid_data/503149d3-408b-4e2c-9ee8-b6ad1bb1fc3c.wav,0.0
9832b8e3-2013-46e1-bf24-5068af4014a8,coughvid_data/9832b8e3-2013-46e1-bf24-5068af4014a8.wav,coughvid_data/9832b8e3-2013-46e1-bf24-5068af4014a8.wav,1.0
3e4f5e58-e87d-4452-8762-ccdb442d5295,coughvid_data/3e4f5e58-e87d-4452-8762-ccdb442d5295.wav,coughvid_data/3e4f5e58-e87d-4452-8762-ccdb442d5295.wav,1.0
5917d68a-3e0f-4db2-ad5a-29d195870a25,coughvid_data/5917d68a-3e0f-4db2-ad5a-29d195870a25.wav,coughvid_data/5917d68a-3e0f-4db2-ad5a-29d195870a25.wav,0.0
4e624ae2-927d-4a91-9010-8fe2877ec6cd,coughvid_data/4e624ae2-927d-4a91-9010-8fe2877ec6cd.wav,coughvid_data/4e624ae2-927d-4a91-9010-8fe2877ec6cd.wav,1.0
9bce878a-41b5-43a1-af53-091f192c9c35,coughvid_data/9bce878a-41b5-43a1-af53-091f192c9c35.wav,coughvid_data/9bce878a-41b5-43a1-af53-091f192c9c35.wav,1.0
e03b8b54-7d5f-401a-beba-0f47b31a4958,coughvid_data/e03b8b54-7d5f-401a-beba-0f47b31a4958.wav,coughvid_data/e03b8b54-7d5f-401a-beba-0f47b31a4958.wav,1.0
2841a6d5-a8bd-4546-a26c-cb418b7d1afe,coughvid_data/2841a6d5-a8bd-4546-a26c-cb418b7d1afe.wav,coughvid_data/2841a6d5-a8bd-4546-a26c-cb418b7d1afe.wav,1.0
c92be1a5-86ba-4939-bf5f-930d21040f47,coughvid_data/c92be1a5-86ba-4939-bf5f-930d21040f47.wav,coughvid_data/c92be1a5-86ba-4939-bf5f-930d21040f47.wav,0.0
e7746a7e-d142-4172-81bb-62cab292dac5,coughvid_data/e7746a7e-d142-4172-81bb-62cab292dac5.wav,coughvid_data/e7746a7e-d142-4172-81bb-62cab292dac5.wav,0.0
25a3e543-9086-4aeb-8c6e-a01c4caec5b1,coughvid_data/25a3e543-9086-4aeb-8c6e-a01c4caec5b1.wav,coughvid_data/25a3e543-9086-4aeb-8c6e-a01c4caec5b1.wav,1.0
2b599658-d6f9-477a-a539-3ade48a1634a,coughvid_data/2b599658-d6f9-477a-a539-3ade48a1634a.wav,coughvid_data/2b599658-d6f9-477a-a539-3ade48a1634a.wav,1.0
fa21a3ce-cebb-4efd-839c-5f43458a224f,coughvid_data/fa21a3ce-cebb-4efd-839c-5f43458a224f.wav,coughvid_data/fa21a3ce-cebb-4efd-839c-5f43458a224f.wav,1.0
3cdcff9f-c710-477e-a57b-d6a3edb0d1c8,coughvid_data/3cdcff9f-c710-477e-a57b-d6a3edb0d1c8.wav,coughvid_data/3cdcff9f-c710-477e-a57b-d6a3edb0d1c8.wav,0.0
b91d2118-cf9f-4bab-937e-5f836c7e1099,coughvid_data/b91d2118-cf9f-4bab-937e-5f836c7e1099.wav,coughvid_data/b91d2118-cf9f-4bab-937e-5f836c7e1099.wav,1.0
30940a0e-0eec-405d-95f2-7743035cfcec,coughvid_data/30940a0e-0eec-405d-95f2-7743035cfcec.wav,coughvid_data/30940a0e-0eec-405d-95f2-7743035cfcec.wav,1.0
cbcd3d09-9480-4a73-9770-64b7efcba9f8,coughvid_data/cbcd3d09-9480-4a73-9770-64b7efcba9f8.wav,coughvid_data/cbcd3d09-9480-4a73-9770-64b7efcba9f8.wav,1.0
92a93562-099e-42a7-acd7-1ccabebbcdd3,coughvid_data/92a93562-099e-42a7-acd7-1ccabebbcdd3.wav,coughvid_data/92a93562-099e-42a7-acd7-1ccabebbcdd3.wav,1.0
4fbce4f8-40e6-4ca6-89d3-69c2649904fe,coughvid_data/4fbce4f8-40e6-4ca6-89d3-69c2649904fe.wav,coughvid_data/4fbce4f8-40e6-4ca6-89d3-69c2649904fe.wav,1.0
ae5d9fc0-24e0-42c6-9f0e-7f37b59eca67,coughvid_data/ae5d9fc0-24e0-42c6-9f0e-7f37b59eca67.wav,coughvid_data/ae5d9fc0-24e0-42c6-9f0e-7f37b59eca67.wav,0.0
a0a20233-6250-4ca9-afc6-1bc6f9075680,coughvid_data/a0a20233-6250-4ca9-afc6-1bc6f9075680.wav,coughvid_data/a0a20233-6250-4ca9-afc6-1bc6f9075680.wav,0.0
a0e0ce03-2778-46f2-8b5f-aa46c503f392,coughvid_data/a0e0ce03-2778-46f2-8b5f-aa46c503f392.wav,coughvid_data/a0e0ce03-2778-46f2-8b5f-aa46c503f392.wav,1.0
4f6e0926-013c-4991-b5b7-36b9b0d87f91,coughvid_data/4f6e0926-013c-4991-b5b7-36b9b0d87f91.wav,coughvid_data/4f6e0926-013c-4991-b5b7-36b9b0d87f91.wav,1.0
de2e3551-b35f-4c44-b793-782354bcb2e6,coughvid_data/de2e3551-b35f-4c44-b793-782354bcb2e6.wav,coughvid_data/de2e3551-b35f-4c44-b793-782354bcb2e6.wav,0.0
0625295b-3d0f-416d-9642-94966f083fb6,coughvid_data/0625295b-3d0f-416d-9642-94966f083fb6.wav,coughvid_data/0625295b-3d0f-416d-9642-94966f083fb6.wav,0.0
dd5cd67a-68c9-4c8c-8eef-4925989ecb98,coughvid_data/dd5cd67a-68c9-4c8c-8eef-4925989ecb98.wav,coughvid_data/dd5cd67a-68c9-4c8c-8eef-4925989ecb98.wav,1.0
61356cf7-3854-4257-9117-e46ec768d75d,coughvid_data/61356cf7-3854-4257-9117-e46ec768d75d.wav,coughvid_data/61356cf7-3854-4257-9117-e46ec768d75d.wav,0.0
86c3fa35-c4e2-4c95-912a-2cd604a1921a,coughvid_data/86c3fa35-c4e2-4c95-912a-2cd604a1921a.wav,coughvid_data/86c3fa35-c4e2-4c95-912a-2cd604a1921a.wav,1.0
26f1e317-5c52-42f2-8941-7fd294cf97f0,coughvid_data/26f1e317-5c52-42f2-8941-7fd294cf97f0.wav,coughvid_data/26f1e317-5c52-42f2-8941-7fd294cf97f0.wav,0.0
30b9a320-705b-452a-9ff9-daa6f5639085,coughvid_data/30b9a320-705b-452a-9ff9-daa6f5639085.wav,coughvid_data/30b9a320-705b-452a-9ff9-daa6f5639085.wav,1.0
8f517c24-a2f8-4346-a4b8-0fad07f79a9f,coughvid_data/8f517c24-a2f8-4346-a4b8-0fad07f79a9f.wav,coughvid_data/8f517c24-a2f8-4346-a4b8-0fad07f79a9f.wav,1.0
c91ce56d-82b2-4295-82a8-7a898cbd0d26,coughvid_data/c91ce56d-82b2-4295-82a8-7a898cbd0d26.wav,coughvid_data/c91ce56d-82b2-4295-82a8-7a898cbd0d26.wav,1.0
888f0bc9-1781-494d-9076-a977bc8ae3e1,coughvid_data/888f0bc9-1781-494d-9076-a977bc8ae3e1.wav,coughvid_data/888f0bc9-1781-494d-9076-a977bc8ae3e1.wav,1.0
e316e521-1a35-4a37-810a-fdc196d81274,coughvid_data/e316e521-1a35-4a37-810a-fdc196d81274.wav,coughvid_data/e316e521-1a35-4a37-810a-fdc196d81274.wav,0.0
c0a9dd69-b239-4e19-bae3-8cc3f89674da,coughvid_data/c0a9dd69-b239-4e19-bae3-8cc3f89674da.wav,coughvid_data/c0a9dd69-b239-4e19-bae3-8cc3f89674da.wav,1.0
31b90766-0868-45a1-a57e-05c2ef12aca6,coughvid_data/31b90766-0868-45a1-a57e-05c2ef12aca6.wav,coughvid_data/31b90766-0868-45a1-a57e-05c2ef12aca6.wav,0.0
d509fcec-b65c-48ff-b1b8-5b6adf0fe93a,coughvid_data/d509fcec-b65c-48ff-b1b8-5b6adf0fe93a.wav,coughvid_data/d509fcec-b65c-48ff-b1b8-5b6adf0fe93a.wav,1.0
5d35c720-f063-4120-b47d-b83f5e71a7ed,coughvid_data/5d35c720-f063-4120-b47d-b83f5e71a7ed.wav,coughvid_data/5d35c720-f063-4120-b47d-b83f5e71a7ed.wav,1.0
97478e33-bb7a-40b1-9a55-59e579f0dad3,coughvid_data/97478e33-bb7a-40b1-9a55-59e579f0dad3.wav,coughvid_data/97478e33-bb7a-40b1-9a55-59e579f0dad3.wav,1.0
a52d4ed6-4bf9-428b-9383-386e15b5fe3e,coughvid_data/a52d4ed6-4bf9-428b-9383-386e15b5fe3e.wav,coughvid_data/a52d4ed6-4bf9-428b-9383-386e15b5fe3e.wav,0.0
8e10c88a-9028-4f86-ac81-efc8fdfb8bd7,coughvid_data/8e10c88a-9028-4f86-ac81-efc8fdfb8bd7.wav,coughvid_data/8e10c88a-9028-4f86-ac81-efc8fdfb8bd7.wav,0.0
1cc88f3a-3529-4cb8-a167-fc0cb5b0bfb6,coughvid_data/1cc88f3a-3529-4cb8-a167-fc0cb5b0bfb6.wav,coughvid_data/1cc88f3a-3529-4cb8-a167-fc0cb5b0bfb6.wav,1.0
7f267386-cf7b-4e17-8ba4-9e4c91673671,coughvid_data/7f267386-cf7b-4e17-8ba4-9e4c91673671.wav,coughvid_data/7f267386-cf7b-4e17-8ba4-9e4c91673671.wav,1.0
48b3f4b5-393f-4693-a3ec-c50c678e5093,coughvid_data/48b3f4b5-393f-4693-a3ec-c50c678e5093.wav,coughvid_data/48b3f4b5-393f-4693-a3ec-c50c678e5093.wav,1.0
64408869-4eed-44cf-b1d2-40e866921658,coughvid_data/64408869-4eed-44cf-b1d2-40e866921658.wav,coughvid_data/64408869-4eed-44cf-b1d2-40e866921658.wav,0.0
67107a81-186a-455a-8492-fd0259cc0e04,coughvid_data/67107a81-186a-455a-8492-fd0259cc0e04.wav,coughvid_data/67107a81-186a-455a-8492-fd0259cc0e04.wav,1.0
d2ba3a1a-db32-46fa-8d75-54a5df87997f,coughvid_data/d2ba3a1a-db32-46fa-8d75-54a5df87997f.wav,coughvid_data/d2ba3a1a-db32-46fa-8d75-54a5df87997f.wav,1.0
cf645cc5-0ae9-4d4b-826a-14fc16f11bb8,coughvid_data/cf645cc5-0ae9-4d4b-826a-14fc16f11bb8.wav,coughvid_data/cf645cc5-0ae9-4d4b-826a-14fc16f11bb8.wav,1.0
052aff1e-8050-456c-bf53-28647fae7445,coughvid_data/052aff1e-8050-456c-bf53-28647fae7445.wav,coughvid_data/052aff1e-8050-456c-bf53-28647fae7445.wav,0.0
3a2ca593-e0c1-4edc-800e-41d009bf5650,coughvid_data/3a2ca593-e0c1-4edc-800e-41d009bf5650.wav,coughvid_data/3a2ca593-e0c1-4edc-800e-41d009bf5650.wav,0.0
0bb4f283-a80c-467f-9e29-05b138542616,coughvid_data/0bb4f283-a80c-467f-9e29-05b138542616.wav,coughvid_data/0bb4f283-a80c-467f-9e29-05b138542616.wav,0.0
943f01ff-b65f-4f59-8616-a11a7cff5bc7,coughvid_data/943f01ff-b65f-4f59-8616-a11a7cff5bc7.wav,coughvid_data/943f01ff-b65f-4f59-8616-a11a7cff5bc7.wav,1.0
4532657b-4fba-48c5-8683-2e92cab025f6,coughvid_data/4532657b-4fba-48c5-8683-2e92cab025f6.wav,coughvid_data/4532657b-4fba-48c5-8683-2e92cab025f6.wav,1.0
dba6a1e3-ce39-438e-af77-9b1ce00332de,coughvid_data/dba6a1e3-ce39-438e-af77-9b1ce00332de.wav,coughvid_data/dba6a1e3-ce39-438e-af77-9b1ce00332de.wav,1.0
17e60acf-583c-4073-9208-10f91c9930bf,coughvid_data/17e60acf-583c-4073-9208-10f91c9930bf.wav,coughvid_data/17e60acf-583c-4073-9208-10f91c9930bf.wav,1.0
fbeda9b9-fb99-4bd7-a329-0b63e0130866,coughvid_data/fbeda9b9-fb99-4bd7-a329-0b63e0130866.wav,coughvid_data/fbeda9b9-fb99-4bd7-a329-0b63e0130866.wav,1.0
1b6df97a-3677-488e-82d7-8b8bd126e0a5,coughvid_data/1b6df97a-3677-488e-82d7-8b8bd126e0a5.wav,coughvid_data/1b6df97a-3677-488e-82d7-8b8bd126e0a5.wav,1.0
54786af1-72cc-4960-957f-631215050fd4,coughvid_data/54786af1-72cc-4960-957f-631215050fd4.wav,coughvid_data/54786af1-72cc-4960-957f-631215050fd4.wav,0.0
e320f799-6d43-459a-a5ec-4ea218037097,coughvid_data/e320f799-6d43-459a-a5ec-4ea218037097.wav,coughvid_data/e320f799-6d43-459a-a5ec-4ea218037097.wav,1.0
0631efe3-78db-47e3-90a5-6cdf95cb0574,coughvid_data/0631efe3-78db-47e3-90a5-6cdf95cb0574.wav,coughvid_data/0631efe3-78db-47e3-90a5-6cdf95cb0574.wav,1.0
20f89cf7-9b44-4f00-b89c-c344f8608495,coughvid_data/20f89cf7-9b44-4f00-b89c-c344f8608495.wav,coughvid_data/20f89cf7-9b44-4f00-b89c-c344f8608495.wav,1.0
6803f822-e950-4d13-bbf9-5cd300b5cdba,coughvid_data/6803f822-e950-4d13-bbf9-5cd300b5cdba.wav,coughvid_data/6803f822-e950-4d13-bbf9-5cd300b5cdba.wav,0.0
f131ec49-36b0-4f22-b4f3-a3282f2d4229,coughvid_data/f131ec49-36b0-4f22-b4f3-a3282f2d4229.wav,coughvid_data/f131ec49-36b0-4f22-b4f3-a3282f2d4229.wav,1.0
70203187-c0a2-42f6-8485-765f4c3a4aae,coughvid_data/70203187-c0a2-42f6-8485-765f4c3a4aae.wav,coughvid_data/70203187-c0a2-42f6-8485-765f4c3a4aae.wav,0.0
ac721000-7e29-4b3a-920b-baea9aa60f17,coughvid_data/ac721000-7e29-4b3a-920b-baea9aa60f17.wav,coughvid_data/ac721000-7e29-4b3a-920b-baea9aa60f17.wav,0.0
11c1e2d8-52e2-4e32-8ab8-b858268e0ca9,coughvid_data/11c1e2d8-52e2-4e32-8ab8-b858268e0ca9.wav,coughvid_data/11c1e2d8-52e2-4e32-8ab8-b858268e0ca9.wav,1.0
2a8963d0-1ebd-4960-bbb7-84af6431feae,coughvid_data/2a8963d0-1ebd-4960-bbb7-84af6431feae.wav,coughvid_data/2a8963d0-1ebd-4960-bbb7-84af6431feae.wav,0.0
228b8f67-e43d-4ed3-80ab-7695baa48107,coughvid_data/228b8f67-e43d-4ed3-80ab-7695baa48107.wav,coughvid_data/228b8f67-e43d-4ed3-80ab-7695baa48107.wav,1.0
412e39e9-b7da-4aec-aebe-8f7a640bb3f0,coughvid_data/412e39e9-b7da-4aec-aebe-8f7a640bb3f0.wav,coughvid_data/412e39e9-b7da-4aec-aebe-8f7a640bb3f0.wav,0.0
564f09b4-c2e2-4bf4-8ad9-3347962130eb,coughvid_data/564f09b4-c2e2-4bf4-8ad9-3347962130eb.wav,coughvid_data/564f09b4-c2e2-4bf4-8ad9-3347962130eb.wav,0.0
caf3caa1-a9e8-46de-923e-46bdf7f3c6d9,coughvid_data/caf3caa1-a9e8-46de-923e-46bdf7f3c6d9.wav,coughvid_data/caf3caa1-a9e8-46de-923e-46bdf7f3c6d9.wav,0.0
1f1abdbc-a79c-4726-9307-071c24bb27da,coughvid_data/1f1abdbc-a79c-4726-9307-071c24bb27da.wav,coughvid_data/1f1abdbc-a79c-4726-9307-071c24bb27da.wav,0.0
e1212383-e70a-454d-9bdd-e4c37fd80f54,coughvid_data/e1212383-e70a-454d-9bdd-e4c37fd80f54.wav,coughvid_data/e1212383-e70a-454d-9bdd-e4c37fd80f54.wav,1.0
3d6d75ea-879e-49db-8596-1b29f633a6e4,coughvid_data/3d6d75ea-879e-49db-8596-1b29f633a6e4.wav,coughvid_data/3d6d75ea-879e-49db-8596-1b29f633a6e4.wav,1.0
7f621940-7ce5-4a37-a0ab-ce15f0dd7957,coughvid_data/7f621940-7ce5-4a37-a0ab-ce15f0dd7957.wav,coughvid_data/7f621940-7ce5-4a37-a0ab-ce15f0dd7957.wav,1.0
68c68db8-cf56-4ef6-bc95-6a2fcd567192,coughvid_data/68c68db8-cf56-4ef6-bc95-6a2fcd567192.wav,coughvid_data/68c68db8-cf56-4ef6-bc95-6a2fcd567192.wav,1.0
4a81c7e8-550d-43fe-b821-0126f7da1282,coughvid_data/4a81c7e8-550d-43fe-b821-0126f7da1282.wav,coughvid_data/4a81c7e8-550d-43fe-b821-0126f7da1282.wav,0.0
80b6538b-68db-44f1-b932-cb4262d1efae,coughvid_data/80b6538b-68db-44f1-b932-cb4262d1efae.wav,coughvid_data/80b6538b-68db-44f1-b932-cb4262d1efae.wav,1.0
766bf14f-3fa2-4f76-b867-16541aa74134,coughvid_data/766bf14f-3fa2-4f76-b867-16541aa74134.wav,coughvid_data/766bf14f-3fa2-4f76-b867-16541aa74134.wav,0.0
7bff1a51-ef9b-461d-9d5f-4538d74b0fd9,coughvid_data/7bff1a51-ef9b-461d-9d5f-4538d74b0fd9.wav,coughvid_data/7bff1a51-ef9b-461d-9d5f-4538d74b0fd9.wav,1.0
d9df326c-0236-4322-9105-f734fbc85da3,coughvid_data/d9df326c-0236-4322-9105-f734fbc85da3.wav,coughvid_data/d9df326c-0236-4322-9105-f734fbc85da3.wav,1.0
0d0f2cdf-7271-4a5f-a00a-f4878e0758b7,coughvid_data/0d0f2cdf-7271-4a5f-a00a-f4878e0758b7.wav,coughvid_data/0d0f2cdf-7271-4a5f-a00a-f4878e0758b7.wav,1.0
fcaa4c03-ff03-4098-b618-50ad90b43773,coughvid_data/fcaa4c03-ff03-4098-b618-50ad90b43773.wav,coughvid_data/fcaa4c03-ff03-4098-b618-50ad90b43773.wav,1.0
9a5d3875-3ca7-45f2-bf90-23882abc2aa5,coughvid_data/9a5d3875-3ca7-45f2-bf90-23882abc2aa5.wav,coughvid_data/9a5d3875-3ca7-45f2-bf90-23882abc2aa5.wav,1.0
50bde838-dacb-4d59-9d62-d15bb45712bb,coughvid_data/50bde838-dacb-4d59-9d62-d15bb45712bb.wav,coughvid_data/50bde838-dacb-4d59-9d62-d15bb45712bb.wav,1.0
e3b22135-6445-430d-817f-1eb68f8c66a4,coughvid_data/e3b22135-6445-430d-817f-1eb68f8c66a4.wav,coughvid_data/e3b22135-6445-430d-817f-1eb68f8c66a4.wav,1.0
bdbb9559-50c5-4fdb-8d1c-9f59a30af9f8,coughvid_data/bdbb9559-50c5-4fdb-8d1c-9f59a30af9f8.wav,coughvid_data/bdbb9559-50c5-4fdb-8d1c-9f59a30af9f8.wav,1.0
201620f7-39d9-4f4a-b951-20403ba25fba,coughvid_data/201620f7-39d9-4f4a-b951-20403ba25fba.wav,coughvid_data/201620f7-39d9-4f4a-b951-20403ba25fba.wav,1.0
6f16a17d-b058-4f6c-8338-37289faf958b,coughvid_data/6f16a17d-b058-4f6c-8338-37289faf958b.wav,coughvid_data/6f16a17d-b058-4f6c-8338-37289faf958b.wav,1.0
19464288-9b31-47c0-85ad-ec80630ff360,coughvid_data/19464288-9b31-47c0-85ad-ec80630ff360.wav,coughvid_data/19464288-9b31-47c0-85ad-ec80630ff360.wav,1.0
4ff82172-fda0-453c-80f2-1cf5aaffa8f1,coughvid_data/4ff82172-fda0-453c-80f2-1cf5aaffa8f1.wav,coughvid_data/4ff82172-fda0-453c-80f2-1cf5aaffa8f1.wav,1.0
fedbf54a-67e8-44b2-b5f1-8330590073aa,coughvid_data/fedbf54a-67e8-44b2-b5f1-8330590073aa.wav,coughvid_data/fedbf54a-67e8-44b2-b5f1-8330590073aa.wav,1.0
68123e0d-a199-466f-8260-fecc7c92ef7e,coughvid_data/68123e0d-a199-466f-8260-fecc7c92ef7e.wav,coughvid_data/68123e0d-a199-466f-8260-fecc7c92ef7e.wav,0.0
abefa4ba-d923-44e3-92ef-ae30952f3dda,coughvid_data/abefa4ba-d923-44e3-92ef-ae30952f3dda.wav,coughvid_data/abefa4ba-d923-44e3-92ef-ae30952f3dda.wav,0.0
6791f8db-9bf6-48e2-983b-87ba26942d46,coughvid_data/6791f8db-9bf6-48e2-983b-87ba26942d46.wav,coughvid_data/6791f8db-9bf6-48e2-983b-87ba26942d46.wav,1.0
6f8008dd-395a-4710-8a28-e249b97806a6,coughvid_data/6f8008dd-395a-4710-8a28-e249b97806a6.wav,coughvid_data/6f8008dd-395a-4710-8a28-e249b97806a6.wav,1.0
3c7299ff-4fec-43a9-9785-1b2d04165970,coughvid_data/3c7299ff-4fec-43a9-9785-1b2d04165970.wav,coughvid_data/3c7299ff-4fec-43a9-9785-1b2d04165970.wav,1.0
10166e38-64ec-4506-812f-02695c6fdc78,coughvid_data/10166e38-64ec-4506-812f-02695c6fdc78.wav,coughvid_data/10166e38-64ec-4506-812f-02695c6fdc78.wav,1.0
87dbf4ea-d0da-4941-a9f2-b14ffb194c98,coughvid_data/87dbf4ea-d0da-4941-a9f2-b14ffb194c98.wav,coughvid_data/87dbf4ea-d0da-4941-a9f2-b14ffb194c98.wav,1.0
4a20ac7c-2710-4e7f-9e4e-7bc1be0d2871,coughvid_data/4a20ac7c-2710-4e7f-9e4e-7bc1be0d2871.wav,coughvid_data/4a20ac7c-2710-4e7f-9e4e-7bc1be0d2871.wav,0.0
12fb0646-a737-4b41-ba9d-be4f1c52078c,coughvid_data/12fb0646-a737-4b41-ba9d-be4f1c52078c.wav,coughvid_data/12fb0646-a737-4b41-ba9d-be4f1c52078c.wav,1.0
56a8c5af-6290-420c-abf0-5028273f66ed,coughvid_data/56a8c5af-6290-420c-abf0-5028273f66ed.wav,coughvid_data/56a8c5af-6290-420c-abf0-5028273f66ed.wav,0.0
9c6bb0e7-c890-457d-bf68-744d9c13d6ce,coughvid_data/9c6bb0e7-c890-457d-bf68-744d9c13d6ce.wav,coughvid_data/9c6bb0e7-c890-457d-bf68-744d9c13d6ce.wav,0.0
1179e578-6afe-4cad-a4e1-2e602fe03b44,coughvid_data/1179e578-6afe-4cad-a4e1-2e602fe03b44.wav,coughvid_data/1179e578-6afe-4cad-a4e1-2e602fe03b44.wav,0.0
2700c0e1-513a-4814-a0da-815333f97752,coughvid_data/2700c0e1-513a-4814-a0da-815333f97752.wav,coughvid_data/2700c0e1-513a-4814-a0da-815333f97752.wav,1.0
92576934-e7b9-41bd-baee-5c6a9afc962e,coughvid_data/92576934-e7b9-41bd-baee-5c6a9afc962e.wav,coughvid_data/92576934-e7b9-41bd-baee-5c6a9afc962e.wav,1.0
8a0c1469-683a-4eec-8e43-f7f193acc942,coughvid_data/8a0c1469-683a-4eec-8e43-f7f193acc942.wav,coughvid_data/8a0c1469-683a-4eec-8e43-f7f193acc942.wav,1.0
ec9fd7bf-7270-417c-8720-3e08397fefa5,coughvid_data/ec9fd7bf-7270-417c-8720-3e08397fefa5.wav,coughvid_data/ec9fd7bf-7270-417c-8720-3e08397fefa5.wav,1.0
b9b29d60-b89d-4e26-ab74-6ccbe8ed092d,coughvid_data/b9b29d60-b89d-4e26-ab74-6ccbe8ed092d.wav,coughvid_data/b9b29d60-b89d-4e26-ab74-6ccbe8ed092d.wav,0.0
84d6e0ab-7ba0-40be-9741-d2b6b5ab773b,coughvid_data/84d6e0ab-7ba0-40be-9741-d2b6b5ab773b.wav,coughvid_data/84d6e0ab-7ba0-40be-9741-d2b6b5ab773b.wav,1.0
5e350394-8f88-49e2-ae88-c01054b08676,coughvid_data/5e350394-8f88-49e2-ae88-c01054b08676.wav,coughvid_data/5e350394-8f88-49e2-ae88-c01054b08676.wav,0.0
3caa84a4-27fa-489d-9c91-6da17c27cbd9,coughvid_data/3caa84a4-27fa-489d-9c91-6da17c27cbd9.wav,coughvid_data/3caa84a4-27fa-489d-9c91-6da17c27cbd9.wav,0.0
36425409-184d-477d-9d66-c1c8e36463aa,coughvid_data/36425409-184d-477d-9d66-c1c8e36463aa.wav,coughvid_data/36425409-184d-477d-9d66-c1c8e36463aa.wav,1.0
55a8624e-7078-4467-b4f1-b0bb321cf268,coughvid_data/55a8624e-7078-4467-b4f1-b0bb321cf268.wav,coughvid_data/55a8624e-7078-4467-b4f1-b0bb321cf268.wav,1.0
d3994a00-b7c8-4c14-a7f6-9324d367cef4,coughvid_data/d3994a00-b7c8-4c14-a7f6-9324d367cef4.wav,coughvid_data/d3994a00-b7c8-4c14-a7f6-9324d367cef4.wav,1.0
a3298a5f-9568-4686-81ff-e09a8457501e,coughvid_data/a3298a5f-9568-4686-81ff-e09a8457501e.wav,coughvid_data/a3298a5f-9568-4686-81ff-e09a8457501e.wav,1.0
bf99a55b-d296-4b9e-847b-423ad8a2a2d7,coughvid_data/bf99a55b-d296-4b9e-847b-423ad8a2a2d7.wav,coughvid_data/bf99a55b-d296-4b9e-847b-423ad8a2a2d7.wav,1.0
b5e411c5-8650-4223-9e76-902c360ecd0e,coughvid_data/b5e411c5-8650-4223-9e76-902c360ecd0e.wav,coughvid_data/b5e411c5-8650-4223-9e76-902c360ecd0e.wav,1.0
c79c0de7-4aa1-4234-a17b-46e8c31636ec,coughvid_data/c79c0de7-4aa1-4234-a17b-46e8c31636ec.wav,coughvid_data/c79c0de7-4aa1-4234-a17b-46e8c31636ec.wav,1.0
641f2342-a29d-4ae0-acff-a4154aeb3e00,coughvid_data/641f2342-a29d-4ae0-acff-a4154aeb3e00.wav,coughvid_data/641f2342-a29d-4ae0-acff-a4154aeb3e00.wav,1.0
3ee3f7c9-401c-45dd-8e87-03f64f500017,coughvid_data/3ee3f7c9-401c-45dd-8e87-03f64f500017.wav,coughvid_data/3ee3f7c9-401c-45dd-8e87-03f64f500017.wav,0.0
81608fa6-1c66-4277-9394-66aebbf3536c,coughvid_data/81608fa6-1c66-4277-9394-66aebbf3536c.wav,coughvid_data/81608fa6-1c66-4277-9394-66aebbf3536c.wav,1.0
72bf1cb5-9f60-40db-9666-470d6d02f02c,coughvid_data/72bf1cb5-9f60-40db-9666-470d6d02f02c.wav,coughvid_data/72bf1cb5-9f60-40db-9666-470d6d02f02c.wav,1.0
4f3d55e4-14e6-4cfb-af23-2d3ba00afa60,coughvid_data/4f3d55e4-14e6-4cfb-af23-2d3ba00afa60.wav,coughvid_data/4f3d55e4-14e6-4cfb-af23-2d3ba00afa60.wav,0.0
ed3cf123-ba56-4128-9f0d-1caa22c65eb7,coughvid_data/ed3cf123-ba56-4128-9f0d-1caa22c65eb7.wav,coughvid_data/ed3cf123-ba56-4128-9f0d-1caa22c65eb7.wav,0.0
b90768d0-021a-4d48-b713-038ba1fab0fc,coughvid_data/b90768d0-021a-4d48-b713-038ba1fab0fc.wav,coughvid_data/b90768d0-021a-4d48-b713-038ba1fab0fc.wav,0.0
77bf0f2a-a864-46f8-b970-5b24b6e7c6e7,coughvid_data/77bf0f2a-a864-46f8-b970-5b24b6e7c6e7.wav,coughvid_data/77bf0f2a-a864-46f8-b970-5b24b6e7c6e7.wav,0.0
b90cb636-3f8c-45f8-8cf7-df7261a53b8f,coughvid_data/b90cb636-3f8c-45f8-8cf7-df7261a53b8f.wav,coughvid_data/b90cb636-3f8c-45f8-8cf7-df7261a53b8f.wav,1.0
f66386d5-f2e2-4b9b-8f00-35e51858446b,coughvid_data/f66386d5-f2e2-4b9b-8f00-35e51858446b.wav,coughvid_data/f66386d5-f2e2-4b9b-8f00-35e51858446b.wav,1.0
cefedd51-6f73-43f6-bcbf-f24f3bae66f3,coughvid_data/cefedd51-6f73-43f6-bcbf-f24f3bae66f3.wav,coughvid_data/cefedd51-6f73-43f6-bcbf-f24f3bae66f3.wav,1.0
20c0297d-69c1-46b1-87b6-470a1b861477,coughvid_data/20c0297d-69c1-46b1-87b6-470a1b861477.wav,coughvid_data/20c0297d-69c1-46b1-87b6-470a1b861477.wav,0.0
9eec2bed-93ad-4492-bf9d-2f87a7e723ce,coughvid_data/9eec2bed-93ad-4492-bf9d-2f87a7e723ce.wav,coughvid_data/9eec2bed-93ad-4492-bf9d-2f87a7e723ce.wav,0.0
fad697fe-5d66-40d4-8822-9a489209db76,coughvid_data/fad697fe-5d66-40d4-8822-9a489209db76.wav,coughvid_data/fad697fe-5d66-40d4-8822-9a489209db76.wav,1.0
97f5ca3d-020a-475c-addd-e52d733f571b,coughvid_data/97f5ca3d-020a-475c-addd-e52d733f571b.wav,coughvid_data/97f5ca3d-020a-475c-addd-e52d733f571b.wav,1.0
bcb9a645-7194-4b18-b2de-182a184d3844,coughvid_data/bcb9a645-7194-4b18-b2de-182a184d3844.wav,coughvid_data/bcb9a645-7194-4b18-b2de-182a184d3844.wav,0.0
c9dbee7d-963e-4240-8a11-a625d7127ec4,coughvid_data/c9dbee7d-963e-4240-8a11-a625d7127ec4.wav,coughvid_data/c9dbee7d-963e-4240-8a11-a625d7127ec4.wav,0.0
b095d0ca-7a91-4f45-bab4-7ea358035a52,coughvid_data/b095d0ca-7a91-4f45-bab4-7ea358035a52.wav,coughvid_data/b095d0ca-7a91-4f45-bab4-7ea358035a52.wav,0.0
01b24244-9b89-4a14-b935-4da842926267,coughvid_data/01b24244-9b89-4a14-b935-4da842926267.wav,coughvid_data/01b24244-9b89-4a14-b935-4da842926267.wav,1.0
6985c2ec-f7bb-4387-98b2-4a3d26e564d8,coughvid_data/6985c2ec-f7bb-4387-98b2-4a3d26e564d8.wav,coughvid_data/6985c2ec-f7bb-4387-98b2-4a3d26e564d8.wav,0.0
acbe80af-c72f-48a5-bea3-3d718b2b95c1,coughvid_data/acbe80af-c72f-48a5-bea3-3d718b2b95c1.wav,coughvid_data/acbe80af-c72f-48a5-bea3-3d718b2b95c1.wav,0.0
04f247f1-6167-4bdf-a3ba-0428a5ed07d4,coughvid_data/04f247f1-6167-4bdf-a3ba-0428a5ed07d4.wav,coughvid_data/04f247f1-6167-4bdf-a3ba-0428a5ed07d4.wav,0.0
ee80cf94-2cfd-4df7-8c4f-b1141e76408f,coughvid_data/ee80cf94-2cfd-4df7-8c4f-b1141e76408f.wav,coughvid_data/ee80cf94-2cfd-4df7-8c4f-b1141e76408f.wav,1.0
f8fb2c5b-939c-4a26-9d4b-d323bdcd0681,coughvid_data/f8fb2c5b-939c-4a26-9d4b-d323bdcd0681.wav,coughvid_data/f8fb2c5b-939c-4a26-9d4b-d323bdcd0681.wav,1.0
b45cbeab-09b6-4d80-b0c8-f1e60494264e,coughvid_data/b45cbeab-09b6-4d80-b0c8-f1e60494264e.wav,coughvid_data/b45cbeab-09b6-4d80-b0c8-f1e60494264e.wav,0.0
91bd14b9-bbb5-4ee5-8baa-81b214ab2d84,coughvid_data/91bd14b9-bbb5-4ee5-8baa-81b214ab2d84.wav,coughvid_data/91bd14b9-bbb5-4ee5-8baa-81b214ab2d84.wav,0.0
ecbf28e8-bb61-4a27-bd9a-1f5fd8c332d1,coughvid_data/ecbf28e8-bb61-4a27-bd9a-1f5fd8c332d1.wav,coughvid_data/ecbf28e8-bb61-4a27-bd9a-1f5fd8c332d1.wav,1.0
123141de-e6ea-4763-8b3b-71cb135c09e6,coughvid_data/123141de-e6ea-4763-8b3b-71cb135c09e6.wav,coughvid_data/123141de-e6ea-4763-8b3b-71cb135c09e6.wav,0.0
0b7c8e06-acc1-4f48-b7d3-83c00cad3a28,coughvid_data/0b7c8e06-acc1-4f48-b7d3-83c00cad3a28.wav,coughvid_data/0b7c8e06-acc1-4f48-b7d3-83c00cad3a28.wav,0.0
2a176dac-2822-4317-ab8d-8507a2ad43a1,coughvid_data/2a176dac-2822-4317-ab8d-8507a2ad43a1.wav,coughvid_data/2a176dac-2822-4317-ab8d-8507a2ad43a1.wav,1.0
00cab9a7-6d1b-44ac-b2b0-3beefebee783,coughvid_data/00cab9a7-6d1b-44ac-b2b0-3beefebee783.wav,coughvid_data/00cab9a7-6d1b-44ac-b2b0-3beefebee783.wav,0.0
f93e61a4-1b74-4276-a4bc-0985b08daa17,coughvid_data/f93e61a4-1b74-4276-a4bc-0985b08daa17.wav,coughvid_data/f93e61a4-1b74-4276-a4bc-0985b08daa17.wav,1.0
6f9c10c4-26cd-4fa7-a814-34f1fdd9d7c9,coughvid_data/6f9c10c4-26cd-4fa7-a814-34f1fdd9d7c9.wav,coughvid_data/6f9c10c4-26cd-4fa7-a814-34f1fdd9d7c9.wav,1.0
d4da4886-fe39-4cad-985f-73d141563c86,coughvid_data/d4da4886-fe39-4cad-985f-73d141563c86.wav,coughvid_data/d4da4886-fe39-4cad-985f-73d141563c86.wav,0.0
76ab215c-2235-4613-bcba-42c7656c5656,coughvid_data/76ab215c-2235-4613-bcba-42c7656c5656.wav,coughvid_data/76ab215c-2235-4613-bcba-42c7656c5656.wav,0.0
c4177d6d-3210-41f5-84e6-c3a28b02feb2,coughvid_data/c4177d6d-3210-41f5-84e6-c3a28b02feb2.wav,coughvid_data/c4177d6d-3210-41f5-84e6-c3a28b02feb2.wav,0.0
461a9487-1856-4607-ad8f-de6478e29c84,coughvid_data/461a9487-1856-4607-ad8f-de6478e29c84.wav,coughvid_data/461a9487-1856-4607-ad8f-de6478e29c84.wav,0.0
996ae843-b480-4c76-a17a-732a07ea0bf0,coughvid_data/996ae843-b480-4c76-a17a-732a07ea0bf0.wav,coughvid_data/996ae843-b480-4c76-a17a-732a07ea0bf0.wav,1.0
18d076e4-8523-4076-8492-784855b61c86,coughvid_data/18d076e4-8523-4076-8492-784855b61c86.wav,coughvid_data/18d076e4-8523-4076-8492-784855b61c86.wav,0.0
ab5f623d-dda2-4a26-ae6e-33e517e145a5,coughvid_data/ab5f623d-dda2-4a26-ae6e-33e517e145a5.wav,coughvid_data/ab5f623d-dda2-4a26-ae6e-33e517e145a5.wav,1.0
9166ed9f-d8d8-44e8-af67-d12c4dc14696,coughvid_data/9166ed9f-d8d8-44e8-af67-d12c4dc14696.wav,coughvid_data/9166ed9f-d8d8-44e8-af67-d12c4dc14696.wav,1.0
184c79d2-df54-40c4-8d54-3aef105c535e,coughvid_data/184c79d2-df54-40c4-8d54-3aef105c535e.wav,coughvid_data/184c79d2-df54-40c4-8d54-3aef105c535e.wav,1.0
d2b18892-71f4-4565-b911-46a989f80aba,coughvid_data/d2b18892-71f4-4565-b911-46a989f80aba.wav,coughvid_data/d2b18892-71f4-4565-b911-46a989f80aba.wav,0.0
1b92fcb4-04ba-4ad4-b5af-4d1b6c883776,coughvid_data/1b92fcb4-04ba-4ad4-b5af-4d1b6c883776.wav,coughvid_data/1b92fcb4-04ba-4ad4-b5af-4d1b6c883776.wav,0.0
82d2c246-d57b-420b-9365-33e6940b502d,coughvid_data/82d2c246-d57b-420b-9365-33e6940b502d.wav,coughvid_data/82d2c246-d57b-420b-9365-33e6940b502d.wav,1.0
129a1796-9b3f-4646-8d47-21f168823bc3,coughvid_data/129a1796-9b3f-4646-8d47-21f168823bc3.wav,coughvid_data/129a1796-9b3f-4646-8d47-21f168823bc3.wav,0.0
0ca73e30-756c-453d-9789-b8c499a3400b,coughvid_data/0ca73e30-756c-453d-9789-b8c499a3400b.wav,coughvid_data/0ca73e30-756c-453d-9789-b8c499a3400b.wav,1.0
d0a2322e-be11-4916-8f7e-ca2241e58e16,coughvid_data/d0a2322e-be11-4916-8f7e-ca2241e58e16.wav,coughvid_data/d0a2322e-be11-4916-8f7e-ca2241e58e16.wav,0.0
021cf608-64a3-4d76-a07b-c9f9dbd69ba5,coughvid_data/021cf608-64a3-4d76-a07b-c9f9dbd69ba5.wav,coughvid_data/021cf608-64a3-4d76-a07b-c9f9dbd69ba5.wav,0.0
1de5e150-beb9-4fa9-8be8-cc13304e8b29,coughvid_data/1de5e150-beb9-4fa9-8be8-cc13304e8b29.wav,coughvid_data/1de5e150-beb9-4fa9-8be8-cc13304e8b29.wav,1.0
ceea65af-2427-4f0e-bda1-5b582cd10198,coughvid_data/ceea65af-2427-4f0e-bda1-5b582cd10198.wav,coughvid_data/ceea65af-2427-4f0e-bda1-5b582cd10198.wav,1.0
84dc93de-21e4-4653-8b29-c594751c844a,coughvid_data/84dc93de-21e4-4653-8b29-c594751c844a.wav,coughvid_data/84dc93de-21e4-4653-8b29-c594751c844a.wav,1.0
6d3b6b7b-ea14-422a-b7c0-a616824e792f,coughvid_data/6d3b6b7b-ea14-422a-b7c0-a616824e792f.wav,coughvid_data/6d3b6b7b-ea14-422a-b7c0-a616824e792f.wav,0.0
6bf15262-e9d1-4057-92b8-0f9dfc4cfedc,coughvid_data/6bf15262-e9d1-4057-92b8-0f9dfc4cfedc.wav,coughvid_data/6bf15262-e9d1-4057-92b8-0f9dfc4cfedc.wav,0.0
5ca06208-b848-4f57-9fff-f99f363786b6,coughvid_data/5ca06208-b848-4f57-9fff-f99f363786b6.wav,coughvid_data/5ca06208-b848-4f57-9fff-f99f363786b6.wav,0.0
03dda3e1-b0d7-47a0-bafe-c5e12e50fe24,coughvid_data/03dda3e1-b0d7-47a0-bafe-c5e12e50fe24.wav,coughvid_data/03dda3e1-b0d7-47a0-bafe-c5e12e50fe24.wav,0.0
74a040cb-491f-492e-b35e-b19dc49dd0db,coughvid_data/74a040cb-491f-492e-b35e-b19dc49dd0db.wav,coughvid_data/74a040cb-491f-492e-b35e-b19dc49dd0db.wav,0.0
aa6cb96b-5eb7-426d-bdf4-672261cae1d6,coughvid_data/aa6cb96b-5eb7-426d-bdf4-672261cae1d6.wav,coughvid_data/aa6cb96b-5eb7-426d-bdf4-672261cae1d6.wav,0.0
74c18027-ec1b-44b6-8c82-f468985d456f,coughvid_data/74c18027-ec1b-44b6-8c82-f468985d456f.wav,coughvid_data/74c18027-ec1b-44b6-8c82-f468985d456f.wav,0.0
80d1240f-a865-42fd-95f5-4cd765295f5f,coughvid_data/80d1240f-a865-42fd-95f5-4cd765295f5f.wav,coughvid_data/80d1240f-a865-42fd-95f5-4cd765295f5f.wav,0.0
0a89282f-2357-4ba6-96ed-97c3b4a4757d,coughvid_data/0a89282f-2357-4ba6-96ed-97c3b4a4757d.wav,coughvid_data/0a89282f-2357-4ba6-96ed-97c3b4a4757d.wav,0.0
98c3b3a7-a287-40d6-ae48-fb59d8d21960,coughvid_data/98c3b3a7-a287-40d6-ae48-fb59d8d21960.wav,coughvid_data/98c3b3a7-a287-40d6-ae48-fb59d8d21960.wav,1.0
f3eccb5d-77c6-4219-8b72-a21c980ea0fb,coughvid_data/f3eccb5d-77c6-4219-8b72-a21c980ea0fb.wav,coughvid_data/f3eccb5d-77c6-4219-8b72-a21c980ea0fb.wav,1.0
8b48c362-a7f5-4db7-8a63-d116f7458b5f,coughvid_data/8b48c362-a7f5-4db7-8a63-d116f7458b5f.wav,coughvid_data/8b48c362-a7f5-4db7-8a63-d116f7458b5f.wav,0.0
a7e33e08-d855-444c-a3a2-77fb37194114,coughvid_data/a7e33e08-d855-444c-a3a2-77fb37194114.wav,coughvid_data/a7e33e08-d855-444c-a3a2-77fb37194114.wav,0.0
87ac9fc5-7d09-493e-924a-bde4e9a13047,coughvid_data/87ac9fc5-7d09-493e-924a-bde4e9a13047.wav,coughvid_data/87ac9fc5-7d09-493e-924a-bde4e9a13047.wav,0.0
c7b33426-0bd0-45d0-b988-0000dcd5b024,coughvid_data/c7b33426-0bd0-45d0-b988-0000dcd5b024.wav,coughvid_data/c7b33426-0bd0-45d0-b988-0000dcd5b024.wav,0.0
687e770a-8e8a-425e-98a2-f0b017975829,coughvid_data/687e770a-8e8a-425e-98a2-f0b017975829.wav,coughvid_data/687e770a-8e8a-425e-98a2-f0b017975829.wav,0.0
92cd1491-efba-4c64-9015-24c0646ae024,coughvid_data/92cd1491-efba-4c64-9015-24c0646ae024.wav,coughvid_data/92cd1491-efba-4c64-9015-24c0646ae024.wav,0.0
be14c05f-24d9-4d8f-82f6-c1ee445f1610,coughvid_data/be14c05f-24d9-4d8f-82f6-c1ee445f1610.wav,coughvid_data/be14c05f-24d9-4d8f-82f6-c1ee445f1610.wav,1.0
78c40511-cdfc-453f-a917-16d326aabed5,coughvid_data/78c40511-cdfc-453f-a917-16d326aabed5.wav,coughvid_data/78c40511-cdfc-453f-a917-16d326aabed5.wav,1.0
92e89728-6197-47f7-af06-4459dde5d165,coughvid_data/92e89728-6197-47f7-af06-4459dde5d165.wav,coughvid_data/92e89728-6197-47f7-af06-4459dde5d165.wav,1.0
545d4612-1f29-422b-beec-5a356e18c6fa,coughvid_data/545d4612-1f29-422b-beec-5a356e18c6fa.wav,coughvid_data/545d4612-1f29-422b-beec-5a356e18c6fa.wav,1.0
ff981c4f-03f0-445f-9178-12f0c3565fd9,coughvid_data/ff981c4f-03f0-445f-9178-12f0c3565fd9.wav,coughvid_data/ff981c4f-03f0-445f-9178-12f0c3565fd9.wav,1.0
b4e1e39b-dd03-4f6f-abcc-2eaaa43aabcb,coughvid_data/b4e1e39b-dd03-4f6f-abcc-2eaaa43aabcb.wav,coughvid_data/b4e1e39b-dd03-4f6f-abcc-2eaaa43aabcb.wav,0.0
f6e7fdbe-0830-4066-86cc-918ad78e378a,coughvid_data/f6e7fdbe-0830-4066-86cc-918ad78e378a.wav,coughvid_data/f6e7fdbe-0830-4066-86cc-918ad78e378a.wav,0.0
d291b526-4fd0-473f-b236-f718efc839b2,coughvid_data/d291b526-4fd0-473f-b236-f718efc839b2.wav,coughvid_data/d291b526-4fd0-473f-b236-f718efc839b2.wav,0.0
506734c2-7ea9-4cd5-9435-6da449303c33,coughvid_data/506734c2-7ea9-4cd5-9435-6da449303c33.wav,coughvid_data/506734c2-7ea9-4cd5-9435-6da449303c33.wav,0.0
47eee8d8-e1ac-49a7-8059-ad702620309a,coughvid_data/47eee8d8-e1ac-49a7-8059-ad702620309a.wav,coughvid_data/47eee8d8-e1ac-49a7-8059-ad702620309a.wav,1.0
abbff660-5d13-4c31-b842-bbf2189ff14e,coughvid_data/abbff660-5d13-4c31-b842-bbf2189ff14e.wav,coughvid_data/abbff660-5d13-4c31-b842-bbf2189ff14e.wav,1.0
945c8782-caf0-4e42-8fd9-35265e3ed231,coughvid_data/945c8782-caf0-4e42-8fd9-35265e3ed231.wav,coughvid_data/945c8782-caf0-4e42-8fd9-35265e3ed231.wav,1.0
2075a247-702a-4b5d-82b7-aed1df0fa0fe,coughvid_data/2075a247-702a-4b5d-82b7-aed1df0fa0fe.wav,coughvid_data/2075a247-702a-4b5d-82b7-aed1df0fa0fe.wav,0.0
c421665b-462e-4cef-97a4-681e08fb9867,coughvid_data/c421665b-462e-4cef-97a4-681e08fb9867.wav,coughvid_data/c421665b-462e-4cef-97a4-681e08fb9867.wav,0.0
b3ad5773-570f-4d26-a99c-2b0479a45989,coughvid_data/b3ad5773-570f-4d26-a99c-2b0479a45989.wav,coughvid_data/b3ad5773-570f-4d26-a99c-2b0479a45989.wav,1.0
e17a355f-75cc-4198-8278-9fc73deff6aa,coughvid_data/e17a355f-75cc-4198-8278-9fc73deff6aa.wav,coughvid_data/e17a355f-75cc-4198-8278-9fc73deff6aa.wav,1.0
a85f7363-c76c-4288-a326-b6b2ace80404,coughvid_data/a85f7363-c76c-4288-a326-b6b2ace80404.wav,coughvid_data/a85f7363-c76c-4288-a326-b6b2ace80404.wav,1.0
69cc058c-8363-4fbc-b385-9a5e5cab8f55,coughvid_data/69cc058c-8363-4fbc-b385-9a5e5cab8f55.wav,coughvid_data/69cc058c-8363-4fbc-b385-9a5e5cab8f55.wav,0.0
54b41cc1-20e1-479e-a2f5-2a789b4e0434,coughvid_data/54b41cc1-20e1-479e-a2f5-2a789b4e0434.wav,coughvid_data/54b41cc1-20e1-479e-a2f5-2a789b4e0434.wav,1.0
5f654cb4-a736-4632-a56b-856b113e1e3d,coughvid_data/5f654cb4-a736-4632-a56b-856b113e1e3d.wav,coughvid_data/5f654cb4-a736-4632-a56b-856b113e1e3d.wav,1.0
14ad2345-dc79-4f0a-981d-8c2f4fc5abef,coughvid_data/14ad2345-dc79-4f0a-981d-8c2f4fc5abef.wav,coughvid_data/14ad2345-dc79-4f0a-981d-8c2f4fc5abef.wav,1.0
1dd3b212-e969-4ede-a9d9-f24b711e2028,coughvid_data/1dd3b212-e969-4ede-a9d9-f24b711e2028.wav,coughvid_data/1dd3b212-e969-4ede-a9d9-f24b711e2028.wav,1.0
8dd21d79-7434-46ee-b54c-6703c57c99d2,coughvid_data/8dd21d79-7434-46ee-b54c-6703c57c99d2.wav,coughvid_data/8dd21d79-7434-46ee-b54c-6703c57c99d2.wav,0.0
46a9b582-042c-4fa1-863a-34421cc5f1cc,coughvid_data/46a9b582-042c-4fa1-863a-34421cc5f1cc.wav,coughvid_data/46a9b582-042c-4fa1-863a-34421cc5f1cc.wav,1.0
8d1b52e5-5079-4ea3-834d-5be32eb74a83,coughvid_data/8d1b52e5-5079-4ea3-834d-5be32eb74a83.wav,coughvid_data/8d1b52e5-5079-4ea3-834d-5be32eb74a83.wav,1.0
6f4d88bc-28a8-41b9-a736-2dbe57132e7f,coughvid_data/6f4d88bc-28a8-41b9-a736-2dbe57132e7f.wav,coughvid_data/6f4d88bc-28a8-41b9-a736-2dbe57132e7f.wav,0.0
6d30f161-f7ae-4760-8db4-d5c783c28b16,coughvid_data/6d30f161-f7ae-4760-8db4-d5c783c28b16.wav,coughvid_data/6d30f161-f7ae-4760-8db4-d5c783c28b16.wav,0.0
900e0342-6ad8-48f0-8cbc-e8f1950541df,coughvid_data/900e0342-6ad8-48f0-8cbc-e8f1950541df.wav,coughvid_data/900e0342-6ad8-48f0-8cbc-e8f1950541df.wav,1.0
080597cb-f0c1-4c83-87ad-441fc4bc23aa,coughvid_data/080597cb-f0c1-4c83-87ad-441fc4bc23aa.wav,coughvid_data/080597cb-f0c1-4c83-87ad-441fc4bc23aa.wav,1.0
8773ee69-8fa6-402b-9a70-f56d158a06e2,coughvid_data/8773ee69-8fa6-402b-9a70-f56d158a06e2.wav,coughvid_data/8773ee69-8fa6-402b-9a70-f56d158a06e2.wav,0.0
3933ed20-16d9-47b0-aaa2-9c96bde0a36c,coughvid_data/3933ed20-16d9-47b0-aaa2-9c96bde0a36c.wav,coughvid_data/3933ed20-16d9-47b0-aaa2-9c96bde0a36c.wav,1.0
c936b1ee-7e53-458f-aebc-bbafb1f45741,coughvid_data/c936b1ee-7e53-458f-aebc-bbafb1f45741.wav,coughvid_data/c936b1ee-7e53-458f-aebc-bbafb1f45741.wav,0.0
1f1eba80-3a30-4708-944a-fea65fde5711,coughvid_data/1f1eba80-3a30-4708-944a-fea65fde5711.wav,coughvid_data/1f1eba80-3a30-4708-944a-fea65fde5711.wav,0.0
33f3131c-eda6-4b0a-86ad-91d0f9aa4554,coughvid_data/33f3131c-eda6-4b0a-86ad-91d0f9aa4554.wav,coughvid_data/33f3131c-eda6-4b0a-86ad-91d0f9aa4554.wav,0.0
4b511979-f7f8-49fc-a9c4-9576b6eb5ebf,coughvid_data/4b511979-f7f8-49fc-a9c4-9576b6eb5ebf.wav,coughvid_data/4b511979-f7f8-49fc-a9c4-9576b6eb5ebf.wav,1.0
314ea6c4-b3b6-4fa5-853c-3499f3037ef4,coughvid_data/314ea6c4-b3b6-4fa5-853c-3499f3037ef4.wav,coughvid_data/314ea6c4-b3b6-4fa5-853c-3499f3037ef4.wav,1.0
3825d108-4c39-4bac-9a3e-493369cf03a1,coughvid_data/3825d108-4c39-4bac-9a3e-493369cf03a1.wav,coughvid_data/3825d108-4c39-4bac-9a3e-493369cf03a1.wav,0.0
bc048378-1d7f-44ed-a8a8-e2ce7d0a56ae,coughvid_data/bc048378-1d7f-44ed-a8a8-e2ce7d0a56ae.wav,coughvid_data/bc048378-1d7f-44ed-a8a8-e2ce7d0a56ae.wav,1.0
93be0ab8-e35f-430f-95f3-7885637e7b67,coughvid_data/93be0ab8-e35f-430f-95f3-7885637e7b67.wav,coughvid_data/93be0ab8-e35f-430f-95f3-7885637e7b67.wav,1.0
06e1d8e6-482a-4311-85fe-b87b5feb03d2,coughvid_data/06e1d8e6-482a-4311-85fe-b87b5feb03d2.wav,coughvid_data/06e1d8e6-482a-4311-85fe-b87b5feb03d2.wav,0.0
de6977ba-c7d6-4e76-bbcc-b9e7986df879,coughvid_data/de6977ba-c7d6-4e76-bbcc-b9e7986df879.wav,coughvid_data/de6977ba-c7d6-4e76-bbcc-b9e7986df879.wav,1.0
3d298a44-35d7-4e84-a425-e0eb35b2a5e9,coughvid_data/3d298a44-35d7-4e84-a425-e0eb35b2a5e9.wav,coughvid_data/3d298a44-35d7-4e84-a425-e0eb35b2a5e9.wav,1.0
c7bdbabe-7073-40ac-866a-ff139b5df239,coughvid_data/c7bdbabe-7073-40ac-866a-ff139b5df239.wav,coughvid_data/c7bdbabe-7073-40ac-866a-ff139b5df239.wav,1.0
684b9d4d-36be-44c4-90c1-91afd98e7ff3,coughvid_data/684b9d4d-36be-44c4-90c1-91afd98e7ff3.wav,coughvid_data/684b9d4d-36be-44c4-90c1-91afd98e7ff3.wav,1.0
45d108a6-1484-4501-bf20-77c2c26038e5,coughvid_data/45d108a6-1484-4501-bf20-77c2c26038e5.wav,coughvid_data/45d108a6-1484-4501-bf20-77c2c26038e5.wav,0.0
e5765d31-7b1f-4f7f-9df4-946cb4ab72bc,coughvid_data/e5765d31-7b1f-4f7f-9df4-946cb4ab72bc.wav,coughvid_data/e5765d31-7b1f-4f7f-9df4-946cb4ab72bc.wav,1.0
b1ac6f38-b7b5-44ac-83e1-9e0a5eb4466a,coughvid_data/b1ac6f38-b7b5-44ac-83e1-9e0a5eb4466a.wav,coughvid_data/b1ac6f38-b7b5-44ac-83e1-9e0a5eb4466a.wav,0.0
3b8f7261-375d-4103-bc75-30bdeeb8af4f,coughvid_data/3b8f7261-375d-4103-bc75-30bdeeb8af4f.wav,coughvid_data/3b8f7261-375d-4103-bc75-30bdeeb8af4f.wav,1.0
4e39ad3e-5257-4356-b854-7fb48c6cd1f0,coughvid_data/4e39ad3e-5257-4356-b854-7fb48c6cd1f0.wav,coughvid_data/4e39ad3e-5257-4356-b854-7fb48c6cd1f0.wav,1.0
4a67e6f8-cf78-4d97-8102-4bf6a384ea4e,coughvid_data/4a67e6f8-cf78-4d97-8102-4bf6a384ea4e.wav,coughvid_data/4a67e6f8-cf78-4d97-8102-4bf6a384ea4e.wav,0.0
c829cc9d-5d71-4923-930a-08d87c5c359f,coughvid_data/c829cc9d-5d71-4923-930a-08d87c5c359f.wav,coughvid_data/c829cc9d-5d71-4923-930a-08d87c5c359f.wav,1.0
8fdccd20-9851-4dd9-9bce-1256982f8e20,coughvid_data/8fdccd20-9851-4dd9-9bce-1256982f8e20.wav,coughvid_data/8fdccd20-9851-4dd9-9bce-1256982f8e20.wav,0.0
45545338-70c7-4abe-bc6b-4f60ec74f536,coughvid_data/45545338-70c7-4abe-bc6b-4f60ec74f536.wav,coughvid_data/45545338-70c7-4abe-bc6b-4f60ec74f536.wav,1.0
4f84ab5c-a087-4b81-a303-31181d671ee8,coughvid_data/4f84ab5c-a087-4b81-a303-31181d671ee8.wav,coughvid_data/4f84ab5c-a087-4b81-a303-31181d671ee8.wav,1.0
9031d3b2-4019-403f-9c71-f387e6b60a82,coughvid_data/9031d3b2-4019-403f-9c71-f387e6b60a82.wav,coughvid_data/9031d3b2-4019-403f-9c71-f387e6b60a82.wav,1.0
5cb612e3-99fb-4816-a5c9-ef62785c17f3,coughvid_data/5cb612e3-99fb-4816-a5c9-ef62785c17f3.wav,coughvid_data/5cb612e3-99fb-4816-a5c9-ef62785c17f3.wav,1.0
9963520e-8f74-4da8-aa83-d8a36705eed4,coughvid_data/9963520e-8f74-4da8-aa83-d8a36705eed4.wav,coughvid_data/9963520e-8f74-4da8-aa83-d8a36705eed4.wav,0.0
f76b3127-9c87-42ad-a745-6db235e9d632,coughvid_data/f76b3127-9c87-42ad-a745-6db235e9d632.wav,coughvid_data/f76b3127-9c87-42ad-a745-6db235e9d632.wav,1.0
c1a0bbaf-0b51-4d06-b83f-07db6701c90c,coughvid_data/c1a0bbaf-0b51-4d06-b83f-07db6701c90c.wav,coughvid_data/c1a0bbaf-0b51-4d06-b83f-07db6701c90c.wav,0.0
075cdb5a-5c29-4266-84ea-c44963bd0454,coughvid_data/075cdb5a-5c29-4266-84ea-c44963bd0454.wav,coughvid_data/075cdb5a-5c29-4266-84ea-c44963bd0454.wav,1.0
84eea369-1acb-4b5a-93c8-8bd9f9341387,coughvid_data/84eea369-1acb-4b5a-93c8-8bd9f9341387.wav,coughvid_data/84eea369-1acb-4b5a-93c8-8bd9f9341387.wav,0.0
f406b904-0508-434d-b7f4-f7eed4455359,coughvid_data/f406b904-0508-434d-b7f4-f7eed4455359.wav,coughvid_data/f406b904-0508-434d-b7f4-f7eed4455359.wav,0.0
1e13bf2c-1de7-4855-99a3-ec339694b7f2,coughvid_data/1e13bf2c-1de7-4855-99a3-ec339694b7f2.wav,coughvid_data/1e13bf2c-1de7-4855-99a3-ec339694b7f2.wav,1.0
5d4633c5-3afa-4e94-bf2f-76ecc7dc29d5,coughvid_data/5d4633c5-3afa-4e94-bf2f-76ecc7dc29d5.wav,coughvid_data/5d4633c5-3afa-4e94-bf2f-76ecc7dc29d5.wav,0.0
047595d0-4e3f-40b8-9270-d86697763e49,coughvid_data/047595d0-4e3f-40b8-9270-d86697763e49.wav,coughvid_data/047595d0-4e3f-40b8-9270-d86697763e49.wav,1.0
ef458709-3672-45cf-a264-8eb3e6a187a0,coughvid_data/ef458709-3672-45cf-a264-8eb3e6a187a0.wav,coughvid_data/ef458709-3672-45cf-a264-8eb3e6a187a0.wav,1.0
68200117-207b-488d-9dbd-fbf1b1552428,coughvid_data/68200117-207b-488d-9dbd-fbf1b1552428.wav,coughvid_data/68200117-207b-488d-9dbd-fbf1b1552428.wav,1.0
fe7f87b1-e210-4256-a18b-128f196d0a23,coughvid_data/fe7f87b1-e210-4256-a18b-128f196d0a23.wav,coughvid_data/fe7f87b1-e210-4256-a18b-128f196d0a23.wav,0.0
e6636db0-6080-4ade-9e9c-4c4ebf457003,coughvid_data/e6636db0-6080-4ade-9e9c-4c4ebf457003.wav,coughvid_data/e6636db0-6080-4ade-9e9c-4c4ebf457003.wav,1.0
707567d6-6110-4bd6-92ec-64333889fb4e,coughvid_data/707567d6-6110-4bd6-92ec-64333889fb4e.wav,coughvid_data/707567d6-6110-4bd6-92ec-64333889fb4e.wav,0.0
45467f40-cb83-48ca-8aec-f07ae549d2a1,coughvid_data/45467f40-cb83-48ca-8aec-f07ae549d2a1.wav,coughvid_data/45467f40-cb83-48ca-8aec-f07ae549d2a1.wav,1.0
2299600a-b47b-4df7-8dbb-41a557b42b67,coughvid_data/2299600a-b47b-4df7-8dbb-41a557b42b67.wav,coughvid_data/2299600a-b47b-4df7-8dbb-41a557b42b67.wav,0.0
bf911d11-6a38-4133-9787-a2be5b178ba4,coughvid_data/bf911d11-6a38-4133-9787-a2be5b178ba4.wav,coughvid_data/bf911d11-6a38-4133-9787-a2be5b178ba4.wav,1.0
bbf77115-c08c-4c11-839e-c332a4c0d5b8,coughvid_data/bbf77115-c08c-4c11-839e-c332a4c0d5b8.wav,coughvid_data/bbf77115-c08c-4c11-839e-c332a4c0d5b8.wav,1.0
fb8c578c-7b78-4b46-914c-00b47d4329a3,coughvid_data/fb8c578c-7b78-4b46-914c-00b47d4329a3.wav,coughvid_data/fb8c578c-7b78-4b46-914c-00b47d4329a3.wav,0.0
5d45e9dc-594c-4843-9bbe-46be5b11816b,coughvid_data/5d45e9dc-594c-4843-9bbe-46be5b11816b.wav,coughvid_data/5d45e9dc-594c-4843-9bbe-46be5b11816b.wav,1.0
c8b74c3e-d4ff-40b7-aec5-36f5a9f75f94,coughvid_data/c8b74c3e-d4ff-40b7-aec5-36f5a9f75f94.wav,coughvid_data/c8b74c3e-d4ff-40b7-aec5-36f5a9f75f94.wav,1.0
7210e571-deca-4025-ab1c-205bad3d91ac,coughvid_data/7210e571-deca-4025-ab1c-205bad3d91ac.wav,coughvid_data/7210e571-deca-4025-ab1c-205bad3d91ac.wav,1.0
886ca43f-9f6a-4a57-a279-fb027807bf0d,coughvid_data/886ca43f-9f6a-4a57-a279-fb027807bf0d.wav,coughvid_data/886ca43f-9f6a-4a57-a279-fb027807bf0d.wav,1.0
ccd3279c-e351-4e6b-a142-fd3f48c3b052,coughvid_data/ccd3279c-e351-4e6b-a142-fd3f48c3b052.wav,coughvid_data/ccd3279c-e351-4e6b-a142-fd3f48c3b052.wav,1.0
69691eed-59f1-4141-94f5-3b3364c48067,coughvid_data/69691eed-59f1-4141-94f5-3b3364c48067.wav,coughvid_data/69691eed-59f1-4141-94f5-3b3364c48067.wav,0.0
f1d7f35f-a2ac-4097-b217-61646114dd8a,coughvid_data/f1d7f35f-a2ac-4097-b217-61646114dd8a.wav,coughvid_data/f1d7f35f-a2ac-4097-b217-61646114dd8a.wav,1.0
c0083b1c-bfd1-42ef-bb5f-e42f6d316264,coughvid_data/c0083b1c-bfd1-42ef-bb5f-e42f6d316264.wav,coughvid_data/c0083b1c-bfd1-42ef-bb5f-e42f6d316264.wav,0.0
8148f132-ec4d-4cdb-be68-f47c003a7c05,coughvid_data/8148f132-ec4d-4cdb-be68-f47c003a7c05.wav,coughvid_data/8148f132-ec4d-4cdb-be68-f47c003a7c05.wav,0.0
e6e2c6b6-8d21-4737-897a-ff1b94cbddf8,coughvid_data/e6e2c6b6-8d21-4737-897a-ff1b94cbddf8.wav,coughvid_data/e6e2c6b6-8d21-4737-897a-ff1b94cbddf8.wav,1.0
13c1c1c4-6b5a-4683-9469-884e23742c63,coughvid_data/13c1c1c4-6b5a-4683-9469-884e23742c63.wav,coughvid_data/13c1c1c4-6b5a-4683-9469-884e23742c63.wav,0.0
4a3f368b-979f-4eb8-a04d-38246095c13f,coughvid_data/4a3f368b-979f-4eb8-a04d-38246095c13f.wav,coughvid_data/4a3f368b-979f-4eb8-a04d-38246095c13f.wav,0.0
2561c0c9-c4d4-4d63-8c8a-610d6eafe593,coughvid_data/2561c0c9-c4d4-4d63-8c8a-610d6eafe593.wav,coughvid_data/2561c0c9-c4d4-4d63-8c8a-610d6eafe593.wav,1.0
6e28ce15-deec-40a5-8d49-bab207499d80,coughvid_data/6e28ce15-deec-40a5-8d49-bab207499d80.wav,coughvid_data/6e28ce15-deec-40a5-8d49-bab207499d80.wav,0.0
c8ab2e2e-2faf-4912-bdfa-945870395ce1,coughvid_data/c8ab2e2e-2faf-4912-bdfa-945870395ce1.wav,coughvid_data/c8ab2e2e-2faf-4912-bdfa-945870395ce1.wav,0.0
17d21ede-ceea-45b7-a3d9-1ee31c6f388d,coughvid_data/17d21ede-ceea-45b7-a3d9-1ee31c6f388d.wav,coughvid_data/17d21ede-ceea-45b7-a3d9-1ee31c6f388d.wav,1.0
23309357-30d7-4acf-a0c2-38433ff5dffa,coughvid_data/23309357-30d7-4acf-a0c2-38433ff5dffa.wav,coughvid_data/23309357-30d7-4acf-a0c2-38433ff5dffa.wav,1.0
c4157b8b-b46e-4719-915a-2972d8421e90,coughvid_data/c4157b8b-b46e-4719-915a-2972d8421e90.wav,coughvid_data/c4157b8b-b46e-4719-915a-2972d8421e90.wav,1.0
9273fd7b-da5e-41e6-8f2f-5096486a74ac,coughvid_data/9273fd7b-da5e-41e6-8f2f-5096486a74ac.wav,coughvid_data/9273fd7b-da5e-41e6-8f2f-5096486a74ac.wav,0.0
3084ac2c-1cfd-4582-afd7-d61caea471a2,coughvid_data/3084ac2c-1cfd-4582-afd7-d61caea471a2.wav,coughvid_data/3084ac2c-1cfd-4582-afd7-d61caea471a2.wav,1.0
43f94931-4fe5-4735-b35f-19338783fad0,coughvid_data/43f94931-4fe5-4735-b35f-19338783fad0.wav,coughvid_data/43f94931-4fe5-4735-b35f-19338783fad0.wav,0.0
60b210c1-247a-4a31-a44d-5be2d8c187eb,coughvid_data/60b210c1-247a-4a31-a44d-5be2d8c187eb.wav,coughvid_data/60b210c1-247a-4a31-a44d-5be2d8c187eb.wav,1.0
86e9a292-b0be-41ce-a8c8-12cc73d190ab,coughvid_data/86e9a292-b0be-41ce-a8c8-12cc73d190ab.wav,coughvid_data/86e9a292-b0be-41ce-a8c8-12cc73d190ab.wav,0.0
07e0f037-e745-499c-8d24-df7a4ac4caae,coughvid_data/07e0f037-e745-499c-8d24-df7a4ac4caae.wav,coughvid_data/07e0f037-e745-499c-8d24-df7a4ac4caae.wav,0.0
d7217181-4f67-4a70-90d9-ab37c60c1b3b,coughvid_data/d7217181-4f67-4a70-90d9-ab37c60c1b3b.wav,coughvid_data/d7217181-4f67-4a70-90d9-ab37c60c1b3b.wav,1.0
4bbf24c7-1d13-404b-b2c7-9b60b4d4582a,coughvid_data/4bbf24c7-1d13-404b-b2c7-9b60b4d4582a.wav,coughvid_data/4bbf24c7-1d13-404b-b2c7-9b60b4d4582a.wav,0.0
79c1200c-0a2b-459c-be4a-3c7078acc7b0,coughvid_data/79c1200c-0a2b-459c-be4a-3c7078acc7b0.wav,coughvid_data/79c1200c-0a2b-459c-be4a-3c7078acc7b0.wav,0.0
1084d790-fc11-4649-b0fb-159d8a6d84b4,coughvid_data/1084d790-fc11-4649-b0fb-159d8a6d84b4.wav,coughvid_data/1084d790-fc11-4649-b0fb-159d8a6d84b4.wav,1.0
38e7f072-6f3b-47b2-8b63-1e3fc2d7cb1a,coughvid_data/38e7f072-6f3b-47b2-8b63-1e3fc2d7cb1a.wav,coughvid_data/38e7f072-6f3b-47b2-8b63-1e3fc2d7cb1a.wav,1.0
a5768eb0-df59-425a-9813-333689cd32ba,coughvid_data/a5768eb0-df59-425a-9813-333689cd32ba.wav,coughvid_data/a5768eb0-df59-425a-9813-333689cd32ba.wav,1.0
13d9b216-18c3-4fc5-80d8-8fbe862930cb,coughvid_data/13d9b216-18c3-4fc5-80d8-8fbe862930cb.wav,coughvid_data/13d9b216-18c3-4fc5-80d8-8fbe862930cb.wav,0.0
63d19672-ecfb-453d-ba5f-e6442fbc2680,coughvid_data/63d19672-ecfb-453d-ba5f-e6442fbc2680.wav,coughvid_data/63d19672-ecfb-453d-ba5f-e6442fbc2680.wav,0.0
2ee4b7ab-b9cf-4461-97c5-5474e114b880,coughvid_data/2ee4b7ab-b9cf-4461-97c5-5474e114b880.wav,coughvid_data/2ee4b7ab-b9cf-4461-97c5-5474e114b880.wav,0.0
32f7930c-b020-418a-baef-13264a3f0b8c,coughvid_data/32f7930c-b020-418a-baef-13264a3f0b8c.wav,coughvid_data/32f7930c-b020-418a-baef-13264a3f0b8c.wav,1.0
ca4579a8-d65b-42aa-8fdf-1108e3b0323e,coughvid_data/ca4579a8-d65b-42aa-8fdf-1108e3b0323e.wav,coughvid_data/ca4579a8-d65b-42aa-8fdf-1108e3b0323e.wav,1.0
74f99d92-6429-4469-8ced-1fa5fd629cde,coughvid_data/74f99d92-6429-4469-8ced-1fa5fd629cde.wav,coughvid_data/74f99d92-6429-4469-8ced-1fa5fd629cde.wav,0.0
4e4523da-bdb8-4c9f-966e-8271b80e60a6,coughvid_data/4e4523da-bdb8-4c9f-966e-8271b80e60a6.wav,coughvid_data/4e4523da-bdb8-4c9f-966e-8271b80e60a6.wav,1.0
fcb50bad-93f0-4198-96e5-6858c84c5691,coughvid_data/fcb50bad-93f0-4198-96e5-6858c84c5691.wav,coughvid_data/fcb50bad-93f0-4198-96e5-6858c84c5691.wav,1.0
bd54dde8-6783-46a9-85fd-30f598257412,coughvid_data/bd54dde8-6783-46a9-85fd-30f598257412.wav,coughvid_data/bd54dde8-6783-46a9-85fd-30f598257412.wav,0.0
5c3d8573-8193-4501-8a27-d5e2f881c7b4,coughvid_data/5c3d8573-8193-4501-8a27-d5e2f881c7b4.wav,coughvid_data/5c3d8573-8193-4501-8a27-d5e2f881c7b4.wav,1.0
6afffb59-71d0-4a4c-b575-cde463c0a24a,coughvid_data/6afffb59-71d0-4a4c-b575-cde463c0a24a.wav,coughvid_data/6afffb59-71d0-4a4c-b575-cde463c0a24a.wav,1.0
e3dab96c-1edc-4908-a784-2ba3a54d131f,coughvid_data/e3dab96c-1edc-4908-a784-2ba3a54d131f.wav,coughvid_data/e3dab96c-1edc-4908-a784-2ba3a54d131f.wav,1.0
785d82d1-593d-4d73-bb39-94a99fb49056,coughvid_data/785d82d1-593d-4d73-bb39-94a99fb49056.wav,coughvid_data/785d82d1-593d-4d73-bb39-94a99fb49056.wav,0.0
69df3762-c041-4648-b9fa-a0e2e7523e12,coughvid_data/69df3762-c041-4648-b9fa-a0e2e7523e12.wav,coughvid_data/69df3762-c041-4648-b9fa-a0e2e7523e12.wav,1.0
cf7aefbe-7942-42b0-8a5b-18ce9b5136d1,coughvid_data/cf7aefbe-7942-42b0-8a5b-18ce9b5136d1.wav,coughvid_data/cf7aefbe-7942-42b0-8a5b-18ce9b5136d1.wav,0.0
312c738f-b0fa-4f57-930f-a3aaae75c98a,coughvid_data/312c738f-b0fa-4f57-930f-a3aaae75c98a.wav,coughvid_data/312c738f-b0fa-4f57-930f-a3aaae75c98a.wav,1.0
4a5910a5-8929-4c29-81b6-2a7b7f9a5246,coughvid_data/4a5910a5-8929-4c29-81b6-2a7b7f9a5246.wav,coughvid_data/4a5910a5-8929-4c29-81b6-2a7b7f9a5246.wav,1.0
fcaf1c7a-9f8e-46d8-bdf9-2ed827a7510b,coughvid_data/fcaf1c7a-9f8e-46d8-bdf9-2ed827a7510b.wav,coughvid_data/fcaf1c7a-9f8e-46d8-bdf9-2ed827a7510b.wav,0.0
4e9f4130-2954-4d29-adf5-d26768d3ead3,coughvid_data/4e9f4130-2954-4d29-adf5-d26768d3ead3.wav,coughvid_data/4e9f4130-2954-4d29-adf5-d26768d3ead3.wav,1.0
6b3e5545-10de-460f-a6c2-4a4950146da3,coughvid_data/6b3e5545-10de-460f-a6c2-4a4950146da3.wav,coughvid_data/6b3e5545-10de-460f-a6c2-4a4950146da3.wav,1.0
1614e597-81d6-4db4-9bed-43eff6c8effc,coughvid_data/1614e597-81d6-4db4-9bed-43eff6c8effc.wav,coughvid_data/1614e597-81d6-4db4-9bed-43eff6c8effc.wav,1.0
e3fa9146-d1bc-450a-8d7a-24ebfeca24bf,coughvid_data/e3fa9146-d1bc-450a-8d7a-24ebfeca24bf.wav,coughvid_data/e3fa9146-d1bc-450a-8d7a-24ebfeca24bf.wav,1.0
ba19c5e8-fd0f-44b9-bba0-fa3e0087315d,coughvid_data/ba19c5e8-fd0f-44b9-bba0-fa3e0087315d.wav,coughvid_data/ba19c5e8-fd0f-44b9-bba0-fa3e0087315d.wav,1.0
a4e28843-c76f-4944-9f39-465cc4491878,coughvid_data/a4e28843-c76f-4944-9f39-465cc4491878.wav,coughvid_data/a4e28843-c76f-4944-9f39-465cc4491878.wav,0.0
01723b00-382f-4089-a7c3-9c90b3ddad17,coughvid_data/01723b00-382f-4089-a7c3-9c90b3ddad17.wav,coughvid_data/01723b00-382f-4089-a7c3-9c90b3ddad17.wav,1.0
6127e7d0-0b48-4700-9b15-961e8ee26e08,coughvid_data/6127e7d0-0b48-4700-9b15-961e8ee26e08.wav,coughvid_data/6127e7d0-0b48-4700-9b15-961e8ee26e08.wav,1.0
9f99e2e9-90ff-4b21-9b85-36252f5875d7,coughvid_data/9f99e2e9-90ff-4b21-9b85-36252f5875d7.wav,coughvid_data/9f99e2e9-90ff-4b21-9b85-36252f5875d7.wav,0.0
efa633d7-40d6-4803-858f-3120fa9805cb,coughvid_data/efa633d7-40d6-4803-858f-3120fa9805cb.wav,coughvid_data/efa633d7-40d6-4803-858f-3120fa9805cb.wav,1.0
1f7ab260-6733-4f71-9235-4a1ec9571bd0,coughvid_data/1f7ab260-6733-4f71-9235-4a1ec9571bd0.wav,coughvid_data/1f7ab260-6733-4f71-9235-4a1ec9571bd0.wav,1.0
4747d195-da66-4862-8f0c-45190c65268a,coughvid_data/4747d195-da66-4862-8f0c-45190c65268a.wav,coughvid_data/4747d195-da66-4862-8f0c-45190c65268a.wav,1.0
98081256-422a-4a24-a2f9-4cc186573688,coughvid_data/98081256-422a-4a24-a2f9-4cc186573688.wav,coughvid_data/98081256-422a-4a24-a2f9-4cc186573688.wav,1.0
eb1c4af8-95cd-4553-a05c-bf770d7ca2d9,coughvid_data/eb1c4af8-95cd-4553-a05c-bf770d7ca2d9.wav,coughvid_data/eb1c4af8-95cd-4553-a05c-bf770d7ca2d9.wav,0.0
43ec41c8-e667-42e8-8018-167b6a2c9b98,coughvid_data/43ec41c8-e667-42e8-8018-167b6a2c9b98.wav,coughvid_data/43ec41c8-e667-42e8-8018-167b6a2c9b98.wav,1.0
708fba0a-7537-46be-b076-effe39c348a1,coughvid_data/708fba0a-7537-46be-b076-effe39c348a1.wav,coughvid_data/708fba0a-7537-46be-b076-effe39c348a1.wav,0.0
e5141b73-8e9f-4146-9a4c-9fb2cf900e89,coughvid_data/e5141b73-8e9f-4146-9a4c-9fb2cf900e89.wav,coughvid_data/e5141b73-8e9f-4146-9a4c-9fb2cf900e89.wav,1.0
3b2028a4-f2e5-4462-b618-7d5240be8af7,coughvid_data/3b2028a4-f2e5-4462-b618-7d5240be8af7.wav,coughvid_data/3b2028a4-f2e5-4462-b618-7d5240be8af7.wav,1.0
4e64400f-8f3d-4626-a3b3-e9f4af0f2f67,coughvid_data/4e64400f-8f3d-4626-a3b3-e9f4af0f2f67.wav,coughvid_data/4e64400f-8f3d-4626-a3b3-e9f4af0f2f67.wav,0.0
a50b494a-ae8e-448c-9854-202a122ed64b,coughvid_data/a50b494a-ae8e-448c-9854-202a122ed64b.wav,coughvid_data/a50b494a-ae8e-448c-9854-202a122ed64b.wav,1.0
e8e0ab57-b439-4a65-b095-dea8732131f8,coughvid_data/e8e0ab57-b439-4a65-b095-dea8732131f8.wav,coughvid_data/e8e0ab57-b439-4a65-b095-dea8732131f8.wav,0.0
9a5156e6-8137-4cc1-b3b8-13c94ca9a295,coughvid_data/9a5156e6-8137-4cc1-b3b8-13c94ca9a295.wav,coughvid_data/9a5156e6-8137-4cc1-b3b8-13c94ca9a295.wav,1.0
cb89e13c-f7b9-4277-8529-85385032e6b2,coughvid_data/cb89e13c-f7b9-4277-8529-85385032e6b2.wav,coughvid_data/cb89e13c-f7b9-4277-8529-85385032e6b2.wav,1.0
5d164ba5-5de7-4746-8ed9-ccbdbb530da0,coughvid_data/5d164ba5-5de7-4746-8ed9-ccbdbb530da0.wav,coughvid_data/5d164ba5-5de7-4746-8ed9-ccbdbb530da0.wav,0.0
9c3253eb-abb7-46fe-8797-e435486ec98c,coughvid_data/9c3253eb-abb7-46fe-8797-e435486ec98c.wav,coughvid_data/9c3253eb-abb7-46fe-8797-e435486ec98c.wav,0.0
ce8a2e1c-43fc-45d9-9a72-1430d4330009,coughvid_data/ce8a2e1c-43fc-45d9-9a72-1430d4330009.wav,coughvid_data/ce8a2e1c-43fc-45d9-9a72-1430d4330009.wav,1.0
b6c4806f-0998-4695-a477-47cb4cdaa912,coughvid_data/b6c4806f-0998-4695-a477-47cb4cdaa912.wav,coughvid_data/b6c4806f-0998-4695-a477-47cb4cdaa912.wav,1.0
f74e1390-3003-41d0-b130-ff047191ae54,coughvid_data/f74e1390-3003-41d0-b130-ff047191ae54.wav,coughvid_data/f74e1390-3003-41d0-b130-ff047191ae54.wav,0.0
0e7cb60c-1a5d-484d-8a54-d00e775ed34c,coughvid_data/0e7cb60c-1a5d-484d-8a54-d00e775ed34c.wav,coughvid_data/0e7cb60c-1a5d-484d-8a54-d00e775ed34c.wav,1.0
94ce2cf6-76b0-4773-8b11-161d3972b05c,coughvid_data/94ce2cf6-76b0-4773-8b11-161d3972b05c.wav,coughvid_data/94ce2cf6-76b0-4773-8b11-161d3972b05c.wav,0.0
1f389ede-1d27-4834-bd5b-ababf72039ce,coughvid_data/1f389ede-1d27-4834-bd5b-ababf72039ce.wav,coughvid_data/1f389ede-1d27-4834-bd5b-ababf72039ce.wav,1.0
4b289623-0882-4858-8016-7b599dcb0ac7,coughvid_data/4b289623-0882-4858-8016-7b599dcb0ac7.wav,coughvid_data/4b289623-0882-4858-8016-7b599dcb0ac7.wav,1.0
18c31e64-9ee5-4fe1-81eb-b3f3275e11c1,coughvid_data/18c31e64-9ee5-4fe1-81eb-b3f3275e11c1.wav,coughvid_data/18c31e64-9ee5-4fe1-81eb-b3f3275e11c1.wav,1.0
cec058ca-0a3c-4f17-ac8c-09a6f154501f,coughvid_data/cec058ca-0a3c-4f17-ac8c-09a6f154501f.wav,coughvid_data/cec058ca-0a3c-4f17-ac8c-09a6f154501f.wav,0.0
c06c2a44-8431-45f3-913d-82c1662e2c77,coughvid_data/c06c2a44-8431-45f3-913d-82c1662e2c77.wav,coughvid_data/c06c2a44-8431-45f3-913d-82c1662e2c77.wav,1.0
7fbcd312-1450-4d05-acf6-19d4dffa8cf0,coughvid_data/7fbcd312-1450-4d05-acf6-19d4dffa8cf0.wav,coughvid_data/7fbcd312-1450-4d05-acf6-19d4dffa8cf0.wav,1.0
9db27014-0df3-45da-ad7f-5ae9f4c708fe,coughvid_data/9db27014-0df3-45da-ad7f-5ae9f4c708fe.wav,coughvid_data/9db27014-0df3-45da-ad7f-5ae9f4c708fe.wav,0.0
30d6b101-9736-4522-a2d9-4f010d3e72b0,coughvid_data/30d6b101-9736-4522-a2d9-4f010d3e72b0.wav,coughvid_data/30d6b101-9736-4522-a2d9-4f010d3e72b0.wav,1.0
dee6b387-a123-459d-a768-f10acd895572,coughvid_data/dee6b387-a123-459d-a768-f10acd895572.wav,coughvid_data/dee6b387-a123-459d-a768-f10acd895572.wav,1.0
5b744699-42cc-4c5c-b711-fc5eb3e4e912,coughvid_data/5b744699-42cc-4c5c-b711-fc5eb3e4e912.wav,coughvid_data/5b744699-42cc-4c5c-b711-fc5eb3e4e912.wav,0.0
4a80ef0d-d5f0-4ed0-badf-0cbeee391e88,coughvid_data/4a80ef0d-d5f0-4ed0-badf-0cbeee391e88.wav,coughvid_data/4a80ef0d-d5f0-4ed0-badf-0cbeee391e88.wav,1.0
6ffa024d-1a02-4be0-ac30-b905bad178ba,coughvid_data/6ffa024d-1a02-4be0-ac30-b905bad178ba.wav,coughvid_data/6ffa024d-1a02-4be0-ac30-b905bad178ba.wav,1.0
b24cb0fe-6c03-48e0-9476-88f76ea5b9fc,coughvid_data/b24cb0fe-6c03-48e0-9476-88f76ea5b9fc.wav,coughvid_data/b24cb0fe-6c03-48e0-9476-88f76ea5b9fc.wav,1.0
ff1faf63-07ee-4612-b9aa-d87583b726e0,coughvid_data/ff1faf63-07ee-4612-b9aa-d87583b726e0.wav,coughvid_data/ff1faf63-07ee-4612-b9aa-d87583b726e0.wav,1.0
1741be21-8a55-4f60-b5ee-05cab417187d,coughvid_data/1741be21-8a55-4f60-b5ee-05cab417187d.wav,coughvid_data/1741be21-8a55-4f60-b5ee-05cab417187d.wav,1.0
e61f08e4-fae7-4639-a6d5-67b36796c894,coughvid_data/e61f08e4-fae7-4639-a6d5-67b36796c894.wav,coughvid_data/e61f08e4-fae7-4639-a6d5-67b36796c894.wav,0.0
83b401d4-0ada-4294-959f-b8ae98fc0b13,coughvid_data/83b401d4-0ada-4294-959f-b8ae98fc0b13.wav,coughvid_data/83b401d4-0ada-4294-959f-b8ae98fc0b13.wav,0.0
3af44a84-f4d6-40c7-9e00-678ee20effc9,coughvid_data/3af44a84-f4d6-40c7-9e00-678ee20effc9.wav,coughvid_data/3af44a84-f4d6-40c7-9e00-678ee20effc9.wav,1.0
c1023951-8688-4281-a7c9-4387a88a6da8,coughvid_data/c1023951-8688-4281-a7c9-4387a88a6da8.wav,coughvid_data/c1023951-8688-4281-a7c9-4387a88a6da8.wav,0.0
caac52e4-e8a9-40f4-94b7-f02faa9a2165,coughvid_data/caac52e4-e8a9-40f4-94b7-f02faa9a2165.wav,coughvid_data/caac52e4-e8a9-40f4-94b7-f02faa9a2165.wav,1.0
002d28bc-7806-4dfb-9c9b-afa8cb623cac,coughvid_data/002d28bc-7806-4dfb-9c9b-afa8cb623cac.wav,coughvid_data/002d28bc-7806-4dfb-9c9b-afa8cb623cac.wav,1.0
e84f513a-6a97-4bdf-8a2e-a152ea325bc8,coughvid_data/e84f513a-6a97-4bdf-8a2e-a152ea325bc8.wav,coughvid_data/e84f513a-6a97-4bdf-8a2e-a152ea325bc8.wav,0.0
56e3ad31-8833-4b74-81b3-ed0b54b46fad,coughvid_data/56e3ad31-8833-4b74-81b3-ed0b54b46fad.wav,coughvid_data/56e3ad31-8833-4b74-81b3-ed0b54b46fad.wav,1.0
bfa6b379-56e3-4144-ac7c-17d7269e9865,coughvid_data/bfa6b379-56e3-4144-ac7c-17d7269e9865.wav,coughvid_data/bfa6b379-56e3-4144-ac7c-17d7269e9865.wav,1.0
fd9c0574-c559-4301-bab9-bbf45e64ed40,coughvid_data/fd9c0574-c559-4301-bab9-bbf45e64ed40.wav,coughvid_data/fd9c0574-c559-4301-bab9-bbf45e64ed40.wav,1.0
10372f44-cf1a-432d-ab6d-9c48d7d56c06,coughvid_data/10372f44-cf1a-432d-ab6d-9c48d7d56c06.wav,coughvid_data/10372f44-cf1a-432d-ab6d-9c48d7d56c06.wav,0.0
ee78fe30-0001-4101-8a58-7eba1dfc8087,coughvid_data/ee78fe30-0001-4101-8a58-7eba1dfc8087.wav,coughvid_data/ee78fe30-0001-4101-8a58-7eba1dfc8087.wav,1.0
6a34f921-1549-4be4-854e-a7e869de5ac9,coughvid_data/6a34f921-1549-4be4-854e-a7e869de5ac9.wav,coughvid_data/6a34f921-1549-4be4-854e-a7e869de5ac9.wav,0.0
433a37a6-02c8-4ff3-b71b-67d4c9968919,coughvid_data/433a37a6-02c8-4ff3-b71b-67d4c9968919.wav,coughvid_data/433a37a6-02c8-4ff3-b71b-67d4c9968919.wav,1.0
30b282bb-affd-4449-81b3-f5bcc8877bee,coughvid_data/30b282bb-affd-4449-81b3-f5bcc8877bee.wav,coughvid_data/30b282bb-affd-4449-81b3-f5bcc8877bee.wav,1.0
510447ae-0ac1-4dfe-af77-c79f5e2d3f52,coughvid_data/510447ae-0ac1-4dfe-af77-c79f5e2d3f52.wav,coughvid_data/510447ae-0ac1-4dfe-af77-c79f5e2d3f52.wav,0.0
848748fb-28b6-4346-8766-9eba0416ca8c,coughvid_data/848748fb-28b6-4346-8766-9eba0416ca8c.wav,coughvid_data/848748fb-28b6-4346-8766-9eba0416ca8c.wav,0.0
b94d1eab-a436-44b1-90da-b9f9baf37378,coughvid_data/b94d1eab-a436-44b1-90da-b9f9baf37378.wav,coughvid_data/b94d1eab-a436-44b1-90da-b9f9baf37378.wav,1.0
1d779f4b-766d-401b-ae38-19f553701a01,coughvid_data/1d779f4b-766d-401b-ae38-19f553701a01.wav,coughvid_data/1d779f4b-766d-401b-ae38-19f553701a01.wav,1.0
8ad321e2-17b0-4796-aeda-be0c86205908,coughvid_data/8ad321e2-17b0-4796-aeda-be0c86205908.wav,coughvid_data/8ad321e2-17b0-4796-aeda-be0c86205908.wav,0.0
3a650481-b8f2-4677-be34-d5943b779adf,coughvid_data/3a650481-b8f2-4677-be34-d5943b779adf.wav,coughvid_data/3a650481-b8f2-4677-be34-d5943b779adf.wav,0.0
86ec481f-f117-48a8-8481-afeedb553f04,coughvid_data/86ec481f-f117-48a8-8481-afeedb553f04.wav,coughvid_data/86ec481f-f117-48a8-8481-afeedb553f04.wav,1.0
5d29532f-943b-4726-aca8-21191eeba327,coughvid_data/5d29532f-943b-4726-aca8-21191eeba327.wav,coughvid_data/5d29532f-943b-4726-aca8-21191eeba327.wav,1.0
757a68ce-d57f-4cfa-b321-101ddf76d350,coughvid_data/757a68ce-d57f-4cfa-b321-101ddf76d350.wav,coughvid_data/757a68ce-d57f-4cfa-b321-101ddf76d350.wav,1.0
5096601a-ee86-4dba-a2d2-9d0a777a0cd1,coughvid_data/5096601a-ee86-4dba-a2d2-9d0a777a0cd1.wav,coughvid_data/5096601a-ee86-4dba-a2d2-9d0a777a0cd1.wav,1.0
e982e6ed-866e-4331-904c-b0bcff66d8bc,coughvid_data/e982e6ed-866e-4331-904c-b0bcff66d8bc.wav,coughvid_data/e982e6ed-866e-4331-904c-b0bcff66d8bc.wav,1.0
b6b15f41-62c4-4449-9b9e-ffc0519906e1,coughvid_data/b6b15f41-62c4-4449-9b9e-ffc0519906e1.wav,coughvid_data/b6b15f41-62c4-4449-9b9e-ffc0519906e1.wav,0.0
c21a7d53-261d-4553-a02f-b8a1197f575e,coughvid_data/c21a7d53-261d-4553-a02f-b8a1197f575e.wav,coughvid_data/c21a7d53-261d-4553-a02f-b8a1197f575e.wav,1.0
cafcbee4-cfe7-4bac-8bbe-ba98da2b9179,coughvid_data/cafcbee4-cfe7-4bac-8bbe-ba98da2b9179.wav,coughvid_data/cafcbee4-cfe7-4bac-8bbe-ba98da2b9179.wav,1.0
a903db28-2f4b-4687-9eb9-9bc1fb992499,coughvid_data/a903db28-2f4b-4687-9eb9-9bc1fb992499.wav,coughvid_data/a903db28-2f4b-4687-9eb9-9bc1fb992499.wav,0.0
0d9c0044-fd27-440e-97fb-e8e22e4dccb5,coughvid_data/0d9c0044-fd27-440e-97fb-e8e22e4dccb5.wav,coughvid_data/0d9c0044-fd27-440e-97fb-e8e22e4dccb5.wav,0.0
fa943209-48e9-4dda-b66e-10e937988b37,coughvid_data/fa943209-48e9-4dda-b66e-10e937988b37.wav,coughvid_data/fa943209-48e9-4dda-b66e-10e937988b37.wav,1.0
449b9213-0a26-46aa-b232-6e989c85d415,coughvid_data/449b9213-0a26-46aa-b232-6e989c85d415.wav,coughvid_data/449b9213-0a26-46aa-b232-6e989c85d415.wav,0.0
4c436da7-caa6-401e-9f48-154e8283445d,coughvid_data/4c436da7-caa6-401e-9f48-154e8283445d.wav,coughvid_data/4c436da7-caa6-401e-9f48-154e8283445d.wav,1.0
f849e0a3-fff4-4af4-b501-bcd10dabb842,coughvid_data/f849e0a3-fff4-4af4-b501-bcd10dabb842.wav,coughvid_data/f849e0a3-fff4-4af4-b501-bcd10dabb842.wav,1.0
eb4f6ff4-9615-48f3-9521-40f0d662fd4a,coughvid_data/eb4f6ff4-9615-48f3-9521-40f0d662fd4a.wav,coughvid_data/eb4f6ff4-9615-48f3-9521-40f0d662fd4a.wav,0.0
40c671ed-dbe2-40a1-98b9-4c3d8a478029,coughvid_data/40c671ed-dbe2-40a1-98b9-4c3d8a478029.wav,coughvid_data/40c671ed-dbe2-40a1-98b9-4c3d8a478029.wav,1.0
2106232f-58e7-438c-9d8e-f417959dad18,coughvid_data/2106232f-58e7-438c-9d8e-f417959dad18.wav,coughvid_data/2106232f-58e7-438c-9d8e-f417959dad18.wav,0.0
e2cf339d-4d2f-4efa-84d9-8f9f5b0ed93e,coughvid_data/e2cf339d-4d2f-4efa-84d9-8f9f5b0ed93e.wav,coughvid_data/e2cf339d-4d2f-4efa-84d9-8f9f5b0ed93e.wav,0.0
412d96a7-5330-4991-8d55-0f9817276dbe,coughvid_data/412d96a7-5330-4991-8d55-0f9817276dbe.wav,coughvid_data/412d96a7-5330-4991-8d55-0f9817276dbe.wav,0.0
67462ca9-c109-4597-a427-5d53cf60c0f6,coughvid_data/67462ca9-c109-4597-a427-5d53cf60c0f6.wav,coughvid_data/67462ca9-c109-4597-a427-5d53cf60c0f6.wav,1.0
35c5aa6b-2610-4e93-9cdd-932025872a25,coughvid_data/35c5aa6b-2610-4e93-9cdd-932025872a25.wav,coughvid_data/35c5aa6b-2610-4e93-9cdd-932025872a25.wav,0.0
b0c9e3fb-89db-492b-b2cc-be86b7b8cc18,coughvid_data/b0c9e3fb-89db-492b-b2cc-be86b7b8cc18.wav,coughvid_data/b0c9e3fb-89db-492b-b2cc-be86b7b8cc18.wav,0.0
63b31fbf-bf48-4f0b-b414-eee78be9d078,coughvid_data/63b31fbf-bf48-4f0b-b414-eee78be9d078.wav,coughvid_data/63b31fbf-bf48-4f0b-b414-eee78be9d078.wav,0.0
8baea508-46c9-4cc8-964f-3f612af4b35a,coughvid_data/8baea508-46c9-4cc8-964f-3f612af4b35a.wav,coughvid_data/8baea508-46c9-4cc8-964f-3f612af4b35a.wav,1.0
6ac2e8c6-404d-4c6f-bff5-2aa0439c7816,coughvid_data/6ac2e8c6-404d-4c6f-bff5-2aa0439c7816.wav,coughvid_data/6ac2e8c6-404d-4c6f-bff5-2aa0439c7816.wav,0.0
48a08ce7-8011-44ee-bc69-47f053b8d6f1,coughvid_data/48a08ce7-8011-44ee-bc69-47f053b8d6f1.wav,coughvid_data/48a08ce7-8011-44ee-bc69-47f053b8d6f1.wav,0.0
1d62efdf-3d65-4a59-ae62-bdb6aa3557cf,coughvid_data/1d62efdf-3d65-4a59-ae62-bdb6aa3557cf.wav,coughvid_data/1d62efdf-3d65-4a59-ae62-bdb6aa3557cf.wav,0.0
5d6fccdc-029e-4361-bdd7-27f6994bc2ba,coughvid_data/5d6fccdc-029e-4361-bdd7-27f6994bc2ba.wav,coughvid_data/5d6fccdc-029e-4361-bdd7-27f6994bc2ba.wav,0.0
0e7e7d6b-fe95-453d-9cdd-694409e97fa7,coughvid_data/0e7e7d6b-fe95-453d-9cdd-694409e97fa7.wav,coughvid_data/0e7e7d6b-fe95-453d-9cdd-694409e97fa7.wav,1.0
678dffda-0080-4a08-88a9-ddd6bcd67a5c,coughvid_data/678dffda-0080-4a08-88a9-ddd6bcd67a5c.wav,coughvid_data/678dffda-0080-4a08-88a9-ddd6bcd67a5c.wav,0.0
f0c35291-71d0-4e49-816d-67fbeb7a7f0c,coughvid_data/f0c35291-71d0-4e49-816d-67fbeb7a7f0c.wav,coughvid_data/f0c35291-71d0-4e49-816d-67fbeb7a7f0c.wav,0.0
55725d3a-6aa0-44f8-8919-bbf1be7844e2,coughvid_data/55725d3a-6aa0-44f8-8919-bbf1be7844e2.wav,coughvid_data/55725d3a-6aa0-44f8-8919-bbf1be7844e2.wav,1.0
fd2132ed-504f-4bdd-9517-2f44bad85efb,coughvid_data/fd2132ed-504f-4bdd-9517-2f44bad85efb.wav,coughvid_data/fd2132ed-504f-4bdd-9517-2f44bad85efb.wav,0.0
aa96f93e-632f-4f78-8150-f71981677034,coughvid_data/aa96f93e-632f-4f78-8150-f71981677034.wav,coughvid_data/aa96f93e-632f-4f78-8150-f71981677034.wav,0.0
8b531001-ce1f-4bda-824a-96feae72f770,coughvid_data/8b531001-ce1f-4bda-824a-96feae72f770.wav,coughvid_data/8b531001-ce1f-4bda-824a-96feae72f770.wav,1.0
ca8e6b32-bf1f-4c44-a5ff-ccb02bf19c40,coughvid_data/ca8e6b32-bf1f-4c44-a5ff-ccb02bf19c40.wav,coughvid_data/ca8e6b32-bf1f-4c44-a5ff-ccb02bf19c40.wav,0.0
c42fcc2e-2db1-452b-9358-7dd3b5a22c54,coughvid_data/c42fcc2e-2db1-452b-9358-7dd3b5a22c54.wav,coughvid_data/c42fcc2e-2db1-452b-9358-7dd3b5a22c54.wav,0.0
19c0e1a7-90d3-451f-9091-8ba9cf93b181,coughvid_data/19c0e1a7-90d3-451f-9091-8ba9cf93b181.wav,coughvid_data/19c0e1a7-90d3-451f-9091-8ba9cf93b181.wav,1.0
1aef7ee0-e90b-4b42-8af6-003465257b62,coughvid_data/1aef7ee0-e90b-4b42-8af6-003465257b62.wav,coughvid_data/1aef7ee0-e90b-4b42-8af6-003465257b62.wav,1.0
969e9c5b-264b-4b55-9fd2-ff3197127ee3,coughvid_data/969e9c5b-264b-4b55-9fd2-ff3197127ee3.wav,coughvid_data/969e9c5b-264b-4b55-9fd2-ff3197127ee3.wav,0.0
586e839e-e4ab-4597-9cc9-a06730271738,coughvid_data/586e839e-e4ab-4597-9cc9-a06730271738.wav,coughvid_data/586e839e-e4ab-4597-9cc9-a06730271738.wav,1.0
ec4084e1-3da1-46c4-9dd9-ae9098427834,coughvid_data/ec4084e1-3da1-46c4-9dd9-ae9098427834.wav,coughvid_data/ec4084e1-3da1-46c4-9dd9-ae9098427834.wav,1.0
0ec6c058-60b6-4fa4-8280-ce63d442914b,coughvid_data/0ec6c058-60b6-4fa4-8280-ce63d442914b.wav,coughvid_data/0ec6c058-60b6-4fa4-8280-ce63d442914b.wav,1.0
f7af3863-7c97-4380-876e-9cc61e3b3e94,coughvid_data/f7af3863-7c97-4380-876e-9cc61e3b3e94.wav,coughvid_data/f7af3863-7c97-4380-876e-9cc61e3b3e94.wav,0.0
5be91083-eff2-4bc1-91dc-2a6929af9566,coughvid_data/5be91083-eff2-4bc1-91dc-2a6929af9566.wav,coughvid_data/5be91083-eff2-4bc1-91dc-2a6929af9566.wav,0.0
3585c07f-9f17-4b76-9994-0cdb4d314f84,coughvid_data/3585c07f-9f17-4b76-9994-0cdb4d314f84.wav,coughvid_data/3585c07f-9f17-4b76-9994-0cdb4d314f84.wav,1.0
2e6ed621-e54d-4529-8412-1a4bee92230c,coughvid_data/2e6ed621-e54d-4529-8412-1a4bee92230c.wav,coughvid_data/2e6ed621-e54d-4529-8412-1a4bee92230c.wav,1.0
8f016f2b-6f3c-4b58-8045-16d13cdfbe7c,coughvid_data/8f016f2b-6f3c-4b58-8045-16d13cdfbe7c.wav,coughvid_data/8f016f2b-6f3c-4b58-8045-16d13cdfbe7c.wav,0.0
8685af7a-1542-4e7c-beec-9bff016d5945,coughvid_data/8685af7a-1542-4e7c-beec-9bff016d5945.wav,coughvid_data/8685af7a-1542-4e7c-beec-9bff016d5945.wav,1.0
3a6d3a21-4c29-47a9-9146-913edb738bca,coughvid_data/3a6d3a21-4c29-47a9-9146-913edb738bca.wav,coughvid_data/3a6d3a21-4c29-47a9-9146-913edb738bca.wav,1.0
b1baad8f-a9f4-4eba-b9b2-27b6ccf28a99,coughvid_data/b1baad8f-a9f4-4eba-b9b2-27b6ccf28a99.wav,coughvid_data/b1baad8f-a9f4-4eba-b9b2-27b6ccf28a99.wav,0.0
aea6fd1b-c8e8-44ff-af73-035bafd8a57e,coughvid_data/aea6fd1b-c8e8-44ff-af73-035bafd8a57e.wav,coughvid_data/aea6fd1b-c8e8-44ff-af73-035bafd8a57e.wav,1.0
133a0e5b-8b8c-41f3-ba06-393e46b6f204,coughvid_data/133a0e5b-8b8c-41f3-ba06-393e46b6f204.wav,coughvid_data/133a0e5b-8b8c-41f3-ba06-393e46b6f204.wav,1.0
38a66a0c-f173-4e68-bfda-58370fa5bc3f,coughvid_data/38a66a0c-f173-4e68-bfda-58370fa5bc3f.wav,coughvid_data/38a66a0c-f173-4e68-bfda-58370fa5bc3f.wav,0.0
8ceed87a-c73a-410a-9d45-9bb7d1d3b54e,coughvid_data/8ceed87a-c73a-410a-9d45-9bb7d1d3b54e.wav,coughvid_data/8ceed87a-c73a-410a-9d45-9bb7d1d3b54e.wav,1.0
07c16495-d19c-47ad-ba39-d2e24f31d6e4,coughvid_data/07c16495-d19c-47ad-ba39-d2e24f31d6e4.wav,coughvid_data/07c16495-d19c-47ad-ba39-d2e24f31d6e4.wav,1.0
7ea5442c-eeb9-44bd-88d6-2155369dcba8,coughvid_data/7ea5442c-eeb9-44bd-88d6-2155369dcba8.wav,coughvid_data/7ea5442c-eeb9-44bd-88d6-2155369dcba8.wav,0.0
25b750e5-8a76-4c13-9fd8-851e45d1b5ed,coughvid_data/25b750e5-8a76-4c13-9fd8-851e45d1b5ed.wav,coughvid_data/25b750e5-8a76-4c13-9fd8-851e45d1b5ed.wav,1.0
ebf7f964-336d-4afa-94b4-3cd8c090a05d,coughvid_data/ebf7f964-336d-4afa-94b4-3cd8c090a05d.wav,coughvid_data/ebf7f964-336d-4afa-94b4-3cd8c090a05d.wav,0.0
861d6d13-4ae5-423d-b9e0-7efd8814ef3b,coughvid_data/861d6d13-4ae5-423d-b9e0-7efd8814ef3b.wav,coughvid_data/861d6d13-4ae5-423d-b9e0-7efd8814ef3b.wav,0.0
51754869-6af6-41fe-b46e-89469c71d1c2,coughvid_data/51754869-6af6-41fe-b46e-89469c71d1c2.wav,coughvid_data/51754869-6af6-41fe-b46e-89469c71d1c2.wav,1.0
b1df4b23-b23c-42c1-9aef-795ea5aa6991,coughvid_data/b1df4b23-b23c-42c1-9aef-795ea5aa6991.wav,coughvid_data/b1df4b23-b23c-42c1-9aef-795ea5aa6991.wav,1.0
3902336d-4158-4d03-a8ee-0238cafac6fa,coughvid_data/3902336d-4158-4d03-a8ee-0238cafac6fa.wav,coughvid_data/3902336d-4158-4d03-a8ee-0238cafac6fa.wav,0.0
2ad3c97f-d15e-41d7-940b-14312b8da368,coughvid_data/2ad3c97f-d15e-41d7-940b-14312b8da368.wav,coughvid_data/2ad3c97f-d15e-41d7-940b-14312b8da368.wav,0.0
89c37b74-6326-499f-bafb-908f57428bb5,coughvid_data/89c37b74-6326-499f-bafb-908f57428bb5.wav,coughvid_data/89c37b74-6326-499f-bafb-908f57428bb5.wav,1.0
3f2f0301-2779-44f0-a20d-682676b784d0,coughvid_data/3f2f0301-2779-44f0-a20d-682676b784d0.wav,coughvid_data/3f2f0301-2779-44f0-a20d-682676b784d0.wav,1.0
211c948b-1f0f-4e9d-ba8a-45aaf9496a78,coughvid_data/211c948b-1f0f-4e9d-ba8a-45aaf9496a78.wav,coughvid_data/211c948b-1f0f-4e9d-ba8a-45aaf9496a78.wav,1.0
3e48204b-68bb-4f8c-ae57-97fe142841db,coughvid_data/3e48204b-68bb-4f8c-ae57-97fe142841db.wav,coughvid_data/3e48204b-68bb-4f8c-ae57-97fe142841db.wav,1.0
3714fa0a-7113-4ef7-852d-674bbede3aae,coughvid_data/3714fa0a-7113-4ef7-852d-674bbede3aae.wav,coughvid_data/3714fa0a-7113-4ef7-852d-674bbede3aae.wav,1.0
509716f7-90e6-4ebf-bf8c-4d077563e3c9,coughvid_data/509716f7-90e6-4ebf-bf8c-4d077563e3c9.wav,coughvid_data/509716f7-90e6-4ebf-bf8c-4d077563e3c9.wav,1.0
72418df9-2a0a-4da5-922d-7a1d5d12ab80,coughvid_data/72418df9-2a0a-4da5-922d-7a1d5d12ab80.wav,coughvid_data/72418df9-2a0a-4da5-922d-7a1d5d12ab80.wav,1.0
47b1376f-0fd4-47d0-9900-f155df7fcc04,coughvid_data/47b1376f-0fd4-47d0-9900-f155df7fcc04.wav,coughvid_data/47b1376f-0fd4-47d0-9900-f155df7fcc04.wav,1.0
e61540dc-1e09-46fa-b435-f13c67b88378,coughvid_data/e61540dc-1e09-46fa-b435-f13c67b88378.wav,coughvid_data/e61540dc-1e09-46fa-b435-f13c67b88378.wav,1.0
48a67e45-59b4-47f0-9fee-15609cae2d31,coughvid_data/48a67e45-59b4-47f0-9fee-15609cae2d31.wav,coughvid_data/48a67e45-59b4-47f0-9fee-15609cae2d31.wav,1.0
13803c63-dc39-470b-9612-521cb025c08b,coughvid_data/13803c63-dc39-470b-9612-521cb025c08b.wav,coughvid_data/13803c63-dc39-470b-9612-521cb025c08b.wav,1.0
a8c3d129-2ecf-49e7-aa27-85722371a14a,coughvid_data/a8c3d129-2ecf-49e7-aa27-85722371a14a.wav,coughvid_data/a8c3d129-2ecf-49e7-aa27-85722371a14a.wav,1.0
c3f17192-5c77-400d-812f-20d2b4b4db57,coughvid_data/c3f17192-5c77-400d-812f-20d2b4b4db57.wav,coughvid_data/c3f17192-5c77-400d-812f-20d2b4b4db57.wav,1.0
3f2d4429-8f06-4660-8ce7-84c65caa22ee,coughvid_data/3f2d4429-8f06-4660-8ce7-84c65caa22ee.wav,coughvid_data/3f2d4429-8f06-4660-8ce7-84c65caa22ee.wav,0.0
5188ace3-6a95-4c97-a4b5-eedff9d22f97,coughvid_data/5188ace3-6a95-4c97-a4b5-eedff9d22f97.wav,coughvid_data/5188ace3-6a95-4c97-a4b5-eedff9d22f97.wav,1.0
3499f13d-62fb-402e-af1f-02362aba0413,coughvid_data/3499f13d-62fb-402e-af1f-02362aba0413.wav,coughvid_data/3499f13d-62fb-402e-af1f-02362aba0413.wav,1.0
c8577c4d-beff-4b88-bfef-da2096212a90,coughvid_data/c8577c4d-beff-4b88-bfef-da2096212a90.wav,coughvid_data/c8577c4d-beff-4b88-bfef-da2096212a90.wav,0.0
2524995f-f16d-441a-aac0-d481968378fd,coughvid_data/2524995f-f16d-441a-aac0-d481968378fd.wav,coughvid_data/2524995f-f16d-441a-aac0-d481968378fd.wav,1.0
38593987-2561-42cc-8ee7-731ad1312073,coughvid_data/38593987-2561-42cc-8ee7-731ad1312073.wav,coughvid_data/38593987-2561-42cc-8ee7-731ad1312073.wav,1.0
fff474bf-39a4-4a61-8348-6b992fb5e439,coughvid_data/fff474bf-39a4-4a61-8348-6b992fb5e439.wav,coughvid_data/fff474bf-39a4-4a61-8348-6b992fb5e439.wav,0.0
8bc2ece1-70b6-4f0a-8d02-0677e2219686,coughvid_data/8bc2ece1-70b6-4f0a-8d02-0677e2219686.wav,coughvid_data/8bc2ece1-70b6-4f0a-8d02-0677e2219686.wav,1.0
204580d6-8abd-4edd-8bda-c1dd946e1981,coughvid_data/204580d6-8abd-4edd-8bda-c1dd946e1981.wav,coughvid_data/204580d6-8abd-4edd-8bda-c1dd946e1981.wav,0.0
a70016f0-99ed-4be0-bb29-137d83c5a7ca,coughvid_data/a70016f0-99ed-4be0-bb29-137d83c5a7ca.wav,coughvid_data/a70016f0-99ed-4be0-bb29-137d83c5a7ca.wav,1.0
8569e70b-707a-4adc-9fce-60e3f8da9504,coughvid_data/8569e70b-707a-4adc-9fce-60e3f8da9504.wav,coughvid_data/8569e70b-707a-4adc-9fce-60e3f8da9504.wav,1.0
b6f5934f-3eb9-4a72-9384-383730324332,coughvid_data/b6f5934f-3eb9-4a72-9384-383730324332.wav,coughvid_data/b6f5934f-3eb9-4a72-9384-383730324332.wav,0.0
8aa446f1-9a8f-4c5f-857c-67208809a3a5,coughvid_data/8aa446f1-9a8f-4c5f-857c-67208809a3a5.wav,coughvid_data/8aa446f1-9a8f-4c5f-857c-67208809a3a5.wav,1.0
cac50dfa-64ca-462a-bbe0-b0ef23f0c335,coughvid_data/cac50dfa-64ca-462a-bbe0-b0ef23f0c335.wav,coughvid_data/cac50dfa-64ca-462a-bbe0-b0ef23f0c335.wav,1.0
f8a8484a-7a6c-4826-925d-f58d57df8cf6,coughvid_data/f8a8484a-7a6c-4826-925d-f58d57df8cf6.wav,coughvid_data/f8a8484a-7a6c-4826-925d-f58d57df8cf6.wav,0.0
de6415d9-10af-4cf8-8584-6b803571f3a6,coughvid_data/de6415d9-10af-4cf8-8584-6b803571f3a6.wav,coughvid_data/de6415d9-10af-4cf8-8584-6b803571f3a6.wav,0.0
6150407d-d09b-4fbc-acf3-c5068b5a53dc,coughvid_data/6150407d-d09b-4fbc-acf3-c5068b5a53dc.wav,coughvid_data/6150407d-d09b-4fbc-acf3-c5068b5a53dc.wav,1.0
ff2493d0-17da-4e51-b794-d10876b7048b,coughvid_data/ff2493d0-17da-4e51-b794-d10876b7048b.wav,coughvid_data/ff2493d0-17da-4e51-b794-d10876b7048b.wav,0.0
7d0c9857-1de5-4c32-9981-5a74360863c4,coughvid_data/7d0c9857-1de5-4c32-9981-5a74360863c4.wav,coughvid_data/7d0c9857-1de5-4c32-9981-5a74360863c4.wav,0.0
cf8d4996-c564-41b1-8c1d-447ea1647ab5,coughvid_data/cf8d4996-c564-41b1-8c1d-447ea1647ab5.wav,coughvid_data/cf8d4996-c564-41b1-8c1d-447ea1647ab5.wav,1.0
5bd15df9-0a3e-4422-ac76-4292ff088de4,coughvid_data/5bd15df9-0a3e-4422-ac76-4292ff088de4.wav,coughvid_data/5bd15df9-0a3e-4422-ac76-4292ff088de4.wav,0.0
d2a13309-8f0d-492c-a7de-b5be0c624b1c,coughvid_data/d2a13309-8f0d-492c-a7de-b5be0c624b1c.wav,coughvid_data/d2a13309-8f0d-492c-a7de-b5be0c624b1c.wav,1.0
c1147341-d8a1-4347-bd52-287ccc768f39,coughvid_data/c1147341-d8a1-4347-bd52-287ccc768f39.wav,coughvid_data/c1147341-d8a1-4347-bd52-287ccc768f39.wav,0.0
230f754c-d68d-43f9-8271-47858e133b5d,coughvid_data/230f754c-d68d-43f9-8271-47858e133b5d.wav,coughvid_data/230f754c-d68d-43f9-8271-47858e133b5d.wav,0.0
e20b1e5b-8919-40e6-8d1e-9679915a7977,coughvid_data/e20b1e5b-8919-40e6-8d1e-9679915a7977.wav,coughvid_data/e20b1e5b-8919-40e6-8d1e-9679915a7977.wav,0.0
bbc25085-32fc-48fe-8f73-11119ebca7d5,coughvid_data/bbc25085-32fc-48fe-8f73-11119ebca7d5.wav,coughvid_data/bbc25085-32fc-48fe-8f73-11119ebca7d5.wav,0.0
26f28a30-ca5f-44e8-9fa8-380e327269e8,coughvid_data/26f28a30-ca5f-44e8-9fa8-380e327269e8.wav,coughvid_data/26f28a30-ca5f-44e8-9fa8-380e327269e8.wav,0.0
de4c87d3-835e-4223-b14b-4682997c1aa8,coughvid_data/de4c87d3-835e-4223-b14b-4682997c1aa8.wav,coughvid_data/de4c87d3-835e-4223-b14b-4682997c1aa8.wav,0.0
dd489c88-affc-4142-ac56-752c3a433991,coughvid_data/dd489c88-affc-4142-ac56-752c3a433991.wav,coughvid_data/dd489c88-affc-4142-ac56-752c3a433991.wav,1.0
eef01896-b0bf-42c9-8397-a3057b4a74bd,coughvid_data/eef01896-b0bf-42c9-8397-a3057b4a74bd.wav,coughvid_data/eef01896-b0bf-42c9-8397-a3057b4a74bd.wav,0.0
fccc33e8-53c2-47e4-8ee6-b4469ae889d9,coughvid_data/fccc33e8-53c2-47e4-8ee6-b4469ae889d9.wav,coughvid_data/fccc33e8-53c2-47e4-8ee6-b4469ae889d9.wav,0.0
7e6e9056-3d9b-4134-ad3a-6175adbfc11e,coughvid_data/7e6e9056-3d9b-4134-ad3a-6175adbfc11e.wav,coughvid_data/7e6e9056-3d9b-4134-ad3a-6175adbfc11e.wav,0.0
520a1450-e5aa-4150-8a40-5690092a4d95,coughvid_data/520a1450-e5aa-4150-8a40-5690092a4d95.wav,coughvid_data/520a1450-e5aa-4150-8a40-5690092a4d95.wav,1.0
34d517a3-92e1-4940-9ff5-1542ae5c61c4,coughvid_data/34d517a3-92e1-4940-9ff5-1542ae5c61c4.wav,coughvid_data/34d517a3-92e1-4940-9ff5-1542ae5c61c4.wav,1.0
fd324d6e-3437-4e9d-a737-c8ca33f1784e,coughvid_data/fd324d6e-3437-4e9d-a737-c8ca33f1784e.wav,coughvid_data/fd324d6e-3437-4e9d-a737-c8ca33f1784e.wav,0.0
62dbcd19-698f-4c8d-86d3-58defa84910b,coughvid_data/62dbcd19-698f-4c8d-86d3-58defa84910b.wav,coughvid_data/62dbcd19-698f-4c8d-86d3-58defa84910b.wav,1.0
1cc01044-41fe-4bf3-a6bd-e6f3efdb1673,coughvid_data/1cc01044-41fe-4bf3-a6bd-e6f3efdb1673.wav,coughvid_data/1cc01044-41fe-4bf3-a6bd-e6f3efdb1673.wav,1.0
0e023408-6d4a-42c0-b15d-970a479174c3,coughvid_data/0e023408-6d4a-42c0-b15d-970a479174c3.wav,coughvid_data/0e023408-6d4a-42c0-b15d-970a479174c3.wav,0.0
baab933c-2c47-40e4-99bc-9d3263adbf2b,coughvid_data/baab933c-2c47-40e4-99bc-9d3263adbf2b.wav,coughvid_data/baab933c-2c47-40e4-99bc-9d3263adbf2b.wav,0.0
033f3882-da09-4c6b-9c3b-a33473ac78a6,coughvid_data/033f3882-da09-4c6b-9c3b-a33473ac78a6.wav,coughvid_data/033f3882-da09-4c6b-9c3b-a33473ac78a6.wav,0.0
c66d170a-bdf0-4b46-a6d9-aa8cc9fde85b,coughvid_data/c66d170a-bdf0-4b46-a6d9-aa8cc9fde85b.wav,coughvid_data/c66d170a-bdf0-4b46-a6d9-aa8cc9fde85b.wav,1.0
7336b77f-6873-4e2c-837d-2ef925a3d33e,coughvid_data/7336b77f-6873-4e2c-837d-2ef925a3d33e.wav,coughvid_data/7336b77f-6873-4e2c-837d-2ef925a3d33e.wav,1.0
fd9fff12-8d2f-4ef2-8d72-cf49d17c8635,coughvid_data/fd9fff12-8d2f-4ef2-8d72-cf49d17c8635.wav,coughvid_data/fd9fff12-8d2f-4ef2-8d72-cf49d17c8635.wav,1.0
61b720cf-41aa-468f-8696-9da98c4b9b2a,coughvid_data/61b720cf-41aa-468f-8696-9da98c4b9b2a.wav,coughvid_data/61b720cf-41aa-468f-8696-9da98c4b9b2a.wav,1.0
d8fdecae-752f-4d9a-87e1-688f53d44fd8,coughvid_data/d8fdecae-752f-4d9a-87e1-688f53d44fd8.wav,coughvid_data/d8fdecae-752f-4d9a-87e1-688f53d44fd8.wav,1.0
abe8faaa-0cc9-4376-aec4-004f545db01e,coughvid_data/abe8faaa-0cc9-4376-aec4-004f545db01e.wav,coughvid_data/abe8faaa-0cc9-4376-aec4-004f545db01e.wav,1.0
67e3d413-7075-4836-a038-d3eaa136da6c,coughvid_data/67e3d413-7075-4836-a038-d3eaa136da6c.wav,coughvid_data/67e3d413-7075-4836-a038-d3eaa136da6c.wav,0.0
433ffd18-edab-43f6-8cc0-3745d3019cda,coughvid_data/433ffd18-edab-43f6-8cc0-3745d3019cda.wav,coughvid_data/433ffd18-edab-43f6-8cc0-3745d3019cda.wav,1.0
3c9b535d-70dd-4bb0-8ab4-bd16c9c39f21,coughvid_data/3c9b535d-70dd-4bb0-8ab4-bd16c9c39f21.wav,coughvid_data/3c9b535d-70dd-4bb0-8ab4-bd16c9c39f21.wav,1.0
363736d8-1570-442c-97fe-9af72b5e46b2,coughvid_data/363736d8-1570-442c-97fe-9af72b5e46b2.wav,coughvid_data/363736d8-1570-442c-97fe-9af72b5e46b2.wav,1.0
34afc04a-f483-44e6-9170-35910bea3800,coughvid_data/34afc04a-f483-44e6-9170-35910bea3800.wav,coughvid_data/34afc04a-f483-44e6-9170-35910bea3800.wav,1.0
ee28fdd9-6f0a-4c52-bb38-c8c43f24a669,coughvid_data/ee28fdd9-6f0a-4c52-bb38-c8c43f24a669.wav,coughvid_data/ee28fdd9-6f0a-4c52-bb38-c8c43f24a669.wav,1.0
f1f54196-d3e9-46b7-88b2-2ba4305486c1,coughvid_data/f1f54196-d3e9-46b7-88b2-2ba4305486c1.wav,coughvid_data/f1f54196-d3e9-46b7-88b2-2ba4305486c1.wav,0.0
ce873425-fad8-4a30-a757-0432c6c65025,coughvid_data/ce873425-fad8-4a30-a757-0432c6c65025.wav,coughvid_data/ce873425-fad8-4a30-a757-0432c6c65025.wav,1.0
4d2fc192-38a1-466d-be24-128d3dc1b4ef,coughvid_data/4d2fc192-38a1-466d-be24-128d3dc1b4ef.wav,coughvid_data/4d2fc192-38a1-466d-be24-128d3dc1b4ef.wav,1.0
87996c87-45b6-49af-b923-94542882d7d4,coughvid_data/87996c87-45b6-49af-b923-94542882d7d4.wav,coughvid_data/87996c87-45b6-49af-b923-94542882d7d4.wav,1.0
e667faac-9ba9-472e-8a97-ad47887d5108,coughvid_data/e667faac-9ba9-472e-8a97-ad47887d5108.wav,coughvid_data/e667faac-9ba9-472e-8a97-ad47887d5108.wav,1.0
fbf957b5-2dbe-449d-bbeb-471cab9e360d,coughvid_data/fbf957b5-2dbe-449d-bbeb-471cab9e360d.wav,coughvid_data/fbf957b5-2dbe-449d-bbeb-471cab9e360d.wav,1.0
7ad89fd2-56cb-43cd-84ea-4d3eb7b30e00,coughvid_data/7ad89fd2-56cb-43cd-84ea-4d3eb7b30e00.wav,coughvid_data/7ad89fd2-56cb-43cd-84ea-4d3eb7b30e00.wav,1.0
f4eab926-e61b-46a6-b090-737e3268c7d6,coughvid_data/f4eab926-e61b-46a6-b090-737e3268c7d6.wav,coughvid_data/f4eab926-e61b-46a6-b090-737e3268c7d6.wav,0.0
74b086e6-b323-41cb-8942-727ceb19d408,coughvid_data/74b086e6-b323-41cb-8942-727ceb19d408.wav,coughvid_data/74b086e6-b323-41cb-8942-727ceb19d408.wav,0.0
9d691598-b7e2-4d3b-a90a-afd4ab47abad,coughvid_data/9d691598-b7e2-4d3b-a90a-afd4ab47abad.wav,coughvid_data/9d691598-b7e2-4d3b-a90a-afd4ab47abad.wav,1.0
34498446-c828-4af5-b6fb-5fa7c2dae0a9,coughvid_data/34498446-c828-4af5-b6fb-5fa7c2dae0a9.wav,coughvid_data/34498446-c828-4af5-b6fb-5fa7c2dae0a9.wav,0.0
6abb09b7-68ac-49c0-ac08-345476f3a1b4,coughvid_data/6abb09b7-68ac-49c0-ac08-345476f3a1b4.wav,coughvid_data/6abb09b7-68ac-49c0-ac08-345476f3a1b4.wav,0.0
7c5281ee-6d80-4cdc-b683-cf8087bce195,coughvid_data/7c5281ee-6d80-4cdc-b683-cf8087bce195.wav,coughvid_data/7c5281ee-6d80-4cdc-b683-cf8087bce195.wav,1.0
24598840-e2fe-4840-b617-b1b253b971f4,coughvid_data/24598840-e2fe-4840-b617-b1b253b971f4.wav,coughvid_data/24598840-e2fe-4840-b617-b1b253b971f4.wav,1.0
2a9783f0-e498-409f-97df-d627de42d4bf,coughvid_data/2a9783f0-e498-409f-97df-d627de42d4bf.wav,coughvid_data/2a9783f0-e498-409f-97df-d627de42d4bf.wav,0.0
b04f2c03-6144-4da6-bcf9-9c1e4e7ca605,coughvid_data/b04f2c03-6144-4da6-bcf9-9c1e4e7ca605.wav,coughvid_data/b04f2c03-6144-4da6-bcf9-9c1e4e7ca605.wav,0.0
7ef3dfa2-37c4-491b-aff5-0683d3897d18,coughvid_data/7ef3dfa2-37c4-491b-aff5-0683d3897d18.wav,coughvid_data/7ef3dfa2-37c4-491b-aff5-0683d3897d18.wav,0.0
2f5e4dda-42ff-4a49-a457-14087c121734,coughvid_data/2f5e4dda-42ff-4a49-a457-14087c121734.wav,coughvid_data/2f5e4dda-42ff-4a49-a457-14087c121734.wav,0.0
60aada34-8a08-4f97-97ca-c8beeb123b74,coughvid_data/60aada34-8a08-4f97-97ca-c8beeb123b74.wav,coughvid_data/60aada34-8a08-4f97-97ca-c8beeb123b74.wav,1.0
1085ca55-d143-40da-9c84-6a004c6ab38b,coughvid_data/1085ca55-d143-40da-9c84-6a004c6ab38b.wav,coughvid_data/1085ca55-d143-40da-9c84-6a004c6ab38b.wav,0.0
01430fd0-c3f1-4991-b7a7-df514285401c,coughvid_data/01430fd0-c3f1-4991-b7a7-df514285401c.wav,coughvid_data/01430fd0-c3f1-4991-b7a7-df514285401c.wav,1.0
085593a4-654c-4b5e-9a42-8cfd841dc012,coughvid_data/085593a4-654c-4b5e-9a42-8cfd841dc012.wav,coughvid_data/085593a4-654c-4b5e-9a42-8cfd841dc012.wav,1.0
d5e90f76-ce4a-4799-8e2f-f7aff117238f,coughvid_data/d5e90f76-ce4a-4799-8e2f-f7aff117238f.wav,coughvid_data/d5e90f76-ce4a-4799-8e2f-f7aff117238f.wav,1.0
e0faf4ce-e457-4e4b-8c5f-a6ca619d2bb2,coughvid_data/e0faf4ce-e457-4e4b-8c5f-a6ca619d2bb2.wav,coughvid_data/e0faf4ce-e457-4e4b-8c5f-a6ca619d2bb2.wav,1.0
30ec69fc-a4eb-4ac2-a614-8020290ff250,coughvid_data/30ec69fc-a4eb-4ac2-a614-8020290ff250.wav,coughvid_data/30ec69fc-a4eb-4ac2-a614-8020290ff250.wav,1.0
645a9948-7f1a-4394-b6e4-66361412802f,coughvid_data/645a9948-7f1a-4394-b6e4-66361412802f.wav,coughvid_data/645a9948-7f1a-4394-b6e4-66361412802f.wav,1.0
aaafb560-1481-4b56-84d3-3628ed21f75c,coughvid_data/aaafb560-1481-4b56-84d3-3628ed21f75c.wav,coughvid_data/aaafb560-1481-4b56-84d3-3628ed21f75c.wav,0.0
da1fad02-0141-4cbb-96bd-408bad5641b0,coughvid_data/da1fad02-0141-4cbb-96bd-408bad5641b0.wav,coughvid_data/da1fad02-0141-4cbb-96bd-408bad5641b0.wav,1.0
dab1b564-aa4c-41dc-8172-d41fdb19da0f,coughvid_data/dab1b564-aa4c-41dc-8172-d41fdb19da0f.wav,coughvid_data/dab1b564-aa4c-41dc-8172-d41fdb19da0f.wav,0.0
1dca9938-00dd-469a-a476-da7d21e90027,coughvid_data/1dca9938-00dd-469a-a476-da7d21e90027.wav,coughvid_data/1dca9938-00dd-469a-a476-da7d21e90027.wav,1.0
7e075e34-821d-448e-9b03-74ce0601c853,coughvid_data/7e075e34-821d-448e-9b03-74ce0601c853.wav,coughvid_data/7e075e34-821d-448e-9b03-74ce0601c853.wav,0.0
c1ef789f-ab6e-49b8-a5a9-f6b8c8ab101b,coughvid_data/c1ef789f-ab6e-49b8-a5a9-f6b8c8ab101b.wav,coughvid_data/c1ef789f-ab6e-49b8-a5a9-f6b8c8ab101b.wav,0.0
1be74d37-883e-4f31-bb5b-76fa18527608,coughvid_data/1be74d37-883e-4f31-bb5b-76fa18527608.wav,coughvid_data/1be74d37-883e-4f31-bb5b-76fa18527608.wav,0.0
d3afd232-b0dd-4f4a-930a-685c8f140018,coughvid_data/d3afd232-b0dd-4f4a-930a-685c8f140018.wav,coughvid_data/d3afd232-b0dd-4f4a-930a-685c8f140018.wav,1.0
71c1c347-8d5d-434b-ab15-3f0a73d2caf7,coughvid_data/71c1c347-8d5d-434b-ab15-3f0a73d2caf7.wav,coughvid_data/71c1c347-8d5d-434b-ab15-3f0a73d2caf7.wav,1.0
7c72c0d3-3020-4810-b211-b9b273af0599,coughvid_data/7c72c0d3-3020-4810-b211-b9b273af0599.wav,coughvid_data/7c72c0d3-3020-4810-b211-b9b273af0599.wav,0.0
f101dcbe-4173-426c-a713-7c153d7b28bd,coughvid_data/f101dcbe-4173-426c-a713-7c153d7b28bd.wav,coughvid_data/f101dcbe-4173-426c-a713-7c153d7b28bd.wav,1.0
74fe274c-12f5-4073-a7cf-9118507c9849,coughvid_data/74fe274c-12f5-4073-a7cf-9118507c9849.wav,coughvid_data/74fe274c-12f5-4073-a7cf-9118507c9849.wav,1.0
82dd2ade-b1c6-4134-8dcb-b36c9849ba59,coughvid_data/82dd2ade-b1c6-4134-8dcb-b36c9849ba59.wav,coughvid_data/82dd2ade-b1c6-4134-8dcb-b36c9849ba59.wav,0.0
e041d2bf-54b1-410b-9172-fb154c8e32d4,coughvid_data/e041d2bf-54b1-410b-9172-fb154c8e32d4.wav,coughvid_data/e041d2bf-54b1-410b-9172-fb154c8e32d4.wav,1.0
50bad9f5-788d-4e52-87d2-9207042d8477,coughvid_data/50bad9f5-788d-4e52-87d2-9207042d8477.wav,coughvid_data/50bad9f5-788d-4e52-87d2-9207042d8477.wav,0.0
74dadbe2-bb5b-43ff-abf2-e7d982b1e6df,coughvid_data/74dadbe2-bb5b-43ff-abf2-e7d982b1e6df.wav,coughvid_data/74dadbe2-bb5b-43ff-abf2-e7d982b1e6df.wav,1.0
07106861-91e6-44f1-a1c1-a31213170942,coughvid_data/07106861-91e6-44f1-a1c1-a31213170942.wav,coughvid_data/07106861-91e6-44f1-a1c1-a31213170942.wav,1.0
fbd7c625-c8f5-4a2f-bd0c-33a0bdcc9cc2,coughvid_data/fbd7c625-c8f5-4a2f-bd0c-33a0bdcc9cc2.wav,coughvid_data/fbd7c625-c8f5-4a2f-bd0c-33a0bdcc9cc2.wav,0.0
ce0e2d73-d6ea-4d3a-8c7d-86f092bdecf3,coughvid_data/ce0e2d73-d6ea-4d3a-8c7d-86f092bdecf3.wav,coughvid_data/ce0e2d73-d6ea-4d3a-8c7d-86f092bdecf3.wav,1.0
683a0967-df2d-4779-bae7-873a875988ad,coughvid_data/683a0967-df2d-4779-bae7-873a875988ad.wav,coughvid_data/683a0967-df2d-4779-bae7-873a875988ad.wav,1.0
7f6d2e3f-8707-4883-b5f1-5d06961faead,coughvid_data/7f6d2e3f-8707-4883-b5f1-5d06961faead.wav,coughvid_data/7f6d2e3f-8707-4883-b5f1-5d06961faead.wav,0.0
b876bda2-05b3-45e3-bded-fb17a95eb1f5,coughvid_data/b876bda2-05b3-45e3-bded-fb17a95eb1f5.wav,coughvid_data/b876bda2-05b3-45e3-bded-fb17a95eb1f5.wav,0.0
b8c4cbcb-83ec-4bb6-b2fc-7463f1ab6729,coughvid_data/b8c4cbcb-83ec-4bb6-b2fc-7463f1ab6729.wav,coughvid_data/b8c4cbcb-83ec-4bb6-b2fc-7463f1ab6729.wav,0.0
7aca5aba-5b96-44e4-831c-3e37b2bb1b5d,coughvid_data/7aca5aba-5b96-44e4-831c-3e37b2bb1b5d.wav,coughvid_data/7aca5aba-5b96-44e4-831c-3e37b2bb1b5d.wav,0.0
8d6ca63f-cfb5-43cf-a857-f4a8fe98a90d,coughvid_data/8d6ca63f-cfb5-43cf-a857-f4a8fe98a90d.wav,coughvid_data/8d6ca63f-cfb5-43cf-a857-f4a8fe98a90d.wav,0.0
bf274143-d6cc-41da-a758-b0b702a1d207,coughvid_data/bf274143-d6cc-41da-a758-b0b702a1d207.wav,coughvid_data/bf274143-d6cc-41da-a758-b0b702a1d207.wav,0.0
e7e67208-96b8-4396-82fc-e21512d0612a,coughvid_data/e7e67208-96b8-4396-82fc-e21512d0612a.wav,coughvid_data/e7e67208-96b8-4396-82fc-e21512d0612a.wav,0.0
f9f4b4ee-3cd8-4c70-845e-4d512602e923,coughvid_data/f9f4b4ee-3cd8-4c70-845e-4d512602e923.wav,coughvid_data/f9f4b4ee-3cd8-4c70-845e-4d512602e923.wav,1.0
53abef93-e3a8-4003-9364-f68b515645da,coughvid_data/53abef93-e3a8-4003-9364-f68b515645da.wav,coughvid_data/53abef93-e3a8-4003-9364-f68b515645da.wav,1.0
49f6f106-4088-4af1-9415-a03b4c596dbe,coughvid_data/49f6f106-4088-4af1-9415-a03b4c596dbe.wav,coughvid_data/49f6f106-4088-4af1-9415-a03b4c596dbe.wav,1.0
b12e8ba4-e2d8-4ec4-9348-82719ffe99cf,coughvid_data/b12e8ba4-e2d8-4ec4-9348-82719ffe99cf.wav,coughvid_data/b12e8ba4-e2d8-4ec4-9348-82719ffe99cf.wav,0.0
857f75bf-b365-45ce-9f08-32f059b3834e,coughvid_data/857f75bf-b365-45ce-9f08-32f059b3834e.wav,coughvid_data/857f75bf-b365-45ce-9f08-32f059b3834e.wav,0.0
82e2674a-4d17-46ef-8a39-6669ee5c8848,coughvid_data/82e2674a-4d17-46ef-8a39-6669ee5c8848.wav,coughvid_data/82e2674a-4d17-46ef-8a39-6669ee5c8848.wav,0.0
5394c043-fc4a-489a-9ee5-375b4981bfd9,coughvid_data/5394c043-fc4a-489a-9ee5-375b4981bfd9.wav,coughvid_data/5394c043-fc4a-489a-9ee5-375b4981bfd9.wav,0.0
fbe16432-b3f6-4d2e-b414-ae83660414a8,coughvid_data/fbe16432-b3f6-4d2e-b414-ae83660414a8.wav,coughvid_data/fbe16432-b3f6-4d2e-b414-ae83660414a8.wav,1.0
f18cf09c-abaf-472b-ae3c-8b59c9c6b13d,coughvid_data/f18cf09c-abaf-472b-ae3c-8b59c9c6b13d.wav,coughvid_data/f18cf09c-abaf-472b-ae3c-8b59c9c6b13d.wav,1.0
2899beb1-4021-484e-a224-07b027c89013,coughvid_data/2899beb1-4021-484e-a224-07b027c89013.wav,coughvid_data/2899beb1-4021-484e-a224-07b027c89013.wav,1.0
0b48e833-119a-452e-ba29-7f5d2de53335,coughvid_data/0b48e833-119a-452e-ba29-7f5d2de53335.wav,coughvid_data/0b48e833-119a-452e-ba29-7f5d2de53335.wav,1.0
60104d29-52fb-4ee2-a7a4-830b32f3f713,coughvid_data/60104d29-52fb-4ee2-a7a4-830b32f3f713.wav,coughvid_data/60104d29-52fb-4ee2-a7a4-830b32f3f713.wav,0.0
f4ea2005-309b-4c9a-84b2-6ed938532d05,coughvid_data/f4ea2005-309b-4c9a-84b2-6ed938532d05.wav,coughvid_data/f4ea2005-309b-4c9a-84b2-6ed938532d05.wav,1.0
58a2e74e-7e69-4ed9-8bb6-6b9eb1ea5711,coughvid_data/58a2e74e-7e69-4ed9-8bb6-6b9eb1ea5711.wav,coughvid_data/58a2e74e-7e69-4ed9-8bb6-6b9eb1ea5711.wav,1.0
c73a46f0-4e12-4372-840a-9b9d6483a9c1,coughvid_data/c73a46f0-4e12-4372-840a-9b9d6483a9c1.wav,coughvid_data/c73a46f0-4e12-4372-840a-9b9d6483a9c1.wav,1.0
355ad6ec-33b2-45ec-a4b1-fa2e7f3cfc6e,coughvid_data/355ad6ec-33b2-45ec-a4b1-fa2e7f3cfc6e.wav,coughvid_data/355ad6ec-33b2-45ec-a4b1-fa2e7f3cfc6e.wav,1.0
0e59ee25-133a-49ba-8db1-58b1f9ac2a16,coughvid_data/0e59ee25-133a-49ba-8db1-58b1f9ac2a16.wav,coughvid_data/0e59ee25-133a-49ba-8db1-58b1f9ac2a16.wav,1.0
4713c8fc-6a0f-42f6-b205-d9e25171c44c,coughvid_data/4713c8fc-6a0f-42f6-b205-d9e25171c44c.wav,coughvid_data/4713c8fc-6a0f-42f6-b205-d9e25171c44c.wav,0.0
40719919-c505-4426-8828-5905738d9045,coughvid_data/40719919-c505-4426-8828-5905738d9045.wav,coughvid_data/40719919-c505-4426-8828-5905738d9045.wav,0.0
11043eb1-d6e0-4157-81f9-b8d3fc764ce2,coughvid_data/11043eb1-d6e0-4157-81f9-b8d3fc764ce2.wav,coughvid_data/11043eb1-d6e0-4157-81f9-b8d3fc764ce2.wav,0.0
53504d36-3689-4e70-838e-c637466e3bfb,coughvid_data/53504d36-3689-4e70-838e-c637466e3bfb.wav,coughvid_data/53504d36-3689-4e70-838e-c637466e3bfb.wav,0.0
d5292abb-ad69-4327-8d4d-a2388fe7d65c,coughvid_data/d5292abb-ad69-4327-8d4d-a2388fe7d65c.wav,coughvid_data/d5292abb-ad69-4327-8d4d-a2388fe7d65c.wav,1.0
762864e0-bd3c-44d0-9d86-035df946b52e,coughvid_data/762864e0-bd3c-44d0-9d86-035df946b52e.wav,coughvid_data/762864e0-bd3c-44d0-9d86-035df946b52e.wav,1.0
5f4fbb8a-cf90-45dc-b6fb-241418e20f01,coughvid_data/5f4fbb8a-cf90-45dc-b6fb-241418e20f01.wav,coughvid_data/5f4fbb8a-cf90-45dc-b6fb-241418e20f01.wav,0.0
30f9763b-a694-41dd-8c09-48d1fcae00be,coughvid_data/30f9763b-a694-41dd-8c09-48d1fcae00be.wav,coughvid_data/30f9763b-a694-41dd-8c09-48d1fcae00be.wav,0.0
61c5ac45-124d-4317-9356-dfc8ad8e0bb9,coughvid_data/61c5ac45-124d-4317-9356-dfc8ad8e0bb9.wav,coughvid_data/61c5ac45-124d-4317-9356-dfc8ad8e0bb9.wav,0.0
19ba2116-37fc-4f18-9739-099cd4fbbe82,coughvid_data/19ba2116-37fc-4f18-9739-099cd4fbbe82.wav,coughvid_data/19ba2116-37fc-4f18-9739-099cd4fbbe82.wav,0.0
a4939051-2b2a-41a4-9a22-2ee6479db964,coughvid_data/a4939051-2b2a-41a4-9a22-2ee6479db964.wav,coughvid_data/a4939051-2b2a-41a4-9a22-2ee6479db964.wav,1.0
631af4b4-a7ab-4a41-821d-4a7d76052b8d,coughvid_data/631af4b4-a7ab-4a41-821d-4a7d76052b8d.wav,coughvid_data/631af4b4-a7ab-4a41-821d-4a7d76052b8d.wav,1.0
d3d8634d-46a3-48bd-87b5-c2dd9cceb1f6,coughvid_data/d3d8634d-46a3-48bd-87b5-c2dd9cceb1f6.wav,coughvid_data/d3d8634d-46a3-48bd-87b5-c2dd9cceb1f6.wav,1.0
1bd4c2e7-0fe2-43e3-98ba-325905d675f2,coughvid_data/1bd4c2e7-0fe2-43e3-98ba-325905d675f2.wav,coughvid_data/1bd4c2e7-0fe2-43e3-98ba-325905d675f2.wav,0.0
2bfa38f7-e941-4b46-8b87-efe99f848f03,coughvid_data/2bfa38f7-e941-4b46-8b87-efe99f848f03.wav,coughvid_data/2bfa38f7-e941-4b46-8b87-efe99f848f03.wav,0.0
f53e3e76-baec-4c84-8d8c-3478bdb75b88,coughvid_data/f53e3e76-baec-4c84-8d8c-3478bdb75b88.wav,coughvid_data/f53e3e76-baec-4c84-8d8c-3478bdb75b88.wav,1.0
e8fa9df1-cd0e-49e7-b316-2348c1d8607c,coughvid_data/e8fa9df1-cd0e-49e7-b316-2348c1d8607c.wav,coughvid_data/e8fa9df1-cd0e-49e7-b316-2348c1d8607c.wav,0.0
6a511262-44ad-4d6a-8ea7-186f7da68321,coughvid_data/6a511262-44ad-4d6a-8ea7-186f7da68321.wav,coughvid_data/6a511262-44ad-4d6a-8ea7-186f7da68321.wav,0.0
f7462599-0cb5-4e13-86ad-9adf4c4eae62,coughvid_data/f7462599-0cb5-4e13-86ad-9adf4c4eae62.wav,coughvid_data/f7462599-0cb5-4e13-86ad-9adf4c4eae62.wav,0.0
929cdea1-7816-4d90-a11b-8d21a923f1a7,coughvid_data/929cdea1-7816-4d90-a11b-8d21a923f1a7.wav,coughvid_data/929cdea1-7816-4d90-a11b-8d21a923f1a7.wav,0.0
e36de1e2-c933-421f-8a01-ee3332a4b894,coughvid_data/e36de1e2-c933-421f-8a01-ee3332a4b894.wav,coughvid_data/e36de1e2-c933-421f-8a01-ee3332a4b894.wav,0.0
3b3cdcbc-2abb-445f-8178-b98eedb8397e,coughvid_data/3b3cdcbc-2abb-445f-8178-b98eedb8397e.wav,coughvid_data/3b3cdcbc-2abb-445f-8178-b98eedb8397e.wav,0.0
0aa5a3c2-af84-4858-b92b-4176791ca1c4,coughvid_data/0aa5a3c2-af84-4858-b92b-4176791ca1c4.wav,coughvid_data/0aa5a3c2-af84-4858-b92b-4176791ca1c4.wav,0.0
95843bcb-4b9c-443f-bb3a-01ecfdbbf52a,coughvid_data/95843bcb-4b9c-443f-bb3a-01ecfdbbf52a.wav,coughvid_data/95843bcb-4b9c-443f-bb3a-01ecfdbbf52a.wav,1.0
13ddcdda-6ec1-458f-938c-9f0515a9b642,coughvid_data/13ddcdda-6ec1-458f-938c-9f0515a9b642.wav,coughvid_data/13ddcdda-6ec1-458f-938c-9f0515a9b642.wav,1.0
4fd527a5-b84d-4d41-baf1-858d96cdacb2,coughvid_data/4fd527a5-b84d-4d41-baf1-858d96cdacb2.wav,coughvid_data/4fd527a5-b84d-4d41-baf1-858d96cdacb2.wav,1.0
f7ef4d0f-bdb4-4c34-97cd-9b425ee4674f,coughvid_data/f7ef4d0f-bdb4-4c34-97cd-9b425ee4674f.wav,coughvid_data/f7ef4d0f-bdb4-4c34-97cd-9b425ee4674f.wav,0.0
34c3b287-432d-4c05-bea8-93c13419471a,coughvid_data/34c3b287-432d-4c05-bea8-93c13419471a.wav,coughvid_data/34c3b287-432d-4c05-bea8-93c13419471a.wav,1.0
94c84cf5-10e2-44e0-99c7-7cde60a18bea,coughvid_data/94c84cf5-10e2-44e0-99c7-7cde60a18bea.wav,coughvid_data/94c84cf5-10e2-44e0-99c7-7cde60a18bea.wav,1.0
92656d44-a571-4231-8f33-d00460f4c0c5,coughvid_data/92656d44-a571-4231-8f33-d00460f4c0c5.wav,coughvid_data/92656d44-a571-4231-8f33-d00460f4c0c5.wav,0.0
e0f90aa2-e38a-446a-aade-19b461eb2bf8,coughvid_data/e0f90aa2-e38a-446a-aade-19b461eb2bf8.wav,coughvid_data/e0f90aa2-e38a-446a-aade-19b461eb2bf8.wav,1.0
93e77c23-696a-4d8c-bcad-f02c048c037d,coughvid_data/93e77c23-696a-4d8c-bcad-f02c048c037d.wav,coughvid_data/93e77c23-696a-4d8c-bcad-f02c048c037d.wav,0.0
08ab9427-e990-49a6-af14-136c388add98,coughvid_data/08ab9427-e990-49a6-af14-136c388add98.wav,coughvid_data/08ab9427-e990-49a6-af14-136c388add98.wav,1.0
760a45ec-23f7-41b3-a137-fad7f0f7a06b,coughvid_data/760a45ec-23f7-41b3-a137-fad7f0f7a06b.wav,coughvid_data/760a45ec-23f7-41b3-a137-fad7f0f7a06b.wav,1.0
f1471243-2511-4f2a-b3ac-98e955d795ef,coughvid_data/f1471243-2511-4f2a-b3ac-98e955d795ef.wav,coughvid_data/f1471243-2511-4f2a-b3ac-98e955d795ef.wav,1.0
a5dfa037-3c01-45b4-b43d-67d0d1bb88bc,coughvid_data/a5dfa037-3c01-45b4-b43d-67d0d1bb88bc.wav,coughvid_data/a5dfa037-3c01-45b4-b43d-67d0d1bb88bc.wav,1.0
1ca49e1b-7b7a-4442-8603-a41083fc49e3,coughvid_data/1ca49e1b-7b7a-4442-8603-a41083fc49e3.wav,coughvid_data/1ca49e1b-7b7a-4442-8603-a41083fc49e3.wav,1.0
f63f16b0-3b10-40ae-86bd-93a5d956fb70,coughvid_data/f63f16b0-3b10-40ae-86bd-93a5d956fb70.wav,coughvid_data/f63f16b0-3b10-40ae-86bd-93a5d956fb70.wav,1.0
5632f571-4c8e-4774-8550-186c81df064d,coughvid_data/5632f571-4c8e-4774-8550-186c81df064d.wav,coughvid_data/5632f571-4c8e-4774-8550-186c81df064d.wav,1.0
5b6f27da-8739-4aa5-ae1f-c1d68d0f33ec,coughvid_data/5b6f27da-8739-4aa5-ae1f-c1d68d0f33ec.wav,coughvid_data/5b6f27da-8739-4aa5-ae1f-c1d68d0f33ec.wav,1.0
33ba86c2-0879-405d-b32d-c1c70cb2b840,coughvid_data/33ba86c2-0879-405d-b32d-c1c70cb2b840.wav,coughvid_data/33ba86c2-0879-405d-b32d-c1c70cb2b840.wav,1.0
549b9012-7e4f-45e6-ae2f-699c8ff5cef6,coughvid_data/549b9012-7e4f-45e6-ae2f-699c8ff5cef6.wav,coughvid_data/549b9012-7e4f-45e6-ae2f-699c8ff5cef6.wav,0.0
6690d3fa-2cbd-4253-b060-01d86cc7c4f8,coughvid_data/6690d3fa-2cbd-4253-b060-01d86cc7c4f8.wav,coughvid_data/6690d3fa-2cbd-4253-b060-01d86cc7c4f8.wav,0.0
7dc6b0de-372a-4015-b956-0eec38c4b51d,coughvid_data/7dc6b0de-372a-4015-b956-0eec38c4b51d.wav,coughvid_data/7dc6b0de-372a-4015-b956-0eec38c4b51d.wav,0.0
363e2256-4ec8-48ca-a671-ab8ed5820624,coughvid_data/363e2256-4ec8-48ca-a671-ab8ed5820624.wav,coughvid_data/363e2256-4ec8-48ca-a671-ab8ed5820624.wav,1.0
48d2818d-b1ab-4f75-a9d3-5f3c6f0f55d0,coughvid_data/48d2818d-b1ab-4f75-a9d3-5f3c6f0f55d0.wav,coughvid_data/48d2818d-b1ab-4f75-a9d3-5f3c6f0f55d0.wav,1.0
30076fc7-f301-4f73-aa4f-9d287590d417,coughvid_data/30076fc7-f301-4f73-aa4f-9d287590d417.wav,coughvid_data/30076fc7-f301-4f73-aa4f-9d287590d417.wav,0.0
34777cb8-d0f8-4d3a-b164-21af64633e6f,coughvid_data/34777cb8-d0f8-4d3a-b164-21af64633e6f.wav,coughvid_data/34777cb8-d0f8-4d3a-b164-21af64633e6f.wav,1.0
c5315d03-f8fd-4b24-886b-2dca89bfa61d,coughvid_data/c5315d03-f8fd-4b24-886b-2dca89bfa61d.wav,coughvid_data/c5315d03-f8fd-4b24-886b-2dca89bfa61d.wav,0.0
74536842-b3dc-4f8f-b232-0333419d7ca2,coughvid_data/74536842-b3dc-4f8f-b232-0333419d7ca2.wav,coughvid_data/74536842-b3dc-4f8f-b232-0333419d7ca2.wav,1.0
4f5e9c04-0109-4d48-9718-60b8a739566f,coughvid_data/4f5e9c04-0109-4d48-9718-60b8a739566f.wav,coughvid_data/4f5e9c04-0109-4d48-9718-60b8a739566f.wav,0.0
45aab3b0-de27-49ae-a0a8-877277b13af0,coughvid_data/45aab3b0-de27-49ae-a0a8-877277b13af0.wav,coughvid_data/45aab3b0-de27-49ae-a0a8-877277b13af0.wav,0.0
18f9f1c3-2382-4a93-b724-83bccb176d83,coughvid_data/18f9f1c3-2382-4a93-b724-83bccb176d83.wav,coughvid_data/18f9f1c3-2382-4a93-b724-83bccb176d83.wav,1.0
c8bac943-39b7-420f-9629-37d81d5e7b92,coughvid_data/c8bac943-39b7-420f-9629-37d81d5e7b92.wav,coughvid_data/c8bac943-39b7-420f-9629-37d81d5e7b92.wav,1.0
c55c80cd-16cd-46ba-9da5-36165ba36c81,coughvid_data/c55c80cd-16cd-46ba-9da5-36165ba36c81.wav,coughvid_data/c55c80cd-16cd-46ba-9da5-36165ba36c81.wav,0.0
4f15673d-a0a3-4712-8640-db1370b917ec,coughvid_data/4f15673d-a0a3-4712-8640-db1370b917ec.wav,coughvid_data/4f15673d-a0a3-4712-8640-db1370b917ec.wav,1.0
ea81dce4-e031-458e-a29d-63a61948c80f,coughvid_data/ea81dce4-e031-458e-a29d-63a61948c80f.wav,coughvid_data/ea81dce4-e031-458e-a29d-63a61948c80f.wav,0.0
e5dea726-5b55-4af0-9ea9-157396b0b2d8,coughvid_data/e5dea726-5b55-4af0-9ea9-157396b0b2d8.wav,coughvid_data/e5dea726-5b55-4af0-9ea9-157396b0b2d8.wav,1.0
9b94d08d-5269-45f2-815d-d5891c5dd8df,coughvid_data/9b94d08d-5269-45f2-815d-d5891c5dd8df.wav,coughvid_data/9b94d08d-5269-45f2-815d-d5891c5dd8df.wav,1.0
270fac4a-0618-4adc-b846-ea569d125265,coughvid_data/270fac4a-0618-4adc-b846-ea569d125265.wav,coughvid_data/270fac4a-0618-4adc-b846-ea569d125265.wav,0.0
fadc3ba1-8947-4594-9159-566336f9a738,coughvid_data/fadc3ba1-8947-4594-9159-566336f9a738.wav,coughvid_data/fadc3ba1-8947-4594-9159-566336f9a738.wav,0.0
d307efc1-d5f6-4349-b0f4-90a7cf680c2c,coughvid_data/d307efc1-d5f6-4349-b0f4-90a7cf680c2c.wav,coughvid_data/d307efc1-d5f6-4349-b0f4-90a7cf680c2c.wav,1.0
0a66cee3-07d9-4347-8f84-04d011fc3977,coughvid_data/0a66cee3-07d9-4347-8f84-04d011fc3977.wav,coughvid_data/0a66cee3-07d9-4347-8f84-04d011fc3977.wav,1.0
e6dfe942-2d7a-4fb5-8273-6e1a3a82cc37,coughvid_data/e6dfe942-2d7a-4fb5-8273-6e1a3a82cc37.wav,coughvid_data/e6dfe942-2d7a-4fb5-8273-6e1a3a82cc37.wav,1.0
4c58cf95-9b2e-4091-adaa-0ac06a355c48,coughvid_data/4c58cf95-9b2e-4091-adaa-0ac06a355c48.wav,coughvid_data/4c58cf95-9b2e-4091-adaa-0ac06a355c48.wav,1.0
04e83821-5ff3-41fe-9b5d-034f5d4d885c,coughvid_data/04e83821-5ff3-41fe-9b5d-034f5d4d885c.wav,coughvid_data/04e83821-5ff3-41fe-9b5d-034f5d4d885c.wav,1.0
83c3c4e6-5d3a-48ed-8065-3a42eaa7a2f3,coughvid_data/83c3c4e6-5d3a-48ed-8065-3a42eaa7a2f3.wav,coughvid_data/83c3c4e6-5d3a-48ed-8065-3a42eaa7a2f3.wav,0.0
85e416b6-f371-4ddb-a4dc-4899dc9f14d2,coughvid_data/85e416b6-f371-4ddb-a4dc-4899dc9f14d2.wav,coughvid_data/85e416b6-f371-4ddb-a4dc-4899dc9f14d2.wav,0.0
5375b853-0883-4ead-934b-77d256140abc,coughvid_data/5375b853-0883-4ead-934b-77d256140abc.wav,coughvid_data/5375b853-0883-4ead-934b-77d256140abc.wav,0.0
32bc25b5-5936-45a5-aa87-6760191de77a,coughvid_data/32bc25b5-5936-45a5-aa87-6760191de77a.wav,coughvid_data/32bc25b5-5936-45a5-aa87-6760191de77a.wav,1.0
3ea4f7c1-554a-4519-9adb-b51230ca4447,coughvid_data/3ea4f7c1-554a-4519-9adb-b51230ca4447.wav,coughvid_data/3ea4f7c1-554a-4519-9adb-b51230ca4447.wav,0.0
0ba443fc-b3ab-4546-933b-87a64a3d96c5,coughvid_data/0ba443fc-b3ab-4546-933b-87a64a3d96c5.wav,coughvid_data/0ba443fc-b3ab-4546-933b-87a64a3d96c5.wav,0.0
fbd8ddec-6e61-4418-a466-755a725a398f,coughvid_data/fbd8ddec-6e61-4418-a466-755a725a398f.wav,coughvid_data/fbd8ddec-6e61-4418-a466-755a725a398f.wav,0.0
54e937f6-0e0f-40d2-b58b-157b0f5dae26,coughvid_data/54e937f6-0e0f-40d2-b58b-157b0f5dae26.wav,coughvid_data/54e937f6-0e0f-40d2-b58b-157b0f5dae26.wav,0.0
f1cec32e-c8c7-455d-83f1-c38d66d14203,coughvid_data/f1cec32e-c8c7-455d-83f1-c38d66d14203.wav,coughvid_data/f1cec32e-c8c7-455d-83f1-c38d66d14203.wav,0.0
063ce221-0379-4af2-a322-ac0094c664a3,coughvid_data/063ce221-0379-4af2-a322-ac0094c664a3.wav,coughvid_data/063ce221-0379-4af2-a322-ac0094c664a3.wav,0.0
22ca9adb-72d3-4dcf-b014-8842f0edef8e,coughvid_data/22ca9adb-72d3-4dcf-b014-8842f0edef8e.wav,coughvid_data/22ca9adb-72d3-4dcf-b014-8842f0edef8e.wav,1.0
b433a827-15a3-47dd-89b2-830b2c95af7a,coughvid_data/b433a827-15a3-47dd-89b2-830b2c95af7a.wav,coughvid_data/b433a827-15a3-47dd-89b2-830b2c95af7a.wav,1.0
4f7b6968-9f2f-4d9a-86fc-1ec18a73b395,coughvid_data/4f7b6968-9f2f-4d9a-86fc-1ec18a73b395.wav,coughvid_data/4f7b6968-9f2f-4d9a-86fc-1ec18a73b395.wav,0.0
fdb65eb8-bd55-46cf-aa94-65f121e6b21d,coughvid_data/fdb65eb8-bd55-46cf-aa94-65f121e6b21d.wav,coughvid_data/fdb65eb8-bd55-46cf-aa94-65f121e6b21d.wav,1.0
d2826a62-f062-4458-b6cd-e7d674c9e293,coughvid_data/d2826a62-f062-4458-b6cd-e7d674c9e293.wav,coughvid_data/d2826a62-f062-4458-b6cd-e7d674c9e293.wav,1.0
7273ebe1-3a44-4ea2-831e-e67ea2414842,coughvid_data/7273ebe1-3a44-4ea2-831e-e67ea2414842.wav,coughvid_data/7273ebe1-3a44-4ea2-831e-e67ea2414842.wav,0.0
d1f13e8e-62de-4d43-b432-88a71d3d9e0f,coughvid_data/d1f13e8e-62de-4d43-b432-88a71d3d9e0f.wav,coughvid_data/d1f13e8e-62de-4d43-b432-88a71d3d9e0f.wav,1.0
821f7e73-c64d-448b-9d45-4d9d29c96018,coughvid_data/821f7e73-c64d-448b-9d45-4d9d29c96018.wav,coughvid_data/821f7e73-c64d-448b-9d45-4d9d29c96018.wav,1.0
a2b25d8a-94ad-4f70-adc5-20d99cb6dd93,coughvid_data/a2b25d8a-94ad-4f70-adc5-20d99cb6dd93.wav,coughvid_data/a2b25d8a-94ad-4f70-adc5-20d99cb6dd93.wav,0.0
91678983-1d96-4390-8f09-55df6a75bb36,coughvid_data/91678983-1d96-4390-8f09-55df6a75bb36.wav,coughvid_data/91678983-1d96-4390-8f09-55df6a75bb36.wav,1.0
56221078-55de-4f46-bf6f-232e74f2fcf5,coughvid_data/56221078-55de-4f46-bf6f-232e74f2fcf5.wav,coughvid_data/56221078-55de-4f46-bf6f-232e74f2fcf5.wav,1.0
443cd4b2-aa62-4de1-ae42-93215ecc156b,coughvid_data/443cd4b2-aa62-4de1-ae42-93215ecc156b.wav,coughvid_data/443cd4b2-aa62-4de1-ae42-93215ecc156b.wav,0.0
5751a296-bed4-42b8-806b-829d5ec3d5f7,coughvid_data/5751a296-bed4-42b8-806b-829d5ec3d5f7.wav,coughvid_data/5751a296-bed4-42b8-806b-829d5ec3d5f7.wav,1.0
4fccf60b-0beb-47bf-8e36-73f53813d924,coughvid_data/4fccf60b-0beb-47bf-8e36-73f53813d924.wav,coughvid_data/4fccf60b-0beb-47bf-8e36-73f53813d924.wav,1.0
9a5d118c-b915-4744-81b7-046754d9fad3,coughvid_data/9a5d118c-b915-4744-81b7-046754d9fad3.wav,coughvid_data/9a5d118c-b915-4744-81b7-046754d9fad3.wav,1.0
1590dffa-0c97-4dba-9a7f-98767ee7bb58,coughvid_data/1590dffa-0c97-4dba-9a7f-98767ee7bb58.wav,coughvid_data/1590dffa-0c97-4dba-9a7f-98767ee7bb58.wav,0.0
c1958a59-1fb8-4fce-b4bc-33696736ab74,coughvid_data/c1958a59-1fb8-4fce-b4bc-33696736ab74.wav,coughvid_data/c1958a59-1fb8-4fce-b4bc-33696736ab74.wav,0.0
cd72b265-a919-4317-8228-4659c21aa2cf,coughvid_data/cd72b265-a919-4317-8228-4659c21aa2cf.wav,coughvid_data/cd72b265-a919-4317-8228-4659c21aa2cf.wav,1.0
d645498c-c405-4de0-986e-e599f0b1171c,coughvid_data/d645498c-c405-4de0-986e-e599f0b1171c.wav,coughvid_data/d645498c-c405-4de0-986e-e599f0b1171c.wav,1.0
9f671ce6-784b-4e64-bcd9-086a4f2db274,coughvid_data/9f671ce6-784b-4e64-bcd9-086a4f2db274.wav,coughvid_data/9f671ce6-784b-4e64-bcd9-086a4f2db274.wav,1.0
1ed72aa1-60f1-4a7a-b300-98d49ed455bb,coughvid_data/1ed72aa1-60f1-4a7a-b300-98d49ed455bb.wav,coughvid_data/1ed72aa1-60f1-4a7a-b300-98d49ed455bb.wav,0.0
2e63ffb2-43bc-4a13-9c82-e2602fc1c179,coughvid_data/2e63ffb2-43bc-4a13-9c82-e2602fc1c179.wav,coughvid_data/2e63ffb2-43bc-4a13-9c82-e2602fc1c179.wav,1.0
0549abe7-9d99-4c3d-9075-029e88d0e93f,coughvid_data/0549abe7-9d99-4c3d-9075-029e88d0e93f.wav,coughvid_data/0549abe7-9d99-4c3d-9075-029e88d0e93f.wav,0.0
f656ac1a-2ae4-4179-9bff-2e46b3fb7cc7,coughvid_data/f656ac1a-2ae4-4179-9bff-2e46b3fb7cc7.wav,coughvid_data/f656ac1a-2ae4-4179-9bff-2e46b3fb7cc7.wav,0.0
4f944279-7156-4bb6-b526-7b47459cd865,coughvid_data/4f944279-7156-4bb6-b526-7b47459cd865.wav,coughvid_data/4f944279-7156-4bb6-b526-7b47459cd865.wav,1.0
1b03ba4a-651d-4d9d-ab5b-8af8e84558c5,coughvid_data/1b03ba4a-651d-4d9d-ab5b-8af8e84558c5.wav,coughvid_data/1b03ba4a-651d-4d9d-ab5b-8af8e84558c5.wav,1.0
8c8bff30-d3ef-4308-9fea-09d958c12096,coughvid_data/8c8bff30-d3ef-4308-9fea-09d958c12096.wav,coughvid_data/8c8bff30-d3ef-4308-9fea-09d958c12096.wav,1.0
1ed65cab-269d-4361-9526-f39b456b9ca5,coughvid_data/1ed65cab-269d-4361-9526-f39b456b9ca5.wav,coughvid_data/1ed65cab-269d-4361-9526-f39b456b9ca5.wav,1.0
8d47ad3f-82ba-4c99-9684-b13966e729a3,coughvid_data/8d47ad3f-82ba-4c99-9684-b13966e729a3.wav,coughvid_data/8d47ad3f-82ba-4c99-9684-b13966e729a3.wav,0.0
04584889-9373-497c-99ed-91e1e3aa4e01,coughvid_data/04584889-9373-497c-99ed-91e1e3aa4e01.wav,coughvid_data/04584889-9373-497c-99ed-91e1e3aa4e01.wav,0.0
b97af953-03da-4e86-8db4-bc305152076a,coughvid_data/b97af953-03da-4e86-8db4-bc305152076a.wav,coughvid_data/b97af953-03da-4e86-8db4-bc305152076a.wav,0.0
160901b3-4ba3-4f51-8890-610708bbe087,coughvid_data/160901b3-4ba3-4f51-8890-610708bbe087.wav,coughvid_data/160901b3-4ba3-4f51-8890-610708bbe087.wav,1.0
b6f4f752-e921-456a-8ae0-2228df8eca76,coughvid_data/b6f4f752-e921-456a-8ae0-2228df8eca76.wav,coughvid_data/b6f4f752-e921-456a-8ae0-2228df8eca76.wav,1.0
e4b1f886-7ebb-4d8c-9c19-b32b78fdd527,coughvid_data/e4b1f886-7ebb-4d8c-9c19-b32b78fdd527.wav,coughvid_data/e4b1f886-7ebb-4d8c-9c19-b32b78fdd527.wav,1.0
2ecf94fa-5b7e-4abb-bec0-e12ab198ef8d,coughvid_data/2ecf94fa-5b7e-4abb-bec0-e12ab198ef8d.wav,coughvid_data/2ecf94fa-5b7e-4abb-bec0-e12ab198ef8d.wav,0.0
c74fc9b2-a85e-402d-a51d-f178fcd00abe,coughvid_data/c74fc9b2-a85e-402d-a51d-f178fcd00abe.wav,coughvid_data/c74fc9b2-a85e-402d-a51d-f178fcd00abe.wav,1.0
7270fffa-9c5d-422c-ab35-d2e856857f45,coughvid_data/7270fffa-9c5d-422c-ab35-d2e856857f45.wav,coughvid_data/7270fffa-9c5d-422c-ab35-d2e856857f45.wav,1.0
a6b417c7-2e6f-4079-997f-351c88cd45e4,coughvid_data/a6b417c7-2e6f-4079-997f-351c88cd45e4.wav,coughvid_data/a6b417c7-2e6f-4079-997f-351c88cd45e4.wav,1.0
ccc8d875-c1dd-463a-89de-d1474950ed8e,coughvid_data/ccc8d875-c1dd-463a-89de-d1474950ed8e.wav,coughvid_data/ccc8d875-c1dd-463a-89de-d1474950ed8e.wav,0.0
fddfdd74-1fd1-4ecd-92e7-334ddc6cd57a,coughvid_data/fddfdd74-1fd1-4ecd-92e7-334ddc6cd57a.wav,coughvid_data/fddfdd74-1fd1-4ecd-92e7-334ddc6cd57a.wav,0.0
78e839a4-562a-49fd-8165-484e31b28146,coughvid_data/78e839a4-562a-49fd-8165-484e31b28146.wav,coughvid_data/78e839a4-562a-49fd-8165-484e31b28146.wav,0.0
92ddc7ee-2c85-4af0-b859-fb378a011dee,coughvid_data/92ddc7ee-2c85-4af0-b859-fb378a011dee.wav,coughvid_data/92ddc7ee-2c85-4af0-b859-fb378a011dee.wav,0.0
d1df33e7-55fc-461a-b9ac-0d1294e46ae5,coughvid_data/d1df33e7-55fc-461a-b9ac-0d1294e46ae5.wav,coughvid_data/d1df33e7-55fc-461a-b9ac-0d1294e46ae5.wav,1.0
f2ccd23e-ed7a-44fe-835a-30a2403e8290,coughvid_data/f2ccd23e-ed7a-44fe-835a-30a2403e8290.wav,coughvid_data/f2ccd23e-ed7a-44fe-835a-30a2403e8290.wav,0.0
5424219d-8c96-4656-8685-5e59000c3ef2,coughvid_data/5424219d-8c96-4656-8685-5e59000c3ef2.wav,coughvid_data/5424219d-8c96-4656-8685-5e59000c3ef2.wav,0.0
d4290f30-3bb0-4e93-aeab-0677261d71b7,coughvid_data/d4290f30-3bb0-4e93-aeab-0677261d71b7.wav,coughvid_data/d4290f30-3bb0-4e93-aeab-0677261d71b7.wav,1.0
11e0ed82-8f65-4a71-81cf-20fed63f9e51,coughvid_data/11e0ed82-8f65-4a71-81cf-20fed63f9e51.wav,coughvid_data/11e0ed82-8f65-4a71-81cf-20fed63f9e51.wav,1.0
cc0d3636-6b3d-4f82-88ba-c05a042c68aa,coughvid_data/cc0d3636-6b3d-4f82-88ba-c05a042c68aa.wav,coughvid_data/cc0d3636-6b3d-4f82-88ba-c05a042c68aa.wav,0.0
73572e3e-bbec-4ea5-8da6-656c60c39d64,coughvid_data/73572e3e-bbec-4ea5-8da6-656c60c39d64.wav,coughvid_data/73572e3e-bbec-4ea5-8da6-656c60c39d64.wav,0.0
db3d53c1-7150-4b58-82fe-caaa9f534951,coughvid_data/db3d53c1-7150-4b58-82fe-caaa9f534951.wav,coughvid_data/db3d53c1-7150-4b58-82fe-caaa9f534951.wav,0.0
ab81a6ab-e595-4196-bb0e-a10c9ed6d87a,coughvid_data/ab81a6ab-e595-4196-bb0e-a10c9ed6d87a.wav,coughvid_data/ab81a6ab-e595-4196-bb0e-a10c9ed6d87a.wav,1.0
09bdc5b9-0d56-4a28-91ef-d6d7befa5a83,coughvid_data/09bdc5b9-0d56-4a28-91ef-d6d7befa5a83.wav,coughvid_data/09bdc5b9-0d56-4a28-91ef-d6d7befa5a83.wav,0.0
b09a8fb8-6dda-44ea-acab-6d5c86ba75c7,coughvid_data/b09a8fb8-6dda-44ea-acab-6d5c86ba75c7.wav,coughvid_data/b09a8fb8-6dda-44ea-acab-6d5c86ba75c7.wav,1.0
215cf805-8e9a-44ee-8721-20db30e34e3d,coughvid_data/215cf805-8e9a-44ee-8721-20db30e34e3d.wav,coughvid_data/215cf805-8e9a-44ee-8721-20db30e34e3d.wav,1.0
899e1600-d6dd-4afc-bb36-df672dc75c6f,coughvid_data/899e1600-d6dd-4afc-bb36-df672dc75c6f.wav,coughvid_data/899e1600-d6dd-4afc-bb36-df672dc75c6f.wav,0.0
e7ba5986-ccd6-4199-824a-29be199516ff,coughvid_data/e7ba5986-ccd6-4199-824a-29be199516ff.wav,coughvid_data/e7ba5986-ccd6-4199-824a-29be199516ff.wav,1.0
e5972357-e621-468b-9fe6-1367c093829a,coughvid_data/e5972357-e621-468b-9fe6-1367c093829a.wav,coughvid_data/e5972357-e621-468b-9fe6-1367c093829a.wav,0.0
36b865ce-8544-4a20-ad0b-3d7481f2a8a2,coughvid_data/36b865ce-8544-4a20-ad0b-3d7481f2a8a2.wav,coughvid_data/36b865ce-8544-4a20-ad0b-3d7481f2a8a2.wav,0.0
c12fe00e-207c-4b8b-99f7-054c03cffe0a,coughvid_data/c12fe00e-207c-4b8b-99f7-054c03cffe0a.wav,coughvid_data/c12fe00e-207c-4b8b-99f7-054c03cffe0a.wav,1.0
5bbd8460-a6cb-4ce1-a07a-6586bd850c42,coughvid_data/5bbd8460-a6cb-4ce1-a07a-6586bd850c42.wav,coughvid_data/5bbd8460-a6cb-4ce1-a07a-6586bd850c42.wav,1.0
b97f011c-062b-4fdd-a65d-4f1d8ab1bd09,coughvid_data/b97f011c-062b-4fdd-a65d-4f1d8ab1bd09.wav,coughvid_data/b97f011c-062b-4fdd-a65d-4f1d8ab1bd09.wav,1.0
6eff8ab6-76dc-4925-8102-12508971030c,coughvid_data/6eff8ab6-76dc-4925-8102-12508971030c.wav,coughvid_data/6eff8ab6-76dc-4925-8102-12508971030c.wav,1.0
a6c4aa4b-eaa9-457f-a077-98eba5b8ad0e,coughvid_data/a6c4aa4b-eaa9-457f-a077-98eba5b8ad0e.wav,coughvid_data/a6c4aa4b-eaa9-457f-a077-98eba5b8ad0e.wav,1.0
282c149a-f54c-43da-86a3-57a07dfd748e,coughvid_data/282c149a-f54c-43da-86a3-57a07dfd748e.wav,coughvid_data/282c149a-f54c-43da-86a3-57a07dfd748e.wav,0.0
18119284-4400-42b1-aa87-883ebdb71cf6,coughvid_data/18119284-4400-42b1-aa87-883ebdb71cf6.wav,coughvid_data/18119284-4400-42b1-aa87-883ebdb71cf6.wav,1.0
35134ad4-3349-4200-ad66-327f5b7d1db3,coughvid_data/35134ad4-3349-4200-ad66-327f5b7d1db3.wav,coughvid_data/35134ad4-3349-4200-ad66-327f5b7d1db3.wav,0.0
c3b4e2e4-019c-47d6-a095-ed0d21dd94ef,coughvid_data/c3b4e2e4-019c-47d6-a095-ed0d21dd94ef.wav,coughvid_data/c3b4e2e4-019c-47d6-a095-ed0d21dd94ef.wav,0.0
10b63b88-670d-4756-a31e-80fdc84b9255,coughvid_data/10b63b88-670d-4756-a31e-80fdc84b9255.wav,coughvid_data/10b63b88-670d-4756-a31e-80fdc84b9255.wav,1.0
421510c3-94e3-4a65-ae6e-d85aaf611a9f,coughvid_data/421510c3-94e3-4a65-ae6e-d85aaf611a9f.wav,coughvid_data/421510c3-94e3-4a65-ae6e-d85aaf611a9f.wav,1.0
4c14f62f-094e-4c4f-82b5-cb355a0c8889,coughvid_data/4c14f62f-094e-4c4f-82b5-cb355a0c8889.wav,coughvid_data/4c14f62f-094e-4c4f-82b5-cb355a0c8889.wav,1.0
f2661ffb-2456-4b96-ae3f-b7e50849dcfb,coughvid_data/f2661ffb-2456-4b96-ae3f-b7e50849dcfb.wav,coughvid_data/f2661ffb-2456-4b96-ae3f-b7e50849dcfb.wav,1.0
e23dd9bb-9e34-4cc8-b3ba-cfa5222d9fd8,coughvid_data/e23dd9bb-9e34-4cc8-b3ba-cfa5222d9fd8.wav,coughvid_data/e23dd9bb-9e34-4cc8-b3ba-cfa5222d9fd8.wav,1.0
b560ab5d-6cc3-4993-bca5-5df8adffa327,coughvid_data/b560ab5d-6cc3-4993-bca5-5df8adffa327.wav,coughvid_data/b560ab5d-6cc3-4993-bca5-5df8adffa327.wav,1.0
3ee38361-329e-4927-a373-ae0f22a15f40,coughvid_data/3ee38361-329e-4927-a373-ae0f22a15f40.wav,coughvid_data/3ee38361-329e-4927-a373-ae0f22a15f40.wav,1.0
dd7e32e6-a949-4c92-a5b1-628edbb65144,coughvid_data/dd7e32e6-a949-4c92-a5b1-628edbb65144.wav,coughvid_data/dd7e32e6-a949-4c92-a5b1-628edbb65144.wav,1.0
f6171954-10f5-4991-9278-c54776d937ef,coughvid_data/f6171954-10f5-4991-9278-c54776d937ef.wav,coughvid_data/f6171954-10f5-4991-9278-c54776d937ef.wav,1.0
e4ff04d5-e988-4232-a380-36867516e0e6,coughvid_data/e4ff04d5-e988-4232-a380-36867516e0e6.wav,coughvid_data/e4ff04d5-e988-4232-a380-36867516e0e6.wav,0.0
cd8dc0ae-ea2f-4727-b30e-9f04cca4f975,coughvid_data/cd8dc0ae-ea2f-4727-b30e-9f04cca4f975.wav,coughvid_data/cd8dc0ae-ea2f-4727-b30e-9f04cca4f975.wav,1.0
4140d2b9-e0f0-4d68-b4ad-8a662344bb6e,coughvid_data/4140d2b9-e0f0-4d68-b4ad-8a662344bb6e.wav,coughvid_data/4140d2b9-e0f0-4d68-b4ad-8a662344bb6e.wav,1.0
63e68b9a-b1ae-410b-be53-1c4b4b688342,coughvid_data/63e68b9a-b1ae-410b-be53-1c4b4b688342.wav,coughvid_data/63e68b9a-b1ae-410b-be53-1c4b4b688342.wav,1.0
4a7e9409-6c01-4e9b-b248-9f610dd87f11,coughvid_data/4a7e9409-6c01-4e9b-b248-9f610dd87f11.wav,coughvid_data/4a7e9409-6c01-4e9b-b248-9f610dd87f11.wav,1.0
29a8e7ca-9d12-4162-ab20-fc41975e8e16,coughvid_data/29a8e7ca-9d12-4162-ab20-fc41975e8e16.wav,coughvid_data/29a8e7ca-9d12-4162-ab20-fc41975e8e16.wav,1.0
5704291e-8def-47bc-85fa-dbb4843cc939,coughvid_data/5704291e-8def-47bc-85fa-dbb4843cc939.wav,coughvid_data/5704291e-8def-47bc-85fa-dbb4843cc939.wav,0.0
56e28407-7719-45a2-93a3-9dc34f6e2560,coughvid_data/56e28407-7719-45a2-93a3-9dc34f6e2560.wav,coughvid_data/56e28407-7719-45a2-93a3-9dc34f6e2560.wav,1.0
d044b1b3-e12c-4e4e-b8d3-c0ac272ecf54,coughvid_data/d044b1b3-e12c-4e4e-b8d3-c0ac272ecf54.wav,coughvid_data/d044b1b3-e12c-4e4e-b8d3-c0ac272ecf54.wav,1.0
a21e2334-1d06-4e66-8374-cc3bc516da04,coughvid_data/a21e2334-1d06-4e66-8374-cc3bc516da04.wav,coughvid_data/a21e2334-1d06-4e66-8374-cc3bc516da04.wav,1.0
dd6e7780-146b-487b-aba6-4a48071bb422,coughvid_data/dd6e7780-146b-487b-aba6-4a48071bb422.wav,coughvid_data/dd6e7780-146b-487b-aba6-4a48071bb422.wav,0.0
e76cb7eb-bc83-4afc-a6af-fef5f68fe5dc,coughvid_data/e76cb7eb-bc83-4afc-a6af-fef5f68fe5dc.wav,coughvid_data/e76cb7eb-bc83-4afc-a6af-fef5f68fe5dc.wav,0.0
f8f291a1-0b06-4a77-9644-a53f4502cb92,coughvid_data/f8f291a1-0b06-4a77-9644-a53f4502cb92.wav,coughvid_data/f8f291a1-0b06-4a77-9644-a53f4502cb92.wav,1.0
9fd63d74-d637-4ad7-a224-d580505be408,coughvid_data/9fd63d74-d637-4ad7-a224-d580505be408.wav,coughvid_data/9fd63d74-d637-4ad7-a224-d580505be408.wav,1.0
81d83c76-d7d7-4b01-8a21-bcfa15715a82,coughvid_data/81d83c76-d7d7-4b01-8a21-bcfa15715a82.wav,coughvid_data/81d83c76-d7d7-4b01-8a21-bcfa15715a82.wav,1.0
38b6365d-b414-4a01-a067-5900f5ccfb3d,coughvid_data/38b6365d-b414-4a01-a067-5900f5ccfb3d.wav,coughvid_data/38b6365d-b414-4a01-a067-5900f5ccfb3d.wav,0.0
348d1ef8-6fe9-4ded-8376-58ed4520915d,coughvid_data/348d1ef8-6fe9-4ded-8376-58ed4520915d.wav,coughvid_data/348d1ef8-6fe9-4ded-8376-58ed4520915d.wav,1.0
a315c95b-7289-43e8-82d1-3ca80c8b4361,coughvid_data/a315c95b-7289-43e8-82d1-3ca80c8b4361.wav,coughvid_data/a315c95b-7289-43e8-82d1-3ca80c8b4361.wav,1.0
c66c4702-1df1-420d-9040-49d55add222e,coughvid_data/c66c4702-1df1-420d-9040-49d55add222e.wav,coughvid_data/c66c4702-1df1-420d-9040-49d55add222e.wav,0.0
d2f01af3-22a6-4c28-911e-c38d76d3a40c,coughvid_data/d2f01af3-22a6-4c28-911e-c38d76d3a40c.wav,coughvid_data/d2f01af3-22a6-4c28-911e-c38d76d3a40c.wav,0.0
15d5eb86-3276-4255-9bd0-559a9e7c7070,coughvid_data/15d5eb86-3276-4255-9bd0-559a9e7c7070.wav,coughvid_data/15d5eb86-3276-4255-9bd0-559a9e7c7070.wav,1.0
9d85b2a0-a7f6-4661-9117-de60192e17ba,coughvid_data/9d85b2a0-a7f6-4661-9117-de60192e17ba.wav,coughvid_data/9d85b2a0-a7f6-4661-9117-de60192e17ba.wav,1.0
64126506-0f32-4924-b36e-19f21adf22f6,coughvid_data/64126506-0f32-4924-b36e-19f21adf22f6.wav,coughvid_data/64126506-0f32-4924-b36e-19f21adf22f6.wav,1.0
928ce384-ca55-4419-acab-516b2647a77d,coughvid_data/928ce384-ca55-4419-acab-516b2647a77d.wav,coughvid_data/928ce384-ca55-4419-acab-516b2647a77d.wav,1.0
f5531d66-e612-41c3-b7c1-658fe7922f34,coughvid_data/f5531d66-e612-41c3-b7c1-658fe7922f34.wav,coughvid_data/f5531d66-e612-41c3-b7c1-658fe7922f34.wav,1.0
cac67555-da0c-4025-bc9e-fca889cb068d,coughvid_data/cac67555-da0c-4025-bc9e-fca889cb068d.wav,coughvid_data/cac67555-da0c-4025-bc9e-fca889cb068d.wav,0.0
7db6f46d-45e4-4854-8098-bbfe54260805,coughvid_data/7db6f46d-45e4-4854-8098-bbfe54260805.wav,coughvid_data/7db6f46d-45e4-4854-8098-bbfe54260805.wav,0.0
32c7ed92-c358-4b03-aef3-dffec2f6ab44,coughvid_data/32c7ed92-c358-4b03-aef3-dffec2f6ab44.wav,coughvid_data/32c7ed92-c358-4b03-aef3-dffec2f6ab44.wav,0.0
66ba3224-05c9-4e26-8cb9-982a908f169c,coughvid_data/66ba3224-05c9-4e26-8cb9-982a908f169c.wav,coughvid_data/66ba3224-05c9-4e26-8cb9-982a908f169c.wav,0.0
d97730f8-8bde-482a-8e57-a650fa847e02,coughvid_data/d97730f8-8bde-482a-8e57-a650fa847e02.wav,coughvid_data/d97730f8-8bde-482a-8e57-a650fa847e02.wav,1.0
cbbbf13b-aa0a-4de6-8c21-2ea0087b54c2,coughvid_data/cbbbf13b-aa0a-4de6-8c21-2ea0087b54c2.wav,coughvid_data/cbbbf13b-aa0a-4de6-8c21-2ea0087b54c2.wav,0.0
3a24cf63-0114-4de9-8de9-0abe19375c11,coughvid_data/3a24cf63-0114-4de9-8de9-0abe19375c11.wav,coughvid_data/3a24cf63-0114-4de9-8de9-0abe19375c11.wav,0.0
5d8b4229-65ca-4103-b47f-8fe0597366ca,coughvid_data/5d8b4229-65ca-4103-b47f-8fe0597366ca.wav,coughvid_data/5d8b4229-65ca-4103-b47f-8fe0597366ca.wav,0.0
3e4e4b07-a887-4579-9411-05998fca5e6b,coughvid_data/3e4e4b07-a887-4579-9411-05998fca5e6b.wav,coughvid_data/3e4e4b07-a887-4579-9411-05998fca5e6b.wav,1.0
24891698-d3eb-42af-a873-821e006ac082,coughvid_data/24891698-d3eb-42af-a873-821e006ac082.wav,coughvid_data/24891698-d3eb-42af-a873-821e006ac082.wav,0.0
a1c5c23c-c1e2-491a-88ee-af31b382ac6d,coughvid_data/a1c5c23c-c1e2-491a-88ee-af31b382ac6d.wav,coughvid_data/a1c5c23c-c1e2-491a-88ee-af31b382ac6d.wav,1.0
1645e119-c9ee-4cf8-9a87-31bcc8b025bb,coughvid_data/1645e119-c9ee-4cf8-9a87-31bcc8b025bb.wav,coughvid_data/1645e119-c9ee-4cf8-9a87-31bcc8b025bb.wav,1.0
315ac875-e3a2-43c0-8cea-1f60652a68c8,coughvid_data/315ac875-e3a2-43c0-8cea-1f60652a68c8.wav,coughvid_data/315ac875-e3a2-43c0-8cea-1f60652a68c8.wav,0.0
1b7a8173-80be-4905-bdaa-b471b228b1ed,coughvid_data/1b7a8173-80be-4905-bdaa-b471b228b1ed.wav,coughvid_data/1b7a8173-80be-4905-bdaa-b471b228b1ed.wav,1.0
02ae2f29-7994-4721-9061-2e32c6d10d5e,coughvid_data/02ae2f29-7994-4721-9061-2e32c6d10d5e.wav,coughvid_data/02ae2f29-7994-4721-9061-2e32c6d10d5e.wav,0.0
45b2737b-5c39-4d71-bcca-996b825a6d69,coughvid_data/45b2737b-5c39-4d71-bcca-996b825a6d69.wav,coughvid_data/45b2737b-5c39-4d71-bcca-996b825a6d69.wav,1.0
438887d6-2805-4869-a227-eecec55dac6b,coughvid_data/438887d6-2805-4869-a227-eecec55dac6b.wav,coughvid_data/438887d6-2805-4869-a227-eecec55dac6b.wav,1.0
1bb0aace-69aa-48ba-93a5-72bce7266793,coughvid_data/1bb0aace-69aa-48ba-93a5-72bce7266793.wav,coughvid_data/1bb0aace-69aa-48ba-93a5-72bce7266793.wav,0.0
84123590-5705-4564-bc4c-361b665c28d8,coughvid_data/84123590-5705-4564-bc4c-361b665c28d8.wav,coughvid_data/84123590-5705-4564-bc4c-361b665c28d8.wav,0.0
1c7f79d6-70bb-4558-b5a9-0c94c9418610,coughvid_data/1c7f79d6-70bb-4558-b5a9-0c94c9418610.wav,coughvid_data/1c7f79d6-70bb-4558-b5a9-0c94c9418610.wav,1.0
b5b45416-20ee-4642-a969-287755d76850,coughvid_data/b5b45416-20ee-4642-a969-287755d76850.wav,coughvid_data/b5b45416-20ee-4642-a969-287755d76850.wav,0.0
ebcca144-391f-42c1-a437-71239421eac2,coughvid_data/ebcca144-391f-42c1-a437-71239421eac2.wav,coughvid_data/ebcca144-391f-42c1-a437-71239421eac2.wav,0.0
d1e3927a-c321-4f4c-868c-20d6f917630b,coughvid_data/d1e3927a-c321-4f4c-868c-20d6f917630b.wav,coughvid_data/d1e3927a-c321-4f4c-868c-20d6f917630b.wav,1.0
aa059172-1850-4afe-8809-2fe79603286a,coughvid_data/aa059172-1850-4afe-8809-2fe79603286a.wav,coughvid_data/aa059172-1850-4afe-8809-2fe79603286a.wav,1.0
a59864fa-ad56-4efe-b8a6-1677dd237716,coughvid_data/a59864fa-ad56-4efe-b8a6-1677dd237716.wav,coughvid_data/a59864fa-ad56-4efe-b8a6-1677dd237716.wav,1.0
eab8daf8-7570-474c-8706-a8aa38cd7680,coughvid_data/eab8daf8-7570-474c-8706-a8aa38cd7680.wav,coughvid_data/eab8daf8-7570-474c-8706-a8aa38cd7680.wav,1.0
c26669f4-a835-42d9-8623-aee423773c45,coughvid_data/c26669f4-a835-42d9-8623-aee423773c45.wav,coughvid_data/c26669f4-a835-42d9-8623-aee423773c45.wav,1.0
aaea096d-d094-4dca-8706-b359bbeaa6c4,coughvid_data/aaea096d-d094-4dca-8706-b359bbeaa6c4.wav,coughvid_data/aaea096d-d094-4dca-8706-b359bbeaa6c4.wav,1.0
d312b228-44d0-429c-bf4e-17752f24c2f5,coughvid_data/d312b228-44d0-429c-bf4e-17752f24c2f5.wav,coughvid_data/d312b228-44d0-429c-bf4e-17752f24c2f5.wav,1.0
6f927cc9-3e9b-4335-8abc-2ad69f23040b,coughvid_data/6f927cc9-3e9b-4335-8abc-2ad69f23040b.wav,coughvid_data/6f927cc9-3e9b-4335-8abc-2ad69f23040b.wav,0.0
cfeecbff-7f38-4c0a-8cdd-bca142ed9e4e,coughvid_data/cfeecbff-7f38-4c0a-8cdd-bca142ed9e4e.wav,coughvid_data/cfeecbff-7f38-4c0a-8cdd-bca142ed9e4e.wav,0.0
3dc7682e-6052-4967-b446-6378e758a066,coughvid_data/3dc7682e-6052-4967-b446-6378e758a066.wav,coughvid_data/3dc7682e-6052-4967-b446-6378e758a066.wav,1.0
69bdb96a-4e1d-49b7-b2e1-f354d0a7c5ee,coughvid_data/69bdb96a-4e1d-49b7-b2e1-f354d0a7c5ee.wav,coughvid_data/69bdb96a-4e1d-49b7-b2e1-f354d0a7c5ee.wav,0.0
ed590d53-bb2c-4143-b60a-224f9f73fa57,coughvid_data/ed590d53-bb2c-4143-b60a-224f9f73fa57.wav,coughvid_data/ed590d53-bb2c-4143-b60a-224f9f73fa57.wav,1.0
62d41be5-cd2d-469b-9201-78b8ead00223,coughvid_data/62d41be5-cd2d-469b-9201-78b8ead00223.wav,coughvid_data/62d41be5-cd2d-469b-9201-78b8ead00223.wav,1.0
19a50439-6b34-484d-888d-75f45a3c080d,coughvid_data/19a50439-6b34-484d-888d-75f45a3c080d.wav,coughvid_data/19a50439-6b34-484d-888d-75f45a3c080d.wav,1.0
f47fb054-3736-46c3-ab97-2b17b80da36b,coughvid_data/f47fb054-3736-46c3-ab97-2b17b80da36b.wav,coughvid_data/f47fb054-3736-46c3-ab97-2b17b80da36b.wav,1.0
c2e62b33-aba9-4296-b6b9-80957bb97f7f,coughvid_data/c2e62b33-aba9-4296-b6b9-80957bb97f7f.wav,coughvid_data/c2e62b33-aba9-4296-b6b9-80957bb97f7f.wav,0.0
58e6ae65-ac81-4ed6-a21c-527aecc52653,coughvid_data/58e6ae65-ac81-4ed6-a21c-527aecc52653.wav,coughvid_data/58e6ae65-ac81-4ed6-a21c-527aecc52653.wav,1.0
b60d5c58-5c37-4d82-8620-354daf50acbf,coughvid_data/b60d5c58-5c37-4d82-8620-354daf50acbf.wav,coughvid_data/b60d5c58-5c37-4d82-8620-354daf50acbf.wav,0.0
d655ec30-c0cc-4865-96b6-4715a0cc356c,coughvid_data/d655ec30-c0cc-4865-96b6-4715a0cc356c.wav,coughvid_data/d655ec30-c0cc-4865-96b6-4715a0cc356c.wav,1.0
c41b94c0-016b-4130-9558-c089a60c2892,coughvid_data/c41b94c0-016b-4130-9558-c089a60c2892.wav,coughvid_data/c41b94c0-016b-4130-9558-c089a60c2892.wav,1.0
62638bfd-f9aa-4627-9ffc-0dc75ffcb911,coughvid_data/62638bfd-f9aa-4627-9ffc-0dc75ffcb911.wav,coughvid_data/62638bfd-f9aa-4627-9ffc-0dc75ffcb911.wav,1.0
61a73514-d8de-40cb-90be-69d5944e1f42,coughvid_data/61a73514-d8de-40cb-90be-69d5944e1f42.wav,coughvid_data/61a73514-d8de-40cb-90be-69d5944e1f42.wav,1.0
b2e9c418-63a0-4689-8982-a2e75594da2a,coughvid_data/b2e9c418-63a0-4689-8982-a2e75594da2a.wav,coughvid_data/b2e9c418-63a0-4689-8982-a2e75594da2a.wav,1.0
80d33bb1-d95d-4abe-b11e-df7ad945e85e,coughvid_data/80d33bb1-d95d-4abe-b11e-df7ad945e85e.wav,coughvid_data/80d33bb1-d95d-4abe-b11e-df7ad945e85e.wav,0.0
0ba0fa01-bf67-400b-af6f-d1897bce8b0f,coughvid_data/0ba0fa01-bf67-400b-af6f-d1897bce8b0f.wav,coughvid_data/0ba0fa01-bf67-400b-af6f-d1897bce8b0f.wav,0.0
d405b74f-9523-4ad0-86eb-531c248cd81b,coughvid_data/d405b74f-9523-4ad0-86eb-531c248cd81b.wav,coughvid_data/d405b74f-9523-4ad0-86eb-531c248cd81b.wav,1.0
cecd648b-a5c3-4257-a33b-46457828f8ad,coughvid_data/cecd648b-a5c3-4257-a33b-46457828f8ad.wav,coughvid_data/cecd648b-a5c3-4257-a33b-46457828f8ad.wav,1.0
41f3fc99-34e1-4277-bd44-f7eb7a0366f1,coughvid_data/41f3fc99-34e1-4277-bd44-f7eb7a0366f1.wav,coughvid_data/41f3fc99-34e1-4277-bd44-f7eb7a0366f1.wav,0.0
4fb2ef80-dd57-4be0-afa6-866a8a5297bf,coughvid_data/4fb2ef80-dd57-4be0-afa6-866a8a5297bf.wav,coughvid_data/4fb2ef80-dd57-4be0-afa6-866a8a5297bf.wav,1.0
95f43b80-8a4e-40ca-ae0e-5187d0604163,coughvid_data/95f43b80-8a4e-40ca-ae0e-5187d0604163.wav,coughvid_data/95f43b80-8a4e-40ca-ae0e-5187d0604163.wav,1.0
23f57cf8-02f1-46bc-bc28-92986daca15e,coughvid_data/23f57cf8-02f1-46bc-bc28-92986daca15e.wav,coughvid_data/23f57cf8-02f1-46bc-bc28-92986daca15e.wav,0.0
28b30c43-8b77-436a-a181-9b36ec9f0553,coughvid_data/28b30c43-8b77-436a-a181-9b36ec9f0553.wav,coughvid_data/28b30c43-8b77-436a-a181-9b36ec9f0553.wav,1.0
3e30b5e4-ee1e-4614-a239-5c0c58b63815,coughvid_data/3e30b5e4-ee1e-4614-a239-5c0c58b63815.wav,coughvid_data/3e30b5e4-ee1e-4614-a239-5c0c58b63815.wav,0.0
cab92b0e-bd69-483e-b194-9e467248cb24,coughvid_data/cab92b0e-bd69-483e-b194-9e467248cb24.wav,coughvid_data/cab92b0e-bd69-483e-b194-9e467248cb24.wav,0.0
9f4770aa-245b-4264-b872-98a2c45e9f56,coughvid_data/9f4770aa-245b-4264-b872-98a2c45e9f56.wav,coughvid_data/9f4770aa-245b-4264-b872-98a2c45e9f56.wav,1.0
9fc18421-5717-497e-aff6-604d55bc9470,coughvid_data/9fc18421-5717-497e-aff6-604d55bc9470.wav,coughvid_data/9fc18421-5717-497e-aff6-604d55bc9470.wav,1.0
88f90e48-ae6f-49b8-b0a1-bbe49f3767d0,coughvid_data/88f90e48-ae6f-49b8-b0a1-bbe49f3767d0.wav,coughvid_data/88f90e48-ae6f-49b8-b0a1-bbe49f3767d0.wav,0.0
addd9a82-eafe-4212-9310-96f52ac2b27b,coughvid_data/addd9a82-eafe-4212-9310-96f52ac2b27b.wav,coughvid_data/addd9a82-eafe-4212-9310-96f52ac2b27b.wav,1.0
a533488c-25b9-4a5c-b9ae-59912c291e5f,coughvid_data/a533488c-25b9-4a5c-b9ae-59912c291e5f.wav,coughvid_data/a533488c-25b9-4a5c-b9ae-59912c291e5f.wav,1.0
58e8c6bc-aa2f-4848-9ead-ca7305667a60,coughvid_data/58e8c6bc-aa2f-4848-9ead-ca7305667a60.wav,coughvid_data/58e8c6bc-aa2f-4848-9ead-ca7305667a60.wav,0.0
b604c4d1-3c19-4f5f-94fc-00f98fce958f,coughvid_data/b604c4d1-3c19-4f5f-94fc-00f98fce958f.wav,coughvid_data/b604c4d1-3c19-4f5f-94fc-00f98fce958f.wav,0.0
f9ae051e-f7cd-42a4-bfa3-d2b3eb22da8a,coughvid_data/f9ae051e-f7cd-42a4-bfa3-d2b3eb22da8a.wav,coughvid_data/f9ae051e-f7cd-42a4-bfa3-d2b3eb22da8a.wav,0.0
ec47f973-be0b-4683-9ff5-a27345153359,coughvid_data/ec47f973-be0b-4683-9ff5-a27345153359.wav,coughvid_data/ec47f973-be0b-4683-9ff5-a27345153359.wav,1.0
bbe3b3f2-919b-4818-b120-591a41c917e9,coughvid_data/bbe3b3f2-919b-4818-b120-591a41c917e9.wav,coughvid_data/bbe3b3f2-919b-4818-b120-591a41c917e9.wav,0.0
be61b105-27d2-451e-be22-bea152a7d2b7,coughvid_data/be61b105-27d2-451e-be22-bea152a7d2b7.wav,coughvid_data/be61b105-27d2-451e-be22-bea152a7d2b7.wav,1.0
eca68eb8-13f3-4190-a865-019e88d8b83b,coughvid_data/eca68eb8-13f3-4190-a865-019e88d8b83b.wav,coughvid_data/eca68eb8-13f3-4190-a865-019e88d8b83b.wav,1.0
cbf48093-1505-4898-ad7b-6186ab5e3067,coughvid_data/cbf48093-1505-4898-ad7b-6186ab5e3067.wav,coughvid_data/cbf48093-1505-4898-ad7b-6186ab5e3067.wav,1.0
f932104e-0ab4-4359-8347-e25bba65b7d8,coughvid_data/f932104e-0ab4-4359-8347-e25bba65b7d8.wav,coughvid_data/f932104e-0ab4-4359-8347-e25bba65b7d8.wav,1.0
a436a7d2-c722-4360-a57a-3daa79bedfcb,coughvid_data/a436a7d2-c722-4360-a57a-3daa79bedfcb.wav,coughvid_data/a436a7d2-c722-4360-a57a-3daa79bedfcb.wav,1.0
9fa2897f-987b-4314-b40c-576949f3cd94,coughvid_data/9fa2897f-987b-4314-b40c-576949f3cd94.wav,coughvid_data/9fa2897f-987b-4314-b40c-576949f3cd94.wav,0.0
74d1638e-bdaa-409f-b580-24a873cc27c5,coughvid_data/74d1638e-bdaa-409f-b580-24a873cc27c5.wav,coughvid_data/74d1638e-bdaa-409f-b580-24a873cc27c5.wav,0.0
2ab00edf-2764-4cca-b38e-a2ba8994783f,coughvid_data/2ab00edf-2764-4cca-b38e-a2ba8994783f.wav,coughvid_data/2ab00edf-2764-4cca-b38e-a2ba8994783f.wav,1.0
84d3ffe3-7006-428d-b714-e8a687293eb7,coughvid_data/84d3ffe3-7006-428d-b714-e8a687293eb7.wav,coughvid_data/84d3ffe3-7006-428d-b714-e8a687293eb7.wav,0.0
adfff926-f07f-40a4-9c73-e39ea180d287,coughvid_data/adfff926-f07f-40a4-9c73-e39ea180d287.wav,coughvid_data/adfff926-f07f-40a4-9c73-e39ea180d287.wav,1.0
69474e85-09af-4535-89ee-c6a05d980139,coughvid_data/69474e85-09af-4535-89ee-c6a05d980139.wav,coughvid_data/69474e85-09af-4535-89ee-c6a05d980139.wav,1.0
ae9ae0a2-f646-4f2d-a8d2-050d71fc3a29,coughvid_data/ae9ae0a2-f646-4f2d-a8d2-050d71fc3a29.wav,coughvid_data/ae9ae0a2-f646-4f2d-a8d2-050d71fc3a29.wav,1.0
f40a70d1-7923-4e5e-b16b-2cfab8c23b93,coughvid_data/f40a70d1-7923-4e5e-b16b-2cfab8c23b93.wav,coughvid_data/f40a70d1-7923-4e5e-b16b-2cfab8c23b93.wav,1.0
fc4fe767-f952-4d41-85e8-2c7903672068,coughvid_data/fc4fe767-f952-4d41-85e8-2c7903672068.wav,coughvid_data/fc4fe767-f952-4d41-85e8-2c7903672068.wav,1.0
af068e55-9b84-496f-813d-47a0c193bace,coughvid_data/af068e55-9b84-496f-813d-47a0c193bace.wav,coughvid_data/af068e55-9b84-496f-813d-47a0c193bace.wav,1.0
eeffe6ba-1777-40d0-a2e1-717e61016bd4,coughvid_data/eeffe6ba-1777-40d0-a2e1-717e61016bd4.wav,coughvid_data/eeffe6ba-1777-40d0-a2e1-717e61016bd4.wav,0.0
79c84fe2-d30f-4fb5-983c-a844366d6247,coughvid_data/79c84fe2-d30f-4fb5-983c-a844366d6247.wav,coughvid_data/79c84fe2-d30f-4fb5-983c-a844366d6247.wav,0.0
2fd47aaf-2446-474d-8b61-03186dc01dfc,coughvid_data/2fd47aaf-2446-474d-8b61-03186dc01dfc.wav,coughvid_data/2fd47aaf-2446-474d-8b61-03186dc01dfc.wav,1.0
6a88fcc7-5f7e-4217-9613-f6ea12367642,coughvid_data/6a88fcc7-5f7e-4217-9613-f6ea12367642.wav,coughvid_data/6a88fcc7-5f7e-4217-9613-f6ea12367642.wav,0.0
f092f830-02bf-41fe-b733-bbbcbb0d5c67,coughvid_data/f092f830-02bf-41fe-b733-bbbcbb0d5c67.wav,coughvid_data/f092f830-02bf-41fe-b733-bbbcbb0d5c67.wav,1.0
018c775d-71f3-47e0-8c8c-2f0c61b6789a,coughvid_data/018c775d-71f3-47e0-8c8c-2f0c61b6789a.wav,coughvid_data/018c775d-71f3-47e0-8c8c-2f0c61b6789a.wav,0.0
668b7922-c4e5-4045-8bca-7543faa5ed32,coughvid_data/668b7922-c4e5-4045-8bca-7543faa5ed32.wav,coughvid_data/668b7922-c4e5-4045-8bca-7543faa5ed32.wav,1.0
7694326b-11ec-41d4-a3f5-9e09107d13ae,coughvid_data/7694326b-11ec-41d4-a3f5-9e09107d13ae.wav,coughvid_data/7694326b-11ec-41d4-a3f5-9e09107d13ae.wav,0.0
ac2ce712-9e12-42f2-a07e-c3bd614018de,coughvid_data/ac2ce712-9e12-42f2-a07e-c3bd614018de.wav,coughvid_data/ac2ce712-9e12-42f2-a07e-c3bd614018de.wav,0.0
55de0034-c1a3-4139-a90d-194e84ff4166,coughvid_data/55de0034-c1a3-4139-a90d-194e84ff4166.wav,coughvid_data/55de0034-c1a3-4139-a90d-194e84ff4166.wav,1.0
ab5ca169-33fc-4597-b047-5af78d41dcc8,coughvid_data/ab5ca169-33fc-4597-b047-5af78d41dcc8.wav,coughvid_data/ab5ca169-33fc-4597-b047-5af78d41dcc8.wav,1.0
7698cd8a-4bf8-495e-909d-3a26eecabf6b,coughvid_data/7698cd8a-4bf8-495e-909d-3a26eecabf6b.wav,coughvid_data/7698cd8a-4bf8-495e-909d-3a26eecabf6b.wav,0.0
2ab19b53-28cc-4c8f-82e7-2c6bc8538ec6,coughvid_data/2ab19b53-28cc-4c8f-82e7-2c6bc8538ec6.wav,coughvid_data/2ab19b53-28cc-4c8f-82e7-2c6bc8538ec6.wav,0.0
bba9b242-ef09-4a83-97e1-08c507958abc,coughvid_data/bba9b242-ef09-4a83-97e1-08c507958abc.wav,coughvid_data/bba9b242-ef09-4a83-97e1-08c507958abc.wav,0.0
52a59405-4a73-42e3-af62-b9399c25bdb1,coughvid_data/52a59405-4a73-42e3-af62-b9399c25bdb1.wav,coughvid_data/52a59405-4a73-42e3-af62-b9399c25bdb1.wav,0.0
98d9ddaa-47a0-4e8e-8422-44c10e7c9ae6,coughvid_data/98d9ddaa-47a0-4e8e-8422-44c10e7c9ae6.wav,coughvid_data/98d9ddaa-47a0-4e8e-8422-44c10e7c9ae6.wav,0.0
3cf93027-a70f-4cad-9a3a-a51390783da6,coughvid_data/3cf93027-a70f-4cad-9a3a-a51390783da6.wav,coughvid_data/3cf93027-a70f-4cad-9a3a-a51390783da6.wav,1.0
62e23b57-4964-44e0-b5c2-35e1c487d6f9,coughvid_data/62e23b57-4964-44e0-b5c2-35e1c487d6f9.wav,coughvid_data/62e23b57-4964-44e0-b5c2-35e1c487d6f9.wav,1.0
06b56e5a-a581-45e9-a746-de8e94d9d9d6,coughvid_data/06b56e5a-a581-45e9-a746-de8e94d9d9d6.wav,coughvid_data/06b56e5a-a581-45e9-a746-de8e94d9d9d6.wav,1.0
87d2a9df-00e3-4e7f-849b-dcf94455c6c9,coughvid_data/87d2a9df-00e3-4e7f-849b-dcf94455c6c9.wav,coughvid_data/87d2a9df-00e3-4e7f-849b-dcf94455c6c9.wav,0.0
27dbefae-c401-4081-bea6-dab957158923,coughvid_data/27dbefae-c401-4081-bea6-dab957158923.wav,coughvid_data/27dbefae-c401-4081-bea6-dab957158923.wav,1.0
d86aa191-a4fe-41a8-ad10-bcbb57a21d96,coughvid_data/d86aa191-a4fe-41a8-ad10-bcbb57a21d96.wav,coughvid_data/d86aa191-a4fe-41a8-ad10-bcbb57a21d96.wav,1.0
67fc9396-eb94-437c-bd66-27d389ccaef9,coughvid_data/67fc9396-eb94-437c-bd66-27d389ccaef9.wav,coughvid_data/67fc9396-eb94-437c-bd66-27d389ccaef9.wav,1.0
217f4053-74b3-4e1b-92f3-24004064066b,coughvid_data/217f4053-74b3-4e1b-92f3-24004064066b.wav,coughvid_data/217f4053-74b3-4e1b-92f3-24004064066b.wav,1.0
7f2cef5c-a3f5-446d-bb13-75ddd536d788,coughvid_data/7f2cef5c-a3f5-446d-bb13-75ddd536d788.wav,coughvid_data/7f2cef5c-a3f5-446d-bb13-75ddd536d788.wav,0.0
ac92eb40-ce2f-4f1d-bf60-0fbe2ee8192b,coughvid_data/ac92eb40-ce2f-4f1d-bf60-0fbe2ee8192b.wav,coughvid_data/ac92eb40-ce2f-4f1d-bf60-0fbe2ee8192b.wav,1.0
50ff18ef-ea5c-4b27-a719-b32ff26325b4,coughvid_data/50ff18ef-ea5c-4b27-a719-b32ff26325b4.wav,coughvid_data/50ff18ef-ea5c-4b27-a719-b32ff26325b4.wav,0.0
d1eab0aa-a4cb-417c-ab61-003a44ef7b7e,coughvid_data/d1eab0aa-a4cb-417c-ab61-003a44ef7b7e.wav,coughvid_data/d1eab0aa-a4cb-417c-ab61-003a44ef7b7e.wav,0.0
83cfc0e8-a758-4ace-a946-f13357670613,coughvid_data/83cfc0e8-a758-4ace-a946-f13357670613.wav,coughvid_data/83cfc0e8-a758-4ace-a946-f13357670613.wav,1.0
ecbb7be8-0a50-44a0-b6cf-1786a13d02ce,coughvid_data/ecbb7be8-0a50-44a0-b6cf-1786a13d02ce.wav,coughvid_data/ecbb7be8-0a50-44a0-b6cf-1786a13d02ce.wav,0.0
71fcee11-068e-4817-a4c9-c35917e765cc,coughvid_data/71fcee11-068e-4817-a4c9-c35917e765cc.wav,coughvid_data/71fcee11-068e-4817-a4c9-c35917e765cc.wav,0.0
4a90acae-60e8-455e-8d0c-6e77d8faa4e7,coughvid_data/4a90acae-60e8-455e-8d0c-6e77d8faa4e7.wav,coughvid_data/4a90acae-60e8-455e-8d0c-6e77d8faa4e7.wav,1.0
7869b66e-5c53-42b8-8741-8e7398f78137,coughvid_data/7869b66e-5c53-42b8-8741-8e7398f78137.wav,coughvid_data/7869b66e-5c53-42b8-8741-8e7398f78137.wav,1.0
4397f10e-6d74-49d7-a60f-ce4113c1524e,coughvid_data/4397f10e-6d74-49d7-a60f-ce4113c1524e.wav,coughvid_data/4397f10e-6d74-49d7-a60f-ce4113c1524e.wav,1.0
625d195e-139f-4f61-9355-46bc45e2711f,coughvid_data/625d195e-139f-4f61-9355-46bc45e2711f.wav,coughvid_data/625d195e-139f-4f61-9355-46bc45e2711f.wav,1.0
e8346353-2be5-440c-815f-883f5fc3781e,coughvid_data/e8346353-2be5-440c-815f-883f5fc3781e.wav,coughvid_data/e8346353-2be5-440c-815f-883f5fc3781e.wav,1.0
e6aa50ad-6ca4-4187-aca1-6e5915e1d691,coughvid_data/e6aa50ad-6ca4-4187-aca1-6e5915e1d691.wav,coughvid_data/e6aa50ad-6ca4-4187-aca1-6e5915e1d691.wav,1.0
32682dd4-25a9-4d45-a135-d0fd08c9ec70,coughvid_data/32682dd4-25a9-4d45-a135-d0fd08c9ec70.wav,coughvid_data/32682dd4-25a9-4d45-a135-d0fd08c9ec70.wav,1.0
ef195753-a01e-4139-9e93-c57764f9ca61,coughvid_data/ef195753-a01e-4139-9e93-c57764f9ca61.wav,coughvid_data/ef195753-a01e-4139-9e93-c57764f9ca61.wav,1.0
8f485fee-09ab-49be-85a5-e19974fe1c47,coughvid_data/8f485fee-09ab-49be-85a5-e19974fe1c47.wav,coughvid_data/8f485fee-09ab-49be-85a5-e19974fe1c47.wav,1.0
f03aa29d-86ae-4ae6-9add-4531be51b4cc,coughvid_data/f03aa29d-86ae-4ae6-9add-4531be51b4cc.wav,coughvid_data/f03aa29d-86ae-4ae6-9add-4531be51b4cc.wav,0.0
27f08f66-5440-4ffd-97be-c5a2c0fca2b3,coughvid_data/27f08f66-5440-4ffd-97be-c5a2c0fca2b3.wav,coughvid_data/27f08f66-5440-4ffd-97be-c5a2c0fca2b3.wav,1.0
72775cd3-20f6-4e26-8486-d392e94000f0,coughvid_data/72775cd3-20f6-4e26-8486-d392e94000f0.wav,coughvid_data/72775cd3-20f6-4e26-8486-d392e94000f0.wav,1.0
75e75db7-3f96-47a0-8a4b-6354c4672a89,coughvid_data/75e75db7-3f96-47a0-8a4b-6354c4672a89.wav,coughvid_data/75e75db7-3f96-47a0-8a4b-6354c4672a89.wav,0.0
cd4d4cab-246b-4ff2-9df4-08c0ca4764e1,coughvid_data/cd4d4cab-246b-4ff2-9df4-08c0ca4764e1.wav,coughvid_data/cd4d4cab-246b-4ff2-9df4-08c0ca4764e1.wav,1.0
51d50104-8577-4cc6-9d8a-b04c61505e3f,coughvid_data/51d50104-8577-4cc6-9d8a-b04c61505e3f.wav,coughvid_data/51d50104-8577-4cc6-9d8a-b04c61505e3f.wav,1.0
bb351636-70a4-4dcf-a1c3-303b9b821fc2,coughvid_data/bb351636-70a4-4dcf-a1c3-303b9b821fc2.wav,coughvid_data/bb351636-70a4-4dcf-a1c3-303b9b821fc2.wav,1.0
4708891c-dc6a-474b-9872-399220b4dd08,coughvid_data/4708891c-dc6a-474b-9872-399220b4dd08.wav,coughvid_data/4708891c-dc6a-474b-9872-399220b4dd08.wav,1.0
8238d4f3-62e5-4159-b0b9-47a2d9f6faac,coughvid_data/8238d4f3-62e5-4159-b0b9-47a2d9f6faac.wav,coughvid_data/8238d4f3-62e5-4159-b0b9-47a2d9f6faac.wav,0.0
9557961e-942b-4077-a92c-ca86efd6bb0b,coughvid_data/9557961e-942b-4077-a92c-ca86efd6bb0b.wav,coughvid_data/9557961e-942b-4077-a92c-ca86efd6bb0b.wav,0.0
cb50aff9-ac2d-409e-9496-227ea8f0ae8d,coughvid_data/cb50aff9-ac2d-409e-9496-227ea8f0ae8d.wav,coughvid_data/cb50aff9-ac2d-409e-9496-227ea8f0ae8d.wav,0.0
24d3f04b-925f-462f-b750-6f61367f21a3,coughvid_data/24d3f04b-925f-462f-b750-6f61367f21a3.wav,coughvid_data/24d3f04b-925f-462f-b750-6f61367f21a3.wav,1.0
6fbee7bd-2530-404b-80e2-bb2d1317d7c5,coughvid_data/6fbee7bd-2530-404b-80e2-bb2d1317d7c5.wav,coughvid_data/6fbee7bd-2530-404b-80e2-bb2d1317d7c5.wav,1.0
4abf0305-9a19-4925-811d-4f57ef80616a,coughvid_data/4abf0305-9a19-4925-811d-4f57ef80616a.wav,coughvid_data/4abf0305-9a19-4925-811d-4f57ef80616a.wav,1.0
d45a1afc-57f5-4e35-935c-c7f2d4a5c914,coughvid_data/d45a1afc-57f5-4e35-935c-c7f2d4a5c914.wav,coughvid_data/d45a1afc-57f5-4e35-935c-c7f2d4a5c914.wav,0.0
68413bf4-4a47-4f53-b4a4-8bdd05e86881,coughvid_data/68413bf4-4a47-4f53-b4a4-8bdd05e86881.wav,coughvid_data/68413bf4-4a47-4f53-b4a4-8bdd05e86881.wav,0.0
c4162fc6-6b2b-4acd-9612-70cea9637700,coughvid_data/c4162fc6-6b2b-4acd-9612-70cea9637700.wav,coughvid_data/c4162fc6-6b2b-4acd-9612-70cea9637700.wav,1.0
e9ab1357-11a3-456b-921b-a8049c8c985d,coughvid_data/e9ab1357-11a3-456b-921b-a8049c8c985d.wav,coughvid_data/e9ab1357-11a3-456b-921b-a8049c8c985d.wav,1.0
00a4e142-2ae1-401e-8319-837e512b1281,coughvid_data/00a4e142-2ae1-401e-8319-837e512b1281.wav,coughvid_data/00a4e142-2ae1-401e-8319-837e512b1281.wav,1.0
00b2a7e8-60ce-488d-9fcf-6b5946d4bbc9,coughvid_data/00b2a7e8-60ce-488d-9fcf-6b5946d4bbc9.wav,coughvid_data/00b2a7e8-60ce-488d-9fcf-6b5946d4bbc9.wav,1.0
84a51688-44dc-4111-9fa9-d0341d2aaa5b,coughvid_data/84a51688-44dc-4111-9fa9-d0341d2aaa5b.wav,coughvid_data/84a51688-44dc-4111-9fa9-d0341d2aaa5b.wav,0.0
7786e90f-5767-405f-956e-8e10074e79cf,coughvid_data/7786e90f-5767-405f-956e-8e10074e79cf.wav,coughvid_data/7786e90f-5767-405f-956e-8e10074e79cf.wav,0.0
49d95076-6bd4-455a-80b5-f0e85bf52b95,coughvid_data/49d95076-6bd4-455a-80b5-f0e85bf52b95.wav,coughvid_data/49d95076-6bd4-455a-80b5-f0e85bf52b95.wav,0.0
1779f6c3-4be6-4acd-af08-cb8f7bfeb4ba,coughvid_data/1779f6c3-4be6-4acd-af08-cb8f7bfeb4ba.wav,coughvid_data/1779f6c3-4be6-4acd-af08-cb8f7bfeb4ba.wav,0.0
b330a2c3-339d-4757-b4ef-7e7de36f025d,coughvid_data/b330a2c3-339d-4757-b4ef-7e7de36f025d.wav,coughvid_data/b330a2c3-339d-4757-b4ef-7e7de36f025d.wav,0.0
b9a8beee-8b17-4704-9430-a2283431cb25,coughvid_data/b9a8beee-8b17-4704-9430-a2283431cb25.wav,coughvid_data/b9a8beee-8b17-4704-9430-a2283431cb25.wav,1.0
c73f2f55-350b-4311-8440-69cf204e6dd1,coughvid_data/c73f2f55-350b-4311-8440-69cf204e6dd1.wav,coughvid_data/c73f2f55-350b-4311-8440-69cf204e6dd1.wav,1.0
10583a31-262c-4724-87b2-097e9158619b,coughvid_data/10583a31-262c-4724-87b2-097e9158619b.wav,coughvid_data/10583a31-262c-4724-87b2-097e9158619b.wav,1.0
a3121531-4ee7-48ef-baae-d59ed2c09b06,coughvid_data/a3121531-4ee7-48ef-baae-d59ed2c09b06.wav,coughvid_data/a3121531-4ee7-48ef-baae-d59ed2c09b06.wav,1.0
d568b4f3-a547-487a-8c0f-89d4b4b4cbf7,coughvid_data/d568b4f3-a547-487a-8c0f-89d4b4b4cbf7.wav,coughvid_data/d568b4f3-a547-487a-8c0f-89d4b4b4cbf7.wav,0.0
d106e71c-442e-4fd6-af4e-e2d0e09f1339,coughvid_data/d106e71c-442e-4fd6-af4e-e2d0e09f1339.wav,coughvid_data/d106e71c-442e-4fd6-af4e-e2d0e09f1339.wav,0.0
b17eb79d-e426-44f3-b396-638ad03aa0ab,coughvid_data/b17eb79d-e426-44f3-b396-638ad03aa0ab.wav,coughvid_data/b17eb79d-e426-44f3-b396-638ad03aa0ab.wav,0.0
b151f13f-0715-45ab-a8dd-ee76d8d76727,coughvid_data/b151f13f-0715-45ab-a8dd-ee76d8d76727.wav,coughvid_data/b151f13f-0715-45ab-a8dd-ee76d8d76727.wav,1.0
04a6e2f4-c848-47e8-be54-0556f0e01909,coughvid_data/04a6e2f4-c848-47e8-be54-0556f0e01909.wav,coughvid_data/04a6e2f4-c848-47e8-be54-0556f0e01909.wav,0.0
6aeeb56a-c558-404a-8a6b-f14f27f0ebdc,coughvid_data/6aeeb56a-c558-404a-8a6b-f14f27f0ebdc.wav,coughvid_data/6aeeb56a-c558-404a-8a6b-f14f27f0ebdc.wav,0.0
37b01f77-9e95-4804-bcf4-41a5f59d12f8,coughvid_data/37b01f77-9e95-4804-bcf4-41a5f59d12f8.wav,coughvid_data/37b01f77-9e95-4804-bcf4-41a5f59d12f8.wav,1.0
549dd9f2-5206-463f-bf42-07371d7e6f51,coughvid_data/549dd9f2-5206-463f-bf42-07371d7e6f51.wav,coughvid_data/549dd9f2-5206-463f-bf42-07371d7e6f51.wav,1.0
3b30fcac-4a86-48fc-8da8-3378263e802b,coughvid_data/3b30fcac-4a86-48fc-8da8-3378263e802b.wav,coughvid_data/3b30fcac-4a86-48fc-8da8-3378263e802b.wav,0.0
3269f57c-8013-42f3-864e-7aa39fa690a6,coughvid_data/3269f57c-8013-42f3-864e-7aa39fa690a6.wav,coughvid_data/3269f57c-8013-42f3-864e-7aa39fa690a6.wav,0.0
577a131c-7617-4f00-a68e-601c71a8ae27,coughvid_data/577a131c-7617-4f00-a68e-601c71a8ae27.wav,coughvid_data/577a131c-7617-4f00-a68e-601c71a8ae27.wav,0.0
97f284b3-45c9-4262-9d4f-adafe31d6b71,coughvid_data/97f284b3-45c9-4262-9d4f-adafe31d6b71.wav,coughvid_data/97f284b3-45c9-4262-9d4f-adafe31d6b71.wav,1.0
b6e6f7db-6dff-4bc3-ac77-912fbd4782b5,coughvid_data/b6e6f7db-6dff-4bc3-ac77-912fbd4782b5.wav,coughvid_data/b6e6f7db-6dff-4bc3-ac77-912fbd4782b5.wav,1.0
e9921d1e-6d7d-459e-af1d-4d775fc97b5a,coughvid_data/e9921d1e-6d7d-459e-af1d-4d775fc97b5a.wav,coughvid_data/e9921d1e-6d7d-459e-af1d-4d775fc97b5a.wav,1.0
f176f011-57eb-4527-99ba-f0aecc4fa34c,coughvid_data/f176f011-57eb-4527-99ba-f0aecc4fa34c.wav,coughvid_data/f176f011-57eb-4527-99ba-f0aecc4fa34c.wav,1.0
bbce87c1-f76b-4bbf-bfd8-88b3a588c88b,coughvid_data/bbce87c1-f76b-4bbf-bfd8-88b3a588c88b.wav,coughvid_data/bbce87c1-f76b-4bbf-bfd8-88b3a588c88b.wav,0.0
51e2e40b-f1cd-45ba-ad05-8219c595235c,coughvid_data/51e2e40b-f1cd-45ba-ad05-8219c595235c.wav,coughvid_data/51e2e40b-f1cd-45ba-ad05-8219c595235c.wav,1.0
d85a3b6c-b5ea-4cf3-a895-03cb69d38993,coughvid_data/d85a3b6c-b5ea-4cf3-a895-03cb69d38993.wav,coughvid_data/d85a3b6c-b5ea-4cf3-a895-03cb69d38993.wav,1.0
6d693261-5807-4ae3-9a60-96cdb5ec1f14,coughvid_data/6d693261-5807-4ae3-9a60-96cdb5ec1f14.wav,coughvid_data/6d693261-5807-4ae3-9a60-96cdb5ec1f14.wav,1.0
9ac4fe38-7f6a-4a3a-8161-9b6fa1020ba6,coughvid_data/9ac4fe38-7f6a-4a3a-8161-9b6fa1020ba6.wav,coughvid_data/9ac4fe38-7f6a-4a3a-8161-9b6fa1020ba6.wav,0.0
1b033566-48c9-412b-a22e-5169f9037e62,coughvid_data/1b033566-48c9-412b-a22e-5169f9037e62.wav,coughvid_data/1b033566-48c9-412b-a22e-5169f9037e62.wav,0.0
9354dbaf-b608-4309-b710-23ea05a8ef8e,coughvid_data/9354dbaf-b608-4309-b710-23ea05a8ef8e.wav,coughvid_data/9354dbaf-b608-4309-b710-23ea05a8ef8e.wav,1.0
0be25186-6c29-4432-80a0-eb2834aa53a0,coughvid_data/0be25186-6c29-4432-80a0-eb2834aa53a0.wav,coughvid_data/0be25186-6c29-4432-80a0-eb2834aa53a0.wav,1.0
ef9e67b3-9147-494f-a855-17f2326a61f3,coughvid_data/ef9e67b3-9147-494f-a855-17f2326a61f3.wav,coughvid_data/ef9e67b3-9147-494f-a855-17f2326a61f3.wav,0.0
7f07d3ae-4566-4cf1-88d5-644469b071f8,coughvid_data/7f07d3ae-4566-4cf1-88d5-644469b071f8.wav,coughvid_data/7f07d3ae-4566-4cf1-88d5-644469b071f8.wav,0.0
3631ceb2-f543-4159-9205-1d10adc45dd1,coughvid_data/3631ceb2-f543-4159-9205-1d10adc45dd1.wav,coughvid_data/3631ceb2-f543-4159-9205-1d10adc45dd1.wav,1.0
ccac55a2-e7a5-4903-9adb-6b87dd9ef160,coughvid_data/ccac55a2-e7a5-4903-9adb-6b87dd9ef160.wav,coughvid_data/ccac55a2-e7a5-4903-9adb-6b87dd9ef160.wav,0.0
c2784ae6-b4d9-4f35-b6b6-4af137b8c679,coughvid_data/c2784ae6-b4d9-4f35-b6b6-4af137b8c679.wav,coughvid_data/c2784ae6-b4d9-4f35-b6b6-4af137b8c679.wav,0.0
eb176e16-b26f-4262-b971-dc658e9dcaf2,coughvid_data/eb176e16-b26f-4262-b971-dc658e9dcaf2.wav,coughvid_data/eb176e16-b26f-4262-b971-dc658e9dcaf2.wav,1.0
31aaf81c-0eef-4281-9838-ce63f2136d97,coughvid_data/31aaf81c-0eef-4281-9838-ce63f2136d97.wav,coughvid_data/31aaf81c-0eef-4281-9838-ce63f2136d97.wav,0.0
36f9e1cc-e89b-4193-87ee-f2b0b8cab683,coughvid_data/36f9e1cc-e89b-4193-87ee-f2b0b8cab683.wav,coughvid_data/36f9e1cc-e89b-4193-87ee-f2b0b8cab683.wav,1.0
dae0588f-3ce7-4088-97bf-47d6be5683b7,coughvid_data/dae0588f-3ce7-4088-97bf-47d6be5683b7.wav,coughvid_data/dae0588f-3ce7-4088-97bf-47d6be5683b7.wav,0.0
71250827-aab4-4b3c-8be2-e5856155edfe,coughvid_data/71250827-aab4-4b3c-8be2-e5856155edfe.wav,coughvid_data/71250827-aab4-4b3c-8be2-e5856155edfe.wav,1.0
3306bb1d-2055-4921-835e-6d992f9932a2,coughvid_data/3306bb1d-2055-4921-835e-6d992f9932a2.wav,coughvid_data/3306bb1d-2055-4921-835e-6d992f9932a2.wav,0.0
fd67057a-9ade-4dc9-9d4c-9c1073e78795,coughvid_data/fd67057a-9ade-4dc9-9d4c-9c1073e78795.wav,coughvid_data/fd67057a-9ade-4dc9-9d4c-9c1073e78795.wav,0.0
7f928500-fe99-4f0a-a4be-7263ec77ab04,coughvid_data/7f928500-fe99-4f0a-a4be-7263ec77ab04.wav,coughvid_data/7f928500-fe99-4f0a-a4be-7263ec77ab04.wav,1.0
4ffddd91-d321-4657-bc45-ee6585080285,coughvid_data/4ffddd91-d321-4657-bc45-ee6585080285.wav,coughvid_data/4ffddd91-d321-4657-bc45-ee6585080285.wav,1.0
6b0008c8-afe0-4bb0-bae0-a73165d4bd86,coughvid_data/6b0008c8-afe0-4bb0-bae0-a73165d4bd86.wav,coughvid_data/6b0008c8-afe0-4bb0-bae0-a73165d4bd86.wav,1.0
7de7a29e-66c0-40b1-95df-08f1abb4c3e2,coughvid_data/7de7a29e-66c0-40b1-95df-08f1abb4c3e2.wav,coughvid_data/7de7a29e-66c0-40b1-95df-08f1abb4c3e2.wav,1.0
797db370-3b17-4bb6-8104-aeaf5825779d,coughvid_data/797db370-3b17-4bb6-8104-aeaf5825779d.wav,coughvid_data/797db370-3b17-4bb6-8104-aeaf5825779d.wav,1.0
41624e19-8784-403f-b6d9-7609c36f931e,coughvid_data/41624e19-8784-403f-b6d9-7609c36f931e.wav,coughvid_data/41624e19-8784-403f-b6d9-7609c36f931e.wav,1.0
bdf048ea-d2a7-42e8-81a3-1dd8c5783235,coughvid_data/bdf048ea-d2a7-42e8-81a3-1dd8c5783235.wav,coughvid_data/bdf048ea-d2a7-42e8-81a3-1dd8c5783235.wav,0.0
76ec0dc8-4cfb-457c-abad-3363bebf0fc2,coughvid_data/76ec0dc8-4cfb-457c-abad-3363bebf0fc2.wav,coughvid_data/76ec0dc8-4cfb-457c-abad-3363bebf0fc2.wav,1.0
a8917ff6-3355-4a56-820f-22f29ba143cb,coughvid_data/a8917ff6-3355-4a56-820f-22f29ba143cb.wav,coughvid_data/a8917ff6-3355-4a56-820f-22f29ba143cb.wav,0.0
436e5f28-bd7b-400c-b804-a638b86b1c31,coughvid_data/436e5f28-bd7b-400c-b804-a638b86b1c31.wav,coughvid_data/436e5f28-bd7b-400c-b804-a638b86b1c31.wav,0.0
8b9f56b6-a6ad-4dca-b3fe-05f9662ab3bf,coughvid_data/8b9f56b6-a6ad-4dca-b3fe-05f9662ab3bf.wav,coughvid_data/8b9f56b6-a6ad-4dca-b3fe-05f9662ab3bf.wav,0.0
812b348d-1f9c-4fb1-acc2-55e8726bfe45,coughvid_data/812b348d-1f9c-4fb1-acc2-55e8726bfe45.wav,coughvid_data/812b348d-1f9c-4fb1-acc2-55e8726bfe45.wav,0.0
9a5f4a64-f313-4240-9fc1-7c93be6a9b34,coughvid_data/9a5f4a64-f313-4240-9fc1-7c93be6a9b34.wav,coughvid_data/9a5f4a64-f313-4240-9fc1-7c93be6a9b34.wav,1.0
4287a9a3-9e18-49e3-844a-c654858c86a0,coughvid_data/4287a9a3-9e18-49e3-844a-c654858c86a0.wav,coughvid_data/4287a9a3-9e18-49e3-844a-c654858c86a0.wav,1.0
e75f8996-c08c-4d03-9366-5a5650c94e24,coughvid_data/e75f8996-c08c-4d03-9366-5a5650c94e24.wav,coughvid_data/e75f8996-c08c-4d03-9366-5a5650c94e24.wav,0.0
3e42c9d4-6c5c-4c3b-895d-887a85e14103,coughvid_data/3e42c9d4-6c5c-4c3b-895d-887a85e14103.wav,coughvid_data/3e42c9d4-6c5c-4c3b-895d-887a85e14103.wav,0.0
bc1dee49-cfb5-4868-9d31-3f3c9a7d9b8a,coughvid_data/bc1dee49-cfb5-4868-9d31-3f3c9a7d9b8a.wav,coughvid_data/bc1dee49-cfb5-4868-9d31-3f3c9a7d9b8a.wav,0.0
d87b121b-cacc-4a97-be58-7f76155662ed,coughvid_data/d87b121b-cacc-4a97-be58-7f76155662ed.wav,coughvid_data/d87b121b-cacc-4a97-be58-7f76155662ed.wav,1.0
99de245e-7797-4b68-8b4e-7be2c3600f49,coughvid_data/99de245e-7797-4b68-8b4e-7be2c3600f49.wav,coughvid_data/99de245e-7797-4b68-8b4e-7be2c3600f49.wav,1.0
75b89972-ba02-4f81-a50d-acc80ff7cd13,coughvid_data/75b89972-ba02-4f81-a50d-acc80ff7cd13.wav,coughvid_data/75b89972-ba02-4f81-a50d-acc80ff7cd13.wav,0.0
4763797e-e24f-4af4-a449-d60bbc9079cb,coughvid_data/4763797e-e24f-4af4-a449-d60bbc9079cb.wav,coughvid_data/4763797e-e24f-4af4-a449-d60bbc9079cb.wav,1.0
925eb614-a1ca-44f1-af1d-fa528e81dbd8,coughvid_data/925eb614-a1ca-44f1-af1d-fa528e81dbd8.wav,coughvid_data/925eb614-a1ca-44f1-af1d-fa528e81dbd8.wav,0.0
c1b7592f-7561-42dc-a50a-d059fb5dfa30,coughvid_data/c1b7592f-7561-42dc-a50a-d059fb5dfa30.wav,coughvid_data/c1b7592f-7561-42dc-a50a-d059fb5dfa30.wav,0.0
4775625a-3afe-40eb-99cc-475bd1277d8a,coughvid_data/4775625a-3afe-40eb-99cc-475bd1277d8a.wav,coughvid_data/4775625a-3afe-40eb-99cc-475bd1277d8a.wav,0.0
e753dd7c-8319-4c82-8b6a-c2be0866891a,coughvid_data/e753dd7c-8319-4c82-8b6a-c2be0866891a.wav,coughvid_data/e753dd7c-8319-4c82-8b6a-c2be0866891a.wav,1.0
f6106423-2107-4296-8f2a-feab7047a322,coughvid_data/f6106423-2107-4296-8f2a-feab7047a322.wav,coughvid_data/f6106423-2107-4296-8f2a-feab7047a322.wav,1.0
c0f37f17-13dc-47d8-ba05-fec0889015ca,coughvid_data/c0f37f17-13dc-47d8-ba05-fec0889015ca.wav,coughvid_data/c0f37f17-13dc-47d8-ba05-fec0889015ca.wav,0.0
cabf0ffe-35de-4273-8e6e-300b24a7012f,coughvid_data/cabf0ffe-35de-4273-8e6e-300b24a7012f.wav,coughvid_data/cabf0ffe-35de-4273-8e6e-300b24a7012f.wav,0.0
805d5c82-a503-44a6-b69d-41532ebb859c,coughvid_data/805d5c82-a503-44a6-b69d-41532ebb859c.wav,coughvid_data/805d5c82-a503-44a6-b69d-41532ebb859c.wav,1.0
cd06f072-3264-4014-aa1a-cd2996374afb,coughvid_data/cd06f072-3264-4014-aa1a-cd2996374afb.wav,coughvid_data/cd06f072-3264-4014-aa1a-cd2996374afb.wav,1.0
77d1763e-ecab-4d55-9856-8294b8f6093a,coughvid_data/77d1763e-ecab-4d55-9856-8294b8f6093a.wav,coughvid_data/77d1763e-ecab-4d55-9856-8294b8f6093a.wav,0.0
72f67002-96a6-47f7-8c1d-2a4093887929,coughvid_data/72f67002-96a6-47f7-8c1d-2a4093887929.wav,coughvid_data/72f67002-96a6-47f7-8c1d-2a4093887929.wav,0.0
d1b75a7d-b3fc-443d-a0ee-6b947e1ac6ef,coughvid_data/d1b75a7d-b3fc-443d-a0ee-6b947e1ac6ef.wav,coughvid_data/d1b75a7d-b3fc-443d-a0ee-6b947e1ac6ef.wav,0.0
098f91ff-8885-4a55-b5f7-f4dcb3d31889,coughvid_data/098f91ff-8885-4a55-b5f7-f4dcb3d31889.wav,coughvid_data/098f91ff-8885-4a55-b5f7-f4dcb3d31889.wav,0.0
d72b2426-b62b-43ea-8e21-a937d848dc13,coughvid_data/d72b2426-b62b-43ea-8e21-a937d848dc13.wav,coughvid_data/d72b2426-b62b-43ea-8e21-a937d848dc13.wav,0.0
b7f60904-a2e1-4068-9854-523ebe8d8c04,coughvid_data/b7f60904-a2e1-4068-9854-523ebe8d8c04.wav,coughvid_data/b7f60904-a2e1-4068-9854-523ebe8d8c04.wav,1.0
a38072c1-beeb-4bc7-b15e-9a56a268ac8a,coughvid_data/a38072c1-beeb-4bc7-b15e-9a56a268ac8a.wav,coughvid_data/a38072c1-beeb-4bc7-b15e-9a56a268ac8a.wav,0.0
c669f5f8-4e6f-47ed-88f0-d4a57ec7b265,coughvid_data/c669f5f8-4e6f-47ed-88f0-d4a57ec7b265.wav,coughvid_data/c669f5f8-4e6f-47ed-88f0-d4a57ec7b265.wav,0.0
0b65469b-d327-4bf8-873d-a5a40c11b260,coughvid_data/0b65469b-d327-4bf8-873d-a5a40c11b260.wav,coughvid_data/0b65469b-d327-4bf8-873d-a5a40c11b260.wav,0.0
48df242d-e4fc-4896-ab45-dfe3f969eac2,coughvid_data/48df242d-e4fc-4896-ab45-dfe3f969eac2.wav,coughvid_data/48df242d-e4fc-4896-ab45-dfe3f969eac2.wav,1.0
a6da5750-f8ed-46a9-a24c-d65d0adef3f2,coughvid_data/a6da5750-f8ed-46a9-a24c-d65d0adef3f2.wav,coughvid_data/a6da5750-f8ed-46a9-a24c-d65d0adef3f2.wav,0.0
d436261b-2665-489b-b375-e94cf3ec37f3,coughvid_data/d436261b-2665-489b-b375-e94cf3ec37f3.wav,coughvid_data/d436261b-2665-489b-b375-e94cf3ec37f3.wav,1.0
29485a29-bc3f-4b42-b536-9d0fae55d175,coughvid_data/29485a29-bc3f-4b42-b536-9d0fae55d175.wav,coughvid_data/29485a29-bc3f-4b42-b536-9d0fae55d175.wav,0.0
2c594405-11ec-43fa-ba7e-79c61337ba60,coughvid_data/2c594405-11ec-43fa-ba7e-79c61337ba60.wav,coughvid_data/2c594405-11ec-43fa-ba7e-79c61337ba60.wav,0.0
f461133a-9601-4678-8eb8-05ca2e351d0d,coughvid_data/f461133a-9601-4678-8eb8-05ca2e351d0d.wav,coughvid_data/f461133a-9601-4678-8eb8-05ca2e351d0d.wav,0.0
8412b02e-4959-4cfc-8232-a92caac98817,coughvid_data/8412b02e-4959-4cfc-8232-a92caac98817.wav,coughvid_data/8412b02e-4959-4cfc-8232-a92caac98817.wav,0.0
864d0c17-7421-4c9c-8b34-0a9dd6c2f0b1,coughvid_data/864d0c17-7421-4c9c-8b34-0a9dd6c2f0b1.wav,coughvid_data/864d0c17-7421-4c9c-8b34-0a9dd6c2f0b1.wav,0.0
afdb98a9-3e51-4c6f-bdd4-5316fcc05270,coughvid_data/afdb98a9-3e51-4c6f-bdd4-5316fcc05270.wav,coughvid_data/afdb98a9-3e51-4c6f-bdd4-5316fcc05270.wav,0.0
24b5fc3a-2950-4857-82f2-0b0bc931de87,coughvid_data/24b5fc3a-2950-4857-82f2-0b0bc931de87.wav,coughvid_data/24b5fc3a-2950-4857-82f2-0b0bc931de87.wav,0.0
65e32492-e112-4509-a8d8-6eea83338c84,coughvid_data/65e32492-e112-4509-a8d8-6eea83338c84.wav,coughvid_data/65e32492-e112-4509-a8d8-6eea83338c84.wav,0.0
7ac68b6e-ea41-4eb0-9eda-7b09169dce8f,coughvid_data/7ac68b6e-ea41-4eb0-9eda-7b09169dce8f.wav,coughvid_data/7ac68b6e-ea41-4eb0-9eda-7b09169dce8f.wav,1.0
976a4837-22e1-447c-874e-2a82afee28a9,coughvid_data/976a4837-22e1-447c-874e-2a82afee28a9.wav,coughvid_data/976a4837-22e1-447c-874e-2a82afee28a9.wav,1.0
8051a100-4ff3-437b-8a6e-2c601d16bcf4,coughvid_data/8051a100-4ff3-437b-8a6e-2c601d16bcf4.wav,coughvid_data/8051a100-4ff3-437b-8a6e-2c601d16bcf4.wav,1.0
8e9ab2b9-7113-4ce0-a338-8c9743303280,coughvid_data/8e9ab2b9-7113-4ce0-a338-8c9743303280.wav,coughvid_data/8e9ab2b9-7113-4ce0-a338-8c9743303280.wav,0.0
2ead8e82-2714-4045-a70b-3da2c1f3f32c,coughvid_data/2ead8e82-2714-4045-a70b-3da2c1f3f32c.wav,coughvid_data/2ead8e82-2714-4045-a70b-3da2c1f3f32c.wav,0.0
3bddbba1-19b4-494b-86b7-a4eacb220a42,coughvid_data/3bddbba1-19b4-494b-86b7-a4eacb220a42.wav,coughvid_data/3bddbba1-19b4-494b-86b7-a4eacb220a42.wav,0.0
afc54f0f-9856-4404-9195-374c1da7aa4b,coughvid_data/afc54f0f-9856-4404-9195-374c1da7aa4b.wav,coughvid_data/afc54f0f-9856-4404-9195-374c1da7aa4b.wav,0.0
bf91303d-5f71-4dd8-8554-c67f7bd132e6,coughvid_data/bf91303d-5f71-4dd8-8554-c67f7bd132e6.wav,coughvid_data/bf91303d-5f71-4dd8-8554-c67f7bd132e6.wav,0.0
425a19a1-4b7c-4c5a-b655-4695fe34ecf2,coughvid_data/425a19a1-4b7c-4c5a-b655-4695fe34ecf2.wav,coughvid_data/425a19a1-4b7c-4c5a-b655-4695fe34ecf2.wav,1.0
5ed83445-8023-498f-95d8-95383d6018ff,coughvid_data/5ed83445-8023-498f-95d8-95383d6018ff.wav,coughvid_data/5ed83445-8023-498f-95d8-95383d6018ff.wav,0.0
309f7a85-57c3-4b1f-baa9-d1290d1d1b23,coughvid_data/309f7a85-57c3-4b1f-baa9-d1290d1d1b23.wav,coughvid_data/309f7a85-57c3-4b1f-baa9-d1290d1d1b23.wav,1.0
fd39c1f7-2110-4786-93a7-ab929cfd331d,coughvid_data/fd39c1f7-2110-4786-93a7-ab929cfd331d.wav,coughvid_data/fd39c1f7-2110-4786-93a7-ab929cfd331d.wav,0.0
65e57cbe-c663-446f-bdd4-a989ab48ba8b,coughvid_data/65e57cbe-c663-446f-bdd4-a989ab48ba8b.wav,coughvid_data/65e57cbe-c663-446f-bdd4-a989ab48ba8b.wav,1.0
11d403c1-c944-4196-95f8-fdf4ff1b4c9f,coughvid_data/11d403c1-c944-4196-95f8-fdf4ff1b4c9f.wav,coughvid_data/11d403c1-c944-4196-95f8-fdf4ff1b4c9f.wav,0.0
04719b98-ad6c-43e5-9dce-0c65af15f43e,coughvid_data/04719b98-ad6c-43e5-9dce-0c65af15f43e.wav,coughvid_data/04719b98-ad6c-43e5-9dce-0c65af15f43e.wav,0.0
374e2be5-bee1-488f-985b-1548c9076005,coughvid_data/374e2be5-bee1-488f-985b-1548c9076005.wav,coughvid_data/374e2be5-bee1-488f-985b-1548c9076005.wav,1.0
009aa393-32ab-423f-8e6a-63d8d4d1476b,coughvid_data/009aa393-32ab-423f-8e6a-63d8d4d1476b.wav,coughvid_data/009aa393-32ab-423f-8e6a-63d8d4d1476b.wav,1.0
ad1b8bc0-75c3-4254-bb84-05d2e9b217e8,coughvid_data/ad1b8bc0-75c3-4254-bb84-05d2e9b217e8.wav,coughvid_data/ad1b8bc0-75c3-4254-bb84-05d2e9b217e8.wav,1.0
ae321315-0798-4b11-a088-a2acdd099ffc,coughvid_data/ae321315-0798-4b11-a088-a2acdd099ffc.wav,coughvid_data/ae321315-0798-4b11-a088-a2acdd099ffc.wav,1.0
2c2afa09-cefb-410b-b6b8-ce54887ea23d,coughvid_data/2c2afa09-cefb-410b-b6b8-ce54887ea23d.wav,coughvid_data/2c2afa09-cefb-410b-b6b8-ce54887ea23d.wav,1.0
9d2b1593-a662-410a-9eef-5d69793c11ee,coughvid_data/9d2b1593-a662-410a-9eef-5d69793c11ee.wav,coughvid_data/9d2b1593-a662-410a-9eef-5d69793c11ee.wav,1.0
79897355-252b-4313-8425-a0529224be69,coughvid_data/79897355-252b-4313-8425-a0529224be69.wav,coughvid_data/79897355-252b-4313-8425-a0529224be69.wav,1.0
e3157d31-7cc6-4a85-a041-793bbe4cc0ce,coughvid_data/e3157d31-7cc6-4a85-a041-793bbe4cc0ce.wav,coughvid_data/e3157d31-7cc6-4a85-a041-793bbe4cc0ce.wav,1.0
c85daa1b-6f5b-4bc7-803b-117cb57953e5,coughvid_data/c85daa1b-6f5b-4bc7-803b-117cb57953e5.wav,coughvid_data/c85daa1b-6f5b-4bc7-803b-117cb57953e5.wav,1.0
d2745a3c-c31f-4e9e-907d-92afec7cf293,coughvid_data/d2745a3c-c31f-4e9e-907d-92afec7cf293.wav,coughvid_data/d2745a3c-c31f-4e9e-907d-92afec7cf293.wav,0.0
2b537f15-4937-49f8-8528-96d1e0231236,coughvid_data/2b537f15-4937-49f8-8528-96d1e0231236.wav,coughvid_data/2b537f15-4937-49f8-8528-96d1e0231236.wav,1.0
fc323738-ed71-44e7-8489-81bca3ec07e4,coughvid_data/fc323738-ed71-44e7-8489-81bca3ec07e4.wav,coughvid_data/fc323738-ed71-44e7-8489-81bca3ec07e4.wav,1.0
93421868-6a67-44eb-b9d8-b29944e89fe3,coughvid_data/93421868-6a67-44eb-b9d8-b29944e89fe3.wav,coughvid_data/93421868-6a67-44eb-b9d8-b29944e89fe3.wav,0.0
b73a0a77-f6e6-41b1-9709-4ca716cc56d1,coughvid_data/b73a0a77-f6e6-41b1-9709-4ca716cc56d1.wav,coughvid_data/b73a0a77-f6e6-41b1-9709-4ca716cc56d1.wav,0.0
31453f38-1280-4126-8c24-c169711e1cf7,coughvid_data/31453f38-1280-4126-8c24-c169711e1cf7.wav,coughvid_data/31453f38-1280-4126-8c24-c169711e1cf7.wav,1.0
efdd5d27-b9bb-4370-bc4a-bc5cceedb08d,coughvid_data/efdd5d27-b9bb-4370-bc4a-bc5cceedb08d.wav,coughvid_data/efdd5d27-b9bb-4370-bc4a-bc5cceedb08d.wav,1.0
c0098eab-14ab-4728-b9e9-ba9e24630b74,coughvid_data/c0098eab-14ab-4728-b9e9-ba9e24630b74.wav,coughvid_data/c0098eab-14ab-4728-b9e9-ba9e24630b74.wav,0.0
d8673067-ec87-4ddf-ab62-be53b8b8cfdb,coughvid_data/d8673067-ec87-4ddf-ab62-be53b8b8cfdb.wav,coughvid_data/d8673067-ec87-4ddf-ab62-be53b8b8cfdb.wav,0.0
5aacc33c-b2c2-4209-9dac-3bc3e6c55bfa,coughvid_data/5aacc33c-b2c2-4209-9dac-3bc3e6c55bfa.wav,coughvid_data/5aacc33c-b2c2-4209-9dac-3bc3e6c55bfa.wav,1.0
2d9829e2-54ec-442e-a56d-2138addf8033,coughvid_data/2d9829e2-54ec-442e-a56d-2138addf8033.wav,coughvid_data/2d9829e2-54ec-442e-a56d-2138addf8033.wav,0.0
f5e3c403-1588-49ad-8984-47f123f941f8,coughvid_data/f5e3c403-1588-49ad-8984-47f123f941f8.wav,coughvid_data/f5e3c403-1588-49ad-8984-47f123f941f8.wav,1.0
b641e217-f9a3-4432-83ff-6880e0ccf5bc,coughvid_data/b641e217-f9a3-4432-83ff-6880e0ccf5bc.wav,coughvid_data/b641e217-f9a3-4432-83ff-6880e0ccf5bc.wav,0.0
61e9c305-48bc-4f4c-aebb-d6653a7d1fac,coughvid_data/61e9c305-48bc-4f4c-aebb-d6653a7d1fac.wav,coughvid_data/61e9c305-48bc-4f4c-aebb-d6653a7d1fac.wav,0.0
30f89651-4d57-4de3-8575-ab68725eccef,coughvid_data/30f89651-4d57-4de3-8575-ab68725eccef.wav,coughvid_data/30f89651-4d57-4de3-8575-ab68725eccef.wav,1.0
534799c0-d8ef-4c2a-a03e-752eb890d9c3,coughvid_data/534799c0-d8ef-4c2a-a03e-752eb890d9c3.wav,coughvid_data/534799c0-d8ef-4c2a-a03e-752eb890d9c3.wav,1.0
078cd942-977e-47c2-8038-ae0af9d9d28a,coughvid_data/078cd942-977e-47c2-8038-ae0af9d9d28a.wav,coughvid_data/078cd942-977e-47c2-8038-ae0af9d9d28a.wav,0.0
525bb580-d7bc-4f91-b206-5f4890cfec0d,coughvid_data/525bb580-d7bc-4f91-b206-5f4890cfec0d.wav,coughvid_data/525bb580-d7bc-4f91-b206-5f4890cfec0d.wav,1.0
fafc5198-f624-450c-9bac-9a37eb6cc4c2,coughvid_data/fafc5198-f624-450c-9bac-9a37eb6cc4c2.wav,coughvid_data/fafc5198-f624-450c-9bac-9a37eb6cc4c2.wav,1.0
4883ebd2-d26d-4b44-b11d-e91ba8e25ddf,coughvid_data/4883ebd2-d26d-4b44-b11d-e91ba8e25ddf.wav,coughvid_data/4883ebd2-d26d-4b44-b11d-e91ba8e25ddf.wav,0.0
442e5d1f-b442-4b3c-8cd3-5ae7ef2a5ab4,coughvid_data/442e5d1f-b442-4b3c-8cd3-5ae7ef2a5ab4.wav,coughvid_data/442e5d1f-b442-4b3c-8cd3-5ae7ef2a5ab4.wav,0.0
d7c81fad-a83f-4361-ac51-0e46b837d896,coughvid_data/d7c81fad-a83f-4361-ac51-0e46b837d896.wav,coughvid_data/d7c81fad-a83f-4361-ac51-0e46b837d896.wav,1.0
49b5edd7-b943-41e4-9f61-47dcbfbde896,coughvid_data/49b5edd7-b943-41e4-9f61-47dcbfbde896.wav,coughvid_data/49b5edd7-b943-41e4-9f61-47dcbfbde896.wav,1.0
236fdad7-227d-4cd8-a92d-c8681dc8e542,coughvid_data/236fdad7-227d-4cd8-a92d-c8681dc8e542.wav,coughvid_data/236fdad7-227d-4cd8-a92d-c8681dc8e542.wav,0.0
6e463212-3381-4b61-b951-58e56545d67f,coughvid_data/6e463212-3381-4b61-b951-58e56545d67f.wav,coughvid_data/6e463212-3381-4b61-b951-58e56545d67f.wav,0.0
40de29df-7881-4cbf-9339-809f6a48ba39,coughvid_data/40de29df-7881-4cbf-9339-809f6a48ba39.wav,coughvid_data/40de29df-7881-4cbf-9339-809f6a48ba39.wav,1.0
9351ce1d-6c4d-4648-9bc6-cc0adc0a2901,coughvid_data/9351ce1d-6c4d-4648-9bc6-cc0adc0a2901.wav,coughvid_data/9351ce1d-6c4d-4648-9bc6-cc0adc0a2901.wav,1.0
7127acf8-2b52-4826-a6e2-14d634e405c1,coughvid_data/7127acf8-2b52-4826-a6e2-14d634e405c1.wav,coughvid_data/7127acf8-2b52-4826-a6e2-14d634e405c1.wav,1.0
2927e5e2-c1e8-4374-b4c2-da0b76c2225e,coughvid_data/2927e5e2-c1e8-4374-b4c2-da0b76c2225e.wav,coughvid_data/2927e5e2-c1e8-4374-b4c2-da0b76c2225e.wav,0.0
5d20d8e5-b900-432b-9853-3c6f16606308,coughvid_data/5d20d8e5-b900-432b-9853-3c6f16606308.wav,coughvid_data/5d20d8e5-b900-432b-9853-3c6f16606308.wav,0.0
61ca0d5f-b27e-43fa-85d9-1fb58d2d1746,coughvid_data/61ca0d5f-b27e-43fa-85d9-1fb58d2d1746.wav,coughvid_data/61ca0d5f-b27e-43fa-85d9-1fb58d2d1746.wav,1.0
2eb28cb2-0d5a-42f5-a0ee-b224a6f709e0,coughvid_data/2eb28cb2-0d5a-42f5-a0ee-b224a6f709e0.wav,coughvid_data/2eb28cb2-0d5a-42f5-a0ee-b224a6f709e0.wav,0.0
4aec4b9f-96dd-4e38-be1a-9feda23f5fc2,coughvid_data/4aec4b9f-96dd-4e38-be1a-9feda23f5fc2.wav,coughvid_data/4aec4b9f-96dd-4e38-be1a-9feda23f5fc2.wav,1.0
ca4c72fb-627d-4cd4-9120-ce93f05dcb56,coughvid_data/ca4c72fb-627d-4cd4-9120-ce93f05dcb56.wav,coughvid_data/ca4c72fb-627d-4cd4-9120-ce93f05dcb56.wav,1.0
46909297-96c6-4bbf-8541-6e34a929bc5d,coughvid_data/46909297-96c6-4bbf-8541-6e34a929bc5d.wav,coughvid_data/46909297-96c6-4bbf-8541-6e34a929bc5d.wav,0.0
a4917568-fec9-4c44-bc9a-8e9707667b1d,coughvid_data/a4917568-fec9-4c44-bc9a-8e9707667b1d.wav,coughvid_data/a4917568-fec9-4c44-bc9a-8e9707667b1d.wav,0.0
4f1448d8-b97b-4123-afa7-f40c611ea76e,coughvid_data/4f1448d8-b97b-4123-afa7-f40c611ea76e.wav,coughvid_data/4f1448d8-b97b-4123-afa7-f40c611ea76e.wav,0.0
7dfe17c5-a067-4652-a282-33b98a498ebc,coughvid_data/7dfe17c5-a067-4652-a282-33b98a498ebc.wav,coughvid_data/7dfe17c5-a067-4652-a282-33b98a498ebc.wav,1.0
d8b923f9-8ca0-41c3-9ebf-7dcd8ab24e9c,coughvid_data/d8b923f9-8ca0-41c3-9ebf-7dcd8ab24e9c.wav,coughvid_data/d8b923f9-8ca0-41c3-9ebf-7dcd8ab24e9c.wav,1.0
a3aa5891-9168-4116-8528-8b779fc77c1b,coughvid_data/a3aa5891-9168-4116-8528-8b779fc77c1b.wav,coughvid_data/a3aa5891-9168-4116-8528-8b779fc77c1b.wav,1.0
271dc530-49dd-4f49-913d-28475b4a150b,coughvid_data/271dc530-49dd-4f49-913d-28475b4a150b.wav,coughvid_data/271dc530-49dd-4f49-913d-28475b4a150b.wav,1.0
20b15c2c-c3b9-468c-8778-3d51937a14b1,coughvid_data/20b15c2c-c3b9-468c-8778-3d51937a14b1.wav,coughvid_data/20b15c2c-c3b9-468c-8778-3d51937a14b1.wav,1.0
658ced2f-afb9-4b57-ae2b-91775d5bc483,coughvid_data/658ced2f-afb9-4b57-ae2b-91775d5bc483.wav,coughvid_data/658ced2f-afb9-4b57-ae2b-91775d5bc483.wav,0.0
60ab1646-c540-4179-ae54-ca83767edff1,coughvid_data/60ab1646-c540-4179-ae54-ca83767edff1.wav,coughvid_data/60ab1646-c540-4179-ae54-ca83767edff1.wav,1.0
7cabacce-2f7f-4830-a6b2-d74cf93d835c,coughvid_data/7cabacce-2f7f-4830-a6b2-d74cf93d835c.wav,coughvid_data/7cabacce-2f7f-4830-a6b2-d74cf93d835c.wav,0.0
776d0b4d-fa29-464b-a521-d98bfe386206,coughvid_data/776d0b4d-fa29-464b-a521-d98bfe386206.wav,coughvid_data/776d0b4d-fa29-464b-a521-d98bfe386206.wav,0.0
62604887-888f-4fb7-b6df-09933e34565a,coughvid_data/62604887-888f-4fb7-b6df-09933e34565a.wav,coughvid_data/62604887-888f-4fb7-b6df-09933e34565a.wav,0.0
f7efe4a5-9ce8-4890-ab27-0a61179f09d2,coughvid_data/f7efe4a5-9ce8-4890-ab27-0a61179f09d2.wav,coughvid_data/f7efe4a5-9ce8-4890-ab27-0a61179f09d2.wav,0.0
bbbe9c55-3b3b-41c3-ae74-8b4299307855,coughvid_data/bbbe9c55-3b3b-41c3-ae74-8b4299307855.wav,coughvid_data/bbbe9c55-3b3b-41c3-ae74-8b4299307855.wav,0.0
d669fb14-82c2-4981-9bb5-49df79a772c1,coughvid_data/d669fb14-82c2-4981-9bb5-49df79a772c1.wav,coughvid_data/d669fb14-82c2-4981-9bb5-49df79a772c1.wav,1.0
b854d481-6dc0-4b3a-b315-5819148b27fe,coughvid_data/b854d481-6dc0-4b3a-b315-5819148b27fe.wav,coughvid_data/b854d481-6dc0-4b3a-b315-5819148b27fe.wav,1.0
8f030f8a-6f0b-4e8d-8261-1652f3809daf,coughvid_data/8f030f8a-6f0b-4e8d-8261-1652f3809daf.wav,coughvid_data/8f030f8a-6f0b-4e8d-8261-1652f3809daf.wav,1.0
879cb4d0-308d-4537-8bdb-d3ec911faf66,coughvid_data/879cb4d0-308d-4537-8bdb-d3ec911faf66.wav,coughvid_data/879cb4d0-308d-4537-8bdb-d3ec911faf66.wav,1.0
f74e1c9f-5101-40bf-bae3-2971aa784344,coughvid_data/f74e1c9f-5101-40bf-bae3-2971aa784344.wav,coughvid_data/f74e1c9f-5101-40bf-bae3-2971aa784344.wav,0.0
c49451da-42b5-422a-be75-ffd3913786ab,coughvid_data/c49451da-42b5-422a-be75-ffd3913786ab.wav,coughvid_data/c49451da-42b5-422a-be75-ffd3913786ab.wav,1.0
f39de70f-ead0-44da-8729-053f1ad4e079,coughvid_data/f39de70f-ead0-44da-8729-053f1ad4e079.wav,coughvid_data/f39de70f-ead0-44da-8729-053f1ad4e079.wav,1.0
43cd766d-7418-425a-b1c8-de11f455550a,coughvid_data/43cd766d-7418-425a-b1c8-de11f455550a.wav,coughvid_data/43cd766d-7418-425a-b1c8-de11f455550a.wav,0.0
86c3925d-6f8b-49c5-bef7-c688f5fa2814,coughvid_data/86c3925d-6f8b-49c5-bef7-c688f5fa2814.wav,coughvid_data/86c3925d-6f8b-49c5-bef7-c688f5fa2814.wav,0.0
e425b050-9007-4aa1-8535-d0190917fb45,coughvid_data/e425b050-9007-4aa1-8535-d0190917fb45.wav,coughvid_data/e425b050-9007-4aa1-8535-d0190917fb45.wav,1.0
5a63e085-067c-44b1-8412-107fc754809f,coughvid_data/5a63e085-067c-44b1-8412-107fc754809f.wav,coughvid_data/5a63e085-067c-44b1-8412-107fc754809f.wav,1.0
0ff62067-03d5-4de1-8e1e-9fbc54f92e91,coughvid_data/0ff62067-03d5-4de1-8e1e-9fbc54f92e91.wav,coughvid_data/0ff62067-03d5-4de1-8e1e-9fbc54f92e91.wav,0.0
2d52ec1f-2dca-44ed-98cc-0f0d4a50a8f5,coughvid_data/2d52ec1f-2dca-44ed-98cc-0f0d4a50a8f5.wav,coughvid_data/2d52ec1f-2dca-44ed-98cc-0f0d4a50a8f5.wav,1.0
ba6f2991-7488-4939-a72c-0f33a429b5c3,coughvid_data/ba6f2991-7488-4939-a72c-0f33a429b5c3.wav,coughvid_data/ba6f2991-7488-4939-a72c-0f33a429b5c3.wav,0.0
e8bdb5c3-9793-4adc-b19b-40cb839a3184,coughvid_data/e8bdb5c3-9793-4adc-b19b-40cb839a3184.wav,coughvid_data/e8bdb5c3-9793-4adc-b19b-40cb839a3184.wav,0.0
28f8a7af-f29b-453c-ac93-f320bda5b173,coughvid_data/28f8a7af-f29b-453c-ac93-f320bda5b173.wav,coughvid_data/28f8a7af-f29b-453c-ac93-f320bda5b173.wav,1.0
5763e96e-1139-4254-87ee-dd84f51cf937,coughvid_data/5763e96e-1139-4254-87ee-dd84f51cf937.wav,coughvid_data/5763e96e-1139-4254-87ee-dd84f51cf937.wav,0.0
e9708094-2ece-478f-9dc4-ab951c42034b,coughvid_data/e9708094-2ece-478f-9dc4-ab951c42034b.wav,coughvid_data/e9708094-2ece-478f-9dc4-ab951c42034b.wav,1.0
436d5dc8-f9f6-498f-a93d-9c724b3aa210,coughvid_data/436d5dc8-f9f6-498f-a93d-9c724b3aa210.wav,coughvid_data/436d5dc8-f9f6-498f-a93d-9c724b3aa210.wav,0.0
aacd14d7-248e-436d-beb4-c4f7a83e4171,coughvid_data/aacd14d7-248e-436d-beb4-c4f7a83e4171.wav,coughvid_data/aacd14d7-248e-436d-beb4-c4f7a83e4171.wav,1.0
a0f11dec-e546-4869-a284-cffeeb231c6e,coughvid_data/a0f11dec-e546-4869-a284-cffeeb231c6e.wav,coughvid_data/a0f11dec-e546-4869-a284-cffeeb231c6e.wav,1.0
37223e29-497c-4015-8376-ef66f2f70bc2,coughvid_data/37223e29-497c-4015-8376-ef66f2f70bc2.wav,coughvid_data/37223e29-497c-4015-8376-ef66f2f70bc2.wav,0.0
e9061286-0dc1-4261-9260-dddc503ff74a,coughvid_data/e9061286-0dc1-4261-9260-dddc503ff74a.wav,coughvid_data/e9061286-0dc1-4261-9260-dddc503ff74a.wav,0.0
68891c9c-b2ec-4961-9c0a-e9198e475b55,coughvid_data/68891c9c-b2ec-4961-9c0a-e9198e475b55.wav,coughvid_data/68891c9c-b2ec-4961-9c0a-e9198e475b55.wav,0.0
e31d5558-e564-4dbe-bdb4-42b664360806,coughvid_data/e31d5558-e564-4dbe-bdb4-42b664360806.wav,coughvid_data/e31d5558-e564-4dbe-bdb4-42b664360806.wav,0.0
0ae62992-f30b-4345-ae3a-b025b787244f,coughvid_data/0ae62992-f30b-4345-ae3a-b025b787244f.wav,coughvid_data/0ae62992-f30b-4345-ae3a-b025b787244f.wav,0.0
f5e6b92a-788e-4d3b-bff4-9a5be79ef1e8,coughvid_data/f5e6b92a-788e-4d3b-bff4-9a5be79ef1e8.wav,coughvid_data/f5e6b92a-788e-4d3b-bff4-9a5be79ef1e8.wav,1.0
e5a76815-0dda-4470-9e15-d381a686213c,coughvid_data/e5a76815-0dda-4470-9e15-d381a686213c.wav,coughvid_data/e5a76815-0dda-4470-9e15-d381a686213c.wav,1.0
507bb6c3-b770-4837-a6ea-6b5a069fce1a,coughvid_data/507bb6c3-b770-4837-a6ea-6b5a069fce1a.wav,coughvid_data/507bb6c3-b770-4837-a6ea-6b5a069fce1a.wav,0.0
824a8cf9-1199-48bf-aad5-65539d6d2011,coughvid_data/824a8cf9-1199-48bf-aad5-65539d6d2011.wav,coughvid_data/824a8cf9-1199-48bf-aad5-65539d6d2011.wav,1.0
1ffb7a6f-e560-4059-841e-cb81bf4c4dc1,coughvid_data/1ffb7a6f-e560-4059-841e-cb81bf4c4dc1.wav,coughvid_data/1ffb7a6f-e560-4059-841e-cb81bf4c4dc1.wav,1.0
3e1be8df-6634-44ef-b0a1-a4ab499f2959,coughvid_data/3e1be8df-6634-44ef-b0a1-a4ab499f2959.wav,coughvid_data/3e1be8df-6634-44ef-b0a1-a4ab499f2959.wav,1.0
4665a0ae-2246-4594-b3d9-642d9aae8677,coughvid_data/4665a0ae-2246-4594-b3d9-642d9aae8677.wav,coughvid_data/4665a0ae-2246-4594-b3d9-642d9aae8677.wav,0.0
a2819864-d1fd-468f-ac9c-0b6b61f2e52d,coughvid_data/a2819864-d1fd-468f-ac9c-0b6b61f2e52d.wav,coughvid_data/a2819864-d1fd-468f-ac9c-0b6b61f2e52d.wav,1.0
db1408d4-4cba-4a28-8d88-5cdd52bdba90,coughvid_data/db1408d4-4cba-4a28-8d88-5cdd52bdba90.wav,coughvid_data/db1408d4-4cba-4a28-8d88-5cdd52bdba90.wav,1.0
4b03ff25-ce0b-47bc-b73f-d4d302a896a8,coughvid_data/4b03ff25-ce0b-47bc-b73f-d4d302a896a8.wav,coughvid_data/4b03ff25-ce0b-47bc-b73f-d4d302a896a8.wav,1.0
c8b1339d-f2e2-4910-b622-e68f79466006,coughvid_data/c8b1339d-f2e2-4910-b622-e68f79466006.wav,coughvid_data/c8b1339d-f2e2-4910-b622-e68f79466006.wav,0.0
f202b241-9578-47f3-8210-5c524f7d3c2c,coughvid_data/f202b241-9578-47f3-8210-5c524f7d3c2c.wav,coughvid_data/f202b241-9578-47f3-8210-5c524f7d3c2c.wav,1.0
18c48ed1-474e-4e1f-b6f4-2e49cbdc2b15,coughvid_data/18c48ed1-474e-4e1f-b6f4-2e49cbdc2b15.wav,coughvid_data/18c48ed1-474e-4e1f-b6f4-2e49cbdc2b15.wav,1.0
561f8439-aeeb-4f4f-93b3-0f831845354f,coughvid_data/561f8439-aeeb-4f4f-93b3-0f831845354f.wav,coughvid_data/561f8439-aeeb-4f4f-93b3-0f831845354f.wav,0.0
b240f6db-5b51-42ee-aed7-1d5075acf1e2,coughvid_data/b240f6db-5b51-42ee-aed7-1d5075acf1e2.wav,coughvid_data/b240f6db-5b51-42ee-aed7-1d5075acf1e2.wav,0.0
b47e7bbc-80b0-4435-b68c-3fb19d95e514,coughvid_data/b47e7bbc-80b0-4435-b68c-3fb19d95e514.wav,coughvid_data/b47e7bbc-80b0-4435-b68c-3fb19d95e514.wav,0.0
817f9feb-ee6c-40f1-a155-f4e60dd21af0,coughvid_data/817f9feb-ee6c-40f1-a155-f4e60dd21af0.wav,coughvid_data/817f9feb-ee6c-40f1-a155-f4e60dd21af0.wav,1.0
9b93c103-bdb7-40e0-bb92-88cae4d2f4a6,coughvid_data/9b93c103-bdb7-40e0-bb92-88cae4d2f4a6.wav,coughvid_data/9b93c103-bdb7-40e0-bb92-88cae4d2f4a6.wav,0.0
5f792a55-40c5-4f35-95b1-0ae87a357d06,coughvid_data/5f792a55-40c5-4f35-95b1-0ae87a357d06.wav,coughvid_data/5f792a55-40c5-4f35-95b1-0ae87a357d06.wav,0.0
baa0fb04-1bee-4763-822b-0c311257bd50,coughvid_data/baa0fb04-1bee-4763-822b-0c311257bd50.wav,coughvid_data/baa0fb04-1bee-4763-822b-0c311257bd50.wav,1.0
e5542ee4-4936-41d0-ab3c-7a38a9b48503,coughvid_data/e5542ee4-4936-41d0-ab3c-7a38a9b48503.wav,coughvid_data/e5542ee4-4936-41d0-ab3c-7a38a9b48503.wav,0.0
fc11e506-982b-48c1-bcd3-284a00057a6b,coughvid_data/fc11e506-982b-48c1-bcd3-284a00057a6b.wav,coughvid_data/fc11e506-982b-48c1-bcd3-284a00057a6b.wav,1.0
6f94520f-7359-4a3b-84a5-1cf7f0e22f79,coughvid_data/6f94520f-7359-4a3b-84a5-1cf7f0e22f79.wav,coughvid_data/6f94520f-7359-4a3b-84a5-1cf7f0e22f79.wav,0.0
5770b09e-8947-4764-bc9d-b8ef498c7be2,coughvid_data/5770b09e-8947-4764-bc9d-b8ef498c7be2.wav,coughvid_data/5770b09e-8947-4764-bc9d-b8ef498c7be2.wav,0.0
92941e59-f142-4bd2-9639-b054656a5a52,coughvid_data/92941e59-f142-4bd2-9639-b054656a5a52.wav,coughvid_data/92941e59-f142-4bd2-9639-b054656a5a52.wav,1.0
8608e78c-7960-4684-9250-cac85fc16b09,coughvid_data/8608e78c-7960-4684-9250-cac85fc16b09.wav,coughvid_data/8608e78c-7960-4684-9250-cac85fc16b09.wav,1.0
e2ade96c-1330-4e5b-b7e9-3f3770fa17b5,coughvid_data/e2ade96c-1330-4e5b-b7e9-3f3770fa17b5.wav,coughvid_data/e2ade96c-1330-4e5b-b7e9-3f3770fa17b5.wav,1.0
9847b91f-6368-47af-8dbc-9ba177978890,coughvid_data/9847b91f-6368-47af-8dbc-9ba177978890.wav,coughvid_data/9847b91f-6368-47af-8dbc-9ba177978890.wav,1.0
b768c79d-32bc-423a-b592-da360cb02ed2,coughvid_data/b768c79d-32bc-423a-b592-da360cb02ed2.wav,coughvid_data/b768c79d-32bc-423a-b592-da360cb02ed2.wav,1.0
d6c99feb-cf4b-473d-8315-69aa262d7afa,coughvid_data/d6c99feb-cf4b-473d-8315-69aa262d7afa.wav,coughvid_data/d6c99feb-cf4b-473d-8315-69aa262d7afa.wav,0.0
f7bffd10-8ae0-4736-b4f1-fb1005276af4,coughvid_data/f7bffd10-8ae0-4736-b4f1-fb1005276af4.wav,coughvid_data/f7bffd10-8ae0-4736-b4f1-fb1005276af4.wav,0.0
14e46d23-19a5-4b5b-9c1e-e9711b1eafc7,coughvid_data/14e46d23-19a5-4b5b-9c1e-e9711b1eafc7.wav,coughvid_data/14e46d23-19a5-4b5b-9c1e-e9711b1eafc7.wav,1.0
894124f0-1d47-4551-98d5-fa25368357a0,coughvid_data/894124f0-1d47-4551-98d5-fa25368357a0.wav,coughvid_data/894124f0-1d47-4551-98d5-fa25368357a0.wav,1.0
f780d9d3-f68d-49c1-914f-c28cc0784759,coughvid_data/f780d9d3-f68d-49c1-914f-c28cc0784759.wav,coughvid_data/f780d9d3-f68d-49c1-914f-c28cc0784759.wav,1.0
3a325d6e-929d-48f4-b640-36e08fa37cf4,coughvid_data/3a325d6e-929d-48f4-b640-36e08fa37cf4.wav,coughvid_data/3a325d6e-929d-48f4-b640-36e08fa37cf4.wav,1.0
84d5bd64-2ab7-43cc-a5f1-ff2a3f4309e2,coughvid_data/84d5bd64-2ab7-43cc-a5f1-ff2a3f4309e2.wav,coughvid_data/84d5bd64-2ab7-43cc-a5f1-ff2a3f4309e2.wav,1.0
9d6089e5-711b-4baf-bbec-5b503112e51f,coughvid_data/9d6089e5-711b-4baf-bbec-5b503112e51f.wav,coughvid_data/9d6089e5-711b-4baf-bbec-5b503112e51f.wav,0.0
a40e44de-9d56-40f1-9e7e-eae955f7f844,coughvid_data/a40e44de-9d56-40f1-9e7e-eae955f7f844.wav,coughvid_data/a40e44de-9d56-40f1-9e7e-eae955f7f844.wav,0.0
3890744b-0419-4fcb-b8db-519d10a88568,coughvid_data/3890744b-0419-4fcb-b8db-519d10a88568.wav,coughvid_data/3890744b-0419-4fcb-b8db-519d10a88568.wav,1.0
23f4d19f-fe8c-48af-8176-7cc32b77c697,coughvid_data/23f4d19f-fe8c-48af-8176-7cc32b77c697.wav,coughvid_data/23f4d19f-fe8c-48af-8176-7cc32b77c697.wav,0.0
f8145aeb-104a-4387-9a68-1330d8d46d01,coughvid_data/f8145aeb-104a-4387-9a68-1330d8d46d01.wav,coughvid_data/f8145aeb-104a-4387-9a68-1330d8d46d01.wav,0.0
de28254d-7341-4fc2-8b82-c2db57a7f1d4,coughvid_data/de28254d-7341-4fc2-8b82-c2db57a7f1d4.wav,coughvid_data/de28254d-7341-4fc2-8b82-c2db57a7f1d4.wav,1.0
6bc6080d-09ff-441d-b30f-5082ca024da9,coughvid_data/6bc6080d-09ff-441d-b30f-5082ca024da9.wav,coughvid_data/6bc6080d-09ff-441d-b30f-5082ca024da9.wav,1.0
939cda79-54da-4b9d-ad2f-b254540e5f0d,coughvid_data/939cda79-54da-4b9d-ad2f-b254540e5f0d.wav,coughvid_data/939cda79-54da-4b9d-ad2f-b254540e5f0d.wav,0.0
5db59678-3fb6-45e0-87f9-c2b80feb1c93,coughvid_data/5db59678-3fb6-45e0-87f9-c2b80feb1c93.wav,coughvid_data/5db59678-3fb6-45e0-87f9-c2b80feb1c93.wav,1.0
e1fd3bf8-4fb2-4bff-b470-764b564221ae,coughvid_data/e1fd3bf8-4fb2-4bff-b470-764b564221ae.wav,coughvid_data/e1fd3bf8-4fb2-4bff-b470-764b564221ae.wav,0.0
21d236c9-11f4-4696-8344-c0df4ae1d048,coughvid_data/21d236c9-11f4-4696-8344-c0df4ae1d048.wav,coughvid_data/21d236c9-11f4-4696-8344-c0df4ae1d048.wav,1.0
dfaee103-e52f-4bb2-a53c-d1558d77e81b,coughvid_data/dfaee103-e52f-4bb2-a53c-d1558d77e81b.wav,coughvid_data/dfaee103-e52f-4bb2-a53c-d1558d77e81b.wav,1.0
3cca054f-0f92-4af0-b7b9-e8adfe5ba720,coughvid_data/3cca054f-0f92-4af0-b7b9-e8adfe5ba720.wav,coughvid_data/3cca054f-0f92-4af0-b7b9-e8adfe5ba720.wav,1.0
c92c0c58-74cc-499d-9bef-95b7bc898f60,coughvid_data/c92c0c58-74cc-499d-9bef-95b7bc898f60.wav,coughvid_data/c92c0c58-74cc-499d-9bef-95b7bc898f60.wav,0.0
f3ad3b65-9cec-4cc5-847f-07430a264f9d,coughvid_data/f3ad3b65-9cec-4cc5-847f-07430a264f9d.wav,coughvid_data/f3ad3b65-9cec-4cc5-847f-07430a264f9d.wav,0.0
41a9aa47-9814-4a0f-a0a3-f3d919bb893d,coughvid_data/41a9aa47-9814-4a0f-a0a3-f3d919bb893d.wav,coughvid_data/41a9aa47-9814-4a0f-a0a3-f3d919bb893d.wav,0.0
7e4ca934-62a0-4ac5-844e-16d5b8d3ab43,coughvid_data/7e4ca934-62a0-4ac5-844e-16d5b8d3ab43.wav,coughvid_data/7e4ca934-62a0-4ac5-844e-16d5b8d3ab43.wav,1.0
f344bfb0-8ab6-48e5-a907-b8a88b1e5c63,coughvid_data/f344bfb0-8ab6-48e5-a907-b8a88b1e5c63.wav,coughvid_data/f344bfb0-8ab6-48e5-a907-b8a88b1e5c63.wav,0.0
11e63e8b-1751-4cc8-8b6c-7e6bd098b61a,coughvid_data/11e63e8b-1751-4cc8-8b6c-7e6bd098b61a.wav,coughvid_data/11e63e8b-1751-4cc8-8b6c-7e6bd098b61a.wav,1.0
f3805749-194f-4f72-923b-5d5c22bace9d,coughvid_data/f3805749-194f-4f72-923b-5d5c22bace9d.wav,coughvid_data/f3805749-194f-4f72-923b-5d5c22bace9d.wav,0.0
8abfa0b2-a17d-419c-84df-4e58f19d934b,coughvid_data/8abfa0b2-a17d-419c-84df-4e58f19d934b.wav,coughvid_data/8abfa0b2-a17d-419c-84df-4e58f19d934b.wav,0.0
9736398b-2034-43a8-88e1-affa632772c9,coughvid_data/9736398b-2034-43a8-88e1-affa632772c9.wav,coughvid_data/9736398b-2034-43a8-88e1-affa632772c9.wav,1.0
67d5f122-87cc-4efa-9e68-247106a9b025,coughvid_data/67d5f122-87cc-4efa-9e68-247106a9b025.wav,coughvid_data/67d5f122-87cc-4efa-9e68-247106a9b025.wav,0.0
1cecb911-2b22-4c00-adb5-0b37341502e7,coughvid_data/1cecb911-2b22-4c00-adb5-0b37341502e7.wav,coughvid_data/1cecb911-2b22-4c00-adb5-0b37341502e7.wav,0.0
94cefab8-6d46-41c3-908e-59553106ad03,coughvid_data/94cefab8-6d46-41c3-908e-59553106ad03.wav,coughvid_data/94cefab8-6d46-41c3-908e-59553106ad03.wav,0.0
1683a98e-9b61-44e3-a2ad-d27949707563,coughvid_data/1683a98e-9b61-44e3-a2ad-d27949707563.wav,coughvid_data/1683a98e-9b61-44e3-a2ad-d27949707563.wav,1.0
8ae2ee6c-68e1-4af2-bce9-99f9ed298be0,coughvid_data/8ae2ee6c-68e1-4af2-bce9-99f9ed298be0.wav,coughvid_data/8ae2ee6c-68e1-4af2-bce9-99f9ed298be0.wav,1.0
568e74eb-a461-480d-a271-6012c9bbbea5,coughvid_data/568e74eb-a461-480d-a271-6012c9bbbea5.wav,coughvid_data/568e74eb-a461-480d-a271-6012c9bbbea5.wav,0.0
5865a255-fd17-48ca-8cf6-25b1df367b16,coughvid_data/5865a255-fd17-48ca-8cf6-25b1df367b16.wav,coughvid_data/5865a255-fd17-48ca-8cf6-25b1df367b16.wav,0.0
984cb71c-3e07-49a3-ae36-3e79933a2f40,coughvid_data/984cb71c-3e07-49a3-ae36-3e79933a2f40.wav,coughvid_data/984cb71c-3e07-49a3-ae36-3e79933a2f40.wav,1.0
843d0960-d8dc-47f9-8c4c-a9ba72a8c830,coughvid_data/843d0960-d8dc-47f9-8c4c-a9ba72a8c830.wav,coughvid_data/843d0960-d8dc-47f9-8c4c-a9ba72a8c830.wav,0.0
09e6e4e5-407f-41dc-a6d8-455cf2a91fc1,coughvid_data/09e6e4e5-407f-41dc-a6d8-455cf2a91fc1.wav,coughvid_data/09e6e4e5-407f-41dc-a6d8-455cf2a91fc1.wav,0.0
50f589e4-9b00-4e5d-a7bf-997e952ca154,coughvid_data/50f589e4-9b00-4e5d-a7bf-997e952ca154.wav,coughvid_data/50f589e4-9b00-4e5d-a7bf-997e952ca154.wav,1.0
42943f8d-9709-478c-9b7b-28c91f2a7fce,coughvid_data/42943f8d-9709-478c-9b7b-28c91f2a7fce.wav,coughvid_data/42943f8d-9709-478c-9b7b-28c91f2a7fce.wav,0.0
b11f579f-5ee1-4684-9690-ea5398549104,coughvid_data/b11f579f-5ee1-4684-9690-ea5398549104.wav,coughvid_data/b11f579f-5ee1-4684-9690-ea5398549104.wav,1.0
1cff1584-6726-4ddf-ac2a-4bd9e3ad8839,coughvid_data/1cff1584-6726-4ddf-ac2a-4bd9e3ad8839.wav,coughvid_data/1cff1584-6726-4ddf-ac2a-4bd9e3ad8839.wav,1.0
e44ade11-4d4b-437b-97d0-b4ea5a51ef1b,coughvid_data/e44ade11-4d4b-437b-97d0-b4ea5a51ef1b.wav,coughvid_data/e44ade11-4d4b-437b-97d0-b4ea5a51ef1b.wav,1.0
5344a56f-7e5f-4682-89ce-0d06b9b2d13d,coughvid_data/5344a56f-7e5f-4682-89ce-0d06b9b2d13d.wav,coughvid_data/5344a56f-7e5f-4682-89ce-0d06b9b2d13d.wav,1.0
b5e36c09-8fe5-42aa-92ca-9f35e60eb9bf,coughvid_data/b5e36c09-8fe5-42aa-92ca-9f35e60eb9bf.wav,coughvid_data/b5e36c09-8fe5-42aa-92ca-9f35e60eb9bf.wav,0.0
73e00e8d-95a9-4c96-828f-3eb4c0f58ed0,coughvid_data/73e00e8d-95a9-4c96-828f-3eb4c0f58ed0.wav,coughvid_data/73e00e8d-95a9-4c96-828f-3eb4c0f58ed0.wav,1.0
238fb49c-cd52-4173-8b52-5aae317015aa,coughvid_data/238fb49c-cd52-4173-8b52-5aae317015aa.wav,coughvid_data/238fb49c-cd52-4173-8b52-5aae317015aa.wav,0.0
35080944-e419-42c7-9a8d-35adbb8396a5,coughvid_data/35080944-e419-42c7-9a8d-35adbb8396a5.wav,coughvid_data/35080944-e419-42c7-9a8d-35adbb8396a5.wav,1.0
a74b902b-c5da-49d6-bc10-e90e509eff7d,coughvid_data/a74b902b-c5da-49d6-bc10-e90e509eff7d.wav,coughvid_data/a74b902b-c5da-49d6-bc10-e90e509eff7d.wav,0.0
49018de8-b4b4-4b90-bce1-b174b4ea51e6,coughvid_data/49018de8-b4b4-4b90-bce1-b174b4ea51e6.wav,coughvid_data/49018de8-b4b4-4b90-bce1-b174b4ea51e6.wav,1.0
835f7cc4-dca4-4e8e-a292-87445f8292dc,coughvid_data/835f7cc4-dca4-4e8e-a292-87445f8292dc.wav,coughvid_data/835f7cc4-dca4-4e8e-a292-87445f8292dc.wav,1.0
e609308a-eeed-497e-93b1-e2faae3ddcc3,coughvid_data/e609308a-eeed-497e-93b1-e2faae3ddcc3.wav,coughvid_data/e609308a-eeed-497e-93b1-e2faae3ddcc3.wav,0.0
366c2bfd-b91a-4d09-be09-c2fef99091eb,coughvid_data/366c2bfd-b91a-4d09-be09-c2fef99091eb.wav,coughvid_data/366c2bfd-b91a-4d09-be09-c2fef99091eb.wav,1.0
14c7b709-ac4d-4aee-bdbc-ac51c11a497e,coughvid_data/14c7b709-ac4d-4aee-bdbc-ac51c11a497e.wav,coughvid_data/14c7b709-ac4d-4aee-bdbc-ac51c11a497e.wav,1.0
cebf9463-daf4-4397-8648-52ede7cb9bd1,coughvid_data/cebf9463-daf4-4397-8648-52ede7cb9bd1.wav,coughvid_data/cebf9463-daf4-4397-8648-52ede7cb9bd1.wav,0.0
3061e1b9-5ab0-4f09-9f44-e420360c096b,coughvid_data/3061e1b9-5ab0-4f09-9f44-e420360c096b.wav,coughvid_data/3061e1b9-5ab0-4f09-9f44-e420360c096b.wav,1.0
1eaa0c03-2ea8-4e2d-bb2a-91bb00c6e8cb,coughvid_data/1eaa0c03-2ea8-4e2d-bb2a-91bb00c6e8cb.wav,coughvid_data/1eaa0c03-2ea8-4e2d-bb2a-91bb00c6e8cb.wav,1.0
e7258c02-8d97-459a-bc47-2431f3536704,coughvid_data/e7258c02-8d97-459a-bc47-2431f3536704.wav,coughvid_data/e7258c02-8d97-459a-bc47-2431f3536704.wav,0.0
224002aa-a7aa-45c6-9112-ae59db595510,coughvid_data/224002aa-a7aa-45c6-9112-ae59db595510.wav,coughvid_data/224002aa-a7aa-45c6-9112-ae59db595510.wav,0.0
2e005827-38ab-4fe0-bf3e-1b2244dd0a88,coughvid_data/2e005827-38ab-4fe0-bf3e-1b2244dd0a88.wav,coughvid_data/2e005827-38ab-4fe0-bf3e-1b2244dd0a88.wav,1.0
ca32dbb3-fd23-4c67-a3f0-7247e3b041e6,coughvid_data/ca32dbb3-fd23-4c67-a3f0-7247e3b041e6.wav,coughvid_data/ca32dbb3-fd23-4c67-a3f0-7247e3b041e6.wav,1.0
d51abbbc-dfdf-489b-8ba0-d7b7fb678b70,coughvid_data/d51abbbc-dfdf-489b-8ba0-d7b7fb678b70.wav,coughvid_data/d51abbbc-dfdf-489b-8ba0-d7b7fb678b70.wav,1.0
0eb3f28f-7325-49e7-9054-6a59d7825fc0,coughvid_data/0eb3f28f-7325-49e7-9054-6a59d7825fc0.wav,coughvid_data/0eb3f28f-7325-49e7-9054-6a59d7825fc0.wav,0.0
3163d6ed-c979-4a83-b1ba-c989046e1970,coughvid_data/3163d6ed-c979-4a83-b1ba-c989046e1970.wav,coughvid_data/3163d6ed-c979-4a83-b1ba-c989046e1970.wav,1.0
ccbfe43c-0330-44b3-98a9-5245ee4ec74e,coughvid_data/ccbfe43c-0330-44b3-98a9-5245ee4ec74e.wav,coughvid_data/ccbfe43c-0330-44b3-98a9-5245ee4ec74e.wav,1.0
87336b2e-993f-4b15-8081-359123d72729,coughvid_data/87336b2e-993f-4b15-8081-359123d72729.wav,coughvid_data/87336b2e-993f-4b15-8081-359123d72729.wav,1.0
b32e16a7-f2d0-4903-97bc-9e3c431cc965,coughvid_data/b32e16a7-f2d0-4903-97bc-9e3c431cc965.wav,coughvid_data/b32e16a7-f2d0-4903-97bc-9e3c431cc965.wav,0.0
acef2ced-4dd1-43d2-a212-fca04d1181f5,coughvid_data/acef2ced-4dd1-43d2-a212-fca04d1181f5.wav,coughvid_data/acef2ced-4dd1-43d2-a212-fca04d1181f5.wav,0.0
79216470-d700-45e2-b7ef-2cb957c71124,coughvid_data/79216470-d700-45e2-b7ef-2cb957c71124.wav,coughvid_data/79216470-d700-45e2-b7ef-2cb957c71124.wav,1.0
24fb10ee-a2a9-4cb0-9f87-45491f116c3b,coughvid_data/24fb10ee-a2a9-4cb0-9f87-45491f116c3b.wav,coughvid_data/24fb10ee-a2a9-4cb0-9f87-45491f116c3b.wav,1.0
dc104a77-0728-4a49-a33d-aff22c87e332,coughvid_data/dc104a77-0728-4a49-a33d-aff22c87e332.wav,coughvid_data/dc104a77-0728-4a49-a33d-aff22c87e332.wav,1.0
29cb007d-fb89-4ea8-bf39-2f2726715005,coughvid_data/29cb007d-fb89-4ea8-bf39-2f2726715005.wav,coughvid_data/29cb007d-fb89-4ea8-bf39-2f2726715005.wav,0.0
7b6852e3-2083-4e4c-9e01-fa4c5524bc58,coughvid_data/7b6852e3-2083-4e4c-9e01-fa4c5524bc58.wav,coughvid_data/7b6852e3-2083-4e4c-9e01-fa4c5524bc58.wav,1.0
1700e65c-86f9-43cd-9693-9ae813882a2a,coughvid_data/1700e65c-86f9-43cd-9693-9ae813882a2a.wav,coughvid_data/1700e65c-86f9-43cd-9693-9ae813882a2a.wav,1.0
f8e30550-d8b1-478f-a32d-b9f587b98d6f,coughvid_data/f8e30550-d8b1-478f-a32d-b9f587b98d6f.wav,coughvid_data/f8e30550-d8b1-478f-a32d-b9f587b98d6f.wav,0.0
b1fbaf77-ff0a-4788-ba4a-217eb7058e82,coughvid_data/b1fbaf77-ff0a-4788-ba4a-217eb7058e82.wav,coughvid_data/b1fbaf77-ff0a-4788-ba4a-217eb7058e82.wav,1.0
1d27bd42-cc1e-4d21-b28a-8964a6068657,coughvid_data/1d27bd42-cc1e-4d21-b28a-8964a6068657.wav,coughvid_data/1d27bd42-cc1e-4d21-b28a-8964a6068657.wav,0.0
fb6cebad-2a44-421a-a134-8b5a9d3b31af,coughvid_data/fb6cebad-2a44-421a-a134-8b5a9d3b31af.wav,coughvid_data/fb6cebad-2a44-421a-a134-8b5a9d3b31af.wav,1.0
460fcfc5-8f88-4226-8d1b-dc742356ee6f,coughvid_data/460fcfc5-8f88-4226-8d1b-dc742356ee6f.wav,coughvid_data/460fcfc5-8f88-4226-8d1b-dc742356ee6f.wav,0.0
a6077682-755f-45b4-a6d6-c2e9024293eb,coughvid_data/a6077682-755f-45b4-a6d6-c2e9024293eb.wav,coughvid_data/a6077682-755f-45b4-a6d6-c2e9024293eb.wav,1.0
5cc82a8e-6b33-4cfd-8877-11c3c7ef4e39,coughvid_data/5cc82a8e-6b33-4cfd-8877-11c3c7ef4e39.wav,coughvid_data/5cc82a8e-6b33-4cfd-8877-11c3c7ef4e39.wav,1.0
ee0506c6-783a-440a-9fa0-5d9c80ceba93,coughvid_data/ee0506c6-783a-440a-9fa0-5d9c80ceba93.wav,coughvid_data/ee0506c6-783a-440a-9fa0-5d9c80ceba93.wav,1.0
b4749a11-3f96-4f9b-9189-1904b36e4095,coughvid_data/b4749a11-3f96-4f9b-9189-1904b36e4095.wav,coughvid_data/b4749a11-3f96-4f9b-9189-1904b36e4095.wav,0.0
12e5943b-6d1a-4e83-90ca-0892b4ba4246,coughvid_data/12e5943b-6d1a-4e83-90ca-0892b4ba4246.wav,coughvid_data/12e5943b-6d1a-4e83-90ca-0892b4ba4246.wav,1.0
29ffaff4-edb7-4676-ba19-c9f7e76086b1,coughvid_data/29ffaff4-edb7-4676-ba19-c9f7e76086b1.wav,coughvid_data/29ffaff4-edb7-4676-ba19-c9f7e76086b1.wav,0.0
51958e45-8a8f-4dc1-8de0-7ca735c28488,coughvid_data/51958e45-8a8f-4dc1-8de0-7ca735c28488.wav,coughvid_data/51958e45-8a8f-4dc1-8de0-7ca735c28488.wav,1.0
1645f68f-f295-49e8-a580-319056bada9d,coughvid_data/1645f68f-f295-49e8-a580-319056bada9d.wav,coughvid_data/1645f68f-f295-49e8-a580-319056bada9d.wav,1.0
eafafff1-5001-48b7-bdc0-8eba008d0ec5,coughvid_data/eafafff1-5001-48b7-bdc0-8eba008d0ec5.wav,coughvid_data/eafafff1-5001-48b7-bdc0-8eba008d0ec5.wav,0.0
f80c4820-e950-4c3d-b7f8-78133a20e08c,coughvid_data/f80c4820-e950-4c3d-b7f8-78133a20e08c.wav,coughvid_data/f80c4820-e950-4c3d-b7f8-78133a20e08c.wav,0.0
fbff6f95-b67a-4dbb-9777-c46091934b13,coughvid_data/fbff6f95-b67a-4dbb-9777-c46091934b13.wav,coughvid_data/fbff6f95-b67a-4dbb-9777-c46091934b13.wav,1.0
b5a3b275-3ca6-4eac-beba-311d612086a6,coughvid_data/b5a3b275-3ca6-4eac-beba-311d612086a6.wav,coughvid_data/b5a3b275-3ca6-4eac-beba-311d612086a6.wav,1.0
3b166f6b-3075-4a52-9d52-ee7738bf5b0d,coughvid_data/3b166f6b-3075-4a52-9d52-ee7738bf5b0d.wav,coughvid_data/3b166f6b-3075-4a52-9d52-ee7738bf5b0d.wav,0.0
cd5dc9ee-0ebf-48a5-b279-54d866922c04,coughvid_data/cd5dc9ee-0ebf-48a5-b279-54d866922c04.wav,coughvid_data/cd5dc9ee-0ebf-48a5-b279-54d866922c04.wav,0.0
d3da9b9f-f283-4f6c-9fe0-00741867ffaa,coughvid_data/d3da9b9f-f283-4f6c-9fe0-00741867ffaa.wav,coughvid_data/d3da9b9f-f283-4f6c-9fe0-00741867ffaa.wav,0.0
5e16fed6-c8a4-4163-af90-38a952971271,coughvid_data/5e16fed6-c8a4-4163-af90-38a952971271.wav,coughvid_data/5e16fed6-c8a4-4163-af90-38a952971271.wav,1.0
d34ff028-dec4-4c24-883d-886280a74007,coughvid_data/d34ff028-dec4-4c24-883d-886280a74007.wav,coughvid_data/d34ff028-dec4-4c24-883d-886280a74007.wav,1.0
85a51a38-a97f-4d4f-8fec-53b4c0dce131,coughvid_data/85a51a38-a97f-4d4f-8fec-53b4c0dce131.wav,coughvid_data/85a51a38-a97f-4d4f-8fec-53b4c0dce131.wav,0.0
cac8345f-e2bb-4d6a-a007-7e7c0908967d,coughvid_data/cac8345f-e2bb-4d6a-a007-7e7c0908967d.wav,coughvid_data/cac8345f-e2bb-4d6a-a007-7e7c0908967d.wav,0.0
cb6156a2-e9e0-4543-8cd8-8ab2d6a97bab,coughvid_data/cb6156a2-e9e0-4543-8cd8-8ab2d6a97bab.wav,coughvid_data/cb6156a2-e9e0-4543-8cd8-8ab2d6a97bab.wav,1.0
0f814edf-8f66-4587-ab2d-656f8b1f6ec3,coughvid_data/0f814edf-8f66-4587-ab2d-656f8b1f6ec3.wav,coughvid_data/0f814edf-8f66-4587-ab2d-656f8b1f6ec3.wav,0.0
dbf6584c-da14-45ac-8157-7535467e6f5d,coughvid_data/dbf6584c-da14-45ac-8157-7535467e6f5d.wav,coughvid_data/dbf6584c-da14-45ac-8157-7535467e6f5d.wav,1.0
205a5ae9-b6d7-4d0f-b6d6-aefc366ad07b,coughvid_data/205a5ae9-b6d7-4d0f-b6d6-aefc366ad07b.wav,coughvid_data/205a5ae9-b6d7-4d0f-b6d6-aefc366ad07b.wav,1.0
809a82a8-9bd3-4fae-82df-f296facaad71,coughvid_data/809a82a8-9bd3-4fae-82df-f296facaad71.wav,coughvid_data/809a82a8-9bd3-4fae-82df-f296facaad71.wav,0.0
b9408db9-881b-4a95-ba6c-ac51602955a6,coughvid_data/b9408db9-881b-4a95-ba6c-ac51602955a6.wav,coughvid_data/b9408db9-881b-4a95-ba6c-ac51602955a6.wav,0.0
ba64e195-cb57-4d97-9876-6949d068526f,coughvid_data/ba64e195-cb57-4d97-9876-6949d068526f.wav,coughvid_data/ba64e195-cb57-4d97-9876-6949d068526f.wav,1.0
b3cbb0b0-dc01-4888-b6d7-bb4543b96b17,coughvid_data/b3cbb0b0-dc01-4888-b6d7-bb4543b96b17.wav,coughvid_data/b3cbb0b0-dc01-4888-b6d7-bb4543b96b17.wav,1.0
a5805774-cbcc-465d-9081-e5fa49e343b2,coughvid_data/a5805774-cbcc-465d-9081-e5fa49e343b2.wav,coughvid_data/a5805774-cbcc-465d-9081-e5fa49e343b2.wav,1.0
f4694079-a8eb-407a-a7f3-33a8002ee90e,coughvid_data/f4694079-a8eb-407a-a7f3-33a8002ee90e.wav,coughvid_data/f4694079-a8eb-407a-a7f3-33a8002ee90e.wav,0.0
b3d012b6-8786-45dc-ae18-1ced1f99895d,coughvid_data/b3d012b6-8786-45dc-ae18-1ced1f99895d.wav,coughvid_data/b3d012b6-8786-45dc-ae18-1ced1f99895d.wav,1.0
6645904a-f37d-43a8-80f6-269df497d93d,coughvid_data/6645904a-f37d-43a8-80f6-269df497d93d.wav,coughvid_data/6645904a-f37d-43a8-80f6-269df497d93d.wav,1.0
b2ac5ddf-1aa8-4ff6-bb46-e11533dc34b3,coughvid_data/b2ac5ddf-1aa8-4ff6-bb46-e11533dc34b3.wav,coughvid_data/b2ac5ddf-1aa8-4ff6-bb46-e11533dc34b3.wav,1.0
e29002b3-d80e-46a9-9abf-30a09225b559,coughvid_data/e29002b3-d80e-46a9-9abf-30a09225b559.wav,coughvid_data/e29002b3-d80e-46a9-9abf-30a09225b559.wav,1.0
cd065eb5-6e3d-4b20-89ee-38f0ed7942cc,coughvid_data/cd065eb5-6e3d-4b20-89ee-38f0ed7942cc.wav,coughvid_data/cd065eb5-6e3d-4b20-89ee-38f0ed7942cc.wav,0.0
0983a42e-224f-4578-b1ae-039913162c2b,coughvid_data/0983a42e-224f-4578-b1ae-039913162c2b.wav,coughvid_data/0983a42e-224f-4578-b1ae-039913162c2b.wav,1.0
a8a46e4e-253e-4f1d-ae65-cfded73ac242,coughvid_data/a8a46e4e-253e-4f1d-ae65-cfded73ac242.wav,coughvid_data/a8a46e4e-253e-4f1d-ae65-cfded73ac242.wav,1.0
617658ed-22f1-4286-9da8-ae3410da15ed,coughvid_data/617658ed-22f1-4286-9da8-ae3410da15ed.wav,coughvid_data/617658ed-22f1-4286-9da8-ae3410da15ed.wav,1.0
023cbb03-5aa8-4b55-9871-8f4a38bb7188,coughvid_data/023cbb03-5aa8-4b55-9871-8f4a38bb7188.wav,coughvid_data/023cbb03-5aa8-4b55-9871-8f4a38bb7188.wav,0.0
d3261b1a-29fc-483f-ada5-293742233497,coughvid_data/d3261b1a-29fc-483f-ada5-293742233497.wav,coughvid_data/d3261b1a-29fc-483f-ada5-293742233497.wav,1.0
36d3c756-46f0-44c9-ad15-b80e9c24736f,coughvid_data/36d3c756-46f0-44c9-ad15-b80e9c24736f.wav,coughvid_data/36d3c756-46f0-44c9-ad15-b80e9c24736f.wav,1.0
c0b8b89d-5c0e-440e-a42f-9238e1914a18,coughvid_data/c0b8b89d-5c0e-440e-a42f-9238e1914a18.wav,coughvid_data/c0b8b89d-5c0e-440e-a42f-9238e1914a18.wav,0.0
531d1293-6ba1-4aa5-aac9-b10a1cddbeee,coughvid_data/531d1293-6ba1-4aa5-aac9-b10a1cddbeee.wav,coughvid_data/531d1293-6ba1-4aa5-aac9-b10a1cddbeee.wav,1.0
137d3c34-6dca-41a3-bcb1-36645ad16fc9,coughvid_data/137d3c34-6dca-41a3-bcb1-36645ad16fc9.wav,coughvid_data/137d3c34-6dca-41a3-bcb1-36645ad16fc9.wav,0.0
9e97386c-83f1-451f-b763-f24108ae03ed,coughvid_data/9e97386c-83f1-451f-b763-f24108ae03ed.wav,coughvid_data/9e97386c-83f1-451f-b763-f24108ae03ed.wav,1.0
44d6d275-b422-4338-bda2-2d0cc203f72b,coughvid_data/44d6d275-b422-4338-bda2-2d0cc203f72b.wav,coughvid_data/44d6d275-b422-4338-bda2-2d0cc203f72b.wav,1.0
ab532e07-7816-4e9a-b868-6b769132f762,coughvid_data/ab532e07-7816-4e9a-b868-6b769132f762.wav,coughvid_data/ab532e07-7816-4e9a-b868-6b769132f762.wav,1.0
62307b98-5a0d-47a1-bfcd-529ec97ef93d,coughvid_data/62307b98-5a0d-47a1-bfcd-529ec97ef93d.wav,coughvid_data/62307b98-5a0d-47a1-bfcd-529ec97ef93d.wav,1.0
bd1121a4-3980-4667-b97f-ff05433bf68e,coughvid_data/bd1121a4-3980-4667-b97f-ff05433bf68e.wav,coughvid_data/bd1121a4-3980-4667-b97f-ff05433bf68e.wav,1.0
3edd0457-8451-4445-a056-ab8ea91bd994,coughvid_data/3edd0457-8451-4445-a056-ab8ea91bd994.wav,coughvid_data/3edd0457-8451-4445-a056-ab8ea91bd994.wav,1.0
bf391507-8ed5-417f-b7ee-b4fc009d4400,coughvid_data/bf391507-8ed5-417f-b7ee-b4fc009d4400.wav,coughvid_data/bf391507-8ed5-417f-b7ee-b4fc009d4400.wav,0.0
3d810aed-03c5-4fde-966c-f2bd5922aade,coughvid_data/3d810aed-03c5-4fde-966c-f2bd5922aade.wav,coughvid_data/3d810aed-03c5-4fde-966c-f2bd5922aade.wav,0.0
ac050ab3-74de-4277-8d4e-c193a9ca47d9,coughvid_data/ac050ab3-74de-4277-8d4e-c193a9ca47d9.wav,coughvid_data/ac050ab3-74de-4277-8d4e-c193a9ca47d9.wav,0.0
56dd7bbf-af16-4082-9f21-6bbf42d08673,coughvid_data/56dd7bbf-af16-4082-9f21-6bbf42d08673.wav,coughvid_data/56dd7bbf-af16-4082-9f21-6bbf42d08673.wav,0.0
3c5970d6-6802-4290-b36f-20a7ff72766f,coughvid_data/3c5970d6-6802-4290-b36f-20a7ff72766f.wav,coughvid_data/3c5970d6-6802-4290-b36f-20a7ff72766f.wav,1.0
dabe8374-a944-4c47-bb45-78c40bc121b1,coughvid_data/dabe8374-a944-4c47-bb45-78c40bc121b1.wav,coughvid_data/dabe8374-a944-4c47-bb45-78c40bc121b1.wav,0.0
f230d672-bf95-4793-a820-9c415ab9adb6,coughvid_data/f230d672-bf95-4793-a820-9c415ab9adb6.wav,coughvid_data/f230d672-bf95-4793-a820-9c415ab9adb6.wav,0.0
3dd395b3-dcfe-4551-bc3b-34b4a6437390,coughvid_data/3dd395b3-dcfe-4551-bc3b-34b4a6437390.wav,coughvid_data/3dd395b3-dcfe-4551-bc3b-34b4a6437390.wav,1.0
164e84ac-8729-44b4-8348-805b873ec149,coughvid_data/164e84ac-8729-44b4-8348-805b873ec149.wav,coughvid_data/164e84ac-8729-44b4-8348-805b873ec149.wav,0.0
d778f0b0-d597-47df-93ef-1b30f2c9f7d9,coughvid_data/d778f0b0-d597-47df-93ef-1b30f2c9f7d9.wav,coughvid_data/d778f0b0-d597-47df-93ef-1b30f2c9f7d9.wav,1.0
4dac618f-d130-4ceb-8d19-8739715d63f8,coughvid_data/4dac618f-d130-4ceb-8d19-8739715d63f8.wav,coughvid_data/4dac618f-d130-4ceb-8d19-8739715d63f8.wav,0.0
fe015774-ed5b-459b-9447-cf524847c331,coughvid_data/fe015774-ed5b-459b-9447-cf524847c331.wav,coughvid_data/fe015774-ed5b-459b-9447-cf524847c331.wav,0.0
0c1e2e8e-b55e-42d0-a3ab-f2da5cd060ac,coughvid_data/0c1e2e8e-b55e-42d0-a3ab-f2da5cd060ac.wav,coughvid_data/0c1e2e8e-b55e-42d0-a3ab-f2da5cd060ac.wav,1.0
b4e6a3ce-2728-4181-8f59-b55e1ec4965e,coughvid_data/b4e6a3ce-2728-4181-8f59-b55e1ec4965e.wav,coughvid_data/b4e6a3ce-2728-4181-8f59-b55e1ec4965e.wav,1.0
e77948e0-d50f-4dcf-b476-fa43cb8129e4,coughvid_data/e77948e0-d50f-4dcf-b476-fa43cb8129e4.wav,coughvid_data/e77948e0-d50f-4dcf-b476-fa43cb8129e4.wav,1.0
f9fe23e9-9bde-4a9c-8aca-fcc252cc0509,coughvid_data/f9fe23e9-9bde-4a9c-8aca-fcc252cc0509.wav,coughvid_data/f9fe23e9-9bde-4a9c-8aca-fcc252cc0509.wav,1.0
5b78ba15-2943-42d4-b39b-464761c76f36,coughvid_data/5b78ba15-2943-42d4-b39b-464761c76f36.wav,coughvid_data/5b78ba15-2943-42d4-b39b-464761c76f36.wav,1.0
2360d259-cd6e-4000-9ede-954674b39fda,coughvid_data/2360d259-cd6e-4000-9ede-954674b39fda.wav,coughvid_data/2360d259-cd6e-4000-9ede-954674b39fda.wav,0.0
cd340ce2-ce7b-4e22-ba8c-27e12902c13c,coughvid_data/cd340ce2-ce7b-4e22-ba8c-27e12902c13c.wav,coughvid_data/cd340ce2-ce7b-4e22-ba8c-27e12902c13c.wav,1.0
e5c2b221-c48c-4dc2-8ea3-b7f097fbdcf2,coughvid_data/e5c2b221-c48c-4dc2-8ea3-b7f097fbdcf2.wav,coughvid_data/e5c2b221-c48c-4dc2-8ea3-b7f097fbdcf2.wav,1.0
28d17242-1ea9-401d-a64f-6b7e1b0b7bbc,coughvid_data/28d17242-1ea9-401d-a64f-6b7e1b0b7bbc.wav,coughvid_data/28d17242-1ea9-401d-a64f-6b7e1b0b7bbc.wav,1.0
4aaeb3fe-3999-49bd-9783-0129c90518f6,coughvid_data/4aaeb3fe-3999-49bd-9783-0129c90518f6.wav,coughvid_data/4aaeb3fe-3999-49bd-9783-0129c90518f6.wav,1.0
1c4c4928-4a83-4fae-be54-48a557fb7739,coughvid_data/1c4c4928-4a83-4fae-be54-48a557fb7739.wav,coughvid_data/1c4c4928-4a83-4fae-be54-48a557fb7739.wav,1.0
ff8363d2-016d-4738-9499-4c62480886fb,coughvid_data/ff8363d2-016d-4738-9499-4c62480886fb.wav,coughvid_data/ff8363d2-016d-4738-9499-4c62480886fb.wav,1.0
8e1325e7-13b9-4edd-b43e-c63663878122,coughvid_data/8e1325e7-13b9-4edd-b43e-c63663878122.wav,coughvid_data/8e1325e7-13b9-4edd-b43e-c63663878122.wav,0.0
d0b79ea2-290a-4cbe-998c-fbf37bb13f1c,coughvid_data/d0b79ea2-290a-4cbe-998c-fbf37bb13f1c.wav,coughvid_data/d0b79ea2-290a-4cbe-998c-fbf37bb13f1c.wav,0.0
129d8d3a-711b-486d-a2b0-5b3fa5865f7c,coughvid_data/129d8d3a-711b-486d-a2b0-5b3fa5865f7c.wav,coughvid_data/129d8d3a-711b-486d-a2b0-5b3fa5865f7c.wav,1.0
3de9d2e6-6ec3-42de-8e86-aaba7589bc0d,coughvid_data/3de9d2e6-6ec3-42de-8e86-aaba7589bc0d.wav,coughvid_data/3de9d2e6-6ec3-42de-8e86-aaba7589bc0d.wav,0.0
8d84de2b-5d02-4920-9dae-10adb0457496,coughvid_data/8d84de2b-5d02-4920-9dae-10adb0457496.wav,coughvid_data/8d84de2b-5d02-4920-9dae-10adb0457496.wav,1.0
6cb48c33-b74d-4fda-a4df-53ef2f159792,coughvid_data/6cb48c33-b74d-4fda-a4df-53ef2f159792.wav,coughvid_data/6cb48c33-b74d-4fda-a4df-53ef2f159792.wav,0.0
cdf6f5f3-5d83-4db3-87ff-195b6c79d97f,coughvid_data/cdf6f5f3-5d83-4db3-87ff-195b6c79d97f.wav,coughvid_data/cdf6f5f3-5d83-4db3-87ff-195b6c79d97f.wav,0.0
0d25a61f-e376-45d0-9222-f55bc2c472cf,coughvid_data/0d25a61f-e376-45d0-9222-f55bc2c472cf.wav,coughvid_data/0d25a61f-e376-45d0-9222-f55bc2c472cf.wav,1.0
7f6ca3f8-71f8-4722-a70f-6b9ba894a1e7,coughvid_data/7f6ca3f8-71f8-4722-a70f-6b9ba894a1e7.wav,coughvid_data/7f6ca3f8-71f8-4722-a70f-6b9ba894a1e7.wav,1.0
d9c167aa-a99c-44ad-981e-aa5b18c9fb5c,coughvid_data/d9c167aa-a99c-44ad-981e-aa5b18c9fb5c.wav,coughvid_data/d9c167aa-a99c-44ad-981e-aa5b18c9fb5c.wav,1.0
83db8a5d-1b49-4ac3-9ff2-72428fcf1ee8,coughvid_data/83db8a5d-1b49-4ac3-9ff2-72428fcf1ee8.wav,coughvid_data/83db8a5d-1b49-4ac3-9ff2-72428fcf1ee8.wav,1.0
75710f21-ccbf-4c07-b71f-330e836121af,coughvid_data/75710f21-ccbf-4c07-b71f-330e836121af.wav,coughvid_data/75710f21-ccbf-4c07-b71f-330e836121af.wav,1.0
64881ecd-fbec-4646-a376-1d0520094438,coughvid_data/64881ecd-fbec-4646-a376-1d0520094438.wav,coughvid_data/64881ecd-fbec-4646-a376-1d0520094438.wav,1.0
14669bee-e7a6-4a4b-9fd1-16f5c9ab39e2,coughvid_data/14669bee-e7a6-4a4b-9fd1-16f5c9ab39e2.wav,coughvid_data/14669bee-e7a6-4a4b-9fd1-16f5c9ab39e2.wav,1.0
83ba9c2e-941e-42fa-81cd-fd41f167327b,coughvid_data/83ba9c2e-941e-42fa-81cd-fd41f167327b.wav,coughvid_data/83ba9c2e-941e-42fa-81cd-fd41f167327b.wav,0.0
d51af9b0-1b48-467e-8002-f05db6c7fea0,coughvid_data/d51af9b0-1b48-467e-8002-f05db6c7fea0.wav,coughvid_data/d51af9b0-1b48-467e-8002-f05db6c7fea0.wav,1.0
3ad57509-56f9-4afc-89e3-97ae705b88d5,coughvid_data/3ad57509-56f9-4afc-89e3-97ae705b88d5.wav,coughvid_data/3ad57509-56f9-4afc-89e3-97ae705b88d5.wav,1.0
d8c37fb3-6ea7-452d-98c1-5dc255533e8b,coughvid_data/d8c37fb3-6ea7-452d-98c1-5dc255533e8b.wav,coughvid_data/d8c37fb3-6ea7-452d-98c1-5dc255533e8b.wav,1.0
48bcd9fe-f974-46cc-910a-1b0307eaa336,coughvid_data/48bcd9fe-f974-46cc-910a-1b0307eaa336.wav,coughvid_data/48bcd9fe-f974-46cc-910a-1b0307eaa336.wav,1.0
56c781a6-214d-4968-969f-3797e3567139,coughvid_data/56c781a6-214d-4968-969f-3797e3567139.wav,coughvid_data/56c781a6-214d-4968-969f-3797e3567139.wav,0.0
13cb2d82-6623-4fd4-9fb4-9dc2f04f4fc4,coughvid_data/13cb2d82-6623-4fd4-9fb4-9dc2f04f4fc4.wav,coughvid_data/13cb2d82-6623-4fd4-9fb4-9dc2f04f4fc4.wav,1.0
94b77236-ce82-4477-97af-321845ec7949,coughvid_data/94b77236-ce82-4477-97af-321845ec7949.wav,coughvid_data/94b77236-ce82-4477-97af-321845ec7949.wav,0.0
be27ba73-6b31-40bd-8b35-f43576d83d47,coughvid_data/be27ba73-6b31-40bd-8b35-f43576d83d47.wav,coughvid_data/be27ba73-6b31-40bd-8b35-f43576d83d47.wav,0.0
63eca433-3b55-445a-9c95-e68a7129ca65,coughvid_data/63eca433-3b55-445a-9c95-e68a7129ca65.wav,coughvid_data/63eca433-3b55-445a-9c95-e68a7129ca65.wav,1.0
8ed39beb-0f82-4d20-b46d-cff6d98fbfc7,coughvid_data/8ed39beb-0f82-4d20-b46d-cff6d98fbfc7.wav,coughvid_data/8ed39beb-0f82-4d20-b46d-cff6d98fbfc7.wav,1.0
a9b26c7b-8bae-4a71-93c5-3fc443e14328,coughvid_data/a9b26c7b-8bae-4a71-93c5-3fc443e14328.wav,coughvid_data/a9b26c7b-8bae-4a71-93c5-3fc443e14328.wav,1.0
1d19775f-175d-4fdd-8dfe-c080a0c8de45,coughvid_data/1d19775f-175d-4fdd-8dfe-c080a0c8de45.wav,coughvid_data/1d19775f-175d-4fdd-8dfe-c080a0c8de45.wav,1.0
e6c25ce2-073d-473e-a7e8-737bbccf73bd,coughvid_data/e6c25ce2-073d-473e-a7e8-737bbccf73bd.wav,coughvid_data/e6c25ce2-073d-473e-a7e8-737bbccf73bd.wav,1.0
6f5fbee9-891f-4383-8475-9415163d4714,coughvid_data/6f5fbee9-891f-4383-8475-9415163d4714.wav,coughvid_data/6f5fbee9-891f-4383-8475-9415163d4714.wav,1.0
045fd90f-c1ba-42e9-abda-2a85a9514377,coughvid_data/045fd90f-c1ba-42e9-abda-2a85a9514377.wav,coughvid_data/045fd90f-c1ba-42e9-abda-2a85a9514377.wav,1.0
62714525-508e-458e-8c27-05e70a2027ef,coughvid_data/62714525-508e-458e-8c27-05e70a2027ef.wav,coughvid_data/62714525-508e-458e-8c27-05e70a2027ef.wav,1.0
f7fe7f77-1c72-4d15-89d5-c388add576cc,coughvid_data/f7fe7f77-1c72-4d15-89d5-c388add576cc.wav,coughvid_data/f7fe7f77-1c72-4d15-89d5-c388add576cc.wav,0.0
f7c58675-8e00-41ea-81ce-c9ea5c6f52cd,coughvid_data/f7c58675-8e00-41ea-81ce-c9ea5c6f52cd.wav,coughvid_data/f7c58675-8e00-41ea-81ce-c9ea5c6f52cd.wav,1.0
f6065152-b161-4f95-be5c-4ece39a6177b,coughvid_data/f6065152-b161-4f95-be5c-4ece39a6177b.wav,coughvid_data/f6065152-b161-4f95-be5c-4ece39a6177b.wav,0.0
03ce7093-c71f-442f-a86d-7718c677fed3,coughvid_data/03ce7093-c71f-442f-a86d-7718c677fed3.wav,coughvid_data/03ce7093-c71f-442f-a86d-7718c677fed3.wav,0.0
996aabd2-a48b-4b62-9143-b0d42f0cd06a,coughvid_data/996aabd2-a48b-4b62-9143-b0d42f0cd06a.wav,coughvid_data/996aabd2-a48b-4b62-9143-b0d42f0cd06a.wav,0.0
15de92f6-fb0a-404a-9a08-2bed95faa646,coughvid_data/15de92f6-fb0a-404a-9a08-2bed95faa646.wav,coughvid_data/15de92f6-fb0a-404a-9a08-2bed95faa646.wav,1.0
423a78f4-415c-498a-bcab-203a572715b3,coughvid_data/423a78f4-415c-498a-bcab-203a572715b3.wav,coughvid_data/423a78f4-415c-498a-bcab-203a572715b3.wav,1.0
2fb59cd3-5fc9-4d68-b54a-cebca0fe0e45,coughvid_data/2fb59cd3-5fc9-4d68-b54a-cebca0fe0e45.wav,coughvid_data/2fb59cd3-5fc9-4d68-b54a-cebca0fe0e45.wav,1.0
d66eecb3-f4f6-42a8-8bf4-ca57e08a31d6,coughvid_data/d66eecb3-f4f6-42a8-8bf4-ca57e08a31d6.wav,coughvid_data/d66eecb3-f4f6-42a8-8bf4-ca57e08a31d6.wav,1.0
26788e0e-3176-46f0-915c-b0b0a5ee6f61,coughvid_data/26788e0e-3176-46f0-915c-b0b0a5ee6f61.wav,coughvid_data/26788e0e-3176-46f0-915c-b0b0a5ee6f61.wav,0.0
e31980dd-7946-467c-9b10-3141c29843b3,coughvid_data/e31980dd-7946-467c-9b10-3141c29843b3.wav,coughvid_data/e31980dd-7946-467c-9b10-3141c29843b3.wav,1.0
d370f003-276e-46b2-8c88-75912c7bdac6,coughvid_data/d370f003-276e-46b2-8c88-75912c7bdac6.wav,coughvid_data/d370f003-276e-46b2-8c88-75912c7bdac6.wav,1.0
0d21c774-9099-4ade-8d43-b829e275fe8a,coughvid_data/0d21c774-9099-4ade-8d43-b829e275fe8a.wav,coughvid_data/0d21c774-9099-4ade-8d43-b829e275fe8a.wav,1.0
15af66ce-101d-4824-90bb-c8d1c2246d90,coughvid_data/15af66ce-101d-4824-90bb-c8d1c2246d90.wav,coughvid_data/15af66ce-101d-4824-90bb-c8d1c2246d90.wav,0.0
5aefd253-eb9c-48c2-b6ae-3bb18cdc6332,coughvid_data/5aefd253-eb9c-48c2-b6ae-3bb18cdc6332.wav,coughvid_data/5aefd253-eb9c-48c2-b6ae-3bb18cdc6332.wav,0.0
3e0a63b1-cd0d-45f6-bf6a-dad3995108bc,coughvid_data/3e0a63b1-cd0d-45f6-bf6a-dad3995108bc.wav,coughvid_data/3e0a63b1-cd0d-45f6-bf6a-dad3995108bc.wav,1.0
42b9a8d8-8e8b-4b99-aec8-6c9d4acb7468,coughvid_data/42b9a8d8-8e8b-4b99-aec8-6c9d4acb7468.wav,coughvid_data/42b9a8d8-8e8b-4b99-aec8-6c9d4acb7468.wav,0.0
63ebab99-d330-421a-86b8-5940a6709b44,coughvid_data/63ebab99-d330-421a-86b8-5940a6709b44.wav,coughvid_data/63ebab99-d330-421a-86b8-5940a6709b44.wav,0.0
c35e2099-fd90-4f36-9960-af722d713336,coughvid_data/c35e2099-fd90-4f36-9960-af722d713336.wav,coughvid_data/c35e2099-fd90-4f36-9960-af722d713336.wav,0.0
d651ac9c-5c61-4600-8b0d-9ac9cbb30e8b,coughvid_data/d651ac9c-5c61-4600-8b0d-9ac9cbb30e8b.wav,coughvid_data/d651ac9c-5c61-4600-8b0d-9ac9cbb30e8b.wav,1.0
b89ab627-7c66-40eb-8047-c6c6b29a1d7c,coughvid_data/b89ab627-7c66-40eb-8047-c6c6b29a1d7c.wav,coughvid_data/b89ab627-7c66-40eb-8047-c6c6b29a1d7c.wav,0.0
0aa0ef30-0df7-42d0-b1bf-017f8647b92c,coughvid_data/0aa0ef30-0df7-42d0-b1bf-017f8647b92c.wav,coughvid_data/0aa0ef30-0df7-42d0-b1bf-017f8647b92c.wav,1.0
0044964d-f7e9-43e3-831f-ae3e6374a9a4,coughvid_data/0044964d-f7e9-43e3-831f-ae3e6374a9a4.wav,coughvid_data/0044964d-f7e9-43e3-831f-ae3e6374a9a4.wav,1.0
d4d481c7-1066-42f9-adaf-66c9168598b0,coughvid_data/d4d481c7-1066-42f9-adaf-66c9168598b0.wav,coughvid_data/d4d481c7-1066-42f9-adaf-66c9168598b0.wav,0.0
f43400e9-23e2-4674-82dd-e46f26759e44,coughvid_data/f43400e9-23e2-4674-82dd-e46f26759e44.wav,coughvid_data/f43400e9-23e2-4674-82dd-e46f26759e44.wav,0.0
a051a29f-4cf2-49b4-b057-f61b6b34b4fe,coughvid_data/a051a29f-4cf2-49b4-b057-f61b6b34b4fe.wav,coughvid_data/a051a29f-4cf2-49b4-b057-f61b6b34b4fe.wav,1.0
ab53bb60-d607-424f-b915-984d1d7fce06,coughvid_data/ab53bb60-d607-424f-b915-984d1d7fce06.wav,coughvid_data/ab53bb60-d607-424f-b915-984d1d7fce06.wav,0.0
be256513-fe7b-4ee4-8702-a2bd91eedcb1,coughvid_data/be256513-fe7b-4ee4-8702-a2bd91eedcb1.wav,coughvid_data/be256513-fe7b-4ee4-8702-a2bd91eedcb1.wav,0.0
421d9f99-9d55-40e6-8d30-0d9891605994,coughvid_data/421d9f99-9d55-40e6-8d30-0d9891605994.wav,coughvid_data/421d9f99-9d55-40e6-8d30-0d9891605994.wav,1.0
55ceb657-bda2-404b-9a3f-9bd91ebab828,coughvid_data/55ceb657-bda2-404b-9a3f-9bd91ebab828.wav,coughvid_data/55ceb657-bda2-404b-9a3f-9bd91ebab828.wav,1.0
6714fc7b-a046-4dfa-b368-1e9a21a2acf4,coughvid_data/6714fc7b-a046-4dfa-b368-1e9a21a2acf4.wav,coughvid_data/6714fc7b-a046-4dfa-b368-1e9a21a2acf4.wav,1.0
a3031f29-25ac-4e9c-844c-71c1b118d144,coughvid_data/a3031f29-25ac-4e9c-844c-71c1b118d144.wav,coughvid_data/a3031f29-25ac-4e9c-844c-71c1b118d144.wav,0.0
c137bec9-5bdb-4e3f-955c-09b729436969,coughvid_data/c137bec9-5bdb-4e3f-955c-09b729436969.wav,coughvid_data/c137bec9-5bdb-4e3f-955c-09b729436969.wav,0.0
feaa0f16-46c7-4be0-a7b0-d3da028dfa56,coughvid_data/feaa0f16-46c7-4be0-a7b0-d3da028dfa56.wav,coughvid_data/feaa0f16-46c7-4be0-a7b0-d3da028dfa56.wav,1.0
924f571d-1428-497d-b5d6-903c9ff43bf1,coughvid_data/924f571d-1428-497d-b5d6-903c9ff43bf1.wav,coughvid_data/924f571d-1428-497d-b5d6-903c9ff43bf1.wav,1.0
5b3b1fd8-70c2-4b40-b759-e2cad6fe9a97,coughvid_data/5b3b1fd8-70c2-4b40-b759-e2cad6fe9a97.wav,coughvid_data/5b3b1fd8-70c2-4b40-b759-e2cad6fe9a97.wav,1.0
0b8af555-2dcc-4398-8954-9c5f3c130322,coughvid_data/0b8af555-2dcc-4398-8954-9c5f3c130322.wav,coughvid_data/0b8af555-2dcc-4398-8954-9c5f3c130322.wav,1.0
07c16ae1-79cf-4a3f-aa12-4396f0bca506,coughvid_data/07c16ae1-79cf-4a3f-aa12-4396f0bca506.wav,coughvid_data/07c16ae1-79cf-4a3f-aa12-4396f0bca506.wav,1.0
bcdd30e1-7420-47ec-831c-7136d360f689,coughvid_data/bcdd30e1-7420-47ec-831c-7136d360f689.wav,coughvid_data/bcdd30e1-7420-47ec-831c-7136d360f689.wav,0.0
51fe94dc-bdd7-4713-9276-018aea7d9d39,coughvid_data/51fe94dc-bdd7-4713-9276-018aea7d9d39.wav,coughvid_data/51fe94dc-bdd7-4713-9276-018aea7d9d39.wav,0.0
f9b7c88c-63c0-489e-80c7-75ac6b11c182,coughvid_data/f9b7c88c-63c0-489e-80c7-75ac6b11c182.wav,coughvid_data/f9b7c88c-63c0-489e-80c7-75ac6b11c182.wav,1.0
7dbbebab-33a6-4fb1-9511-d5871698e662,coughvid_data/7dbbebab-33a6-4fb1-9511-d5871698e662.wav,coughvid_data/7dbbebab-33a6-4fb1-9511-d5871698e662.wav,1.0
bfaa8bc2-2e77-4e51-914a-e11e9e612242,coughvid_data/bfaa8bc2-2e77-4e51-914a-e11e9e612242.wav,coughvid_data/bfaa8bc2-2e77-4e51-914a-e11e9e612242.wav,0.0
27c8a255-32ce-4162-9794-b9952945800d,coughvid_data/27c8a255-32ce-4162-9794-b9952945800d.wav,coughvid_data/27c8a255-32ce-4162-9794-b9952945800d.wav,0.0
ca6c6e4d-55a3-4a84-a427-ddfff024c753,coughvid_data/ca6c6e4d-55a3-4a84-a427-ddfff024c753.wav,coughvid_data/ca6c6e4d-55a3-4a84-a427-ddfff024c753.wav,1.0
4e3cb3ef-0add-4757-b551-86800377de10,coughvid_data/4e3cb3ef-0add-4757-b551-86800377de10.wav,coughvid_data/4e3cb3ef-0add-4757-b551-86800377de10.wav,0.0
26352392-d0fa-4dc5-a069-15806accc43f,coughvid_data/26352392-d0fa-4dc5-a069-15806accc43f.wav,coughvid_data/26352392-d0fa-4dc5-a069-15806accc43f.wav,0.0
f43b29e6-ecb2-4e63-949d-dd93b7e1eb49,coughvid_data/f43b29e6-ecb2-4e63-949d-dd93b7e1eb49.wav,coughvid_data/f43b29e6-ecb2-4e63-949d-dd93b7e1eb49.wav,1.0
2ef6fe8d-c365-47fc-8721-656e4cd0a94e,coughvid_data/2ef6fe8d-c365-47fc-8721-656e4cd0a94e.wav,coughvid_data/2ef6fe8d-c365-47fc-8721-656e4cd0a94e.wav,1.0
2499bd0e-4221-449a-8184-ee15e1c80b35,coughvid_data/2499bd0e-4221-449a-8184-ee15e1c80b35.wav,coughvid_data/2499bd0e-4221-449a-8184-ee15e1c80b35.wav,1.0
7b1ec96d-b649-4c95-a8cf-1582a834e2c3,coughvid_data/7b1ec96d-b649-4c95-a8cf-1582a834e2c3.wav,coughvid_data/7b1ec96d-b649-4c95-a8cf-1582a834e2c3.wav,1.0
7a17ecc2-83e1-40cb-8d7f-795fbeff96d8,coughvid_data/7a17ecc2-83e1-40cb-8d7f-795fbeff96d8.wav,coughvid_data/7a17ecc2-83e1-40cb-8d7f-795fbeff96d8.wav,1.0
edbc9515-7a84-478a-8f64-059ee904c4c1,coughvid_data/edbc9515-7a84-478a-8f64-059ee904c4c1.wav,coughvid_data/edbc9515-7a84-478a-8f64-059ee904c4c1.wav,1.0
a160b509-744a-4f7b-80ea-7cbce291d8d9,coughvid_data/a160b509-744a-4f7b-80ea-7cbce291d8d9.wav,coughvid_data/a160b509-744a-4f7b-80ea-7cbce291d8d9.wav,0.0
7b6ddd54-8a95-47fa-999b-eb911f807ce6,coughvid_data/7b6ddd54-8a95-47fa-999b-eb911f807ce6.wav,coughvid_data/7b6ddd54-8a95-47fa-999b-eb911f807ce6.wav,1.0
4e5cdc23-7887-42ff-b5d2-5e0d083ab23f,coughvid_data/4e5cdc23-7887-42ff-b5d2-5e0d083ab23f.wav,coughvid_data/4e5cdc23-7887-42ff-b5d2-5e0d083ab23f.wav,0.0
12fa0fa6-789a-401b-ac9c-4a275044a0d9,coughvid_data/12fa0fa6-789a-401b-ac9c-4a275044a0d9.wav,coughvid_data/12fa0fa6-789a-401b-ac9c-4a275044a0d9.wav,1.0
0084c60b-ea8d-4361-bedb-b230f8b67cec,coughvid_data/0084c60b-ea8d-4361-bedb-b230f8b67cec.wav,coughvid_data/0084c60b-ea8d-4361-bedb-b230f8b67cec.wav,1.0
186c9a6a-85bb-455f-b82f-b7fef8db9336,coughvid_data/186c9a6a-85bb-455f-b82f-b7fef8db9336.wav,coughvid_data/186c9a6a-85bb-455f-b82f-b7fef8db9336.wav,0.0
36077d09-42c7-4909-8913-0a15db92e2d0,coughvid_data/36077d09-42c7-4909-8913-0a15db92e2d0.wav,coughvid_data/36077d09-42c7-4909-8913-0a15db92e2d0.wav,0.0
90912b99-0e92-4dad-b223-3c96a6967316,coughvid_data/90912b99-0e92-4dad-b223-3c96a6967316.wav,coughvid_data/90912b99-0e92-4dad-b223-3c96a6967316.wav,1.0
ee122c4f-f8c2-43f6-9b46-6b1e0cff1ef0,coughvid_data/ee122c4f-f8c2-43f6-9b46-6b1e0cff1ef0.wav,coughvid_data/ee122c4f-f8c2-43f6-9b46-6b1e0cff1ef0.wav,1.0
c1657fc5-4bf8-45b4-ae7c-6aefda2ac71b,coughvid_data/c1657fc5-4bf8-45b4-ae7c-6aefda2ac71b.wav,coughvid_data/c1657fc5-4bf8-45b4-ae7c-6aefda2ac71b.wav,0.0
481cb025-198c-45eb-8650-7a24a801b133,coughvid_data/481cb025-198c-45eb-8650-7a24a801b133.wav,coughvid_data/481cb025-198c-45eb-8650-7a24a801b133.wav,1.0
0537c0b0-f0ed-455c-9bab-2f917b1007b3,coughvid_data/0537c0b0-f0ed-455c-9bab-2f917b1007b3.wav,coughvid_data/0537c0b0-f0ed-455c-9bab-2f917b1007b3.wav,0.0
64137622-cf06-4621-b57f-53eb1c205ec0,coughvid_data/64137622-cf06-4621-b57f-53eb1c205ec0.wav,coughvid_data/64137622-cf06-4621-b57f-53eb1c205ec0.wav,1.0
d20b423d-2165-4201-8f18-e7ed65d1ef38,coughvid_data/d20b423d-2165-4201-8f18-e7ed65d1ef38.wav,coughvid_data/d20b423d-2165-4201-8f18-e7ed65d1ef38.wav,0.0
236d1e68-217c-4b0d-9739-58d83c58294a,coughvid_data/236d1e68-217c-4b0d-9739-58d83c58294a.wav,coughvid_data/236d1e68-217c-4b0d-9739-58d83c58294a.wav,1.0
3ae11663-8f03-4660-9543-fdf909276c48,coughvid_data/3ae11663-8f03-4660-9543-fdf909276c48.wav,coughvid_data/3ae11663-8f03-4660-9543-fdf909276c48.wav,1.0
86fde631-73a5-4113-bfe5-f2fbabf7bc31,coughvid_data/86fde631-73a5-4113-bfe5-f2fbabf7bc31.wav,coughvid_data/86fde631-73a5-4113-bfe5-f2fbabf7bc31.wav,0.0
254cae14-594b-47c3-b62c-48b35e85d338,coughvid_data/254cae14-594b-47c3-b62c-48b35e85d338.wav,coughvid_data/254cae14-594b-47c3-b62c-48b35e85d338.wav,1.0
99ca2bde-0950-4e1d-8e9a-cbd0d70981bd,coughvid_data/99ca2bde-0950-4e1d-8e9a-cbd0d70981bd.wav,coughvid_data/99ca2bde-0950-4e1d-8e9a-cbd0d70981bd.wav,1.0
8886a386-e280-42a7-b72f-b0c02af98172,coughvid_data/8886a386-e280-42a7-b72f-b0c02af98172.wav,coughvid_data/8886a386-e280-42a7-b72f-b0c02af98172.wav,1.0
b3dd887c-9af0-4165-b9e2-caa37a05d626,coughvid_data/b3dd887c-9af0-4165-b9e2-caa37a05d626.wav,coughvid_data/b3dd887c-9af0-4165-b9e2-caa37a05d626.wav,1.0
5113ef29-7bd1-47e2-bb65-cc5f0eef359d,coughvid_data/5113ef29-7bd1-47e2-bb65-cc5f0eef359d.wav,coughvid_data/5113ef29-7bd1-47e2-bb65-cc5f0eef359d.wav,1.0
087749f6-e253-464f-b576-e85f6ed62cae,coughvid_data/087749f6-e253-464f-b576-e85f6ed62cae.wav,coughvid_data/087749f6-e253-464f-b576-e85f6ed62cae.wav,1.0
01464036-f2b4-4875-82f4-728d7e7279f0,coughvid_data/01464036-f2b4-4875-82f4-728d7e7279f0.wav,coughvid_data/01464036-f2b4-4875-82f4-728d7e7279f0.wav,1.0
22f23467-1aa8-4c6a-9a27-6610b415c57c,coughvid_data/22f23467-1aa8-4c6a-9a27-6610b415c57c.wav,coughvid_data/22f23467-1aa8-4c6a-9a27-6610b415c57c.wav,0.0
9a8ced91-6c7b-4eee-beb2-252ab3d9554d,coughvid_data/9a8ced91-6c7b-4eee-beb2-252ab3d9554d.wav,coughvid_data/9a8ced91-6c7b-4eee-beb2-252ab3d9554d.wav,1.0
1e3025cb-d921-485b-a08c-c2966fc4f730,coughvid_data/1e3025cb-d921-485b-a08c-c2966fc4f730.wav,coughvid_data/1e3025cb-d921-485b-a08c-c2966fc4f730.wav,1.0
675ca3e6-73f5-48ad-b23d-3f885df4b3ac,coughvid_data/675ca3e6-73f5-48ad-b23d-3f885df4b3ac.wav,coughvid_data/675ca3e6-73f5-48ad-b23d-3f885df4b3ac.wav,1.0
362e4bef-50aa-40ec-9b1d-be443beefd2f,coughvid_data/362e4bef-50aa-40ec-9b1d-be443beefd2f.wav,coughvid_data/362e4bef-50aa-40ec-9b1d-be443beefd2f.wav,1.0
5e3e6382-0d59-4370-8f48-157993d8f0cc,coughvid_data/5e3e6382-0d59-4370-8f48-157993d8f0cc.wav,coughvid_data/5e3e6382-0d59-4370-8f48-157993d8f0cc.wav,1.0
503f1fbc-db4e-4c43-9630-4bcf874511c0,coughvid_data/503f1fbc-db4e-4c43-9630-4bcf874511c0.wav,coughvid_data/503f1fbc-db4e-4c43-9630-4bcf874511c0.wav,1.0
5a0c9f41-0ddd-40ad-bd81-9e2edd407b70,coughvid_data/5a0c9f41-0ddd-40ad-bd81-9e2edd407b70.wav,coughvid_data/5a0c9f41-0ddd-40ad-bd81-9e2edd407b70.wav,1.0
ffce8856-693f-4eef-8360-1f4b0b056341,coughvid_data/ffce8856-693f-4eef-8360-1f4b0b056341.wav,coughvid_data/ffce8856-693f-4eef-8360-1f4b0b056341.wav,0.0
0a4fac08-20af-4243-b4c5-3879efd63dba,coughvid_data/0a4fac08-20af-4243-b4c5-3879efd63dba.wav,coughvid_data/0a4fac08-20af-4243-b4c5-3879efd63dba.wav,0.0
d9cf706c-632c-4430-b92f-183a18b266f1,coughvid_data/d9cf706c-632c-4430-b92f-183a18b266f1.wav,coughvid_data/d9cf706c-632c-4430-b92f-183a18b266f1.wav,0.0
bbcded41-1598-4662-8514-fe1a5226d93c,coughvid_data/bbcded41-1598-4662-8514-fe1a5226d93c.wav,coughvid_data/bbcded41-1598-4662-8514-fe1a5226d93c.wav,0.0
2047462a-c55b-428f-813b-ccca9162f448,coughvid_data/2047462a-c55b-428f-813b-ccca9162f448.wav,coughvid_data/2047462a-c55b-428f-813b-ccca9162f448.wav,1.0
4eec3002-43f3-477b-bd24-bc2ba1fd920e,coughvid_data/4eec3002-43f3-477b-bd24-bc2ba1fd920e.wav,coughvid_data/4eec3002-43f3-477b-bd24-bc2ba1fd920e.wav,1.0
f8ca1e1d-4660-4739-ae76-cf0b10de2540,coughvid_data/f8ca1e1d-4660-4739-ae76-cf0b10de2540.wav,coughvid_data/f8ca1e1d-4660-4739-ae76-cf0b10de2540.wav,1.0
3aa3ae87-3883-4b84-bde8-7b557c9448d9,coughvid_data/3aa3ae87-3883-4b84-bde8-7b557c9448d9.wav,coughvid_data/3aa3ae87-3883-4b84-bde8-7b557c9448d9.wav,0.0
21aa9980-ddfa-4abb-b81b-d66a2d2e9773,coughvid_data/21aa9980-ddfa-4abb-b81b-d66a2d2e9773.wav,coughvid_data/21aa9980-ddfa-4abb-b81b-d66a2d2e9773.wav,1.0
f9a54c0c-7648-41c8-b822-be80ac21ca47,coughvid_data/f9a54c0c-7648-41c8-b822-be80ac21ca47.wav,coughvid_data/f9a54c0c-7648-41c8-b822-be80ac21ca47.wav,1.0
eb79eee8-931a-4e55-bbbf-1cf0c9ac7c49,coughvid_data/eb79eee8-931a-4e55-bbbf-1cf0c9ac7c49.wav,coughvid_data/eb79eee8-931a-4e55-bbbf-1cf0c9ac7c49.wav,0.0
7afc5d21-739e-4ff9-896e-d2270c5afe28,coughvid_data/7afc5d21-739e-4ff9-896e-d2270c5afe28.wav,coughvid_data/7afc5d21-739e-4ff9-896e-d2270c5afe28.wav,1.0
8a7d490f-7309-40fb-afd2-ff0418b5422d,coughvid_data/8a7d490f-7309-40fb-afd2-ff0418b5422d.wav,coughvid_data/8a7d490f-7309-40fb-afd2-ff0418b5422d.wav,0.0
ca7ab5ce-d8da-43dc-a99b-6cdc475599b8,coughvid_data/ca7ab5ce-d8da-43dc-a99b-6cdc475599b8.wav,coughvid_data/ca7ab5ce-d8da-43dc-a99b-6cdc475599b8.wav,0.0
4ca22143-61f2-4f7a-a73e-6304d31a3871,coughvid_data/4ca22143-61f2-4f7a-a73e-6304d31a3871.wav,coughvid_data/4ca22143-61f2-4f7a-a73e-6304d31a3871.wav,1.0
7706fb25-e6db-446e-aae0-d6d2565901ec,coughvid_data/7706fb25-e6db-446e-aae0-d6d2565901ec.wav,coughvid_data/7706fb25-e6db-446e-aae0-d6d2565901ec.wav,1.0
23b453da-594b-4462-a70c-139fdeb66569,coughvid_data/23b453da-594b-4462-a70c-139fdeb66569.wav,coughvid_data/23b453da-594b-4462-a70c-139fdeb66569.wav,0.0
2dcba6c9-e13d-4125-827a-7ee51404201a,coughvid_data/2dcba6c9-e13d-4125-827a-7ee51404201a.wav,coughvid_data/2dcba6c9-e13d-4125-827a-7ee51404201a.wav,0.0
5976dbcf-a64b-4cfa-8d0e-994a5ed053d6,coughvid_data/5976dbcf-a64b-4cfa-8d0e-994a5ed053d6.wav,coughvid_data/5976dbcf-a64b-4cfa-8d0e-994a5ed053d6.wav,1.0
bc0531cd-f6df-4a7b-8a67-9857ea6882ad,coughvid_data/bc0531cd-f6df-4a7b-8a67-9857ea6882ad.wav,coughvid_data/bc0531cd-f6df-4a7b-8a67-9857ea6882ad.wav,1.0
b48a7593-9cdc-452a-bf29-8eb9c9da788c,coughvid_data/b48a7593-9cdc-452a-bf29-8eb9c9da788c.wav,coughvid_data/b48a7593-9cdc-452a-bf29-8eb9c9da788c.wav,0.0
e99e6e48-c166-4c63-bab3-7b2770129009,coughvid_data/e99e6e48-c166-4c63-bab3-7b2770129009.wav,coughvid_data/e99e6e48-c166-4c63-bab3-7b2770129009.wav,1.0
8dac599e-589c-455c-8834-9e646e589c39,coughvid_data/8dac599e-589c-455c-8834-9e646e589c39.wav,coughvid_data/8dac599e-589c-455c-8834-9e646e589c39.wav,1.0
a75f3d98-6acd-435d-88bf-1953ff095b7e,coughvid_data/a75f3d98-6acd-435d-88bf-1953ff095b7e.wav,coughvid_data/a75f3d98-6acd-435d-88bf-1953ff095b7e.wav,1.0
cfecb0d8-defc-4875-afad-427f964ce2f3,coughvid_data/cfecb0d8-defc-4875-afad-427f964ce2f3.wav,coughvid_data/cfecb0d8-defc-4875-afad-427f964ce2f3.wav,1.0
941247c7-5bd5-474f-85e1-8d73efe11e5d,coughvid_data/941247c7-5bd5-474f-85e1-8d73efe11e5d.wav,coughvid_data/941247c7-5bd5-474f-85e1-8d73efe11e5d.wav,0.0
b80280d5-7a74-4d7a-befa-742d7d7d34b1,coughvid_data/b80280d5-7a74-4d7a-befa-742d7d7d34b1.wav,coughvid_data/b80280d5-7a74-4d7a-befa-742d7d7d34b1.wav,0.0
1dd8149b-31c0-426f-8aee-881883caf84c,coughvid_data/1dd8149b-31c0-426f-8aee-881883caf84c.wav,coughvid_data/1dd8149b-31c0-426f-8aee-881883caf84c.wav,0.0
d9a04e18-3423-40f0-885e-8d26506ad35a,coughvid_data/d9a04e18-3423-40f0-885e-8d26506ad35a.wav,coughvid_data/d9a04e18-3423-40f0-885e-8d26506ad35a.wav,0.0
7ad010ba-c400-43bc-b5c6-6d5df815d1f7,coughvid_data/7ad010ba-c400-43bc-b5c6-6d5df815d1f7.wav,coughvid_data/7ad010ba-c400-43bc-b5c6-6d5df815d1f7.wav,1.0
494b7e4e-1dce-4267-abab-33fd8f9d394e,coughvid_data/494b7e4e-1dce-4267-abab-33fd8f9d394e.wav,coughvid_data/494b7e4e-1dce-4267-abab-33fd8f9d394e.wav,0.0
9db451f4-db50-449f-9cb4-7a7caa3244c4,coughvid_data/9db451f4-db50-449f-9cb4-7a7caa3244c4.wav,coughvid_data/9db451f4-db50-449f-9cb4-7a7caa3244c4.wav,0.0
512b2558-812e-4715-888a-9834320a6ea5,coughvid_data/512b2558-812e-4715-888a-9834320a6ea5.wav,coughvid_data/512b2558-812e-4715-888a-9834320a6ea5.wav,0.0
50943d6d-0261-4bf6-acd6-53d386e33003,coughvid_data/50943d6d-0261-4bf6-acd6-53d386e33003.wav,coughvid_data/50943d6d-0261-4bf6-acd6-53d386e33003.wav,0.0
4ed893d0-a008-4038-9133-45ff665e0091,coughvid_data/4ed893d0-a008-4038-9133-45ff665e0091.wav,coughvid_data/4ed893d0-a008-4038-9133-45ff665e0091.wav,1.0
d293ce7d-1898-4c66-bfd2-c3c329e82408,coughvid_data/d293ce7d-1898-4c66-bfd2-c3c329e82408.wav,coughvid_data/d293ce7d-1898-4c66-bfd2-c3c329e82408.wav,1.0
f54a16c0-d438-42d2-a624-6ef9908858c3,coughvid_data/f54a16c0-d438-42d2-a624-6ef9908858c3.wav,coughvid_data/f54a16c0-d438-42d2-a624-6ef9908858c3.wav,0.0
fbfdd6db-9d1f-41e5-9e84-3169976ec568,coughvid_data/fbfdd6db-9d1f-41e5-9e84-3169976ec568.wav,coughvid_data/fbfdd6db-9d1f-41e5-9e84-3169976ec568.wav,0.0
3a481fdd-0c3c-49c1-bb15-f0f0ef7046c8,coughvid_data/3a481fdd-0c3c-49c1-bb15-f0f0ef7046c8.wav,coughvid_data/3a481fdd-0c3c-49c1-bb15-f0f0ef7046c8.wav,1.0
040dace5-b013-4d35-b83e-2cd52bef6717,coughvid_data/040dace5-b013-4d35-b83e-2cd52bef6717.wav,coughvid_data/040dace5-b013-4d35-b83e-2cd52bef6717.wav,0.0
afd727cb-a9fd-411e-8e3e-3ec5d2bef9da,coughvid_data/afd727cb-a9fd-411e-8e3e-3ec5d2bef9da.wav,coughvid_data/afd727cb-a9fd-411e-8e3e-3ec5d2bef9da.wav,1.0
45ad384f-178d-470b-b7fa-74bfe0eeee58,coughvid_data/45ad384f-178d-470b-b7fa-74bfe0eeee58.wav,coughvid_data/45ad384f-178d-470b-b7fa-74bfe0eeee58.wav,1.0
4907b834-1ff9-409e-b7d1-87285520d9bd,coughvid_data/4907b834-1ff9-409e-b7d1-87285520d9bd.wav,coughvid_data/4907b834-1ff9-409e-b7d1-87285520d9bd.wav,1.0
0b478f7b-923c-4544-be24-620317609707,coughvid_data/0b478f7b-923c-4544-be24-620317609707.wav,coughvid_data/0b478f7b-923c-4544-be24-620317609707.wav,0.0
bb19ca43-e0af-496d-8361-c9465264e477,coughvid_data/bb19ca43-e0af-496d-8361-c9465264e477.wav,coughvid_data/bb19ca43-e0af-496d-8361-c9465264e477.wav,0.0
78bad8e5-5c35-4c29-816a-34c44296fdd8,coughvid_data/78bad8e5-5c35-4c29-816a-34c44296fdd8.wav,coughvid_data/78bad8e5-5c35-4c29-816a-34c44296fdd8.wav,1.0
cf38eea8-2307-4f24-88ad-1abbedb59b25,coughvid_data/cf38eea8-2307-4f24-88ad-1abbedb59b25.wav,coughvid_data/cf38eea8-2307-4f24-88ad-1abbedb59b25.wav,0.0
4288651e-e936-4131-9f66-6c22f867e9f6,coughvid_data/4288651e-e936-4131-9f66-6c22f867e9f6.wav,coughvid_data/4288651e-e936-4131-9f66-6c22f867e9f6.wav,0.0
b36bc9b7-2c57-49ba-a38a-7afd07243cc6,coughvid_data/b36bc9b7-2c57-49ba-a38a-7afd07243cc6.wav,coughvid_data/b36bc9b7-2c57-49ba-a38a-7afd07243cc6.wav,0.0
74b3f1d5-c885-4162-897b-51d563d83f88,coughvid_data/74b3f1d5-c885-4162-897b-51d563d83f88.wav,coughvid_data/74b3f1d5-c885-4162-897b-51d563d83f88.wav,1.0
fead7e5d-b002-4741-883c-2c2bd56a9d24,coughvid_data/fead7e5d-b002-4741-883c-2c2bd56a9d24.wav,coughvid_data/fead7e5d-b002-4741-883c-2c2bd56a9d24.wav,0.0
4ec96775-f807-4be6-8457-4cc4dd5252a4,coughvid_data/4ec96775-f807-4be6-8457-4cc4dd5252a4.wav,coughvid_data/4ec96775-f807-4be6-8457-4cc4dd5252a4.wav,1.0
3c593f37-b5bd-406d-99a7-cf1372698bff,coughvid_data/3c593f37-b5bd-406d-99a7-cf1372698bff.wav,coughvid_data/3c593f37-b5bd-406d-99a7-cf1372698bff.wav,0.0
d7f614a8-8661-47dd-ad5b-97f23e5808e9,coughvid_data/d7f614a8-8661-47dd-ad5b-97f23e5808e9.wav,coughvid_data/d7f614a8-8661-47dd-ad5b-97f23e5808e9.wav,1.0
e514e9f6-883b-410c-96ad-d91103bc2ed8,coughvid_data/e514e9f6-883b-410c-96ad-d91103bc2ed8.wav,coughvid_data/e514e9f6-883b-410c-96ad-d91103bc2ed8.wav,0.0
c7487fce-2515-46f4-a155-118485e871c7,coughvid_data/c7487fce-2515-46f4-a155-118485e871c7.wav,coughvid_data/c7487fce-2515-46f4-a155-118485e871c7.wav,0.0
76821df9-fc85-4d81-901c-348cb4c5b467,coughvid_data/76821df9-fc85-4d81-901c-348cb4c5b467.wav,coughvid_data/76821df9-fc85-4d81-901c-348cb4c5b467.wav,1.0
7976c231-d132-4e92-a964-e85e05370b66,coughvid_data/7976c231-d132-4e92-a964-e85e05370b66.wav,coughvid_data/7976c231-d132-4e92-a964-e85e05370b66.wav,0.0
47f6705f-5669-4d9d-b81f-7a51e5afe1fb,coughvid_data/47f6705f-5669-4d9d-b81f-7a51e5afe1fb.wav,coughvid_data/47f6705f-5669-4d9d-b81f-7a51e5afe1fb.wav,1.0
7b2a3f4a-736e-47a5-9d43-7662ad23d688,coughvid_data/7b2a3f4a-736e-47a5-9d43-7662ad23d688.wav,coughvid_data/7b2a3f4a-736e-47a5-9d43-7662ad23d688.wav,0.0
159f0fc0-35e5-453e-b89f-bacd6b27d288,coughvid_data/159f0fc0-35e5-453e-b89f-bacd6b27d288.wav,coughvid_data/159f0fc0-35e5-453e-b89f-bacd6b27d288.wav,1.0
998a0dbd-4a49-46d1-b104-038c1cbc142b,coughvid_data/998a0dbd-4a49-46d1-b104-038c1cbc142b.wav,coughvid_data/998a0dbd-4a49-46d1-b104-038c1cbc142b.wav,1.0
00bf9f83-2e8f-47cf-a4f2-97f2beceebc1,coughvid_data/00bf9f83-2e8f-47cf-a4f2-97f2beceebc1.wav,coughvid_data/00bf9f83-2e8f-47cf-a4f2-97f2beceebc1.wav,1.0
ea84667c-c517-4bf0-a31e-3f25ed56c116,coughvid_data/ea84667c-c517-4bf0-a31e-3f25ed56c116.wav,coughvid_data/ea84667c-c517-4bf0-a31e-3f25ed56c116.wav,0.0
e4739ce1-f3e5-4af2-adb5-98f022c50bf7,coughvid_data/e4739ce1-f3e5-4af2-adb5-98f022c50bf7.wav,coughvid_data/e4739ce1-f3e5-4af2-adb5-98f022c50bf7.wav,1.0
054ba6b6-35c9-4b73-9016-0a132bb6d166,coughvid_data/054ba6b6-35c9-4b73-9016-0a132bb6d166.wav,coughvid_data/054ba6b6-35c9-4b73-9016-0a132bb6d166.wav,0.0
8694f6a0-a994-467e-94c0-185dffecedde,coughvid_data/8694f6a0-a994-467e-94c0-185dffecedde.wav,coughvid_data/8694f6a0-a994-467e-94c0-185dffecedde.wav,1.0
908e6f47-4b4e-4777-b82a-bc2bf6a12a53,coughvid_data/908e6f47-4b4e-4777-b82a-bc2bf6a12a53.wav,coughvid_data/908e6f47-4b4e-4777-b82a-bc2bf6a12a53.wav,1.0
4013cded-3b79-4a7d-bb4b-23decc1249dc,coughvid_data/4013cded-3b79-4a7d-bb4b-23decc1249dc.wav,coughvid_data/4013cded-3b79-4a7d-bb4b-23decc1249dc.wav,0.0
11f7bdd4-2320-464f-9e34-ef56bdf2bccd,coughvid_data/11f7bdd4-2320-464f-9e34-ef56bdf2bccd.wav,coughvid_data/11f7bdd4-2320-464f-9e34-ef56bdf2bccd.wav,0.0
d70748e6-0e82-4760-a2fc-d63b01d3c65c,coughvid_data/d70748e6-0e82-4760-a2fc-d63b01d3c65c.wav,coughvid_data/d70748e6-0e82-4760-a2fc-d63b01d3c65c.wav,1.0
af1ea2a2-1c34-4b1c-96aa-b1a2c28cf96b,coughvid_data/af1ea2a2-1c34-4b1c-96aa-b1a2c28cf96b.wav,coughvid_data/af1ea2a2-1c34-4b1c-96aa-b1a2c28cf96b.wav,0.0
978df0a0-a6f6-49d1-a390-b3e1a17257ec,coughvid_data/978df0a0-a6f6-49d1-a390-b3e1a17257ec.wav,coughvid_data/978df0a0-a6f6-49d1-a390-b3e1a17257ec.wav,0.0
8df3586f-b7f4-4cad-9d3b-c9a01dbd6272,coughvid_data/8df3586f-b7f4-4cad-9d3b-c9a01dbd6272.wav,coughvid_data/8df3586f-b7f4-4cad-9d3b-c9a01dbd6272.wav,0.0
b77585a8-543a-4757-92a6-5465ee1284af,coughvid_data/b77585a8-543a-4757-92a6-5465ee1284af.wav,coughvid_data/b77585a8-543a-4757-92a6-5465ee1284af.wav,1.0
bbbb6836-8331-40e8-906a-d1a63a4cecc7,coughvid_data/bbbb6836-8331-40e8-906a-d1a63a4cecc7.wav,coughvid_data/bbbb6836-8331-40e8-906a-d1a63a4cecc7.wav,0.0
19e279fc-e2df-41d2-87b6-2822339ba5ee,coughvid_data/19e279fc-e2df-41d2-87b6-2822339ba5ee.wav,coughvid_data/19e279fc-e2df-41d2-87b6-2822339ba5ee.wav,0.0
37f6f930-6958-405e-989a-04d026dfcfbb,coughvid_data/37f6f930-6958-405e-989a-04d026dfcfbb.wav,coughvid_data/37f6f930-6958-405e-989a-04d026dfcfbb.wav,1.0
d1bfd8ae-8c65-476a-8e24-7f491af08fab,coughvid_data/d1bfd8ae-8c65-476a-8e24-7f491af08fab.wav,coughvid_data/d1bfd8ae-8c65-476a-8e24-7f491af08fab.wav,1.0
23be1fc8-7761-4c59-a52b-50673f7e5449,coughvid_data/23be1fc8-7761-4c59-a52b-50673f7e5449.wav,coughvid_data/23be1fc8-7761-4c59-a52b-50673f7e5449.wav,1.0
bebd0171-8cdf-44f8-93bb-5046238ed75e,coughvid_data/bebd0171-8cdf-44f8-93bb-5046238ed75e.wav,coughvid_data/bebd0171-8cdf-44f8-93bb-5046238ed75e.wav,1.0
e8c6cdc3-72a9-4e81-aed4-e2549a0df264,coughvid_data/e8c6cdc3-72a9-4e81-aed4-e2549a0df264.wav,coughvid_data/e8c6cdc3-72a9-4e81-aed4-e2549a0df264.wav,0.0
c4a87cf8-f6ac-43bf-b626-d199a3d67e6b,coughvid_data/c4a87cf8-f6ac-43bf-b626-d199a3d67e6b.wav,coughvid_data/c4a87cf8-f6ac-43bf-b626-d199a3d67e6b.wav,0.0
413931d3-6563-4512-a89c-b749d635b517,coughvid_data/413931d3-6563-4512-a89c-b749d635b517.wav,coughvid_data/413931d3-6563-4512-a89c-b749d635b517.wav,0.0
e2ef49f4-49df-4ad5-9385-397b6fcda378,coughvid_data/e2ef49f4-49df-4ad5-9385-397b6fcda378.wav,coughvid_data/e2ef49f4-49df-4ad5-9385-397b6fcda378.wav,1.0
55b173e8-da40-4cfb-9c71-9495243ec2b9,coughvid_data/55b173e8-da40-4cfb-9c71-9495243ec2b9.wav,coughvid_data/55b173e8-da40-4cfb-9c71-9495243ec2b9.wav,0.0
abd1f425-15ed-4102-9a04-5e108c2c5342,coughvid_data/abd1f425-15ed-4102-9a04-5e108c2c5342.wav,coughvid_data/abd1f425-15ed-4102-9a04-5e108c2c5342.wav,1.0
c3ea7980-e2b2-46bb-9cb6-29e7ab1dc7bb,coughvid_data/c3ea7980-e2b2-46bb-9cb6-29e7ab1dc7bb.wav,coughvid_data/c3ea7980-e2b2-46bb-9cb6-29e7ab1dc7bb.wav,1.0
424f1c61-5421-4da9-b3de-70e2d706867e,coughvid_data/424f1c61-5421-4da9-b3de-70e2d706867e.wav,coughvid_data/424f1c61-5421-4da9-b3de-70e2d706867e.wav,1.0
07e0a829-aefd-4087-aefa-92d98c29e102,coughvid_data/07e0a829-aefd-4087-aefa-92d98c29e102.wav,coughvid_data/07e0a829-aefd-4087-aefa-92d98c29e102.wav,1.0
541b31f6-7530-421c-9940-3917fd41817f,coughvid_data/541b31f6-7530-421c-9940-3917fd41817f.wav,coughvid_data/541b31f6-7530-421c-9940-3917fd41817f.wav,0.0
fc9380b8-f273-4483-b0de-6b203ba0a978,coughvid_data/fc9380b8-f273-4483-b0de-6b203ba0a978.wav,coughvid_data/fc9380b8-f273-4483-b0de-6b203ba0a978.wav,0.0
cdf8d1af-a1cb-4e9a-846c-3aabb84c8376,coughvid_data/cdf8d1af-a1cb-4e9a-846c-3aabb84c8376.wav,coughvid_data/cdf8d1af-a1cb-4e9a-846c-3aabb84c8376.wav,0.0
d40ec5c3-bb85-467e-b21b-198891152bd3,coughvid_data/d40ec5c3-bb85-467e-b21b-198891152bd3.wav,coughvid_data/d40ec5c3-bb85-467e-b21b-198891152bd3.wav,0.0
0c565790-9765-40fc-ab58-ad3a1794d71e,coughvid_data/0c565790-9765-40fc-ab58-ad3a1794d71e.wav,coughvid_data/0c565790-9765-40fc-ab58-ad3a1794d71e.wav,1.0
a41fee87-f5d1-4758-999d-99b2cb67d808,coughvid_data/a41fee87-f5d1-4758-999d-99b2cb67d808.wav,coughvid_data/a41fee87-f5d1-4758-999d-99b2cb67d808.wav,1.0
9b7bc2ce-e8da-44fe-84be-9c2aa7125d17,coughvid_data/9b7bc2ce-e8da-44fe-84be-9c2aa7125d17.wav,coughvid_data/9b7bc2ce-e8da-44fe-84be-9c2aa7125d17.wav,1.0
ff8435f6-76b5-42c1-8f4c-7479710e71bf,coughvid_data/ff8435f6-76b5-42c1-8f4c-7479710e71bf.wav,coughvid_data/ff8435f6-76b5-42c1-8f4c-7479710e71bf.wav,1.0
a84adafc-b67a-4f8e-8da4-323ce7dd00c5,coughvid_data/a84adafc-b67a-4f8e-8da4-323ce7dd00c5.wav,coughvid_data/a84adafc-b67a-4f8e-8da4-323ce7dd00c5.wav,1.0
ed5eafaf-ff27-4ca9-89c8-ee6a0df0faa1,coughvid_data/ed5eafaf-ff27-4ca9-89c8-ee6a0df0faa1.wav,coughvid_data/ed5eafaf-ff27-4ca9-89c8-ee6a0df0faa1.wav,1.0
053af9b8-aea0-4496-9db0-d28f7531ede8,coughvid_data/053af9b8-aea0-4496-9db0-d28f7531ede8.wav,coughvid_data/053af9b8-aea0-4496-9db0-d28f7531ede8.wav,1.0
74ac38d7-1c1d-4d7a-994f-60cb0c747fe5,coughvid_data/74ac38d7-1c1d-4d7a-994f-60cb0c747fe5.wav,coughvid_data/74ac38d7-1c1d-4d7a-994f-60cb0c747fe5.wav,1.0
d5f65684-6d18-4c44-b6ba-34ede03c2fef,coughvid_data/d5f65684-6d18-4c44-b6ba-34ede03c2fef.wav,coughvid_data/d5f65684-6d18-4c44-b6ba-34ede03c2fef.wav,0.0
bb320d0b-c211-4fbf-8bfa-f5a8267e3b3e,coughvid_data/bb320d0b-c211-4fbf-8bfa-f5a8267e3b3e.wav,coughvid_data/bb320d0b-c211-4fbf-8bfa-f5a8267e3b3e.wav,0.0
91dba896-9e33-43a9-acfe-570311dd260d,coughvid_data/91dba896-9e33-43a9-acfe-570311dd260d.wav,coughvid_data/91dba896-9e33-43a9-acfe-570311dd260d.wav,1.0
56ab3938-5853-4f78-95cf-5103b595016d,coughvid_data/56ab3938-5853-4f78-95cf-5103b595016d.wav,coughvid_data/56ab3938-5853-4f78-95cf-5103b595016d.wav,0.0
39939507-9c90-491a-af33-f57f04a256ed,coughvid_data/39939507-9c90-491a-af33-f57f04a256ed.wav,coughvid_data/39939507-9c90-491a-af33-f57f04a256ed.wav,0.0
3bc2b14b-0b81-40bc-b6db-6f8864ede96a,coughvid_data/3bc2b14b-0b81-40bc-b6db-6f8864ede96a.wav,coughvid_data/3bc2b14b-0b81-40bc-b6db-6f8864ede96a.wav,1.0
5bdaa27d-e24a-4fb7-a700-077679b582f4,coughvid_data/5bdaa27d-e24a-4fb7-a700-077679b582f4.wav,coughvid_data/5bdaa27d-e24a-4fb7-a700-077679b582f4.wav,0.0
727349f2-4730-45f6-99fe-8cf1ae1f2004,coughvid_data/727349f2-4730-45f6-99fe-8cf1ae1f2004.wav,coughvid_data/727349f2-4730-45f6-99fe-8cf1ae1f2004.wav,1.0
aa18f2f7-7e58-4be8-a534-d3bd2175f321,coughvid_data/aa18f2f7-7e58-4be8-a534-d3bd2175f321.wav,coughvid_data/aa18f2f7-7e58-4be8-a534-d3bd2175f321.wav,0.0
5eaa6430-9bb2-4473-b58c-c9c2ebc9b642,coughvid_data/5eaa6430-9bb2-4473-b58c-c9c2ebc9b642.wav,coughvid_data/5eaa6430-9bb2-4473-b58c-c9c2ebc9b642.wav,0.0
085c22f5-f9aa-4b42-9c20-59c67baf52a5,coughvid_data/085c22f5-f9aa-4b42-9c20-59c67baf52a5.wav,coughvid_data/085c22f5-f9aa-4b42-9c20-59c67baf52a5.wav,1.0
bb7d0472-8ac0-48d2-917c-773ff7900cb2,coughvid_data/bb7d0472-8ac0-48d2-917c-773ff7900cb2.wav,coughvid_data/bb7d0472-8ac0-48d2-917c-773ff7900cb2.wav,0.0
a5d5de69-0d38-4702-86c4-25374482b723,coughvid_data/a5d5de69-0d38-4702-86c4-25374482b723.wav,coughvid_data/a5d5de69-0d38-4702-86c4-25374482b723.wav,1.0
23a8ce02-33f5-4e8f-b379-dd0fb6677a94,coughvid_data/23a8ce02-33f5-4e8f-b379-dd0fb6677a94.wav,coughvid_data/23a8ce02-33f5-4e8f-b379-dd0fb6677a94.wav,1.0
cc80fc45-edd2-4212-94f8-3b8fd8941f95,coughvid_data/cc80fc45-edd2-4212-94f8-3b8fd8941f95.wav,coughvid_data/cc80fc45-edd2-4212-94f8-3b8fd8941f95.wav,0.0
3250d360-bb5a-420f-8797-6c31d6ad66fa,coughvid_data/3250d360-bb5a-420f-8797-6c31d6ad66fa.wav,coughvid_data/3250d360-bb5a-420f-8797-6c31d6ad66fa.wav,0.0
e0d3b163-dbe0-40bb-8dff-8a3965db05e4,coughvid_data/e0d3b163-dbe0-40bb-8dff-8a3965db05e4.wav,coughvid_data/e0d3b163-dbe0-40bb-8dff-8a3965db05e4.wav,1.0
693d9c31-3e87-4e88-b5dc-a41d1847c45f,coughvid_data/693d9c31-3e87-4e88-b5dc-a41d1847c45f.wav,coughvid_data/693d9c31-3e87-4e88-b5dc-a41d1847c45f.wav,0.0
fc14f42f-c2f4-4427-8304-d062241ad6c2,coughvid_data/fc14f42f-c2f4-4427-8304-d062241ad6c2.wav,coughvid_data/fc14f42f-c2f4-4427-8304-d062241ad6c2.wav,0.0
7d50b0a7-9e31-4fb9-8bc2-b5efd9cdc3c2,coughvid_data/7d50b0a7-9e31-4fb9-8bc2-b5efd9cdc3c2.wav,coughvid_data/7d50b0a7-9e31-4fb9-8bc2-b5efd9cdc3c2.wav,0.0
43b2bb1b-9f97-40f2-8e0f-2cbbe1f4db6b,coughvid_data/43b2bb1b-9f97-40f2-8e0f-2cbbe1f4db6b.wav,coughvid_data/43b2bb1b-9f97-40f2-8e0f-2cbbe1f4db6b.wav,1.0
95b51b06-22ea-443d-ac2d-3e0a7b8bb8f9,coughvid_data/95b51b06-22ea-443d-ac2d-3e0a7b8bb8f9.wav,coughvid_data/95b51b06-22ea-443d-ac2d-3e0a7b8bb8f9.wav,0.0
5a05f071-9358-419e-938e-f8b4a29c5465,coughvid_data/5a05f071-9358-419e-938e-f8b4a29c5465.wav,coughvid_data/5a05f071-9358-419e-938e-f8b4a29c5465.wav,1.0
94c2d8ce-e6b8-433a-a2d5-34f56f48d0ea,coughvid_data/94c2d8ce-e6b8-433a-a2d5-34f56f48d0ea.wav,coughvid_data/94c2d8ce-e6b8-433a-a2d5-34f56f48d0ea.wav,1.0
2b15ebd1-500c-4106-aed9-839a79e6068d,coughvid_data/2b15ebd1-500c-4106-aed9-839a79e6068d.wav,coughvid_data/2b15ebd1-500c-4106-aed9-839a79e6068d.wav,0.0
e8307082-a651-468c-bf84-f66a07ac25fe,coughvid_data/e8307082-a651-468c-bf84-f66a07ac25fe.wav,coughvid_data/e8307082-a651-468c-bf84-f66a07ac25fe.wav,0.0
64bad4ed-5d38-4d59-b070-11a4becef193,coughvid_data/64bad4ed-5d38-4d59-b070-11a4becef193.wav,coughvid_data/64bad4ed-5d38-4d59-b070-11a4becef193.wav,1.0
17278593-a547-49a5-95fe-392c04c576fb,coughvid_data/17278593-a547-49a5-95fe-392c04c576fb.wav,coughvid_data/17278593-a547-49a5-95fe-392c04c576fb.wav,0.0
ba1e7410-390c-4cce-adfa-d6835c3a74d2,coughvid_data/ba1e7410-390c-4cce-adfa-d6835c3a74d2.wav,coughvid_data/ba1e7410-390c-4cce-adfa-d6835c3a74d2.wav,1.0
39ce212e-2dd8-4b78-b08f-48612a72e279,coughvid_data/39ce212e-2dd8-4b78-b08f-48612a72e279.wav,coughvid_data/39ce212e-2dd8-4b78-b08f-48612a72e279.wav,0.0
a80f885f-11f7-4cf7-87c5-28c3a7b59389,coughvid_data/a80f885f-11f7-4cf7-87c5-28c3a7b59389.wav,coughvid_data/a80f885f-11f7-4cf7-87c5-28c3a7b59389.wav,1.0
d967a3f3-66fd-40b0-83a0-95f53cd841a6,coughvid_data/d967a3f3-66fd-40b0-83a0-95f53cd841a6.wav,coughvid_data/d967a3f3-66fd-40b0-83a0-95f53cd841a6.wav,1.0
655a1ae4-c292-4f15-9923-501df96cca53,coughvid_data/655a1ae4-c292-4f15-9923-501df96cca53.wav,coughvid_data/655a1ae4-c292-4f15-9923-501df96cca53.wav,1.0
5e98f1dc-a58b-4c72-9ad8-7e92f8a9afec,coughvid_data/5e98f1dc-a58b-4c72-9ad8-7e92f8a9afec.wav,coughvid_data/5e98f1dc-a58b-4c72-9ad8-7e92f8a9afec.wav,1.0
23bb7fb9-2808-439f-8f68-d40c9df8d818,coughvid_data/23bb7fb9-2808-439f-8f68-d40c9df8d818.wav,coughvid_data/23bb7fb9-2808-439f-8f68-d40c9df8d818.wav,0.0
c5954c01-0d4e-411f-b52a-6049daac7670,coughvid_data/c5954c01-0d4e-411f-b52a-6049daac7670.wav,coughvid_data/c5954c01-0d4e-411f-b52a-6049daac7670.wav,1.0
7710a9b1-da6c-44ca-be93-aa2ad78a0b09,coughvid_data/7710a9b1-da6c-44ca-be93-aa2ad78a0b09.wav,coughvid_data/7710a9b1-da6c-44ca-be93-aa2ad78a0b09.wav,1.0
31cd05b0-093f-4cbf-8c14-857d24fe343b,coughvid_data/31cd05b0-093f-4cbf-8c14-857d24fe343b.wav,coughvid_data/31cd05b0-093f-4cbf-8c14-857d24fe343b.wav,1.0
a64fcfe4-90bd-4128-a5f4-28f2085995e8,coughvid_data/a64fcfe4-90bd-4128-a5f4-28f2085995e8.wav,coughvid_data/a64fcfe4-90bd-4128-a5f4-28f2085995e8.wav,1.0
48279710-84f8-4973-b083-6c956e049c24,coughvid_data/48279710-84f8-4973-b083-6c956e049c24.wav,coughvid_data/48279710-84f8-4973-b083-6c956e049c24.wav,1.0
3032bbbc-70c8-4506-bc70-40fd9e4a0577,coughvid_data/3032bbbc-70c8-4506-bc70-40fd9e4a0577.wav,coughvid_data/3032bbbc-70c8-4506-bc70-40fd9e4a0577.wav,0.0
47d64799-7d0e-4300-896e-0840482e7e9f,coughvid_data/47d64799-7d0e-4300-896e-0840482e7e9f.wav,coughvid_data/47d64799-7d0e-4300-896e-0840482e7e9f.wav,0.0
7d94005e-e8df-4649-9ecf-028d9c4dc533,coughvid_data/7d94005e-e8df-4649-9ecf-028d9c4dc533.wav,coughvid_data/7d94005e-e8df-4649-9ecf-028d9c4dc533.wav,0.0
b273b74b-a227-43c9-be4b-3e8cf959fa44,coughvid_data/b273b74b-a227-43c9-be4b-3e8cf959fa44.wav,coughvid_data/b273b74b-a227-43c9-be4b-3e8cf959fa44.wav,1.0
79c174b8-ceab-40b4-8111-fd7e9279beae,coughvid_data/79c174b8-ceab-40b4-8111-fd7e9279beae.wav,coughvid_data/79c174b8-ceab-40b4-8111-fd7e9279beae.wav,0.0
93d06660-80b4-4e71-82a3-c7d723191d1c,coughvid_data/93d06660-80b4-4e71-82a3-c7d723191d1c.wav,coughvid_data/93d06660-80b4-4e71-82a3-c7d723191d1c.wav,0.0
3c3e2950-ff3d-4db5-b079-6db5182f3f92,coughvid_data/3c3e2950-ff3d-4db5-b079-6db5182f3f92.wav,coughvid_data/3c3e2950-ff3d-4db5-b079-6db5182f3f92.wav,1.0
a0753682-7f81-4333-baf5-45b3cc02d09b,coughvid_data/a0753682-7f81-4333-baf5-45b3cc02d09b.wav,coughvid_data/a0753682-7f81-4333-baf5-45b3cc02d09b.wav,1.0
adc5e746-2601-45ac-8eb3-e17ead9c44bf,coughvid_data/adc5e746-2601-45ac-8eb3-e17ead9c44bf.wav,coughvid_data/adc5e746-2601-45ac-8eb3-e17ead9c44bf.wav,0.0
4bd75a0f-f05a-4d82-b683-22a4323f716e,coughvid_data/4bd75a0f-f05a-4d82-b683-22a4323f716e.wav,coughvid_data/4bd75a0f-f05a-4d82-b683-22a4323f716e.wav,0.0
afcf9e64-95e0-4aad-ac49-f928fbfc54d2,coughvid_data/afcf9e64-95e0-4aad-ac49-f928fbfc54d2.wav,coughvid_data/afcf9e64-95e0-4aad-ac49-f928fbfc54d2.wav,0.0
43fa901f-d9bd-41c4-aebf-fde42864a2e5,coughvid_data/43fa901f-d9bd-41c4-aebf-fde42864a2e5.wav,coughvid_data/43fa901f-d9bd-41c4-aebf-fde42864a2e5.wav,0.0
6d941efe-43f9-4a64-8172-58cbb20400ab,coughvid_data/6d941efe-43f9-4a64-8172-58cbb20400ab.wav,coughvid_data/6d941efe-43f9-4a64-8172-58cbb20400ab.wav,1.0
07e02fee-791d-497a-970b-f9fdc6f857e9,coughvid_data/07e02fee-791d-497a-970b-f9fdc6f857e9.wav,coughvid_data/07e02fee-791d-497a-970b-f9fdc6f857e9.wav,0.0
c1600410-79d4-45da-af0d-54069aec54a1,coughvid_data/c1600410-79d4-45da-af0d-54069aec54a1.wav,coughvid_data/c1600410-79d4-45da-af0d-54069aec54a1.wav,1.0
7bf9ffc8-31bb-489d-8175-d40da75fd258,coughvid_data/7bf9ffc8-31bb-489d-8175-d40da75fd258.wav,coughvid_data/7bf9ffc8-31bb-489d-8175-d40da75fd258.wav,0.0
8708dbed-558b-4611-91ee-7d2f3a4df797,coughvid_data/8708dbed-558b-4611-91ee-7d2f3a4df797.wav,coughvid_data/8708dbed-558b-4611-91ee-7d2f3a4df797.wav,0.0
18604736-1926-43c0-8a48-23c136cd7502,coughvid_data/18604736-1926-43c0-8a48-23c136cd7502.wav,coughvid_data/18604736-1926-43c0-8a48-23c136cd7502.wav,0.0
bae0c88f-852c-4f3f-8141-d037c777459e,coughvid_data/bae0c88f-852c-4f3f-8141-d037c777459e.wav,coughvid_data/bae0c88f-852c-4f3f-8141-d037c777459e.wav,1.0
41fc7925-0b48-4555-b55e-49ce9290addf,coughvid_data/41fc7925-0b48-4555-b55e-49ce9290addf.wav,coughvid_data/41fc7925-0b48-4555-b55e-49ce9290addf.wav,1.0
2f50793e-7e4c-4ef3-8d13-a35a39cf3abb,coughvid_data/2f50793e-7e4c-4ef3-8d13-a35a39cf3abb.wav,coughvid_data/2f50793e-7e4c-4ef3-8d13-a35a39cf3abb.wav,0.0
9f31f764-516c-4f75-b573-c9e55e1f7f6d,coughvid_data/9f31f764-516c-4f75-b573-c9e55e1f7f6d.wav,coughvid_data/9f31f764-516c-4f75-b573-c9e55e1f7f6d.wav,0.0
3c6cfda1-3fe9-403d-b5d1-7797420debe2,coughvid_data/3c6cfda1-3fe9-403d-b5d1-7797420debe2.wav,coughvid_data/3c6cfda1-3fe9-403d-b5d1-7797420debe2.wav,1.0
98f7591e-6cdc-4fe3-aa81-6ed42284d38b,coughvid_data/98f7591e-6cdc-4fe3-aa81-6ed42284d38b.wav,coughvid_data/98f7591e-6cdc-4fe3-aa81-6ed42284d38b.wav,1.0
c3174535-aaef-4c26-b0b5-a38996e54763,coughvid_data/c3174535-aaef-4c26-b0b5-a38996e54763.wav,coughvid_data/c3174535-aaef-4c26-b0b5-a38996e54763.wav,1.0
ba73e6ea-e484-47ce-942b-d0e64dc150b8,coughvid_data/ba73e6ea-e484-47ce-942b-d0e64dc150b8.wav,coughvid_data/ba73e6ea-e484-47ce-942b-d0e64dc150b8.wav,1.0
665858bb-8d30-48d0-beb4-cba991b57370,coughvid_data/665858bb-8d30-48d0-beb4-cba991b57370.wav,coughvid_data/665858bb-8d30-48d0-beb4-cba991b57370.wav,1.0
d654c36d-845a-4b00-8fab-90d2a0c09a78,coughvid_data/d654c36d-845a-4b00-8fab-90d2a0c09a78.wav,coughvid_data/d654c36d-845a-4b00-8fab-90d2a0c09a78.wav,0.0
0c181c0d-ea12-4b3c-9356-9e41f9d62a8e,coughvid_data/0c181c0d-ea12-4b3c-9356-9e41f9d62a8e.wav,coughvid_data/0c181c0d-ea12-4b3c-9356-9e41f9d62a8e.wav,1.0
3897ced4-a9e4-468e-847f-bceafaf5c41a,coughvid_data/3897ced4-a9e4-468e-847f-bceafaf5c41a.wav,coughvid_data/3897ced4-a9e4-468e-847f-bceafaf5c41a.wav,1.0
73d15d3f-7490-4072-a2ef-b0bd7c547ed2,coughvid_data/73d15d3f-7490-4072-a2ef-b0bd7c547ed2.wav,coughvid_data/73d15d3f-7490-4072-a2ef-b0bd7c547ed2.wav,1.0
1ca127b0-28ef-410f-8278-494acca82165,coughvid_data/1ca127b0-28ef-410f-8278-494acca82165.wav,coughvid_data/1ca127b0-28ef-410f-8278-494acca82165.wav,0.0
3aaa2d9a-c93e-4732-bb23-fc269a4f8fbf,coughvid_data/3aaa2d9a-c93e-4732-bb23-fc269a4f8fbf.wav,coughvid_data/3aaa2d9a-c93e-4732-bb23-fc269a4f8fbf.wav,0.0
9dc66677-d2a0-4c56-8a4d-74177f49ba1e,coughvid_data/9dc66677-d2a0-4c56-8a4d-74177f49ba1e.wav,coughvid_data/9dc66677-d2a0-4c56-8a4d-74177f49ba1e.wav,1.0
e49774be-c910-4e9d-9df8-c41b12f742fe,coughvid_data/e49774be-c910-4e9d-9df8-c41b12f742fe.wav,coughvid_data/e49774be-c910-4e9d-9df8-c41b12f742fe.wav,1.0
4fb1aa56-b127-430c-a4b9-07310bcc6332,coughvid_data/4fb1aa56-b127-430c-a4b9-07310bcc6332.wav,coughvid_data/4fb1aa56-b127-430c-a4b9-07310bcc6332.wav,1.0
fc878cb2-7693-4e4f-8f5e-b6997ca3e85b,coughvid_data/fc878cb2-7693-4e4f-8f5e-b6997ca3e85b.wav,coughvid_data/fc878cb2-7693-4e4f-8f5e-b6997ca3e85b.wav,0.0
c88e7d77-2f77-49b4-8c5a-369318460185,coughvid_data/c88e7d77-2f77-49b4-8c5a-369318460185.wav,coughvid_data/c88e7d77-2f77-49b4-8c5a-369318460185.wav,0.0
7ef0954e-05d2-4718-9f48-18aa69726c74,coughvid_data/7ef0954e-05d2-4718-9f48-18aa69726c74.wav,coughvid_data/7ef0954e-05d2-4718-9f48-18aa69726c74.wav,0.0
3761d6fa-6785-439f-bfeb-104a99f326ad,coughvid_data/3761d6fa-6785-439f-bfeb-104a99f326ad.wav,coughvid_data/3761d6fa-6785-439f-bfeb-104a99f326ad.wav,1.0
c85f3e27-db92-4015-b84c-0657efda99a9,coughvid_data/c85f3e27-db92-4015-b84c-0657efda99a9.wav,coughvid_data/c85f3e27-db92-4015-b84c-0657efda99a9.wav,1.0
17406b1b-fe8e-4325-bbf2-3a0234e65f2b,coughvid_data/17406b1b-fe8e-4325-bbf2-3a0234e65f2b.wav,coughvid_data/17406b1b-fe8e-4325-bbf2-3a0234e65f2b.wav,0.0
55564bae-7b7e-4396-a4db-caffe4fdd486,coughvid_data/55564bae-7b7e-4396-a4db-caffe4fdd486.wav,coughvid_data/55564bae-7b7e-4396-a4db-caffe4fdd486.wav,0.0
63a15746-04da-4ce3-ab78-bb87e6321a2e,coughvid_data/63a15746-04da-4ce3-ab78-bb87e6321a2e.wav,coughvid_data/63a15746-04da-4ce3-ab78-bb87e6321a2e.wav,0.0
057f02e2-865c-4f4b-b08d-1538d1145ffd,coughvid_data/057f02e2-865c-4f4b-b08d-1538d1145ffd.wav,coughvid_data/057f02e2-865c-4f4b-b08d-1538d1145ffd.wav,1.0
8b8c5abd-23e2-414c-8ffc-2246bc508f19,coughvid_data/8b8c5abd-23e2-414c-8ffc-2246bc508f19.wav,coughvid_data/8b8c5abd-23e2-414c-8ffc-2246bc508f19.wav,1.0
c2ebde0d-5293-4dd8-bd72-c740c3bcd1b8,coughvid_data/c2ebde0d-5293-4dd8-bd72-c740c3bcd1b8.wav,coughvid_data/c2ebde0d-5293-4dd8-bd72-c740c3bcd1b8.wav,0.0
391ff2f3-5283-4770-8cdf-b91e77e58e04,coughvid_data/391ff2f3-5283-4770-8cdf-b91e77e58e04.wav,coughvid_data/391ff2f3-5283-4770-8cdf-b91e77e58e04.wav,0.0
64cb151f-0ffe-4686-a9ee-b544680453c8,coughvid_data/64cb151f-0ffe-4686-a9ee-b544680453c8.wav,coughvid_data/64cb151f-0ffe-4686-a9ee-b544680453c8.wav,1.0
0d1c17c2-c6da-434b-98ec-c22078f5061d,coughvid_data/0d1c17c2-c6da-434b-98ec-c22078f5061d.wav,coughvid_data/0d1c17c2-c6da-434b-98ec-c22078f5061d.wav,1.0
fac72950-4464-498a-bdce-49cc08d1fa52,coughvid_data/fac72950-4464-498a-bdce-49cc08d1fa52.wav,coughvid_data/fac72950-4464-498a-bdce-49cc08d1fa52.wav,0.0
27911ac3-ec15-45c1-a95a-4cc902f32299,coughvid_data/27911ac3-ec15-45c1-a95a-4cc902f32299.wav,coughvid_data/27911ac3-ec15-45c1-a95a-4cc902f32299.wav,0.0
af4ddfdb-1698-4cb1-8bed-dadbf38537f3,coughvid_data/af4ddfdb-1698-4cb1-8bed-dadbf38537f3.wav,coughvid_data/af4ddfdb-1698-4cb1-8bed-dadbf38537f3.wav,0.0
b1bdaeee-ffa3-4a1e-a213-7a74e3a863c3,coughvid_data/b1bdaeee-ffa3-4a1e-a213-7a74e3a863c3.wav,coughvid_data/b1bdaeee-ffa3-4a1e-a213-7a74e3a863c3.wav,1.0
c4fbbd15-173c-4440-988c-b091e35aa978,coughvid_data/c4fbbd15-173c-4440-988c-b091e35aa978.wav,coughvid_data/c4fbbd15-173c-4440-988c-b091e35aa978.wav,1.0
2cc30ae2-55f0-4aa5-aa3f-cdfb8ff6d46e,coughvid_data/2cc30ae2-55f0-4aa5-aa3f-cdfb8ff6d46e.wav,coughvid_data/2cc30ae2-55f0-4aa5-aa3f-cdfb8ff6d46e.wav,1.0
c24e7020-57bf-455d-ab60-de4485f8ff75,coughvid_data/c24e7020-57bf-455d-ab60-de4485f8ff75.wav,coughvid_data/c24e7020-57bf-455d-ab60-de4485f8ff75.wav,0.0
a5850b78-df6e-4c6d-8af3-5632f0a0bd7a,coughvid_data/a5850b78-df6e-4c6d-8af3-5632f0a0bd7a.wav,coughvid_data/a5850b78-df6e-4c6d-8af3-5632f0a0bd7a.wav,0.0
0be75221-126f-4971-bf65-d8c3189bfeff,coughvid_data/0be75221-126f-4971-bf65-d8c3189bfeff.wav,coughvid_data/0be75221-126f-4971-bf65-d8c3189bfeff.wav,1.0
d535933a-edc1-48b5-866b-c59f57839206,coughvid_data/d535933a-edc1-48b5-866b-c59f57839206.wav,coughvid_data/d535933a-edc1-48b5-866b-c59f57839206.wav,0.0
b141f836-43f2-4e9e-b23f-4bccc6340889,coughvid_data/b141f836-43f2-4e9e-b23f-4bccc6340889.wav,coughvid_data/b141f836-43f2-4e9e-b23f-4bccc6340889.wav,0.0
56a47e17-6572-40f9-ab6e-6bdddc596c11,coughvid_data/56a47e17-6572-40f9-ab6e-6bdddc596c11.wav,coughvid_data/56a47e17-6572-40f9-ab6e-6bdddc596c11.wav,0.0
12c58af2-b547-4567-9ea2-8288e2a8680a,coughvid_data/12c58af2-b547-4567-9ea2-8288e2a8680a.wav,coughvid_data/12c58af2-b547-4567-9ea2-8288e2a8680a.wav,1.0
0b4919ea-1af9-4eb4-86dc-794d2ede2a0e,coughvid_data/0b4919ea-1af9-4eb4-86dc-794d2ede2a0e.wav,coughvid_data/0b4919ea-1af9-4eb4-86dc-794d2ede2a0e.wav,1.0
8d9358eb-118e-459f-a9a8-0e5ec3e9636c,coughvid_data/8d9358eb-118e-459f-a9a8-0e5ec3e9636c.wav,coughvid_data/8d9358eb-118e-459f-a9a8-0e5ec3e9636c.wav,1.0
84df6d65-0107-4016-ad57-958325c46d3b,coughvid_data/84df6d65-0107-4016-ad57-958325c46d3b.wav,coughvid_data/84df6d65-0107-4016-ad57-958325c46d3b.wav,1.0
4f821e75-61c4-4fb2-b7e7-d1a388fb744a,coughvid_data/4f821e75-61c4-4fb2-b7e7-d1a388fb744a.wav,coughvid_data/4f821e75-61c4-4fb2-b7e7-d1a388fb744a.wav,0.0
06027906-1d51-42af-907c-a8cd461d9350,coughvid_data/06027906-1d51-42af-907c-a8cd461d9350.wav,coughvid_data/06027906-1d51-42af-907c-a8cd461d9350.wav,1.0
67bccf67-17f8-47f0-98cb-01ae6d33cc57,coughvid_data/67bccf67-17f8-47f0-98cb-01ae6d33cc57.wav,coughvid_data/67bccf67-17f8-47f0-98cb-01ae6d33cc57.wav,0.0
38eecddd-12fd-4b06-ac14-b3fe0678f9e2,coughvid_data/38eecddd-12fd-4b06-ac14-b3fe0678f9e2.wav,coughvid_data/38eecddd-12fd-4b06-ac14-b3fe0678f9e2.wav,0.0
07e2f7e1-8e9b-4962-8701-fbe1224de7ef,coughvid_data/07e2f7e1-8e9b-4962-8701-fbe1224de7ef.wav,coughvid_data/07e2f7e1-8e9b-4962-8701-fbe1224de7ef.wav,1.0
16d4a059-9526-4e22-821c-e17105f5e41e,coughvid_data/16d4a059-9526-4e22-821c-e17105f5e41e.wav,coughvid_data/16d4a059-9526-4e22-821c-e17105f5e41e.wav,0.0
3f8365a5-3609-44b3-a37a-c682be88f8c0,coughvid_data/3f8365a5-3609-44b3-a37a-c682be88f8c0.wav,coughvid_data/3f8365a5-3609-44b3-a37a-c682be88f8c0.wav,0.0
aae8f0d5-16b2-49d0-8874-266d8c6ada95,coughvid_data/aae8f0d5-16b2-49d0-8874-266d8c6ada95.wav,coughvid_data/aae8f0d5-16b2-49d0-8874-266d8c6ada95.wav,0.0
5ce52e46-d941-46b0-a74a-62296faeb28b,coughvid_data/5ce52e46-d941-46b0-a74a-62296faeb28b.wav,coughvid_data/5ce52e46-d941-46b0-a74a-62296faeb28b.wav,0.0
8725ab2d-7612-4eef-ac45-268a4f19cb46,coughvid_data/8725ab2d-7612-4eef-ac45-268a4f19cb46.wav,coughvid_data/8725ab2d-7612-4eef-ac45-268a4f19cb46.wav,0.0
848b360c-928d-412e-9981-b0e3f23614b0,coughvid_data/848b360c-928d-412e-9981-b0e3f23614b0.wav,coughvid_data/848b360c-928d-412e-9981-b0e3f23614b0.wav,0.0
66b08c43-411a-4e5c-8dfc-8295f8722771,coughvid_data/66b08c43-411a-4e5c-8dfc-8295f8722771.wav,coughvid_data/66b08c43-411a-4e5c-8dfc-8295f8722771.wav,1.0
e439a077-dc92-404f-8ef4-9aff5d5dfcac,coughvid_data/e439a077-dc92-404f-8ef4-9aff5d5dfcac.wav,coughvid_data/e439a077-dc92-404f-8ef4-9aff5d5dfcac.wav,1.0
710fb79b-2b44-4556-9d8b-1993228340ac,coughvid_data/710fb79b-2b44-4556-9d8b-1993228340ac.wav,coughvid_data/710fb79b-2b44-4556-9d8b-1993228340ac.wav,0.0
08c0d784-4b64-43e9-85b3-cce76b87f939,coughvid_data/08c0d784-4b64-43e9-85b3-cce76b87f939.wav,coughvid_data/08c0d784-4b64-43e9-85b3-cce76b87f939.wav,0.0
1a324acb-12f7-4eef-8e8c-0c71a47280e2,coughvid_data/1a324acb-12f7-4eef-8e8c-0c71a47280e2.wav,coughvid_data/1a324acb-12f7-4eef-8e8c-0c71a47280e2.wav,1.0
70c133ae-7af4-47e9-8d7f-b35da0115459,coughvid_data/70c133ae-7af4-47e9-8d7f-b35da0115459.wav,coughvid_data/70c133ae-7af4-47e9-8d7f-b35da0115459.wav,1.0
5797f5f8-cb74-4312-829a-ca5b814b0159,coughvid_data/5797f5f8-cb74-4312-829a-ca5b814b0159.wav,coughvid_data/5797f5f8-cb74-4312-829a-ca5b814b0159.wav,0.0
4e89741a-8acc-4d7f-aa3d-c5564c974411,coughvid_data/4e89741a-8acc-4d7f-aa3d-c5564c974411.wav,coughvid_data/4e89741a-8acc-4d7f-aa3d-c5564c974411.wav,1.0
e3bde039-fe9f-48a4-8757-87c48d00a107,coughvid_data/e3bde039-fe9f-48a4-8757-87c48d00a107.wav,coughvid_data/e3bde039-fe9f-48a4-8757-87c48d00a107.wav,0.0
d8e92f12-8f63-4ce4-96f8-3ab21243dada,coughvid_data/d8e92f12-8f63-4ce4-96f8-3ab21243dada.wav,coughvid_data/d8e92f12-8f63-4ce4-96f8-3ab21243dada.wav,1.0
e53af4f6-2ca6-47e1-9627-eafe16695f7c,coughvid_data/e53af4f6-2ca6-47e1-9627-eafe16695f7c.wav,coughvid_data/e53af4f6-2ca6-47e1-9627-eafe16695f7c.wav,0.0
df08ea84-6042-4b22-a513-99ab275a4e22,coughvid_data/df08ea84-6042-4b22-a513-99ab275a4e22.wav,coughvid_data/df08ea84-6042-4b22-a513-99ab275a4e22.wav,0.0
9777bdbe-14e6-4ae7-a46a-4022dcb51fa9,coughvid_data/9777bdbe-14e6-4ae7-a46a-4022dcb51fa9.wav,coughvid_data/9777bdbe-14e6-4ae7-a46a-4022dcb51fa9.wav,1.0
4b6caf06-cded-4479-a06c-0a102a5bcd69,coughvid_data/4b6caf06-cded-4479-a06c-0a102a5bcd69.wav,coughvid_data/4b6caf06-cded-4479-a06c-0a102a5bcd69.wav,0.0
9edfc274-7cc6-4a0d-b5b9-c0fb38e9b1b0,coughvid_data/9edfc274-7cc6-4a0d-b5b9-c0fb38e9b1b0.wav,coughvid_data/9edfc274-7cc6-4a0d-b5b9-c0fb38e9b1b0.wav,1.0
41fc55f1-1e14-4194-9b47-a389c9dd59e1,coughvid_data/41fc55f1-1e14-4194-9b47-a389c9dd59e1.wav,coughvid_data/41fc55f1-1e14-4194-9b47-a389c9dd59e1.wav,1.0
2aecd14d-8e57-4a9c-8af0-73713740a54e,coughvid_data/2aecd14d-8e57-4a9c-8af0-73713740a54e.wav,coughvid_data/2aecd14d-8e57-4a9c-8af0-73713740a54e.wav,0.0
f2058fbf-d21d-4470-a450-49c0de193754,coughvid_data/f2058fbf-d21d-4470-a450-49c0de193754.wav,coughvid_data/f2058fbf-d21d-4470-a450-49c0de193754.wav,1.0
4aaf6bb9-6129-4d52-b07f-7f8a736b7ae4,coughvid_data/4aaf6bb9-6129-4d52-b07f-7f8a736b7ae4.wav,coughvid_data/4aaf6bb9-6129-4d52-b07f-7f8a736b7ae4.wav,1.0
f5010dc8-918c-417b-8a3e-3fab466c5811,coughvid_data/f5010dc8-918c-417b-8a3e-3fab466c5811.wav,coughvid_data/f5010dc8-918c-417b-8a3e-3fab466c5811.wav,1.0
cd70f9b7-5ea5-403c-aff7-4804663bfbf6,coughvid_data/cd70f9b7-5ea5-403c-aff7-4804663bfbf6.wav,coughvid_data/cd70f9b7-5ea5-403c-aff7-4804663bfbf6.wav,1.0
b4c0fe66-dd28-4db3-9a41-00fb1f4f00e6,coughvid_data/b4c0fe66-dd28-4db3-9a41-00fb1f4f00e6.wav,coughvid_data/b4c0fe66-dd28-4db3-9a41-00fb1f4f00e6.wav,0.0
a11febde-dcef-4279-b46c-650308be5ef9,coughvid_data/a11febde-dcef-4279-b46c-650308be5ef9.wav,coughvid_data/a11febde-dcef-4279-b46c-650308be5ef9.wav,0.0
ba71923e-345e-424e-a7af-083e9fb4b2c8,coughvid_data/ba71923e-345e-424e-a7af-083e9fb4b2c8.wav,coughvid_data/ba71923e-345e-424e-a7af-083e9fb4b2c8.wav,1.0
5b6c672e-19c1-489a-9a95-1a0641d2cfc7,coughvid_data/5b6c672e-19c1-489a-9a95-1a0641d2cfc7.wav,coughvid_data/5b6c672e-19c1-489a-9a95-1a0641d2cfc7.wav,0.0
04bb0caf-266f-4b5e-9ec6-67f63d503050,coughvid_data/04bb0caf-266f-4b5e-9ec6-67f63d503050.wav,coughvid_data/04bb0caf-266f-4b5e-9ec6-67f63d503050.wav,1.0
41d02b64-6be1-49e8-8e39-c8050447236a,coughvid_data/41d02b64-6be1-49e8-8e39-c8050447236a.wav,coughvid_data/41d02b64-6be1-49e8-8e39-c8050447236a.wav,1.0
5a8f4a06-41c5-44a4-8928-d59111249113,coughvid_data/5a8f4a06-41c5-44a4-8928-d59111249113.wav,coughvid_data/5a8f4a06-41c5-44a4-8928-d59111249113.wav,0.0
ca19d2c6-2f15-48c7-b05c-d02914e39cfa,coughvid_data/ca19d2c6-2f15-48c7-b05c-d02914e39cfa.wav,coughvid_data/ca19d2c6-2f15-48c7-b05c-d02914e39cfa.wav,1.0
8d0ad1a7-4659-41bc-aadd-1a0592776823,coughvid_data/8d0ad1a7-4659-41bc-aadd-1a0592776823.wav,coughvid_data/8d0ad1a7-4659-41bc-aadd-1a0592776823.wav,0.0
0c4da14c-7035-41b7-ade2-38aa1481c046,coughvid_data/0c4da14c-7035-41b7-ade2-38aa1481c046.wav,coughvid_data/0c4da14c-7035-41b7-ade2-38aa1481c046.wav,1.0
b0a8dcc2-ad03-45a0-98b6-fd5389bbcdfa,coughvid_data/b0a8dcc2-ad03-45a0-98b6-fd5389bbcdfa.wav,coughvid_data/b0a8dcc2-ad03-45a0-98b6-fd5389bbcdfa.wav,0.0
c0a2cc7b-1b99-478c-9213-0caa52296bb3,coughvid_data/c0a2cc7b-1b99-478c-9213-0caa52296bb3.wav,coughvid_data/c0a2cc7b-1b99-478c-9213-0caa52296bb3.wav,1.0
a0f4c9f4-4afc-4e40-a4c3-a7839acfe89a,coughvid_data/a0f4c9f4-4afc-4e40-a4c3-a7839acfe89a.wav,coughvid_data/a0f4c9f4-4afc-4e40-a4c3-a7839acfe89a.wav,0.0
c4865074-e72d-4710-b8f0-7ff08392da50,coughvid_data/c4865074-e72d-4710-b8f0-7ff08392da50.wav,coughvid_data/c4865074-e72d-4710-b8f0-7ff08392da50.wav,1.0
0c77190f-ccd5-4434-bc85-6f6820b64940,coughvid_data/0c77190f-ccd5-4434-bc85-6f6820b64940.wav,coughvid_data/0c77190f-ccd5-4434-bc85-6f6820b64940.wav,0.0
41e691bd-f918-4123-a75f-0e535446179b,coughvid_data/41e691bd-f918-4123-a75f-0e535446179b.wav,coughvid_data/41e691bd-f918-4123-a75f-0e535446179b.wav,1.0
b97f802f-a435-4921-918b-a340d146b575,coughvid_data/b97f802f-a435-4921-918b-a340d146b575.wav,coughvid_data/b97f802f-a435-4921-918b-a340d146b575.wav,0.0
bef8dd3c-3465-406f-bdd5-7a2fb62db148,coughvid_data/bef8dd3c-3465-406f-bdd5-7a2fb62db148.wav,coughvid_data/bef8dd3c-3465-406f-bdd5-7a2fb62db148.wav,1.0
a429e6d7-fc50-4d99-a49b-748a6d9be187,coughvid_data/a429e6d7-fc50-4d99-a49b-748a6d9be187.wav,coughvid_data/a429e6d7-fc50-4d99-a49b-748a6d9be187.wav,1.0
e6e9477e-84fc-49bf-b63d-15f09631f9fe,coughvid_data/e6e9477e-84fc-49bf-b63d-15f09631f9fe.wav,coughvid_data/e6e9477e-84fc-49bf-b63d-15f09631f9fe.wav,1.0
117b1866-3174-4abb-8194-1e27fcf0d700,coughvid_data/117b1866-3174-4abb-8194-1e27fcf0d700.wav,coughvid_data/117b1866-3174-4abb-8194-1e27fcf0d700.wav,1.0
5792d61d-4b0f-4504-b2c1-0406e6f4ccb5,coughvid_data/5792d61d-4b0f-4504-b2c1-0406e6f4ccb5.wav,coughvid_data/5792d61d-4b0f-4504-b2c1-0406e6f4ccb5.wav,0.0
3f45d101-7e65-4246-bded-8cbae77dc4fa,coughvid_data/3f45d101-7e65-4246-bded-8cbae77dc4fa.wav,coughvid_data/3f45d101-7e65-4246-bded-8cbae77dc4fa.wav,1.0
c9eb23e6-3c82-4249-ac0b-af2cdd03e940,coughvid_data/c9eb23e6-3c82-4249-ac0b-af2cdd03e940.wav,coughvid_data/c9eb23e6-3c82-4249-ac0b-af2cdd03e940.wav,1.0
2ff72b89-3b4e-4282-842e-96cd332a5096,coughvid_data/2ff72b89-3b4e-4282-842e-96cd332a5096.wav,coughvid_data/2ff72b89-3b4e-4282-842e-96cd332a5096.wav,0.0
85121680-164c-4634-a892-f77cd428a041,coughvid_data/85121680-164c-4634-a892-f77cd428a041.wav,coughvid_data/85121680-164c-4634-a892-f77cd428a041.wav,1.0
0e08a6e6-f471-4abe-a85a-f305eec69ff9,coughvid_data/0e08a6e6-f471-4abe-a85a-f305eec69ff9.wav,coughvid_data/0e08a6e6-f471-4abe-a85a-f305eec69ff9.wav,1.0
72ded5ea-9caf-48f1-8dbf-6f6797990637,coughvid_data/72ded5ea-9caf-48f1-8dbf-6f6797990637.wav,coughvid_data/72ded5ea-9caf-48f1-8dbf-6f6797990637.wav,0.0
ae229f04-fa8d-43c0-bab8-9a2d7495eaee,coughvid_data/ae229f04-fa8d-43c0-bab8-9a2d7495eaee.wav,coughvid_data/ae229f04-fa8d-43c0-bab8-9a2d7495eaee.wav,0.0
d00123d0-397f-43b1-b5d6-bf4584451214,coughvid_data/d00123d0-397f-43b1-b5d6-bf4584451214.wav,coughvid_data/d00123d0-397f-43b1-b5d6-bf4584451214.wav,0.0
b006ca2a-b469-4f92-ac90-667562cc49ca,coughvid_data/b006ca2a-b469-4f92-ac90-667562cc49ca.wav,coughvid_data/b006ca2a-b469-4f92-ac90-667562cc49ca.wav,0.0
cedacde3-26fa-4cab-b35b-d677cee317ee,coughvid_data/cedacde3-26fa-4cab-b35b-d677cee317ee.wav,coughvid_data/cedacde3-26fa-4cab-b35b-d677cee317ee.wav,1.0
8293cd67-2dc4-4348-86bd-635f9ddd4f02,coughvid_data/8293cd67-2dc4-4348-86bd-635f9ddd4f02.wav,coughvid_data/8293cd67-2dc4-4348-86bd-635f9ddd4f02.wav,0.0
49d960e5-e871-4fc9-a5cb-e3c56fe3e4ba,coughvid_data/49d960e5-e871-4fc9-a5cb-e3c56fe3e4ba.wav,coughvid_data/49d960e5-e871-4fc9-a5cb-e3c56fe3e4ba.wav,0.0
466b4640-33d6-4049-bc92-6c3cec565a5a,coughvid_data/466b4640-33d6-4049-bc92-6c3cec565a5a.wav,coughvid_data/466b4640-33d6-4049-bc92-6c3cec565a5a.wav,1.0
3895df91-1041-443d-b725-ccadc1be2d40,coughvid_data/3895df91-1041-443d-b725-ccadc1be2d40.wav,coughvid_data/3895df91-1041-443d-b725-ccadc1be2d40.wav,0.0
625bd109-82ac-4d32-bef5-f9a51de82b5a,coughvid_data/625bd109-82ac-4d32-bef5-f9a51de82b5a.wav,coughvid_data/625bd109-82ac-4d32-bef5-f9a51de82b5a.wav,0.0
9af2454a-aff7-4fe4-94dc-e1fd4f12c25d,coughvid_data/9af2454a-aff7-4fe4-94dc-e1fd4f12c25d.wav,coughvid_data/9af2454a-aff7-4fe4-94dc-e1fd4f12c25d.wav,0.0
4498b4e8-ef57-4699-9625-7f1c0b79a624,coughvid_data/4498b4e8-ef57-4699-9625-7f1c0b79a624.wav,coughvid_data/4498b4e8-ef57-4699-9625-7f1c0b79a624.wav,0.0
27b2ef6a-9e8e-40e2-a6a0-a317ac8199f9,coughvid_data/27b2ef6a-9e8e-40e2-a6a0-a317ac8199f9.wav,coughvid_data/27b2ef6a-9e8e-40e2-a6a0-a317ac8199f9.wav,1.0
52b8c21c-b2f4-4167-b9a6-ef95619f1d13,coughvid_data/52b8c21c-b2f4-4167-b9a6-ef95619f1d13.wav,coughvid_data/52b8c21c-b2f4-4167-b9a6-ef95619f1d13.wav,1.0
58340e21-14cf-4234-86b6-7a223aa04072,coughvid_data/58340e21-14cf-4234-86b6-7a223aa04072.wav,coughvid_data/58340e21-14cf-4234-86b6-7a223aa04072.wav,0.0
50377d34-bcbe-42d3-9a91-c713e48769ca,coughvid_data/50377d34-bcbe-42d3-9a91-c713e48769ca.wav,coughvid_data/50377d34-bcbe-42d3-9a91-c713e48769ca.wav,1.0
e1cc0eff-9bab-481f-9368-79916e157dc8,coughvid_data/e1cc0eff-9bab-481f-9368-79916e157dc8.wav,coughvid_data/e1cc0eff-9bab-481f-9368-79916e157dc8.wav,1.0
f524b731-4850-4f99-ada4-3b94fb36acec,coughvid_data/f524b731-4850-4f99-ada4-3b94fb36acec.wav,coughvid_data/f524b731-4850-4f99-ada4-3b94fb36acec.wav,0.0
bd120088-ca50-42b1-aa65-19d103c0ea7e,coughvid_data/bd120088-ca50-42b1-aa65-19d103c0ea7e.wav,coughvid_data/bd120088-ca50-42b1-aa65-19d103c0ea7e.wav,1.0
462f3a95-6793-4bdd-80c6-cd5881c9c414,coughvid_data/462f3a95-6793-4bdd-80c6-cd5881c9c414.wav,coughvid_data/462f3a95-6793-4bdd-80c6-cd5881c9c414.wav,1.0
4ce78dd6-47b6-4228-b38c-2efc28908286,coughvid_data/4ce78dd6-47b6-4228-b38c-2efc28908286.wav,coughvid_data/4ce78dd6-47b6-4228-b38c-2efc28908286.wav,0.0
bf6f3cbf-05ab-4924-9577-a8d9611fc1d8,coughvid_data/bf6f3cbf-05ab-4924-9577-a8d9611fc1d8.wav,coughvid_data/bf6f3cbf-05ab-4924-9577-a8d9611fc1d8.wav,1.0
9514bede-4c58-4088-997e-9bdc049017de,coughvid_data/9514bede-4c58-4088-997e-9bdc049017de.wav,coughvid_data/9514bede-4c58-4088-997e-9bdc049017de.wav,1.0
2e8c56ca-2c71-40f8-b0fd-ed8b2af7070d,coughvid_data/2e8c56ca-2c71-40f8-b0fd-ed8b2af7070d.wav,coughvid_data/2e8c56ca-2c71-40f8-b0fd-ed8b2af7070d.wav,0.0
4e902b95-398e-4ed5-a27a-5bb58d4fcc2c,coughvid_data/4e902b95-398e-4ed5-a27a-5bb58d4fcc2c.wav,coughvid_data/4e902b95-398e-4ed5-a27a-5bb58d4fcc2c.wav,1.0
ef03608a-cbcc-49f2-85e1-2436b13b455e,coughvid_data/ef03608a-cbcc-49f2-85e1-2436b13b455e.wav,coughvid_data/ef03608a-cbcc-49f2-85e1-2436b13b455e.wav,0.0
f0411002-583e-4370-affb-e19ad8fc2caa,coughvid_data/f0411002-583e-4370-affb-e19ad8fc2caa.wav,coughvid_data/f0411002-583e-4370-affb-e19ad8fc2caa.wav,0.0
aca64268-8d7e-4c28-aada-a51f02ff6a46,coughvid_data/aca64268-8d7e-4c28-aada-a51f02ff6a46.wav,coughvid_data/aca64268-8d7e-4c28-aada-a51f02ff6a46.wav,1.0
8778d146-7f44-49ff-a924-641ccc6a7659,coughvid_data/8778d146-7f44-49ff-a924-641ccc6a7659.wav,coughvid_data/8778d146-7f44-49ff-a924-641ccc6a7659.wav,0.0
98f5b0dc-c798-4855-8c36-fb6599a79cab,coughvid_data/98f5b0dc-c798-4855-8c36-fb6599a79cab.wav,coughvid_data/98f5b0dc-c798-4855-8c36-fb6599a79cab.wav,1.0
a7214be4-3edb-4e2d-9bdd-ff41aefbfc7f,coughvid_data/a7214be4-3edb-4e2d-9bdd-ff41aefbfc7f.wav,coughvid_data/a7214be4-3edb-4e2d-9bdd-ff41aefbfc7f.wav,0.0
d1cc2a03-fa9e-47a2-8fe1-b0289309de00,coughvid_data/d1cc2a03-fa9e-47a2-8fe1-b0289309de00.wav,coughvid_data/d1cc2a03-fa9e-47a2-8fe1-b0289309de00.wav,1.0
bb04fd5a-3d12-466a-8b4f-c3da0369cd4f,coughvid_data/bb04fd5a-3d12-466a-8b4f-c3da0369cd4f.wav,coughvid_data/bb04fd5a-3d12-466a-8b4f-c3da0369cd4f.wav,1.0
e513e750-23dc-4d16-ae51-7012a1eb5068,coughvid_data/e513e750-23dc-4d16-ae51-7012a1eb5068.wav,coughvid_data/e513e750-23dc-4d16-ae51-7012a1eb5068.wav,1.0
448b434a-0f63-4b5a-aceb-e8b8497a258f,coughvid_data/448b434a-0f63-4b5a-aceb-e8b8497a258f.wav,coughvid_data/448b434a-0f63-4b5a-aceb-e8b8497a258f.wav,1.0
49cff583-cf10-4662-9e3b-effb576afa95,coughvid_data/49cff583-cf10-4662-9e3b-effb576afa95.wav,coughvid_data/49cff583-cf10-4662-9e3b-effb576afa95.wav,1.0
901055e9-70c1-43f8-b581-551631e06abe,coughvid_data/901055e9-70c1-43f8-b581-551631e06abe.wav,coughvid_data/901055e9-70c1-43f8-b581-551631e06abe.wav,0.0
f547055a-8a1a-47dd-b4dc-4cd25985f6ed,coughvid_data/f547055a-8a1a-47dd-b4dc-4cd25985f6ed.wav,coughvid_data/f547055a-8a1a-47dd-b4dc-4cd25985f6ed.wav,0.0
478090b5-f194-46a2-96be-4a0ba30ad3b0,coughvid_data/478090b5-f194-46a2-96be-4a0ba30ad3b0.wav,coughvid_data/478090b5-f194-46a2-96be-4a0ba30ad3b0.wav,1.0
ab0eaab9-6e82-4c5a-94f1-0bd73c6821c1,coughvid_data/ab0eaab9-6e82-4c5a-94f1-0bd73c6821c1.wav,coughvid_data/ab0eaab9-6e82-4c5a-94f1-0bd73c6821c1.wav,1.0
8ebf9736-c189-4b43-b436-592d6e0e8295,coughvid_data/8ebf9736-c189-4b43-b436-592d6e0e8295.wav,coughvid_data/8ebf9736-c189-4b43-b436-592d6e0e8295.wav,0.0
c124d96e-5be4-4baf-a7ae-b715a986c58a,coughvid_data/c124d96e-5be4-4baf-a7ae-b715a986c58a.wav,coughvid_data/c124d96e-5be4-4baf-a7ae-b715a986c58a.wav,1.0
442b458f-e018-42b2-be2f-64653b0eb79f,coughvid_data/442b458f-e018-42b2-be2f-64653b0eb79f.wav,coughvid_data/442b458f-e018-42b2-be2f-64653b0eb79f.wav,0.0
dc5fcc36-273a-4647-baf8-f01f0607f4d1,coughvid_data/dc5fcc36-273a-4647-baf8-f01f0607f4d1.wav,coughvid_data/dc5fcc36-273a-4647-baf8-f01f0607f4d1.wav,0.0
7d3617e0-358b-47c4-8a79-c7e4e0bec938,coughvid_data/7d3617e0-358b-47c4-8a79-c7e4e0bec938.wav,coughvid_data/7d3617e0-358b-47c4-8a79-c7e4e0bec938.wav,0.0
7410d015-7e98-40f9-9659-5f88559a2412,coughvid_data/7410d015-7e98-40f9-9659-5f88559a2412.wav,coughvid_data/7410d015-7e98-40f9-9659-5f88559a2412.wav,1.0
66a487c3-d656-439f-bb5e-bd5fd6380dea,coughvid_data/66a487c3-d656-439f-bb5e-bd5fd6380dea.wav,coughvid_data/66a487c3-d656-439f-bb5e-bd5fd6380dea.wav,0.0
c6740d27-26d7-4487-83db-1f8e497d2689,coughvid_data/c6740d27-26d7-4487-83db-1f8e497d2689.wav,coughvid_data/c6740d27-26d7-4487-83db-1f8e497d2689.wav,0.0
8de2b2bf-d2c4-4875-a6fe-9497b94bfe0f,coughvid_data/8de2b2bf-d2c4-4875-a6fe-9497b94bfe0f.wav,coughvid_data/8de2b2bf-d2c4-4875-a6fe-9497b94bfe0f.wav,0.0
cd728f24-2cfe-4e8a-bfbb-a5a011086364,coughvid_data/cd728f24-2cfe-4e8a-bfbb-a5a011086364.wav,coughvid_data/cd728f24-2cfe-4e8a-bfbb-a5a011086364.wav,0.0
8b3235dc-2f09-4736-8015-df372c8ed458,coughvid_data/8b3235dc-2f09-4736-8015-df372c8ed458.wav,coughvid_data/8b3235dc-2f09-4736-8015-df372c8ed458.wav,1.0
fc0a4c54-3c37-4944-beeb-1c3191ea9c96,coughvid_data/fc0a4c54-3c37-4944-beeb-1c3191ea9c96.wav,coughvid_data/fc0a4c54-3c37-4944-beeb-1c3191ea9c96.wav,1.0
6990ad8f-0acd-44f1-86e5-adbb0bbfcab0,coughvid_data/6990ad8f-0acd-44f1-86e5-adbb0bbfcab0.wav,coughvid_data/6990ad8f-0acd-44f1-86e5-adbb0bbfcab0.wav,1.0
263d4659-420f-4ced-bac6-4351c22dcf54,coughvid_data/263d4659-420f-4ced-bac6-4351c22dcf54.wav,coughvid_data/263d4659-420f-4ced-bac6-4351c22dcf54.wav,0.0
b6e5de33-f01a-4895-bec0-a1093aa8af71,coughvid_data/b6e5de33-f01a-4895-bec0-a1093aa8af71.wav,coughvid_data/b6e5de33-f01a-4895-bec0-a1093aa8af71.wav,0.0
2b615ca2-2fe4-4cbc-9423-d85700812b58,coughvid_data/2b615ca2-2fe4-4cbc-9423-d85700812b58.wav,coughvid_data/2b615ca2-2fe4-4cbc-9423-d85700812b58.wav,0.0
722eefb7-9166-4891-9daf-6d93c4fcf8a9,coughvid_data/722eefb7-9166-4891-9daf-6d93c4fcf8a9.wav,coughvid_data/722eefb7-9166-4891-9daf-6d93c4fcf8a9.wav,1.0
b58fc4dc-a52e-4611-b621-0ea410ebb90f,coughvid_data/b58fc4dc-a52e-4611-b621-0ea410ebb90f.wav,coughvid_data/b58fc4dc-a52e-4611-b621-0ea410ebb90f.wav,0.0
6e19df6d-0184-44b3-b50c-c50138e93ba5,coughvid_data/6e19df6d-0184-44b3-b50c-c50138e93ba5.wav,coughvid_data/6e19df6d-0184-44b3-b50c-c50138e93ba5.wav,0.0
498d64dc-e551-4fe1-8da3-ba533134d950,coughvid_data/498d64dc-e551-4fe1-8da3-ba533134d950.wav,coughvid_data/498d64dc-e551-4fe1-8da3-ba533134d950.wav,1.0
844b78ee-8043-4af0-8a6d-d0be3c0f748d,coughvid_data/844b78ee-8043-4af0-8a6d-d0be3c0f748d.wav,coughvid_data/844b78ee-8043-4af0-8a6d-d0be3c0f748d.wav,1.0
b31f840c-69f6-4f5d-a34d-08480583decb,coughvid_data/b31f840c-69f6-4f5d-a34d-08480583decb.wav,coughvid_data/b31f840c-69f6-4f5d-a34d-08480583decb.wav,0.0
0c38f5c0-ed59-40c8-ab2b-a40ea18e0567,coughvid_data/0c38f5c0-ed59-40c8-ab2b-a40ea18e0567.wav,coughvid_data/0c38f5c0-ed59-40c8-ab2b-a40ea18e0567.wav,0.0
9d03d2b0-dde8-4a31-b4a8-7bb87e98750f,coughvid_data/9d03d2b0-dde8-4a31-b4a8-7bb87e98750f.wav,coughvid_data/9d03d2b0-dde8-4a31-b4a8-7bb87e98750f.wav,1.0
67312101-a2f2-4e05-af63-78c7630e00c0,coughvid_data/67312101-a2f2-4e05-af63-78c7630e00c0.wav,coughvid_data/67312101-a2f2-4e05-af63-78c7630e00c0.wav,0.0
ef1f82b3-8665-4955-83d2-b996b28ececb,coughvid_data/ef1f82b3-8665-4955-83d2-b996b28ececb.wav,coughvid_data/ef1f82b3-8665-4955-83d2-b996b28ececb.wav,1.0
cd24cb74-b46f-4dc3-ba5f-9e42e6255eec,coughvid_data/cd24cb74-b46f-4dc3-ba5f-9e42e6255eec.wav,coughvid_data/cd24cb74-b46f-4dc3-ba5f-9e42e6255eec.wav,0.0
58f32c3f-7baf-4f47-91f1-ba5edbceee24,coughvid_data/58f32c3f-7baf-4f47-91f1-ba5edbceee24.wav,coughvid_data/58f32c3f-7baf-4f47-91f1-ba5edbceee24.wav,1.0
6091e3d7-1e7e-4316-87a0-8557ab3d0a23,coughvid_data/6091e3d7-1e7e-4316-87a0-8557ab3d0a23.wav,coughvid_data/6091e3d7-1e7e-4316-87a0-8557ab3d0a23.wav,1.0
170eddb5-48fb-469c-846d-33d424405617,coughvid_data/170eddb5-48fb-469c-846d-33d424405617.wav,coughvid_data/170eddb5-48fb-469c-846d-33d424405617.wav,1.0
68aa2906-c7a5-474d-bbdc-92d54a53bc4d,coughvid_data/68aa2906-c7a5-474d-bbdc-92d54a53bc4d.wav,coughvid_data/68aa2906-c7a5-474d-bbdc-92d54a53bc4d.wav,1.0
dc09005c-ac18-4bf1-a9e0-946ea0e683a7,coughvid_data/dc09005c-ac18-4bf1-a9e0-946ea0e683a7.wav,coughvid_data/dc09005c-ac18-4bf1-a9e0-946ea0e683a7.wav,0.0
700034a0-e189-4532-ac7c-0d3aaabcd961,coughvid_data/700034a0-e189-4532-ac7c-0d3aaabcd961.wav,coughvid_data/700034a0-e189-4532-ac7c-0d3aaabcd961.wav,0.0
9f8b7825-6b2d-48bf-9c1d-e35d16543602,coughvid_data/9f8b7825-6b2d-48bf-9c1d-e35d16543602.wav,coughvid_data/9f8b7825-6b2d-48bf-9c1d-e35d16543602.wav,1.0
5a92cf34-92bd-4db4-b172-b5d8e3fdc1b1,coughvid_data/5a92cf34-92bd-4db4-b172-b5d8e3fdc1b1.wav,coughvid_data/5a92cf34-92bd-4db4-b172-b5d8e3fdc1b1.wav,0.0
81bebcf4-37b4-404f-9e54-e0c77bd28576,coughvid_data/81bebcf4-37b4-404f-9e54-e0c77bd28576.wav,coughvid_data/81bebcf4-37b4-404f-9e54-e0c77bd28576.wav,0.0
3abb8396-8f0f-4ea5-90c6-1669d0d9c2c8,coughvid_data/3abb8396-8f0f-4ea5-90c6-1669d0d9c2c8.wav,coughvid_data/3abb8396-8f0f-4ea5-90c6-1669d0d9c2c8.wav,0.0
ad79ff6c-1e5e-46cd-b9ac-d6c65d8c22ee,coughvid_data/ad79ff6c-1e5e-46cd-b9ac-d6c65d8c22ee.wav,coughvid_data/ad79ff6c-1e5e-46cd-b9ac-d6c65d8c22ee.wav,0.0
c3d42d18-e3fc-48b5-8ff6-1255c3ed211a,coughvid_data/c3d42d18-e3fc-48b5-8ff6-1255c3ed211a.wav,coughvid_data/c3d42d18-e3fc-48b5-8ff6-1255c3ed211a.wav,1.0
46672eab-a432-46cf-8f85-abad9abc68a4,coughvid_data/46672eab-a432-46cf-8f85-abad9abc68a4.wav,coughvid_data/46672eab-a432-46cf-8f85-abad9abc68a4.wav,1.0
8bd242d1-398a-4d4e-a5bd-7717fcfd3035,coughvid_data/8bd242d1-398a-4d4e-a5bd-7717fcfd3035.wav,coughvid_data/8bd242d1-398a-4d4e-a5bd-7717fcfd3035.wav,1.0
8942915b-8c43-42e1-9c7d-eae05f725814,coughvid_data/8942915b-8c43-42e1-9c7d-eae05f725814.wav,coughvid_data/8942915b-8c43-42e1-9c7d-eae05f725814.wav,0.0
e7a00ee2-031b-4c32-b949-54997fa82385,coughvid_data/e7a00ee2-031b-4c32-b949-54997fa82385.wav,coughvid_data/e7a00ee2-031b-4c32-b949-54997fa82385.wav,1.0
6ddd2768-b5c8-4880-b7ed-ae35316eb70f,coughvid_data/6ddd2768-b5c8-4880-b7ed-ae35316eb70f.wav,coughvid_data/6ddd2768-b5c8-4880-b7ed-ae35316eb70f.wav,0.0
fcb48486-a405-4428-a5ed-9213f6d28946,coughvid_data/fcb48486-a405-4428-a5ed-9213f6d28946.wav,coughvid_data/fcb48486-a405-4428-a5ed-9213f6d28946.wav,1.0
268f0809-7210-4721-9ac3-112871d42e2f,coughvid_data/268f0809-7210-4721-9ac3-112871d42e2f.wav,coughvid_data/268f0809-7210-4721-9ac3-112871d42e2f.wav,0.0
d34c83f6-79db-448d-8827-86f2fc6a679c,coughvid_data/d34c83f6-79db-448d-8827-86f2fc6a679c.wav,coughvid_data/d34c83f6-79db-448d-8827-86f2fc6a679c.wav,1.0
b3b23880-5d68-4a1b-8126-3619b1c70c20,coughvid_data/b3b23880-5d68-4a1b-8126-3619b1c70c20.wav,coughvid_data/b3b23880-5d68-4a1b-8126-3619b1c70c20.wav,1.0
86262e36-ba4e-4ec0-a490-b86b80f87bd7,coughvid_data/86262e36-ba4e-4ec0-a490-b86b80f87bd7.wav,coughvid_data/86262e36-ba4e-4ec0-a490-b86b80f87bd7.wav,1.0
1a816daa-480a-4a1c-ae8c-c7113ce1759c,coughvid_data/1a816daa-480a-4a1c-ae8c-c7113ce1759c.wav,coughvid_data/1a816daa-480a-4a1c-ae8c-c7113ce1759c.wav,0.0
be26e579-774d-4d93-91a9-eea4c2c07e34,coughvid_data/be26e579-774d-4d93-91a9-eea4c2c07e34.wav,coughvid_data/be26e579-774d-4d93-91a9-eea4c2c07e34.wav,1.0
7d1cdeb6-0e15-4acd-a53a-059efd16e7b0,coughvid_data/7d1cdeb6-0e15-4acd-a53a-059efd16e7b0.wav,coughvid_data/7d1cdeb6-0e15-4acd-a53a-059efd16e7b0.wav,1.0
479097ce-e4f5-4f7f-981e-e1290c34595f,coughvid_data/479097ce-e4f5-4f7f-981e-e1290c34595f.wav,coughvid_data/479097ce-e4f5-4f7f-981e-e1290c34595f.wav,0.0
d3bcc7d5-4e16-4ecd-8b83-d647b5e1a6fa,coughvid_data/d3bcc7d5-4e16-4ecd-8b83-d647b5e1a6fa.wav,coughvid_data/d3bcc7d5-4e16-4ecd-8b83-d647b5e1a6fa.wav,0.0
d5195278-1967-494e-b636-e906ecb6a3ff,coughvid_data/d5195278-1967-494e-b636-e906ecb6a3ff.wav,coughvid_data/d5195278-1967-494e-b636-e906ecb6a3ff.wav,1.0
bbe5b8d6-21cf-4718-b263-0fb779d13784,coughvid_data/bbe5b8d6-21cf-4718-b263-0fb779d13784.wav,coughvid_data/bbe5b8d6-21cf-4718-b263-0fb779d13784.wav,0.0
ba6f354e-2189-4b93-b037-c07ee2e72f40,coughvid_data/ba6f354e-2189-4b93-b037-c07ee2e72f40.wav,coughvid_data/ba6f354e-2189-4b93-b037-c07ee2e72f40.wav,1.0
bc9a60d1-f1cd-4b50-b663-3adb47e911fd,coughvid_data/bc9a60d1-f1cd-4b50-b663-3adb47e911fd.wav,coughvid_data/bc9a60d1-f1cd-4b50-b663-3adb47e911fd.wav,1.0
acae37ea-edb8-45fe-9a10-5b7af79c17ec,coughvid_data/acae37ea-edb8-45fe-9a10-5b7af79c17ec.wav,coughvid_data/acae37ea-edb8-45fe-9a10-5b7af79c17ec.wav,1.0
18912970-3aad-4f86-a739-a8f85ad0b897,coughvid_data/18912970-3aad-4f86-a739-a8f85ad0b897.wav,coughvid_data/18912970-3aad-4f86-a739-a8f85ad0b897.wav,0.0
b0382f8d-e0e9-44d7-a122-0c02c5da69f6,coughvid_data/b0382f8d-e0e9-44d7-a122-0c02c5da69f6.wav,coughvid_data/b0382f8d-e0e9-44d7-a122-0c02c5da69f6.wav,1.0
970f633d-6dda-447a-884a-95dfc4798326,coughvid_data/970f633d-6dda-447a-884a-95dfc4798326.wav,coughvid_data/970f633d-6dda-447a-884a-95dfc4798326.wav,1.0
78dab35a-dc21-4ffa-910f-71b87d314e0b,coughvid_data/78dab35a-dc21-4ffa-910f-71b87d314e0b.wav,coughvid_data/78dab35a-dc21-4ffa-910f-71b87d314e0b.wav,0.0
ae87b83e-1e19-43fc-9fd1-98fbbb42248e,coughvid_data/ae87b83e-1e19-43fc-9fd1-98fbbb42248e.wav,coughvid_data/ae87b83e-1e19-43fc-9fd1-98fbbb42248e.wav,0.0
1eabca75-4058-4498-8b27-9d04c3503007,coughvid_data/1eabca75-4058-4498-8b27-9d04c3503007.wav,coughvid_data/1eabca75-4058-4498-8b27-9d04c3503007.wav,0.0
028f6443-eb89-479e-94ea-57418dce1de4,coughvid_data/028f6443-eb89-479e-94ea-57418dce1de4.wav,coughvid_data/028f6443-eb89-479e-94ea-57418dce1de4.wav,0.0
9e343e27-2391-4ed4-b485-f41e2d1f3e56,coughvid_data/9e343e27-2391-4ed4-b485-f41e2d1f3e56.wav,coughvid_data/9e343e27-2391-4ed4-b485-f41e2d1f3e56.wav,1.0
78dbd6f2-0ab0-4d6c-89a7-873c48beaf27,coughvid_data/78dbd6f2-0ab0-4d6c-89a7-873c48beaf27.wav,coughvid_data/78dbd6f2-0ab0-4d6c-89a7-873c48beaf27.wav,0.0
eaf31be4-c776-4249-9e89-58c3b3ec28c9,coughvid_data/eaf31be4-c776-4249-9e89-58c3b3ec28c9.wav,coughvid_data/eaf31be4-c776-4249-9e89-58c3b3ec28c9.wav,0.0
a5d22e6c-1428-4c0b-952e-371940ff2719,coughvid_data/a5d22e6c-1428-4c0b-952e-371940ff2719.wav,coughvid_data/a5d22e6c-1428-4c0b-952e-371940ff2719.wav,0.0
49162713-870a-4bb4-a2c8-ecac184989bd,coughvid_data/49162713-870a-4bb4-a2c8-ecac184989bd.wav,coughvid_data/49162713-870a-4bb4-a2c8-ecac184989bd.wav,1.0
918e0137-7061-4c8b-8fff-5faa26d7ecb3,coughvid_data/918e0137-7061-4c8b-8fff-5faa26d7ecb3.wav,coughvid_data/918e0137-7061-4c8b-8fff-5faa26d7ecb3.wav,0.0
76385350-e994-44c4-8a25-ad41953fdc92,coughvid_data/76385350-e994-44c4-8a25-ad41953fdc92.wav,coughvid_data/76385350-e994-44c4-8a25-ad41953fdc92.wav,0.0
10854d42-b802-4e7f-8445-7bf2e50048b0,coughvid_data/10854d42-b802-4e7f-8445-7bf2e50048b0.wav,coughvid_data/10854d42-b802-4e7f-8445-7bf2e50048b0.wav,0.0
aa27859e-d3a3-4a40-a241-8ebdc849017a,coughvid_data/aa27859e-d3a3-4a40-a241-8ebdc849017a.wav,coughvid_data/aa27859e-d3a3-4a40-a241-8ebdc849017a.wav,1.0
c317656b-c7e1-4d3f-ab08-f5cc1a14a562,coughvid_data/c317656b-c7e1-4d3f-ab08-f5cc1a14a562.wav,coughvid_data/c317656b-c7e1-4d3f-ab08-f5cc1a14a562.wav,0.0
0886f2df-34b9-4818-a1d5-b9d4d497fdda,coughvid_data/0886f2df-34b9-4818-a1d5-b9d4d497fdda.wav,coughvid_data/0886f2df-34b9-4818-a1d5-b9d4d497fdda.wav,0.0
665c5c04-bf3c-4c9a-b128-1cb4f844c315,coughvid_data/665c5c04-bf3c-4c9a-b128-1cb4f844c315.wav,coughvid_data/665c5c04-bf3c-4c9a-b128-1cb4f844c315.wav,1.0
0602176c-332e-4545-9a28-27e0d92ee381,coughvid_data/0602176c-332e-4545-9a28-27e0d92ee381.wav,coughvid_data/0602176c-332e-4545-9a28-27e0d92ee381.wav,0.0
d6de71ae-5b92-4a91-a656-bd0d33fa6189,coughvid_data/d6de71ae-5b92-4a91-a656-bd0d33fa6189.wav,coughvid_data/d6de71ae-5b92-4a91-a656-bd0d33fa6189.wav,1.0
8dbda18c-edc3-4b7c-a455-d64e7766b11d,coughvid_data/8dbda18c-edc3-4b7c-a455-d64e7766b11d.wav,coughvid_data/8dbda18c-edc3-4b7c-a455-d64e7766b11d.wav,0.0
0b57a1df-e4b0-460b-96bc-5e40e85e37af,coughvid_data/0b57a1df-e4b0-460b-96bc-5e40e85e37af.wav,coughvid_data/0b57a1df-e4b0-460b-96bc-5e40e85e37af.wav,0.0
49d0cd79-e72e-468d-9a59-d70fab45e66d,coughvid_data/49d0cd79-e72e-468d-9a59-d70fab45e66d.wav,coughvid_data/49d0cd79-e72e-468d-9a59-d70fab45e66d.wav,0.0
4d772bbd-4834-41a9-98fc-30950242e10e,coughvid_data/4d772bbd-4834-41a9-98fc-30950242e10e.wav,coughvid_data/4d772bbd-4834-41a9-98fc-30950242e10e.wav,1.0
2d26833b-337e-4d31-b566-f0d2d57a9aa2,coughvid_data/2d26833b-337e-4d31-b566-f0d2d57a9aa2.wav,coughvid_data/2d26833b-337e-4d31-b566-f0d2d57a9aa2.wav,1.0
0f6daedd-3eb6-4c4a-972f-2c131a4b1720,coughvid_data/0f6daedd-3eb6-4c4a-972f-2c131a4b1720.wav,coughvid_data/0f6daedd-3eb6-4c4a-972f-2c131a4b1720.wav,0.0
4dc9dd01-672a-4668-8a95-d153d467e756,coughvid_data/4dc9dd01-672a-4668-8a95-d153d467e756.wav,coughvid_data/4dc9dd01-672a-4668-8a95-d153d467e756.wav,1.0
d8c0af3f-cea9-4474-80f2-82fa7e0e24b8,coughvid_data/d8c0af3f-cea9-4474-80f2-82fa7e0e24b8.wav,coughvid_data/d8c0af3f-cea9-4474-80f2-82fa7e0e24b8.wav,0.0
b7e770e2-54c2-4cd0-b95a-a938bdcd8a30,coughvid_data/b7e770e2-54c2-4cd0-b95a-a938bdcd8a30.wav,coughvid_data/b7e770e2-54c2-4cd0-b95a-a938bdcd8a30.wav,0.0
56918dbc-cbbe-42b0-aba7-4d1bd7b510ab,coughvid_data/56918dbc-cbbe-42b0-aba7-4d1bd7b510ab.wav,coughvid_data/56918dbc-cbbe-42b0-aba7-4d1bd7b510ab.wav,0.0
0dd23a78-e8d7-44d8-867f-7efc36a756d9,coughvid_data/0dd23a78-e8d7-44d8-867f-7efc36a756d9.wav,coughvid_data/0dd23a78-e8d7-44d8-867f-7efc36a756d9.wav,1.0
db48d5b5-2e01-4564-9f57-43caae2eb918,coughvid_data/db48d5b5-2e01-4564-9f57-43caae2eb918.wav,coughvid_data/db48d5b5-2e01-4564-9f57-43caae2eb918.wav,1.0
1870f325-ab1d-46c9-8185-323ed490a4e7,coughvid_data/1870f325-ab1d-46c9-8185-323ed490a4e7.wav,coughvid_data/1870f325-ab1d-46c9-8185-323ed490a4e7.wav,0.0
dd268077-3b32-47d4-ae43-61cb768efa19,coughvid_data/dd268077-3b32-47d4-ae43-61cb768efa19.wav,coughvid_data/dd268077-3b32-47d4-ae43-61cb768efa19.wav,0.0
7a49a3f8-1b9e-43b8-8727-2577f1174e69,coughvid_data/7a49a3f8-1b9e-43b8-8727-2577f1174e69.wav,coughvid_data/7a49a3f8-1b9e-43b8-8727-2577f1174e69.wav,1.0
269d6b06-a328-4a18-95d3-b917d65d5cac,coughvid_data/269d6b06-a328-4a18-95d3-b917d65d5cac.wav,coughvid_data/269d6b06-a328-4a18-95d3-b917d65d5cac.wav,1.0
c359f502-d2dc-457d-8b42-5b8a57908d97,coughvid_data/c359f502-d2dc-457d-8b42-5b8a57908d97.wav,coughvid_data/c359f502-d2dc-457d-8b42-5b8a57908d97.wav,1.0
cb6134cd-b68f-421f-bc97-fc2420559de6,coughvid_data/cb6134cd-b68f-421f-bc97-fc2420559de6.wav,coughvid_data/cb6134cd-b68f-421f-bc97-fc2420559de6.wav,0.0
e8c530a4-c49d-41ab-84f1-84a143c0b9a7,coughvid_data/e8c530a4-c49d-41ab-84f1-84a143c0b9a7.wav,coughvid_data/e8c530a4-c49d-41ab-84f1-84a143c0b9a7.wav,0.0
ceef8c63-0591-4161-a966-b552f2f550db,coughvid_data/ceef8c63-0591-4161-a966-b552f2f550db.wav,coughvid_data/ceef8c63-0591-4161-a966-b552f2f550db.wav,0.0
0311ee9e-b265-4767-ba51-f3fc8176747a,coughvid_data/0311ee9e-b265-4767-ba51-f3fc8176747a.wav,coughvid_data/0311ee9e-b265-4767-ba51-f3fc8176747a.wav,1.0
3834296e-c9f1-4d98-a251-40553d265f90,coughvid_data/3834296e-c9f1-4d98-a251-40553d265f90.wav,coughvid_data/3834296e-c9f1-4d98-a251-40553d265f90.wav,1.0
0a54c001-145d-46bf-a0cb-afec44da1066,coughvid_data/0a54c001-145d-46bf-a0cb-afec44da1066.wav,coughvid_data/0a54c001-145d-46bf-a0cb-afec44da1066.wav,0.0
e3db0669-f1c1-42ac-8ac0-2e5bde0388fb,coughvid_data/e3db0669-f1c1-42ac-8ac0-2e5bde0388fb.wav,coughvid_data/e3db0669-f1c1-42ac-8ac0-2e5bde0388fb.wav,0.0
d3d8ef07-7c85-475b-87a8-7b2c450beb36,coughvid_data/d3d8ef07-7c85-475b-87a8-7b2c450beb36.wav,coughvid_data/d3d8ef07-7c85-475b-87a8-7b2c450beb36.wav,0.0
e9761e7d-92fa-4307-9fe0-e4efe9c91e0c,coughvid_data/e9761e7d-92fa-4307-9fe0-e4efe9c91e0c.wav,coughvid_data/e9761e7d-92fa-4307-9fe0-e4efe9c91e0c.wav,1.0
fa9fd619-88be-41b8-bb9f-28cce6f0fd52,coughvid_data/fa9fd619-88be-41b8-bb9f-28cce6f0fd52.wav,coughvid_data/fa9fd619-88be-41b8-bb9f-28cce6f0fd52.wav,1.0
9b6e8f67-3862-4fd0-82c7-2e038aa020bd,coughvid_data/9b6e8f67-3862-4fd0-82c7-2e038aa020bd.wav,coughvid_data/9b6e8f67-3862-4fd0-82c7-2e038aa020bd.wav,0.0
f24a99b0-ff06-4451-b341-2f9eece32fa9,coughvid_data/f24a99b0-ff06-4451-b341-2f9eece32fa9.wav,coughvid_data/f24a99b0-ff06-4451-b341-2f9eece32fa9.wav,1.0
0941c9a0-7d1d-4c69-9626-e9abcfcc3460,coughvid_data/0941c9a0-7d1d-4c69-9626-e9abcfcc3460.wav,coughvid_data/0941c9a0-7d1d-4c69-9626-e9abcfcc3460.wav,1.0
86a295fb-04eb-4e12-a7af-d663c5a271a4,coughvid_data/86a295fb-04eb-4e12-a7af-d663c5a271a4.wav,coughvid_data/86a295fb-04eb-4e12-a7af-d663c5a271a4.wav,1.0
38dd7ec7-0465-42d7-9e7e-b0759beeb22d,coughvid_data/38dd7ec7-0465-42d7-9e7e-b0759beeb22d.wav,coughvid_data/38dd7ec7-0465-42d7-9e7e-b0759beeb22d.wav,1.0
b47c33df-2d07-4237-ac0e-7aca549ad721,coughvid_data/b47c33df-2d07-4237-ac0e-7aca549ad721.wav,coughvid_data/b47c33df-2d07-4237-ac0e-7aca549ad721.wav,0.0
fe1c1478-4688-47dd-a50c-8d4a7580403a,coughvid_data/fe1c1478-4688-47dd-a50c-8d4a7580403a.wav,coughvid_data/fe1c1478-4688-47dd-a50c-8d4a7580403a.wav,0.0
c09b9775-a458-4069-b1a9-eeedc9d19797,coughvid_data/c09b9775-a458-4069-b1a9-eeedc9d19797.wav,coughvid_data/c09b9775-a458-4069-b1a9-eeedc9d19797.wav,0.0
e918be7e-709b-4242-ab0c-0e69c9f30602,coughvid_data/e918be7e-709b-4242-ab0c-0e69c9f30602.wav,coughvid_data/e918be7e-709b-4242-ab0c-0e69c9f30602.wav,0.0
06e44691-c282-41a4-8216-b32b052ed69e,coughvid_data/06e44691-c282-41a4-8216-b32b052ed69e.wav,coughvid_data/06e44691-c282-41a4-8216-b32b052ed69e.wav,0.0
6d1c3dcf-c330-46ad-b999-39135cf20a2d,coughvid_data/6d1c3dcf-c330-46ad-b999-39135cf20a2d.wav,coughvid_data/6d1c3dcf-c330-46ad-b999-39135cf20a2d.wav,1.0
662d7477-6003-4d63-8740-109583cd2d64,coughvid_data/662d7477-6003-4d63-8740-109583cd2d64.wav,coughvid_data/662d7477-6003-4d63-8740-109583cd2d64.wav,0.0
f1f5c34a-d595-47e3-b8a2-8316d85f1041,coughvid_data/f1f5c34a-d595-47e3-b8a2-8316d85f1041.wav,coughvid_data/f1f5c34a-d595-47e3-b8a2-8316d85f1041.wav,0.0
f155177a-b3bc-413f-aa8e-18d03395cd09,coughvid_data/f155177a-b3bc-413f-aa8e-18d03395cd09.wav,coughvid_data/f155177a-b3bc-413f-aa8e-18d03395cd09.wav,1.0
8b839430-bef2-4056-afa5-e2fc59654dd2,coughvid_data/8b839430-bef2-4056-afa5-e2fc59654dd2.wav,coughvid_data/8b839430-bef2-4056-afa5-e2fc59654dd2.wav,0.0
62c5a3b2-efe5-4f6b-8bda-5edc2f780edc,coughvid_data/62c5a3b2-efe5-4f6b-8bda-5edc2f780edc.wav,coughvid_data/62c5a3b2-efe5-4f6b-8bda-5edc2f780edc.wav,0.0
4dca4e9a-5d79-4730-8eaf-10a9ee28dd8f,coughvid_data/4dca4e9a-5d79-4730-8eaf-10a9ee28dd8f.wav,coughvid_data/4dca4e9a-5d79-4730-8eaf-10a9ee28dd8f.wav,1.0
b7575a47-a203-493a-865c-9d7d54af43fe,coughvid_data/b7575a47-a203-493a-865c-9d7d54af43fe.wav,coughvid_data/b7575a47-a203-493a-865c-9d7d54af43fe.wav,1.0
c565fd7f-ef10-4324-8358-f2c7adf1e992,coughvid_data/c565fd7f-ef10-4324-8358-f2c7adf1e992.wav,coughvid_data/c565fd7f-ef10-4324-8358-f2c7adf1e992.wav,0.0
5f2b6711-5424-4f7f-8f8c-7cf972d2460a,coughvid_data/5f2b6711-5424-4f7f-8f8c-7cf972d2460a.wav,coughvid_data/5f2b6711-5424-4f7f-8f8c-7cf972d2460a.wav,1.0
bcdb4255-0dcb-46b2-9850-4bfae475d2df,coughvid_data/bcdb4255-0dcb-46b2-9850-4bfae475d2df.wav,coughvid_data/bcdb4255-0dcb-46b2-9850-4bfae475d2df.wav,0.0
1a072274-a506-4112-ae8d-a347ea2b4dd8,coughvid_data/1a072274-a506-4112-ae8d-a347ea2b4dd8.wav,coughvid_data/1a072274-a506-4112-ae8d-a347ea2b4dd8.wav,1.0
fbfb28f9-6c79-4115-ac7b-6915b5b0b355,coughvid_data/fbfb28f9-6c79-4115-ac7b-6915b5b0b355.wav,coughvid_data/fbfb28f9-6c79-4115-ac7b-6915b5b0b355.wav,0.0
ca52fbd2-6ea2-4c6a-b139-9e14202c2614,coughvid_data/ca52fbd2-6ea2-4c6a-b139-9e14202c2614.wav,coughvid_data/ca52fbd2-6ea2-4c6a-b139-9e14202c2614.wav,1.0
6655290c-8cbf-4d63-8f46-b0a55390e06d,coughvid_data/6655290c-8cbf-4d63-8f46-b0a55390e06d.wav,coughvid_data/6655290c-8cbf-4d63-8f46-b0a55390e06d.wav,0.0
06d6157c-78e5-48ed-b30e-346dd90e2fa9,coughvid_data/06d6157c-78e5-48ed-b30e-346dd90e2fa9.wav,coughvid_data/06d6157c-78e5-48ed-b30e-346dd90e2fa9.wav,0.0
7d7b0f06-db0a-4f6d-90c1-89b9c24ec648,coughvid_data/7d7b0f06-db0a-4f6d-90c1-89b9c24ec648.wav,coughvid_data/7d7b0f06-db0a-4f6d-90c1-89b9c24ec648.wav,0.0
77ae11b1-4330-4672-b695-76c3d47a89d6,coughvid_data/77ae11b1-4330-4672-b695-76c3d47a89d6.wav,coughvid_data/77ae11b1-4330-4672-b695-76c3d47a89d6.wav,1.0
5bf83387-8bc8-48eb-9a43-6f83ffeba77e,coughvid_data/5bf83387-8bc8-48eb-9a43-6f83ffeba77e.wav,coughvid_data/5bf83387-8bc8-48eb-9a43-6f83ffeba77e.wav,0.0
b2b4b6e3-b2e2-454b-adcf-0b27688904f6,coughvid_data/b2b4b6e3-b2e2-454b-adcf-0b27688904f6.wav,coughvid_data/b2b4b6e3-b2e2-454b-adcf-0b27688904f6.wav,1.0
a66f337a-bcdb-4019-8ee7-66b870c4ad4e,coughvid_data/a66f337a-bcdb-4019-8ee7-66b870c4ad4e.wav,coughvid_data/a66f337a-bcdb-4019-8ee7-66b870c4ad4e.wav,0.0
63a61ab1-393c-4c54-ac3b-2ce088f1c41b,coughvid_data/63a61ab1-393c-4c54-ac3b-2ce088f1c41b.wav,coughvid_data/63a61ab1-393c-4c54-ac3b-2ce088f1c41b.wav,0.0
0bcea474-8e87-40e5-a071-a270d58997db,coughvid_data/0bcea474-8e87-40e5-a071-a270d58997db.wav,coughvid_data/0bcea474-8e87-40e5-a071-a270d58997db.wav,0.0
40d3386e-98d5-425b-b0ef-209865d6b9b7,coughvid_data/40d3386e-98d5-425b-b0ef-209865d6b9b7.wav,coughvid_data/40d3386e-98d5-425b-b0ef-209865d6b9b7.wav,0.0
26e4d0d9-a03c-4564-b15e-d8850bb4a2a3,coughvid_data/26e4d0d9-a03c-4564-b15e-d8850bb4a2a3.wav,coughvid_data/26e4d0d9-a03c-4564-b15e-d8850bb4a2a3.wav,1.0
b2172223-5895-4165-8fe3-e50c886c8825,coughvid_data/b2172223-5895-4165-8fe3-e50c886c8825.wav,coughvid_data/b2172223-5895-4165-8fe3-e50c886c8825.wav,1.0
86511437-8318-48c8-ac18-9430e6668caa,coughvid_data/86511437-8318-48c8-ac18-9430e6668caa.wav,coughvid_data/86511437-8318-48c8-ac18-9430e6668caa.wav,1.0
9025d747-036d-4d71-b489-64876e98e18e,coughvid_data/9025d747-036d-4d71-b489-64876e98e18e.wav,coughvid_data/9025d747-036d-4d71-b489-64876e98e18e.wav,0.0
7d64f325-c396-46a8-a95f-1b4ffd163310,coughvid_data/7d64f325-c396-46a8-a95f-1b4ffd163310.wav,coughvid_data/7d64f325-c396-46a8-a95f-1b4ffd163310.wav,1.0
060f1438-0d7b-4484-99e6-1e4afdf1a33b,coughvid_data/060f1438-0d7b-4484-99e6-1e4afdf1a33b.wav,coughvid_data/060f1438-0d7b-4484-99e6-1e4afdf1a33b.wav,0.0
1085afb2-b54d-42be-941e-84156f0b1875,coughvid_data/1085afb2-b54d-42be-941e-84156f0b1875.wav,coughvid_data/1085afb2-b54d-42be-941e-84156f0b1875.wav,0.0
46ea672b-2b01-4c65-aef5-304131c0533a,coughvid_data/46ea672b-2b01-4c65-aef5-304131c0533a.wav,coughvid_data/46ea672b-2b01-4c65-aef5-304131c0533a.wav,0.0
467c1cc2-843a-481b-9f88-56a871a55fc2,coughvid_data/467c1cc2-843a-481b-9f88-56a871a55fc2.wav,coughvid_data/467c1cc2-843a-481b-9f88-56a871a55fc2.wav,1.0
3a239089-f6db-4d42-b887-3e5e78c09098,coughvid_data/3a239089-f6db-4d42-b887-3e5e78c09098.wav,coughvid_data/3a239089-f6db-4d42-b887-3e5e78c09098.wav,0.0
3211a7d3-b799-48e8-9f0d-56848d3372a6,coughvid_data/3211a7d3-b799-48e8-9f0d-56848d3372a6.wav,coughvid_data/3211a7d3-b799-48e8-9f0d-56848d3372a6.wav,1.0
63fa349a-c31f-4392-a7fc-bd1a738d3e14,coughvid_data/63fa349a-c31f-4392-a7fc-bd1a738d3e14.wav,coughvid_data/63fa349a-c31f-4392-a7fc-bd1a738d3e14.wav,1.0
2a8950cf-3783-4df9-bc7f-bf1fe49b80dc,coughvid_data/2a8950cf-3783-4df9-bc7f-bf1fe49b80dc.wav,coughvid_data/2a8950cf-3783-4df9-bc7f-bf1fe49b80dc.wav,1.0
39d7eab0-24c6-48d3-b603-c9743277643d,coughvid_data/39d7eab0-24c6-48d3-b603-c9743277643d.wav,coughvid_data/39d7eab0-24c6-48d3-b603-c9743277643d.wav,0.0
d0f4cd7c-51cd-44c8-9869-e3485c252d45,coughvid_data/d0f4cd7c-51cd-44c8-9869-e3485c252d45.wav,coughvid_data/d0f4cd7c-51cd-44c8-9869-e3485c252d45.wav,0.0
337a7e73-2842-46e4-a4ce-b425b71e8b7c,coughvid_data/337a7e73-2842-46e4-a4ce-b425b71e8b7c.wav,coughvid_data/337a7e73-2842-46e4-a4ce-b425b71e8b7c.wav,0.0
b4eb38c4-a3df-4da4-bbfa-0d0011751a64,coughvid_data/b4eb38c4-a3df-4da4-bbfa-0d0011751a64.wav,coughvid_data/b4eb38c4-a3df-4da4-bbfa-0d0011751a64.wav,1.0
3ff0c6df-54f2-422b-bde8-b67245575cda,coughvid_data/3ff0c6df-54f2-422b-bde8-b67245575cda.wav,coughvid_data/3ff0c6df-54f2-422b-bde8-b67245575cda.wav,0.0
f3ef1b40-18e4-493e-8204-c8907c1a425d,coughvid_data/f3ef1b40-18e4-493e-8204-c8907c1a425d.wav,coughvid_data/f3ef1b40-18e4-493e-8204-c8907c1a425d.wav,0.0
cc3c1f82-0559-4ae6-bcbd-45a61a6178b0,coughvid_data/cc3c1f82-0559-4ae6-bcbd-45a61a6178b0.wav,coughvid_data/cc3c1f82-0559-4ae6-bcbd-45a61a6178b0.wav,1.0
f4cb573e-65fe-4408-a3a9-c511da2e611f,coughvid_data/f4cb573e-65fe-4408-a3a9-c511da2e611f.wav,coughvid_data/f4cb573e-65fe-4408-a3a9-c511da2e611f.wav,0.0
21e33361-994f-4fee-8ef6-80a6ddd48aa7,coughvid_data/21e33361-994f-4fee-8ef6-80a6ddd48aa7.wav,coughvid_data/21e33361-994f-4fee-8ef6-80a6ddd48aa7.wav,1.0
13a407a5-fd67-41b9-90f1-1a294c19f5e1,coughvid_data/13a407a5-fd67-41b9-90f1-1a294c19f5e1.wav,coughvid_data/13a407a5-fd67-41b9-90f1-1a294c19f5e1.wav,0.0
4436190b-3769-4c08-9897-c292b2e2b10d,coughvid_data/4436190b-3769-4c08-9897-c292b2e2b10d.wav,coughvid_data/4436190b-3769-4c08-9897-c292b2e2b10d.wav,0.0
56db4bed-54ee-4560-b962-cbab7d552621,coughvid_data/56db4bed-54ee-4560-b962-cbab7d552621.wav,coughvid_data/56db4bed-54ee-4560-b962-cbab7d552621.wav,1.0
98f74976-5070-4f9b-bcb9-b706b04da3cb,coughvid_data/98f74976-5070-4f9b-bcb9-b706b04da3cb.wav,coughvid_data/98f74976-5070-4f9b-bcb9-b706b04da3cb.wav,1.0
dbfc8013-6f0d-4521-b5ba-681bf09bf236,coughvid_data/dbfc8013-6f0d-4521-b5ba-681bf09bf236.wav,coughvid_data/dbfc8013-6f0d-4521-b5ba-681bf09bf236.wav,1.0
846e8098-ef9e-49cc-8220-28a82af99aaf,coughvid_data/846e8098-ef9e-49cc-8220-28a82af99aaf.wav,coughvid_data/846e8098-ef9e-49cc-8220-28a82af99aaf.wav,0.0
f56739fa-bddc-49c8-a30e-43e08b6ba743,coughvid_data/f56739fa-bddc-49c8-a30e-43e08b6ba743.wav,coughvid_data/f56739fa-bddc-49c8-a30e-43e08b6ba743.wav,1.0
b3b63536-0fec-4dba-9110-9474c75eb2e1,coughvid_data/b3b63536-0fec-4dba-9110-9474c75eb2e1.wav,coughvid_data/b3b63536-0fec-4dba-9110-9474c75eb2e1.wav,1.0
261c5b7c-842e-4f91-8ba0-f4d565f6e625,coughvid_data/261c5b7c-842e-4f91-8ba0-f4d565f6e625.wav,coughvid_data/261c5b7c-842e-4f91-8ba0-f4d565f6e625.wav,0.0
be7fa109-eaa8-4656-95e9-6e9fb5de9dce,coughvid_data/be7fa109-eaa8-4656-95e9-6e9fb5de9dce.wav,coughvid_data/be7fa109-eaa8-4656-95e9-6e9fb5de9dce.wav,1.0
0b772603-fa90-4678-8a4f-3383d82f2e78,coughvid_data/0b772603-fa90-4678-8a4f-3383d82f2e78.wav,coughvid_data/0b772603-fa90-4678-8a4f-3383d82f2e78.wav,0.0
77adf2fb-f869-4f26-8b89-954fe5fce016,coughvid_data/77adf2fb-f869-4f26-8b89-954fe5fce016.wav,coughvid_data/77adf2fb-f869-4f26-8b89-954fe5fce016.wav,0.0
7ba3c8f4-efee-4584-b3c5-323541eeca8e,coughvid_data/7ba3c8f4-efee-4584-b3c5-323541eeca8e.wav,coughvid_data/7ba3c8f4-efee-4584-b3c5-323541eeca8e.wav,0.0
b1a0634c-700e-4f83-bbcd-8ac3cc8022c3,coughvid_data/b1a0634c-700e-4f83-bbcd-8ac3cc8022c3.wav,coughvid_data/b1a0634c-700e-4f83-bbcd-8ac3cc8022c3.wav,0.0
8cf6df03-5c3f-4009-adf3-1b9d9c06333b,coughvid_data/8cf6df03-5c3f-4009-adf3-1b9d9c06333b.wav,coughvid_data/8cf6df03-5c3f-4009-adf3-1b9d9c06333b.wav,1.0
5c8d1f40-e15d-4eac-88de-f1a97be81d11,coughvid_data/5c8d1f40-e15d-4eac-88de-f1a97be81d11.wav,coughvid_data/5c8d1f40-e15d-4eac-88de-f1a97be81d11.wav,1.0
3fe01270-101f-4e4e-9602-3538eb4b8a8d,coughvid_data/3fe01270-101f-4e4e-9602-3538eb4b8a8d.wav,coughvid_data/3fe01270-101f-4e4e-9602-3538eb4b8a8d.wav,0.0
e1563055-ca96-416a-ae90-637627a825d4,coughvid_data/e1563055-ca96-416a-ae90-637627a825d4.wav,coughvid_data/e1563055-ca96-416a-ae90-637627a825d4.wav,0.0
89ab1443-b17a-4465-a1a2-609c380774ea,coughvid_data/89ab1443-b17a-4465-a1a2-609c380774ea.wav,coughvid_data/89ab1443-b17a-4465-a1a2-609c380774ea.wav,1.0
87257f7b-9570-4233-bfb2-1c7d30078eea,coughvid_data/87257f7b-9570-4233-bfb2-1c7d30078eea.wav,coughvid_data/87257f7b-9570-4233-bfb2-1c7d30078eea.wav,0.0
7899a24a-4985-40c3-9a90-9b7ed3aa22d5,coughvid_data/7899a24a-4985-40c3-9a90-9b7ed3aa22d5.wav,coughvid_data/7899a24a-4985-40c3-9a90-9b7ed3aa22d5.wav,1.0
f0d0852a-82a5-474b-9291-b3b03b872432,coughvid_data/f0d0852a-82a5-474b-9291-b3b03b872432.wav,coughvid_data/f0d0852a-82a5-474b-9291-b3b03b872432.wav,1.0
6a2ffeef-99c5-4765-8dac-92aec8459d79,coughvid_data/6a2ffeef-99c5-4765-8dac-92aec8459d79.wav,coughvid_data/6a2ffeef-99c5-4765-8dac-92aec8459d79.wav,1.0
72b95c95-1a95-437c-9d52-86b53461b304,coughvid_data/72b95c95-1a95-437c-9d52-86b53461b304.wav,coughvid_data/72b95c95-1a95-437c-9d52-86b53461b304.wav,1.0
81701b07-a74c-4616-a787-8590234a4ea1,coughvid_data/81701b07-a74c-4616-a787-8590234a4ea1.wav,coughvid_data/81701b07-a74c-4616-a787-8590234a4ea1.wav,0.0
a70e5e09-828e-4522-b3dd-1a5e0f7085fd,coughvid_data/a70e5e09-828e-4522-b3dd-1a5e0f7085fd.wav,coughvid_data/a70e5e09-828e-4522-b3dd-1a5e0f7085fd.wav,0.0
4f28e9ff-aa1e-4989-bda5-31e147dbf931,coughvid_data/4f28e9ff-aa1e-4989-bda5-31e147dbf931.wav,coughvid_data/4f28e9ff-aa1e-4989-bda5-31e147dbf931.wav,0.0
c49ee8eb-a71a-4406-afd6-3f7ec2ba696c,coughvid_data/c49ee8eb-a71a-4406-afd6-3f7ec2ba696c.wav,coughvid_data/c49ee8eb-a71a-4406-afd6-3f7ec2ba696c.wav,1.0
0cdbab0a-ca12-4e55-9740-e3ea03f9209b,coughvid_data/0cdbab0a-ca12-4e55-9740-e3ea03f9209b.wav,coughvid_data/0cdbab0a-ca12-4e55-9740-e3ea03f9209b.wav,0.0
17bfbcb3-5fa8-408d-8c71-8cdf19902515,coughvid_data/17bfbcb3-5fa8-408d-8c71-8cdf19902515.wav,coughvid_data/17bfbcb3-5fa8-408d-8c71-8cdf19902515.wav,0.0
c6755380-258a-44b1-bca7-0f953c04a7af,coughvid_data/c6755380-258a-44b1-bca7-0f953c04a7af.wav,coughvid_data/c6755380-258a-44b1-bca7-0f953c04a7af.wav,0.0
8bf650fe-b37d-489f-837d-c2c4ffe8ec61,coughvid_data/8bf650fe-b37d-489f-837d-c2c4ffe8ec61.wav,coughvid_data/8bf650fe-b37d-489f-837d-c2c4ffe8ec61.wav,1.0
ee0af1e0-76ce-4982-9a04-61a20e6c3542,coughvid_data/ee0af1e0-76ce-4982-9a04-61a20e6c3542.wav,coughvid_data/ee0af1e0-76ce-4982-9a04-61a20e6c3542.wav,0.0
956a3b1f-1961-40cf-ad48-fb36090f7331,coughvid_data/956a3b1f-1961-40cf-ad48-fb36090f7331.wav,coughvid_data/956a3b1f-1961-40cf-ad48-fb36090f7331.wav,1.0
c90b6c31-7665-49cf-895b-419b099abbe6,coughvid_data/c90b6c31-7665-49cf-895b-419b099abbe6.wav,coughvid_data/c90b6c31-7665-49cf-895b-419b099abbe6.wav,1.0
3c14f862-d995-4af8-a0f8-631407cc9712,coughvid_data/3c14f862-d995-4af8-a0f8-631407cc9712.wav,coughvid_data/3c14f862-d995-4af8-a0f8-631407cc9712.wav,0.0
3c32f4d8-cf58-4b47-9472-866d8c9ece53,coughvid_data/3c32f4d8-cf58-4b47-9472-866d8c9ece53.wav,coughvid_data/3c32f4d8-cf58-4b47-9472-866d8c9ece53.wav,1.0
688cc7cc-d068-4a90-84fc-da8fa843cb4c,coughvid_data/688cc7cc-d068-4a90-84fc-da8fa843cb4c.wav,coughvid_data/688cc7cc-d068-4a90-84fc-da8fa843cb4c.wav,1.0
98a27c4f-be3f-4912-862b-5e2e3f410f34,coughvid_data/98a27c4f-be3f-4912-862b-5e2e3f410f34.wav,coughvid_data/98a27c4f-be3f-4912-862b-5e2e3f410f34.wav,1.0
63c06367-020f-4078-91a5-2401cee09b32,coughvid_data/63c06367-020f-4078-91a5-2401cee09b32.wav,coughvid_data/63c06367-020f-4078-91a5-2401cee09b32.wav,1.0
92600c6b-0b96-4b9b-a82e-8ef053fc1a6f,coughvid_data/92600c6b-0b96-4b9b-a82e-8ef053fc1a6f.wav,coughvid_data/92600c6b-0b96-4b9b-a82e-8ef053fc1a6f.wav,1.0
2aa8f538-07ca-41f3-b20a-8d9e5ef24cfe,coughvid_data/2aa8f538-07ca-41f3-b20a-8d9e5ef24cfe.wav,coughvid_data/2aa8f538-07ca-41f3-b20a-8d9e5ef24cfe.wav,1.0
368740ec-b992-47a7-9a1b-ba8fbf41c8f5,coughvid_data/368740ec-b992-47a7-9a1b-ba8fbf41c8f5.wav,coughvid_data/368740ec-b992-47a7-9a1b-ba8fbf41c8f5.wav,1.0
c0a34070-f93f-4dc3-95fa-02257cdb4ecb,coughvid_data/c0a34070-f93f-4dc3-95fa-02257cdb4ecb.wav,coughvid_data/c0a34070-f93f-4dc3-95fa-02257cdb4ecb.wav,0.0
e03a9eac-339d-4908-9c6a-9a399e63f2a5,coughvid_data/e03a9eac-339d-4908-9c6a-9a399e63f2a5.wav,coughvid_data/e03a9eac-339d-4908-9c6a-9a399e63f2a5.wav,0.0
0a92ec33-e8ae-4bda-89b1-7cf92cd63a22,coughvid_data/0a92ec33-e8ae-4bda-89b1-7cf92cd63a22.wav,coughvid_data/0a92ec33-e8ae-4bda-89b1-7cf92cd63a22.wav,0.0
df9ae26f-72c3-49fd-9660-d1ac83699384,coughvid_data/df9ae26f-72c3-49fd-9660-d1ac83699384.wav,coughvid_data/df9ae26f-72c3-49fd-9660-d1ac83699384.wav,1.0
ddf68304-b9e1-4c37-b45f-37f7c3b61bf7,coughvid_data/ddf68304-b9e1-4c37-b45f-37f7c3b61bf7.wav,coughvid_data/ddf68304-b9e1-4c37-b45f-37f7c3b61bf7.wav,0.0
d6bd2fd4-143e-4f1a-867c-6c420140d383,coughvid_data/d6bd2fd4-143e-4f1a-867c-6c420140d383.wav,coughvid_data/d6bd2fd4-143e-4f1a-867c-6c420140d383.wav,0.0
7416cd8a-b4a5-441d-91ad-e327294be2ef,coughvid_data/7416cd8a-b4a5-441d-91ad-e327294be2ef.wav,coughvid_data/7416cd8a-b4a5-441d-91ad-e327294be2ef.wav,0.0
e7b56c5d-b732-4910-80f3-815e2786b056,coughvid_data/e7b56c5d-b732-4910-80f3-815e2786b056.wav,coughvid_data/e7b56c5d-b732-4910-80f3-815e2786b056.wav,1.0
f0a871e2-95d2-4438-ba1c-07e52ed9ff1e,coughvid_data/f0a871e2-95d2-4438-ba1c-07e52ed9ff1e.wav,coughvid_data/f0a871e2-95d2-4438-ba1c-07e52ed9ff1e.wav,1.0
79a975ad-10ec-4bdc-9998-b894798ae807,coughvid_data/79a975ad-10ec-4bdc-9998-b894798ae807.wav,coughvid_data/79a975ad-10ec-4bdc-9998-b894798ae807.wav,1.0
9f86071c-3f36-42fc-9be1-8eb6bc0d31d9,coughvid_data/9f86071c-3f36-42fc-9be1-8eb6bc0d31d9.wav,coughvid_data/9f86071c-3f36-42fc-9be1-8eb6bc0d31d9.wav,0.0
1d1b2daf-5b26-4176-b826-c521d25ee5c5,coughvid_data/1d1b2daf-5b26-4176-b826-c521d25ee5c5.wav,coughvid_data/1d1b2daf-5b26-4176-b826-c521d25ee5c5.wav,1.0
ec291279-ec59-4324-8b15-a6f61d177a32,coughvid_data/ec291279-ec59-4324-8b15-a6f61d177a32.wav,coughvid_data/ec291279-ec59-4324-8b15-a6f61d177a32.wav,0.0
97d54cf3-852b-46ca-9082-b8e54b2b29ab,coughvid_data/97d54cf3-852b-46ca-9082-b8e54b2b29ab.wav,coughvid_data/97d54cf3-852b-46ca-9082-b8e54b2b29ab.wav,1.0
0b37d848-3403-494d-8c69-be5011c16dd2,coughvid_data/0b37d848-3403-494d-8c69-be5011c16dd2.wav,coughvid_data/0b37d848-3403-494d-8c69-be5011c16dd2.wav,1.0
57ce0e87-15a9-4f33-855d-3551f6806002,coughvid_data/57ce0e87-15a9-4f33-855d-3551f6806002.wav,coughvid_data/57ce0e87-15a9-4f33-855d-3551f6806002.wav,0.0
551037a6-0109-4e51-a46e-b02358d57a7d,coughvid_data/551037a6-0109-4e51-a46e-b02358d57a7d.wav,coughvid_data/551037a6-0109-4e51-a46e-b02358d57a7d.wav,1.0
38c927c6-eef3-470e-be13-d409046aa14b,coughvid_data/38c927c6-eef3-470e-be13-d409046aa14b.wav,coughvid_data/38c927c6-eef3-470e-be13-d409046aa14b.wav,0.0
cfbda12e-fdc6-4749-a7ec-3a81c3106317,coughvid_data/cfbda12e-fdc6-4749-a7ec-3a81c3106317.wav,coughvid_data/cfbda12e-fdc6-4749-a7ec-3a81c3106317.wav,1.0
30a137c5-ea86-437d-981c-6804b1b0964c,coughvid_data/30a137c5-ea86-437d-981c-6804b1b0964c.wav,coughvid_data/30a137c5-ea86-437d-981c-6804b1b0964c.wav,0.0
dd468827-a8a1-4bb7-885c-689a1521f03c,coughvid_data/dd468827-a8a1-4bb7-885c-689a1521f03c.wav,coughvid_data/dd468827-a8a1-4bb7-885c-689a1521f03c.wav,0.0
6cd4041a-ab3a-46b1-b10a-728693ab3329,coughvid_data/6cd4041a-ab3a-46b1-b10a-728693ab3329.wav,coughvid_data/6cd4041a-ab3a-46b1-b10a-728693ab3329.wav,0.0
55ed2bdd-a31d-4cc8-bf94-c9be46fcee64,coughvid_data/55ed2bdd-a31d-4cc8-bf94-c9be46fcee64.wav,coughvid_data/55ed2bdd-a31d-4cc8-bf94-c9be46fcee64.wav,0.0
f26355de-5587-4f99-9b2e-df126a6dcaf1,coughvid_data/f26355de-5587-4f99-9b2e-df126a6dcaf1.wav,coughvid_data/f26355de-5587-4f99-9b2e-df126a6dcaf1.wav,1.0
3143dd47-1e49-4cb8-bbb9-0135ed73cd09,coughvid_data/3143dd47-1e49-4cb8-bbb9-0135ed73cd09.wav,coughvid_data/3143dd47-1e49-4cb8-bbb9-0135ed73cd09.wav,0.0
81763160-0ad7-4df0-b7f5-667768c676be,coughvid_data/81763160-0ad7-4df0-b7f5-667768c676be.wav,coughvid_data/81763160-0ad7-4df0-b7f5-667768c676be.wav,0.0
08560916-01b5-4b74-8b57-51dddd4c1848,coughvid_data/08560916-01b5-4b74-8b57-51dddd4c1848.wav,coughvid_data/08560916-01b5-4b74-8b57-51dddd4c1848.wav,1.0
6d9c2a9c-9538-4f8b-9224-0eb1a24f5403,coughvid_data/6d9c2a9c-9538-4f8b-9224-0eb1a24f5403.wav,coughvid_data/6d9c2a9c-9538-4f8b-9224-0eb1a24f5403.wav,0.0
0a68d5ea-bbb5-492d-b33c-c1cc54df5d90,coughvid_data/0a68d5ea-bbb5-492d-b33c-c1cc54df5d90.wav,coughvid_data/0a68d5ea-bbb5-492d-b33c-c1cc54df5d90.wav,1.0
613d6f7c-dd6d-4ee3-b69c-7318c2a7ed70,coughvid_data/613d6f7c-dd6d-4ee3-b69c-7318c2a7ed70.wav,coughvid_data/613d6f7c-dd6d-4ee3-b69c-7318c2a7ed70.wav,0.0
7112eddd-93fc-4852-a0fc-e4880dda3334,coughvid_data/7112eddd-93fc-4852-a0fc-e4880dda3334.wav,coughvid_data/7112eddd-93fc-4852-a0fc-e4880dda3334.wav,0.0
083713d0-0ec0-4842-8435-b708c7164cb1,coughvid_data/083713d0-0ec0-4842-8435-b708c7164cb1.wav,coughvid_data/083713d0-0ec0-4842-8435-b708c7164cb1.wav,1.0
a87934fe-b20d-44ae-8275-374f887d6f70,coughvid_data/a87934fe-b20d-44ae-8275-374f887d6f70.wav,coughvid_data/a87934fe-b20d-44ae-8275-374f887d6f70.wav,0.0
31752c88-f156-4ce5-abd5-91f8c9ab0868,coughvid_data/31752c88-f156-4ce5-abd5-91f8c9ab0868.wav,coughvid_data/31752c88-f156-4ce5-abd5-91f8c9ab0868.wav,0.0
f2efa48c-d8a3-47b3-bf17-6875da5b12a3,coughvid_data/f2efa48c-d8a3-47b3-bf17-6875da5b12a3.wav,coughvid_data/f2efa48c-d8a3-47b3-bf17-6875da5b12a3.wav,0.0
e024dc48-fbdd-4845-ac13-cbe67c60446a,coughvid_data/e024dc48-fbdd-4845-ac13-cbe67c60446a.wav,coughvid_data/e024dc48-fbdd-4845-ac13-cbe67c60446a.wav,1.0
f601e100-3303-454f-9156-65cfcd6c2fa9,coughvid_data/f601e100-3303-454f-9156-65cfcd6c2fa9.wav,coughvid_data/f601e100-3303-454f-9156-65cfcd6c2fa9.wav,0.0
a5180e71-83c3-48d0-8a16-010c213e81b1,coughvid_data/a5180e71-83c3-48d0-8a16-010c213e81b1.wav,coughvid_data/a5180e71-83c3-48d0-8a16-010c213e81b1.wav,0.0
8fa95e5a-ae47-4e1e-a453-35968c3e9b3b,coughvid_data/8fa95e5a-ae47-4e1e-a453-35968c3e9b3b.wav,coughvid_data/8fa95e5a-ae47-4e1e-a453-35968c3e9b3b.wav,0.0
04bdc2ac-d6da-4b04-be21-ec7e7165944d,coughvid_data/04bdc2ac-d6da-4b04-be21-ec7e7165944d.wav,coughvid_data/04bdc2ac-d6da-4b04-be21-ec7e7165944d.wav,0.0
f1455670-9bab-4850-a43a-e11e4900ac8d,coughvid_data/f1455670-9bab-4850-a43a-e11e4900ac8d.wav,coughvid_data/f1455670-9bab-4850-a43a-e11e4900ac8d.wav,0.0
aa103f8c-dce2-45cd-a329-b6306b49a463,coughvid_data/aa103f8c-dce2-45cd-a329-b6306b49a463.wav,coughvid_data/aa103f8c-dce2-45cd-a329-b6306b49a463.wav,1.0
dc8fc3a8-9be7-4392-be71-0ba3694514ee,coughvid_data/dc8fc3a8-9be7-4392-be71-0ba3694514ee.wav,coughvid_data/dc8fc3a8-9be7-4392-be71-0ba3694514ee.wav,0.0
afdcc1b1-befc-4eac-bf4b-328a7a21261e,coughvid_data/afdcc1b1-befc-4eac-bf4b-328a7a21261e.wav,coughvid_data/afdcc1b1-befc-4eac-bf4b-328a7a21261e.wav,1.0
2e20f0cc-dde0-4ebd-b2d0-9d869668e3c1,coughvid_data/2e20f0cc-dde0-4ebd-b2d0-9d869668e3c1.wav,coughvid_data/2e20f0cc-dde0-4ebd-b2d0-9d869668e3c1.wav,0.0
da712901-fbb8-4af4-a32f-3cdd18309261,coughvid_data/da712901-fbb8-4af4-a32f-3cdd18309261.wav,coughvid_data/da712901-fbb8-4af4-a32f-3cdd18309261.wav,1.0
8194b57f-9729-44b9-9596-0af79b18777f,coughvid_data/8194b57f-9729-44b9-9596-0af79b18777f.wav,coughvid_data/8194b57f-9729-44b9-9596-0af79b18777f.wav,1.0
9f0a7d9f-1f4d-422a-80c6-ebfa333f03be,coughvid_data/9f0a7d9f-1f4d-422a-80c6-ebfa333f03be.wav,coughvid_data/9f0a7d9f-1f4d-422a-80c6-ebfa333f03be.wav,1.0
fe88310a-1dd1-4bd2-bd74-0a7b5b93d38f,coughvid_data/fe88310a-1dd1-4bd2-bd74-0a7b5b93d38f.wav,coughvid_data/fe88310a-1dd1-4bd2-bd74-0a7b5b93d38f.wav,0.0
8cbeec54-12dc-4b84-9a62-e36afc57b599,coughvid_data/8cbeec54-12dc-4b84-9a62-e36afc57b599.wav,coughvid_data/8cbeec54-12dc-4b84-9a62-e36afc57b599.wav,0.0
2e349a58-b119-4b15-8b3f-5a5c6416bca4,coughvid_data/2e349a58-b119-4b15-8b3f-5a5c6416bca4.wav,coughvid_data/2e349a58-b119-4b15-8b3f-5a5c6416bca4.wav,1.0
74466571-28b7-4c1c-9872-47904b03693b,coughvid_data/74466571-28b7-4c1c-9872-47904b03693b.wav,coughvid_data/74466571-28b7-4c1c-9872-47904b03693b.wav,1.0
4f8c5fad-0bd3-4bf0-a781-3eff8685d8f8,coughvid_data/4f8c5fad-0bd3-4bf0-a781-3eff8685d8f8.wav,coughvid_data/4f8c5fad-0bd3-4bf0-a781-3eff8685d8f8.wav,1.0
58b25c6d-bf20-437e-8291-bc4ed809f3db,coughvid_data/58b25c6d-bf20-437e-8291-bc4ed809f3db.wav,coughvid_data/58b25c6d-bf20-437e-8291-bc4ed809f3db.wav,0.0
bc3b318e-182a-45e8-a780-4af93665ee3b,coughvid_data/bc3b318e-182a-45e8-a780-4af93665ee3b.wav,coughvid_data/bc3b318e-182a-45e8-a780-4af93665ee3b.wav,1.0
92a40891-fb6b-41ad-b005-bd84c48d12ef,coughvid_data/92a40891-fb6b-41ad-b005-bd84c48d12ef.wav,coughvid_data/92a40891-fb6b-41ad-b005-bd84c48d12ef.wav,1.0
f9bd30c0-a3c3-46b0-89bd-e61e3410045f,coughvid_data/f9bd30c0-a3c3-46b0-89bd-e61e3410045f.wav,coughvid_data/f9bd30c0-a3c3-46b0-89bd-e61e3410045f.wav,0.0
1a107960-b890-4613-8cfa-26f43ea11227,coughvid_data/1a107960-b890-4613-8cfa-26f43ea11227.wav,coughvid_data/1a107960-b890-4613-8cfa-26f43ea11227.wav,1.0
3c54cc55-9f69-43a3-9270-ab88fe6f47cb,coughvid_data/3c54cc55-9f69-43a3-9270-ab88fe6f47cb.wav,coughvid_data/3c54cc55-9f69-43a3-9270-ab88fe6f47cb.wav,0.0
6fbbbe8f-80c7-4761-92a3-8ea6a7f9f966,coughvid_data/6fbbbe8f-80c7-4761-92a3-8ea6a7f9f966.wav,coughvid_data/6fbbbe8f-80c7-4761-92a3-8ea6a7f9f966.wav,0.0
ef09001f-118d-4030-aa9a-df9df427086b,coughvid_data/ef09001f-118d-4030-aa9a-df9df427086b.wav,coughvid_data/ef09001f-118d-4030-aa9a-df9df427086b.wav,0.0
5bc214c9-57aa-4cc1-a0c8-02cb98d61293,coughvid_data/5bc214c9-57aa-4cc1-a0c8-02cb98d61293.wav,coughvid_data/5bc214c9-57aa-4cc1-a0c8-02cb98d61293.wav,1.0
c4adf4dd-3670-4198-a31e-fc076883bf97,coughvid_data/c4adf4dd-3670-4198-a31e-fc076883bf97.wav,coughvid_data/c4adf4dd-3670-4198-a31e-fc076883bf97.wav,1.0
35c4a398-371e-44ca-948f-b06b12a17035,coughvid_data/35c4a398-371e-44ca-948f-b06b12a17035.wav,coughvid_data/35c4a398-371e-44ca-948f-b06b12a17035.wav,1.0
944211e5-9ee9-4380-81fd-fb16d37f0a1e,coughvid_data/944211e5-9ee9-4380-81fd-fb16d37f0a1e.wav,coughvid_data/944211e5-9ee9-4380-81fd-fb16d37f0a1e.wav,0.0
db055424-e9cc-464b-aab6-95c0b2e1c977,coughvid_data/db055424-e9cc-464b-aab6-95c0b2e1c977.wav,coughvid_data/db055424-e9cc-464b-aab6-95c0b2e1c977.wav,1.0
c7639006-b3f6-4c2a-901b-b8cfa575e4cc,coughvid_data/c7639006-b3f6-4c2a-901b-b8cfa575e4cc.wav,coughvid_data/c7639006-b3f6-4c2a-901b-b8cfa575e4cc.wav,0.0
c0b9cfe2-f531-47c9-88bf-8195d4a93311,coughvid_data/c0b9cfe2-f531-47c9-88bf-8195d4a93311.wav,coughvid_data/c0b9cfe2-f531-47c9-88bf-8195d4a93311.wav,0.0
3d42dadf-9dfa-4239-9385-2ac75f65424c,coughvid_data/3d42dadf-9dfa-4239-9385-2ac75f65424c.wav,coughvid_data/3d42dadf-9dfa-4239-9385-2ac75f65424c.wav,1.0
0c6e544c-c525-4c91-a2b1-3f5cc5902680,coughvid_data/0c6e544c-c525-4c91-a2b1-3f5cc5902680.wav,coughvid_data/0c6e544c-c525-4c91-a2b1-3f5cc5902680.wav,1.0
be9d7901-a0ae-4ef1-83f6-d58c5263cd96,coughvid_data/be9d7901-a0ae-4ef1-83f6-d58c5263cd96.wav,coughvid_data/be9d7901-a0ae-4ef1-83f6-d58c5263cd96.wav,1.0
418a924e-cec3-4e95-aeb7-01eab13a7c2b,coughvid_data/418a924e-cec3-4e95-aeb7-01eab13a7c2b.wav,coughvid_data/418a924e-cec3-4e95-aeb7-01eab13a7c2b.wav,0.0
46716e6d-870b-451e-b0fc-7641500781b2,coughvid_data/46716e6d-870b-451e-b0fc-7641500781b2.wav,coughvid_data/46716e6d-870b-451e-b0fc-7641500781b2.wav,1.0
154161ff-1243-49c0-a377-72992b6954e3,coughvid_data/154161ff-1243-49c0-a377-72992b6954e3.wav,coughvid_data/154161ff-1243-49c0-a377-72992b6954e3.wav,1.0
eaccb237-9692-47e1-8401-cfcebc5a255b,coughvid_data/eaccb237-9692-47e1-8401-cfcebc5a255b.wav,coughvid_data/eaccb237-9692-47e1-8401-cfcebc5a255b.wav,0.0
7cac774a-ffad-4eca-9841-457284cfc9ba,coughvid_data/7cac774a-ffad-4eca-9841-457284cfc9ba.wav,coughvid_data/7cac774a-ffad-4eca-9841-457284cfc9ba.wav,0.0
b5c94455-528d-4ec0-8599-8aa473598a64,coughvid_data/b5c94455-528d-4ec0-8599-8aa473598a64.wav,coughvid_data/b5c94455-528d-4ec0-8599-8aa473598a64.wav,1.0
0474efff-abb4-4926-a47b-f21bce7dace1,coughvid_data/0474efff-abb4-4926-a47b-f21bce7dace1.wav,coughvid_data/0474efff-abb4-4926-a47b-f21bce7dace1.wav,1.0
fafccc34-9c5e-4530-bbd8-ea29b4514bea,coughvid_data/fafccc34-9c5e-4530-bbd8-ea29b4514bea.wav,coughvid_data/fafccc34-9c5e-4530-bbd8-ea29b4514bea.wav,1.0
7ae5e109-c170-4231-850e-d77f1f6f7ef4,coughvid_data/7ae5e109-c170-4231-850e-d77f1f6f7ef4.wav,coughvid_data/7ae5e109-c170-4231-850e-d77f1f6f7ef4.wav,0.0
7b0c9ed6-82f2-4067-9651-748ea828fde4,coughvid_data/7b0c9ed6-82f2-4067-9651-748ea828fde4.wav,coughvid_data/7b0c9ed6-82f2-4067-9651-748ea828fde4.wav,0.0
34b82b7d-376c-4c18-9a5e-1069b07176a2,coughvid_data/34b82b7d-376c-4c18-9a5e-1069b07176a2.wav,coughvid_data/34b82b7d-376c-4c18-9a5e-1069b07176a2.wav,0.0
fd2ca8ac-a00e-443d-bfea-1d486c42dcde,coughvid_data/fd2ca8ac-a00e-443d-bfea-1d486c42dcde.wav,coughvid_data/fd2ca8ac-a00e-443d-bfea-1d486c42dcde.wav,0.0
963eb20b-9874-42ea-8fb9-dab787876248,coughvid_data/963eb20b-9874-42ea-8fb9-dab787876248.wav,coughvid_data/963eb20b-9874-42ea-8fb9-dab787876248.wav,1.0
d5b05c83-3dab-4fc9-8db7-9f46bcb06cac,coughvid_data/d5b05c83-3dab-4fc9-8db7-9f46bcb06cac.wav,coughvid_data/d5b05c83-3dab-4fc9-8db7-9f46bcb06cac.wav,1.0
632ecee7-d027-4dc1-a038-74fe7733fdb4,coughvid_data/632ecee7-d027-4dc1-a038-74fe7733fdb4.wav,coughvid_data/632ecee7-d027-4dc1-a038-74fe7733fdb4.wav,0.0
99e55cd3-f001-4c4d-98e8-c9e4e7a3410b,coughvid_data/99e55cd3-f001-4c4d-98e8-c9e4e7a3410b.wav,coughvid_data/99e55cd3-f001-4c4d-98e8-c9e4e7a3410b.wav,1.0
b28b8bce-b15d-4263-8bad-96bfdd151c0e,coughvid_data/b28b8bce-b15d-4263-8bad-96bfdd151c0e.wav,coughvid_data/b28b8bce-b15d-4263-8bad-96bfdd151c0e.wav,1.0
0424dadf-c684-458f-958c-2cb162604d05,coughvid_data/0424dadf-c684-458f-958c-2cb162604d05.wav,coughvid_data/0424dadf-c684-458f-958c-2cb162604d05.wav,1.0
0d09da78-23fd-46ed-89f4-d4ad7a679cb9,coughvid_data/0d09da78-23fd-46ed-89f4-d4ad7a679cb9.wav,coughvid_data/0d09da78-23fd-46ed-89f4-d4ad7a679cb9.wav,0.0
40ebb8b2-833f-4c7d-ac0f-a5ac6204f921,coughvid_data/40ebb8b2-833f-4c7d-ac0f-a5ac6204f921.wav,coughvid_data/40ebb8b2-833f-4c7d-ac0f-a5ac6204f921.wav,0.0
1081144f-560d-40ec-ad07-52e1c62a2f78,coughvid_data/1081144f-560d-40ec-ad07-52e1c62a2f78.wav,coughvid_data/1081144f-560d-40ec-ad07-52e1c62a2f78.wav,1.0
cb7e6d9b-3c89-496b-a929-2e15c2a8188c,coughvid_data/cb7e6d9b-3c89-496b-a929-2e15c2a8188c.wav,coughvid_data/cb7e6d9b-3c89-496b-a929-2e15c2a8188c.wav,0.0
1d2915f8-a901-4d2f-8e91-57f085caac41,coughvid_data/1d2915f8-a901-4d2f-8e91-57f085caac41.wav,coughvid_data/1d2915f8-a901-4d2f-8e91-57f085caac41.wav,0.0
28d173a5-6b04-4c7b-8b29-84e670dc6c35,coughvid_data/28d173a5-6b04-4c7b-8b29-84e670dc6c35.wav,coughvid_data/28d173a5-6b04-4c7b-8b29-84e670dc6c35.wav,1.0
9d1d045d-1ad0-4bd7-a098-7055b509d3e1,coughvid_data/9d1d045d-1ad0-4bd7-a098-7055b509d3e1.wav,coughvid_data/9d1d045d-1ad0-4bd7-a098-7055b509d3e1.wav,0.0
964b19b2-dc78-43b6-8a68-4b0fd5d73375,coughvid_data/964b19b2-dc78-43b6-8a68-4b0fd5d73375.wav,coughvid_data/964b19b2-dc78-43b6-8a68-4b0fd5d73375.wav,1.0
c51c8bda-4f6d-4f4b-b89b-347eec938ddf,coughvid_data/c51c8bda-4f6d-4f4b-b89b-347eec938ddf.wav,coughvid_data/c51c8bda-4f6d-4f4b-b89b-347eec938ddf.wav,1.0
346be8c8-f99d-47d9-9888-7cd7619fb501,coughvid_data/346be8c8-f99d-47d9-9888-7cd7619fb501.wav,coughvid_data/346be8c8-f99d-47d9-9888-7cd7619fb501.wav,1.0
e89a2e55-e5ad-4774-950c-ae4e84b444f8,coughvid_data/e89a2e55-e5ad-4774-950c-ae4e84b444f8.wav,coughvid_data/e89a2e55-e5ad-4774-950c-ae4e84b444f8.wav,1.0
0e9d56a4-19c4-4124-827f-42377cd96036,coughvid_data/0e9d56a4-19c4-4124-827f-42377cd96036.wav,coughvid_data/0e9d56a4-19c4-4124-827f-42377cd96036.wav,1.0
99d4c062-52f4-4299-ba2a-32f2745aaab2,coughvid_data/99d4c062-52f4-4299-ba2a-32f2745aaab2.wav,coughvid_data/99d4c062-52f4-4299-ba2a-32f2745aaab2.wav,0.0
b53cd2a9-25a1-4b87-9b2c-c1d43b216e40,coughvid_data/b53cd2a9-25a1-4b87-9b2c-c1d43b216e40.wav,coughvid_data/b53cd2a9-25a1-4b87-9b2c-c1d43b216e40.wav,0.0
88ac76ec-0edb-4637-b9bc-6b9bb9b19bd1,coughvid_data/88ac76ec-0edb-4637-b9bc-6b9bb9b19bd1.wav,coughvid_data/88ac76ec-0edb-4637-b9bc-6b9bb9b19bd1.wav,1.0
47eb74c2-9b2c-4394-b6f5-0ebbbb5feb79,coughvid_data/47eb74c2-9b2c-4394-b6f5-0ebbbb5feb79.wav,coughvid_data/47eb74c2-9b2c-4394-b6f5-0ebbbb5feb79.wav,1.0
c22287d5-1f7c-48cc-8f5b-fd12cbdc7832,coughvid_data/c22287d5-1f7c-48cc-8f5b-fd12cbdc7832.wav,coughvid_data/c22287d5-1f7c-48cc-8f5b-fd12cbdc7832.wav,1.0
f39418f2-0cd9-48cf-9adc-aebef50ba075,coughvid_data/f39418f2-0cd9-48cf-9adc-aebef50ba075.wav,coughvid_data/f39418f2-0cd9-48cf-9adc-aebef50ba075.wav,0.0
77752232-180d-4c14-a122-fdf76170f390,coughvid_data/77752232-180d-4c14-a122-fdf76170f390.wav,coughvid_data/77752232-180d-4c14-a122-fdf76170f390.wav,0.0
88e5546a-b3f1-4e47-b8fa-7e5191010b96,coughvid_data/88e5546a-b3f1-4e47-b8fa-7e5191010b96.wav,coughvid_data/88e5546a-b3f1-4e47-b8fa-7e5191010b96.wav,1.0
62f896df-c2cb-4943-86a6-428297ce67be,coughvid_data/62f896df-c2cb-4943-86a6-428297ce67be.wav,coughvid_data/62f896df-c2cb-4943-86a6-428297ce67be.wav,1.0
30f13785-2069-4528-9ec7-81d226422d58,coughvid_data/30f13785-2069-4528-9ec7-81d226422d58.wav,coughvid_data/30f13785-2069-4528-9ec7-81d226422d58.wav,1.0
912af762-44df-4648-b48d-beba3435a401,coughvid_data/912af762-44df-4648-b48d-beba3435a401.wav,coughvid_data/912af762-44df-4648-b48d-beba3435a401.wav,1.0
f9033649-27f5-45de-9656-a399c9ab225e,coughvid_data/f9033649-27f5-45de-9656-a399c9ab225e.wav,coughvid_data/f9033649-27f5-45de-9656-a399c9ab225e.wav,0.0
80ae3936-6051-4a23-886c-4ff446206c09,coughvid_data/80ae3936-6051-4a23-886c-4ff446206c09.wav,coughvid_data/80ae3936-6051-4a23-886c-4ff446206c09.wav,1.0
6d545fd3-9715-436c-9ef2-c963830acc5d,coughvid_data/6d545fd3-9715-436c-9ef2-c963830acc5d.wav,coughvid_data/6d545fd3-9715-436c-9ef2-c963830acc5d.wav,0.0
0f1d05f5-1d1f-452c-be28-fb0c7b8085c4,coughvid_data/0f1d05f5-1d1f-452c-be28-fb0c7b8085c4.wav,coughvid_data/0f1d05f5-1d1f-452c-be28-fb0c7b8085c4.wav,1.0
a49d942a-331a-49b5-b755-8659a12fac07,coughvid_data/a49d942a-331a-49b5-b755-8659a12fac07.wav,coughvid_data/a49d942a-331a-49b5-b755-8659a12fac07.wav,1.0
9313a139-a0bf-4e91-8051-ffd06feaea4f,coughvid_data/9313a139-a0bf-4e91-8051-ffd06feaea4f.wav,coughvid_data/9313a139-a0bf-4e91-8051-ffd06feaea4f.wav,1.0
3b8a7440-02ad-4df4-99e2-7edb97c52c0a,coughvid_data/3b8a7440-02ad-4df4-99e2-7edb97c52c0a.wav,coughvid_data/3b8a7440-02ad-4df4-99e2-7edb97c52c0a.wav,1.0
429c8ea2-3f90-4774-b66e-05273c2e2d2b,coughvid_data/429c8ea2-3f90-4774-b66e-05273c2e2d2b.wav,coughvid_data/429c8ea2-3f90-4774-b66e-05273c2e2d2b.wav,0.0
f151cebf-a505-47b1-b885-f3cf32962d79,coughvid_data/f151cebf-a505-47b1-b885-f3cf32962d79.wav,coughvid_data/f151cebf-a505-47b1-b885-f3cf32962d79.wav,1.0
bd575efb-b721-4c55-8551-27aca1032340,coughvid_data/bd575efb-b721-4c55-8551-27aca1032340.wav,coughvid_data/bd575efb-b721-4c55-8551-27aca1032340.wav,0.0
d222a667-ad2f-47b7-aaa6-96f995bd4a86,coughvid_data/d222a667-ad2f-47b7-aaa6-96f995bd4a86.wav,coughvid_data/d222a667-ad2f-47b7-aaa6-96f995bd4a86.wav,0.0
709beb82-b997-4c88-9fd9-f0c824a11d25,coughvid_data/709beb82-b997-4c88-9fd9-f0c824a11d25.wav,coughvid_data/709beb82-b997-4c88-9fd9-f0c824a11d25.wav,1.0
8c4bd979-ca0c-4e67-a960-31a388cd11f7,coughvid_data/8c4bd979-ca0c-4e67-a960-31a388cd11f7.wav,coughvid_data/8c4bd979-ca0c-4e67-a960-31a388cd11f7.wav,0.0
6ddddf88-2358-431c-ad01-e49a3739740c,coughvid_data/6ddddf88-2358-431c-ad01-e49a3739740c.wav,coughvid_data/6ddddf88-2358-431c-ad01-e49a3739740c.wav,0.0
79377d5d-a2b4-4628-b67a-773a8b87fc57,coughvid_data/79377d5d-a2b4-4628-b67a-773a8b87fc57.wav,coughvid_data/79377d5d-a2b4-4628-b67a-773a8b87fc57.wav,1.0
ef2b5528-621e-4bdb-87f2-57296da6acab,coughvid_data/ef2b5528-621e-4bdb-87f2-57296da6acab.wav,coughvid_data/ef2b5528-621e-4bdb-87f2-57296da6acab.wav,1.0
d84dc5d6-ea28-4dfe-99ba-2a62a9392f9d,coughvid_data/d84dc5d6-ea28-4dfe-99ba-2a62a9392f9d.wav,coughvid_data/d84dc5d6-ea28-4dfe-99ba-2a62a9392f9d.wav,0.0
97c8e35e-be60-4ce6-8935-ccc1e7846a18,coughvid_data/97c8e35e-be60-4ce6-8935-ccc1e7846a18.wav,coughvid_data/97c8e35e-be60-4ce6-8935-ccc1e7846a18.wav,1.0
bc6c3352-19f2-441e-9a89-ecd75677fdf0,coughvid_data/bc6c3352-19f2-441e-9a89-ecd75677fdf0.wav,coughvid_data/bc6c3352-19f2-441e-9a89-ecd75677fdf0.wav,1.0
029ce6e1-88eb-474e-8377-756ca46bc22f,coughvid_data/029ce6e1-88eb-474e-8377-756ca46bc22f.wav,coughvid_data/029ce6e1-88eb-474e-8377-756ca46bc22f.wav,0.0
c45575fa-5ae5-48e7-a4b2-4749dabd8714,coughvid_data/c45575fa-5ae5-48e7-a4b2-4749dabd8714.wav,coughvid_data/c45575fa-5ae5-48e7-a4b2-4749dabd8714.wav,0.0
4a39d367-e2f5-4b29-ab6f-641fa562a7bf,coughvid_data/4a39d367-e2f5-4b29-ab6f-641fa562a7bf.wav,coughvid_data/4a39d367-e2f5-4b29-ab6f-641fa562a7bf.wav,1.0
7a94b3ae-2fd8-48f3-b15d-34c157c21e8f,coughvid_data/7a94b3ae-2fd8-48f3-b15d-34c157c21e8f.wav,coughvid_data/7a94b3ae-2fd8-48f3-b15d-34c157c21e8f.wav,1.0
ea08a85d-6d7b-4dce-b31d-e060fea5b274,coughvid_data/ea08a85d-6d7b-4dce-b31d-e060fea5b274.wav,coughvid_data/ea08a85d-6d7b-4dce-b31d-e060fea5b274.wav,0.0
f1bbef98-2cc7-44ba-b9de-b63cfd7946d5,coughvid_data/f1bbef98-2cc7-44ba-b9de-b63cfd7946d5.wav,coughvid_data/f1bbef98-2cc7-44ba-b9de-b63cfd7946d5.wav,0.0
e36e5c49-290a-4fe2-b052-e84cd3067687,coughvid_data/e36e5c49-290a-4fe2-b052-e84cd3067687.wav,coughvid_data/e36e5c49-290a-4fe2-b052-e84cd3067687.wav,1.0
29633954-458e-4af1-b4a7-b775ef9ce11e,coughvid_data/29633954-458e-4af1-b4a7-b775ef9ce11e.wav,coughvid_data/29633954-458e-4af1-b4a7-b775ef9ce11e.wav,0.0
a9fc64c0-a09b-4c79-a411-2b1472809fe6,coughvid_data/a9fc64c0-a09b-4c79-a411-2b1472809fe6.wav,coughvid_data/a9fc64c0-a09b-4c79-a411-2b1472809fe6.wav,0.0
22ba6fce-a2bb-42c7-a6ac-23aa60526bcd,coughvid_data/22ba6fce-a2bb-42c7-a6ac-23aa60526bcd.wav,coughvid_data/22ba6fce-a2bb-42c7-a6ac-23aa60526bcd.wav,0.0
ceecdd0d-70fa-4e9e-880f-fb22aec695fa,coughvid_data/ceecdd0d-70fa-4e9e-880f-fb22aec695fa.wav,coughvid_data/ceecdd0d-70fa-4e9e-880f-fb22aec695fa.wav,0.0
4e90d015-6d2b-4b25-8126-5a576c8fb44d,coughvid_data/4e90d015-6d2b-4b25-8126-5a576c8fb44d.wav,coughvid_data/4e90d015-6d2b-4b25-8126-5a576c8fb44d.wav,0.0
630edf11-7f54-4866-a892-5f92ff67d9d3,coughvid_data/630edf11-7f54-4866-a892-5f92ff67d9d3.wav,coughvid_data/630edf11-7f54-4866-a892-5f92ff67d9d3.wav,1.0
71c54dc9-3885-40a0-ac65-a6fd48cb0e54,coughvid_data/71c54dc9-3885-40a0-ac65-a6fd48cb0e54.wav,coughvid_data/71c54dc9-3885-40a0-ac65-a6fd48cb0e54.wav,1.0
729e2ce6-c683-4509-9f15-cb1468d37f89,coughvid_data/729e2ce6-c683-4509-9f15-cb1468d37f89.wav,coughvid_data/729e2ce6-c683-4509-9f15-cb1468d37f89.wav,1.0
855565cb-d7ad-467e-b8a9-988885584341,coughvid_data/855565cb-d7ad-467e-b8a9-988885584341.wav,coughvid_data/855565cb-d7ad-467e-b8a9-988885584341.wav,0.0
ba2fa2f4-f39c-4998-b5d7-b03db9c3b939,coughvid_data/ba2fa2f4-f39c-4998-b5d7-b03db9c3b939.wav,coughvid_data/ba2fa2f4-f39c-4998-b5d7-b03db9c3b939.wav,0.0
320d0371-6cf5-4702-9fa1-a3d8a89359bb,coughvid_data/320d0371-6cf5-4702-9fa1-a3d8a89359bb.wav,coughvid_data/320d0371-6cf5-4702-9fa1-a3d8a89359bb.wav,0.0
2357e5b9-9c96-4e0b-a9e3-60347c188f96,coughvid_data/2357e5b9-9c96-4e0b-a9e3-60347c188f96.wav,coughvid_data/2357e5b9-9c96-4e0b-a9e3-60347c188f96.wav,1.0
47c235df-fe88-4500-a182-76d8542b63b9,coughvid_data/47c235df-fe88-4500-a182-76d8542b63b9.wav,coughvid_data/47c235df-fe88-4500-a182-76d8542b63b9.wav,0.0
7e158f64-16f9-4452-98f9-bed9ef723dab,coughvid_data/7e158f64-16f9-4452-98f9-bed9ef723dab.wav,coughvid_data/7e158f64-16f9-4452-98f9-bed9ef723dab.wav,1.0
ba47984f-f70c-44e6-bb12-06e1316824d4,coughvid_data/ba47984f-f70c-44e6-bb12-06e1316824d4.wav,coughvid_data/ba47984f-f70c-44e6-bb12-06e1316824d4.wav,1.0
3bb846b3-9dcb-4e62-9ce0-2b20f04dee39,coughvid_data/3bb846b3-9dcb-4e62-9ce0-2b20f04dee39.wav,coughvid_data/3bb846b3-9dcb-4e62-9ce0-2b20f04dee39.wav,1.0
ae331563-cb8e-4507-ae79-c04fa2fdef88,coughvid_data/ae331563-cb8e-4507-ae79-c04fa2fdef88.wav,coughvid_data/ae331563-cb8e-4507-ae79-c04fa2fdef88.wav,1.0
025ed3e7-bc59-47ef-9e58-e512e135a86a,coughvid_data/025ed3e7-bc59-47ef-9e58-e512e135a86a.wav,coughvid_data/025ed3e7-bc59-47ef-9e58-e512e135a86a.wav,1.0
d5f0d08f-341b-4069-92c2-883c4bf269e7,coughvid_data/d5f0d08f-341b-4069-92c2-883c4bf269e7.wav,coughvid_data/d5f0d08f-341b-4069-92c2-883c4bf269e7.wav,0.0
d51bdb07-aa68-4336-b4eb-b73925e488ab,coughvid_data/d51bdb07-aa68-4336-b4eb-b73925e488ab.wav,coughvid_data/d51bdb07-aa68-4336-b4eb-b73925e488ab.wav,0.0
8f0052b4-731b-4822-8e4b-1393a473d35e,coughvid_data/8f0052b4-731b-4822-8e4b-1393a473d35e.wav,coughvid_data/8f0052b4-731b-4822-8e4b-1393a473d35e.wav,1.0
34e5b399-9964-4f8b-a9bb-c664818f78a9,coughvid_data/34e5b399-9964-4f8b-a9bb-c664818f78a9.wav,coughvid_data/34e5b399-9964-4f8b-a9bb-c664818f78a9.wav,0.0
a775ec6b-1101-44b9-8d57-dab19f62e9be,coughvid_data/a775ec6b-1101-44b9-8d57-dab19f62e9be.wav,coughvid_data/a775ec6b-1101-44b9-8d57-dab19f62e9be.wav,0.0
35a1c447-a76b-48cc-a780-2a833b151e77,coughvid_data/35a1c447-a76b-48cc-a780-2a833b151e77.wav,coughvid_data/35a1c447-a76b-48cc-a780-2a833b151e77.wav,0.0
27bdcffc-1a08-430c-863a-b4c335a3b95a,coughvid_data/27bdcffc-1a08-430c-863a-b4c335a3b95a.wav,coughvid_data/27bdcffc-1a08-430c-863a-b4c335a3b95a.wav,1.0
5a8a9421-da31-4516-a62e-9aaa4c026d2d,coughvid_data/5a8a9421-da31-4516-a62e-9aaa4c026d2d.wav,coughvid_data/5a8a9421-da31-4516-a62e-9aaa4c026d2d.wav,1.0
b2fb4429-13eb-41d4-a63c-6c3dd8e7d84a,coughvid_data/b2fb4429-13eb-41d4-a63c-6c3dd8e7d84a.wav,coughvid_data/b2fb4429-13eb-41d4-a63c-6c3dd8e7d84a.wav,0.0
d752565d-d2be-417a-8dae-7fedf30e89e2,coughvid_data/d752565d-d2be-417a-8dae-7fedf30e89e2.wav,coughvid_data/d752565d-d2be-417a-8dae-7fedf30e89e2.wav,0.0
87687963-34df-4f12-8f48-3d2ec8ba0065,coughvid_data/87687963-34df-4f12-8f48-3d2ec8ba0065.wav,coughvid_data/87687963-34df-4f12-8f48-3d2ec8ba0065.wav,0.0
76779311-1f9c-40b5-845d-bde19b0d9c0e,coughvid_data/76779311-1f9c-40b5-845d-bde19b0d9c0e.wav,coughvid_data/76779311-1f9c-40b5-845d-bde19b0d9c0e.wav,1.0
566b3798-3ea7-4cd9-911f-4ef6ce083b95,coughvid_data/566b3798-3ea7-4cd9-911f-4ef6ce083b95.wav,coughvid_data/566b3798-3ea7-4cd9-911f-4ef6ce083b95.wav,1.0
ca8d6795-2841-48a0-9d9b-9e00f9e866c3,coughvid_data/ca8d6795-2841-48a0-9d9b-9e00f9e866c3.wav,coughvid_data/ca8d6795-2841-48a0-9d9b-9e00f9e866c3.wav,1.0
796bd2c6-2459-49e2-b6e7-b840fa8fb8f2,coughvid_data/796bd2c6-2459-49e2-b6e7-b840fa8fb8f2.wav,coughvid_data/796bd2c6-2459-49e2-b6e7-b840fa8fb8f2.wav,0.0
d246f6ef-9fc8-470f-9cc1-8ac0c96634af,coughvid_data/d246f6ef-9fc8-470f-9cc1-8ac0c96634af.wav,coughvid_data/d246f6ef-9fc8-470f-9cc1-8ac0c96634af.wav,1.0
1e14ad83-4b8b-4728-9524-df1e1967ea7d,coughvid_data/1e14ad83-4b8b-4728-9524-df1e1967ea7d.wav,coughvid_data/1e14ad83-4b8b-4728-9524-df1e1967ea7d.wav,1.0
495fe30e-a03d-42f3-8b23-a9f97c579e88,coughvid_data/495fe30e-a03d-42f3-8b23-a9f97c579e88.wav,coughvid_data/495fe30e-a03d-42f3-8b23-a9f97c579e88.wav,0.0
b9969fd0-011d-49f5-bac4-0eb55d9c15ba,coughvid_data/b9969fd0-011d-49f5-bac4-0eb55d9c15ba.wav,coughvid_data/b9969fd0-011d-49f5-bac4-0eb55d9c15ba.wav,0.0
4dc422f5-2261-4bad-a324-fa2e956ca1ee,coughvid_data/4dc422f5-2261-4bad-a324-fa2e956ca1ee.wav,coughvid_data/4dc422f5-2261-4bad-a324-fa2e956ca1ee.wav,0.0
21e6ac6c-0b08-4426-8480-5b5cbe39b22b,coughvid_data/21e6ac6c-0b08-4426-8480-5b5cbe39b22b.wav,coughvid_data/21e6ac6c-0b08-4426-8480-5b5cbe39b22b.wav,0.0
8f947773-0f30-4cc0-bf10-59c7294583fa,coughvid_data/8f947773-0f30-4cc0-bf10-59c7294583fa.wav,coughvid_data/8f947773-0f30-4cc0-bf10-59c7294583fa.wav,0.0
aa13fd26-8bf2-4b74-aa7c-49f4ca964d70,coughvid_data/aa13fd26-8bf2-4b74-aa7c-49f4ca964d70.wav,coughvid_data/aa13fd26-8bf2-4b74-aa7c-49f4ca964d70.wav,1.0
6169ee3e-2180-4e9a-bf07-1e096b85356a,coughvid_data/6169ee3e-2180-4e9a-bf07-1e096b85356a.wav,coughvid_data/6169ee3e-2180-4e9a-bf07-1e096b85356a.wav,0.0
e9941caf-b26d-4f4c-ba73-6d7d3a3b934f,coughvid_data/e9941caf-b26d-4f4c-ba73-6d7d3a3b934f.wav,coughvid_data/e9941caf-b26d-4f4c-ba73-6d7d3a3b934f.wav,0.0
dbeeaa51-468d-4183-b9b2-910562016c07,coughvid_data/dbeeaa51-468d-4183-b9b2-910562016c07.wav,coughvid_data/dbeeaa51-468d-4183-b9b2-910562016c07.wav,0.0
c4b15937-5a7e-4180-bb49-3b515200f10e,coughvid_data/c4b15937-5a7e-4180-bb49-3b515200f10e.wav,coughvid_data/c4b15937-5a7e-4180-bb49-3b515200f10e.wav,0.0
09c57600-36a8-4a8a-817d-8166628999d1,coughvid_data/09c57600-36a8-4a8a-817d-8166628999d1.wav,coughvid_data/09c57600-36a8-4a8a-817d-8166628999d1.wav,1.0
e66c0af0-55eb-45bf-a852-9e46955d6173,coughvid_data/e66c0af0-55eb-45bf-a852-9e46955d6173.wav,coughvid_data/e66c0af0-55eb-45bf-a852-9e46955d6173.wav,0.0
44a78d09-33a1-483b-9d2b-9ed49252a0fc,coughvid_data/44a78d09-33a1-483b-9d2b-9ed49252a0fc.wav,coughvid_data/44a78d09-33a1-483b-9d2b-9ed49252a0fc.wav,0.0
6c4e7d97-e857-4962-aba5-6ff9db02c3e7,coughvid_data/6c4e7d97-e857-4962-aba5-6ff9db02c3e7.wav,coughvid_data/6c4e7d97-e857-4962-aba5-6ff9db02c3e7.wav,1.0
a4f12bc2-55e0-4d18-9c88-75c2d268c118,coughvid_data/a4f12bc2-55e0-4d18-9c88-75c2d268c118.wav,coughvid_data/a4f12bc2-55e0-4d18-9c88-75c2d268c118.wav,1.0
edaf41de-1ec5-4e4b-96d7-7f225c1da9b6,coughvid_data/edaf41de-1ec5-4e4b-96d7-7f225c1da9b6.wav,coughvid_data/edaf41de-1ec5-4e4b-96d7-7f225c1da9b6.wav,0.0
3cce4137-a203-422d-a1f6-9036454ab03c,coughvid_data/3cce4137-a203-422d-a1f6-9036454ab03c.wav,coughvid_data/3cce4137-a203-422d-a1f6-9036454ab03c.wav,1.0
db3e971d-0667-4ff0-9ed6-df8cb94df923,coughvid_data/db3e971d-0667-4ff0-9ed6-df8cb94df923.wav,coughvid_data/db3e971d-0667-4ff0-9ed6-df8cb94df923.wav,1.0
f2510dfb-0750-4feb-b88b-aa65b0a6dc03,coughvid_data/f2510dfb-0750-4feb-b88b-aa65b0a6dc03.wav,coughvid_data/f2510dfb-0750-4feb-b88b-aa65b0a6dc03.wav,1.0
718f8a28-5f7c-4560-a717-8c008cb9cbac,coughvid_data/718f8a28-5f7c-4560-a717-8c008cb9cbac.wav,coughvid_data/718f8a28-5f7c-4560-a717-8c008cb9cbac.wav,0.0
d1a40efe-4d92-4a1f-95be-a4a4f02094c9,coughvid_data/d1a40efe-4d92-4a1f-95be-a4a4f02094c9.wav,coughvid_data/d1a40efe-4d92-4a1f-95be-a4a4f02094c9.wav,0.0
d27e0e78-a76d-42f8-8c4e-4044fad2dd7c,coughvid_data/d27e0e78-a76d-42f8-8c4e-4044fad2dd7c.wav,coughvid_data/d27e0e78-a76d-42f8-8c4e-4044fad2dd7c.wav,1.0
92f53d25-56af-4f1f-b75e-5f7ddd931739,coughvid_data/92f53d25-56af-4f1f-b75e-5f7ddd931739.wav,coughvid_data/92f53d25-56af-4f1f-b75e-5f7ddd931739.wav,0.0
a8c4b9dd-ec83-4c1a-b7f1-c44c8158ea3d,coughvid_data/a8c4b9dd-ec83-4c1a-b7f1-c44c8158ea3d.wav,coughvid_data/a8c4b9dd-ec83-4c1a-b7f1-c44c8158ea3d.wav,0.0
51f4a476-db00-4e97-bedc-1ca3edb97bea,coughvid_data/51f4a476-db00-4e97-bedc-1ca3edb97bea.wav,coughvid_data/51f4a476-db00-4e97-bedc-1ca3edb97bea.wav,1.0
5eb5d4f8-c6ef-4ab4-88c2-b7ad91cf209c,coughvid_data/5eb5d4f8-c6ef-4ab4-88c2-b7ad91cf209c.wav,coughvid_data/5eb5d4f8-c6ef-4ab4-88c2-b7ad91cf209c.wav,1.0
6ad6d999-71c0-409b-970e-03aee3078306,coughvid_data/6ad6d999-71c0-409b-970e-03aee3078306.wav,coughvid_data/6ad6d999-71c0-409b-970e-03aee3078306.wav,1.0
44174126-f466-4ab3-9ff2-9d3ad6fdbe86,coughvid_data/44174126-f466-4ab3-9ff2-9d3ad6fdbe86.wav,coughvid_data/44174126-f466-4ab3-9ff2-9d3ad6fdbe86.wav,0.0
02591251-4224-42ff-904e-ae910f2e26b2,coughvid_data/02591251-4224-42ff-904e-ae910f2e26b2.wav,coughvid_data/02591251-4224-42ff-904e-ae910f2e26b2.wav,0.0
e956a230-f043-41ce-86e2-deeabb9f3ce0,coughvid_data/e956a230-f043-41ce-86e2-deeabb9f3ce0.wav,coughvid_data/e956a230-f043-41ce-86e2-deeabb9f3ce0.wav,0.0
fc6030f5-1f76-4795-98b5-74d70a03f1e0,coughvid_data/fc6030f5-1f76-4795-98b5-74d70a03f1e0.wav,coughvid_data/fc6030f5-1f76-4795-98b5-74d70a03f1e0.wav,0.0
2e333c71-320d-4889-a8f8-72e951b8f9aa,coughvid_data/2e333c71-320d-4889-a8f8-72e951b8f9aa.wav,coughvid_data/2e333c71-320d-4889-a8f8-72e951b8f9aa.wav,1.0
3e16423e-1d27-491b-805d-cc27aa8be4e4,coughvid_data/3e16423e-1d27-491b-805d-cc27aa8be4e4.wav,coughvid_data/3e16423e-1d27-491b-805d-cc27aa8be4e4.wav,1.0
0251a095-f77d-4119-81d2-cd491c906c22,coughvid_data/0251a095-f77d-4119-81d2-cd491c906c22.wav,coughvid_data/0251a095-f77d-4119-81d2-cd491c906c22.wav,0.0
24945243-afa8-4c92-a422-10dfdb3f0072,coughvid_data/24945243-afa8-4c92-a422-10dfdb3f0072.wav,coughvid_data/24945243-afa8-4c92-a422-10dfdb3f0072.wav,0.0
0b37f570-524a-4543-96f3-112f6096349a,coughvid_data/0b37f570-524a-4543-96f3-112f6096349a.wav,coughvid_data/0b37f570-524a-4543-96f3-112f6096349a.wav,1.0
04bb5b20-f7a1-42ce-b427-32c2285b7f87,coughvid_data/04bb5b20-f7a1-42ce-b427-32c2285b7f87.wav,coughvid_data/04bb5b20-f7a1-42ce-b427-32c2285b7f87.wav,0.0
0b885b9a-fd6b-4852-a607-ccf11ef4a4a9,coughvid_data/0b885b9a-fd6b-4852-a607-ccf11ef4a4a9.wav,coughvid_data/0b885b9a-fd6b-4852-a607-ccf11ef4a4a9.wav,1.0
ef8dcb6c-94c8-4fe0-bf65-abf2b08cd203,coughvid_data/ef8dcb6c-94c8-4fe0-bf65-abf2b08cd203.wav,coughvid_data/ef8dcb6c-94c8-4fe0-bf65-abf2b08cd203.wav,0.0
093e31e6-a9cd-40c6-aa3c-252ddc7b58ef,coughvid_data/093e31e6-a9cd-40c6-aa3c-252ddc7b58ef.wav,coughvid_data/093e31e6-a9cd-40c6-aa3c-252ddc7b58ef.wav,1.0
775e9907-5473-4181-8af7-3a9902cc6e07,coughvid_data/775e9907-5473-4181-8af7-3a9902cc6e07.wav,coughvid_data/775e9907-5473-4181-8af7-3a9902cc6e07.wav,0.0
e8adfae8-cb31-487a-80a6-7baaf6ff6191,coughvid_data/e8adfae8-cb31-487a-80a6-7baaf6ff6191.wav,coughvid_data/e8adfae8-cb31-487a-80a6-7baaf6ff6191.wav,1.0
c268bb61-469a-46f0-9bc3-4d18aa03f205,coughvid_data/c268bb61-469a-46f0-9bc3-4d18aa03f205.wav,coughvid_data/c268bb61-469a-46f0-9bc3-4d18aa03f205.wav,1.0
322eab73-5793-43e9-a8c5-264f2ec02290,coughvid_data/322eab73-5793-43e9-a8c5-264f2ec02290.wav,coughvid_data/322eab73-5793-43e9-a8c5-264f2ec02290.wav,1.0
c06a9b47-1ad0-413f-9a1a-b62f56b5d747,coughvid_data/c06a9b47-1ad0-413f-9a1a-b62f56b5d747.wav,coughvid_data/c06a9b47-1ad0-413f-9a1a-b62f56b5d747.wav,1.0
c15189c9-90ab-427c-9362-9ed74ab1e5eb,coughvid_data/c15189c9-90ab-427c-9362-9ed74ab1e5eb.wav,coughvid_data/c15189c9-90ab-427c-9362-9ed74ab1e5eb.wav,1.0
7339c47e-3105-4aa5-b489-c965a238e79b,coughvid_data/7339c47e-3105-4aa5-b489-c965a238e79b.wav,coughvid_data/7339c47e-3105-4aa5-b489-c965a238e79b.wav,0.0
bcc67da2-2603-46b4-b2b9-79136b7701c3,coughvid_data/bcc67da2-2603-46b4-b2b9-79136b7701c3.wav,coughvid_data/bcc67da2-2603-46b4-b2b9-79136b7701c3.wav,0.0
84459d50-60ae-4a3f-b6b2-64ee8c9ac46f,coughvid_data/84459d50-60ae-4a3f-b6b2-64ee8c9ac46f.wav,coughvid_data/84459d50-60ae-4a3f-b6b2-64ee8c9ac46f.wav,1.0
20d53cc4-398a-4a16-9fc7-d715228ee7a5,coughvid_data/20d53cc4-398a-4a16-9fc7-d715228ee7a5.wav,coughvid_data/20d53cc4-398a-4a16-9fc7-d715228ee7a5.wav,1.0
db2cb9b6-5382-4f09-8e58-1873796acc78,coughvid_data/db2cb9b6-5382-4f09-8e58-1873796acc78.wav,coughvid_data/db2cb9b6-5382-4f09-8e58-1873796acc78.wav,0.0
c7d13aae-05a9-415b-b0e2-045667d0a5af,coughvid_data/c7d13aae-05a9-415b-b0e2-045667d0a5af.wav,coughvid_data/c7d13aae-05a9-415b-b0e2-045667d0a5af.wav,1.0
794acde1-69b2-4122-ae27-23e458f26ee1,coughvid_data/794acde1-69b2-4122-ae27-23e458f26ee1.wav,coughvid_data/794acde1-69b2-4122-ae27-23e458f26ee1.wav,1.0
eb1f785c-804c-40b4-9a3e-5bab28643cbb,coughvid_data/eb1f785c-804c-40b4-9a3e-5bab28643cbb.wav,coughvid_data/eb1f785c-804c-40b4-9a3e-5bab28643cbb.wav,1.0
1a61dec9-3c41-4ccb-a277-23d96bfe03a0,coughvid_data/1a61dec9-3c41-4ccb-a277-23d96bfe03a0.wav,coughvid_data/1a61dec9-3c41-4ccb-a277-23d96bfe03a0.wav,0.0
3d5c244c-71b1-4b6a-9090-b7ac56250adb,coughvid_data/3d5c244c-71b1-4b6a-9090-b7ac56250adb.wav,coughvid_data/3d5c244c-71b1-4b6a-9090-b7ac56250adb.wav,1.0
d07b69c8-c254-409f-b0e8-85ac313a6f81,coughvid_data/d07b69c8-c254-409f-b0e8-85ac313a6f81.wav,coughvid_data/d07b69c8-c254-409f-b0e8-85ac313a6f81.wav,0.0
ae6918ec-b300-4005-9df3-7d3462f2bd7a,coughvid_data/ae6918ec-b300-4005-9df3-7d3462f2bd7a.wav,coughvid_data/ae6918ec-b300-4005-9df3-7d3462f2bd7a.wav,1.0
576d8f53-22b9-48cc-9e2f-42436490e623,coughvid_data/576d8f53-22b9-48cc-9e2f-42436490e623.wav,coughvid_data/576d8f53-22b9-48cc-9e2f-42436490e623.wav,1.0
cdd9c1a1-b3d7-4bea-ace5-facb2793b4a1,coughvid_data/cdd9c1a1-b3d7-4bea-ace5-facb2793b4a1.wav,coughvid_data/cdd9c1a1-b3d7-4bea-ace5-facb2793b4a1.wav,0.0
a94c0716-1fba-43e2-89a8-21dd98a284af,coughvid_data/a94c0716-1fba-43e2-89a8-21dd98a284af.wav,coughvid_data/a94c0716-1fba-43e2-89a8-21dd98a284af.wav,1.0
60651ec0-eb5a-4195-92d4-0f2ba5d01550,coughvid_data/60651ec0-eb5a-4195-92d4-0f2ba5d01550.wav,coughvid_data/60651ec0-eb5a-4195-92d4-0f2ba5d01550.wav,1.0
4447445b-53ec-4b77-ae8a-747a9e49f440,coughvid_data/4447445b-53ec-4b77-ae8a-747a9e49f440.wav,coughvid_data/4447445b-53ec-4b77-ae8a-747a9e49f440.wav,0.0
305ab64c-5fed-4d4f-a95c-2da82dc0e71c,coughvid_data/305ab64c-5fed-4d4f-a95c-2da82dc0e71c.wav,coughvid_data/305ab64c-5fed-4d4f-a95c-2da82dc0e71c.wav,1.0
cf80be5e-0f84-40dd-b29b-9bcf75ef7c01,coughvid_data/cf80be5e-0f84-40dd-b29b-9bcf75ef7c01.wav,coughvid_data/cf80be5e-0f84-40dd-b29b-9bcf75ef7c01.wav,0.0
7ce789fd-e983-4401-a20c-58f5f534ed0e,coughvid_data/7ce789fd-e983-4401-a20c-58f5f534ed0e.wav,coughvid_data/7ce789fd-e983-4401-a20c-58f5f534ed0e.wav,0.0
d2fb50f8-cbbe-4777-8a7e-01884d821429,coughvid_data/d2fb50f8-cbbe-4777-8a7e-01884d821429.wav,coughvid_data/d2fb50f8-cbbe-4777-8a7e-01884d821429.wav,0.0
64f8cb6a-2462-461d-8234-7d48b6e57108,coughvid_data/64f8cb6a-2462-461d-8234-7d48b6e57108.wav,coughvid_data/64f8cb6a-2462-461d-8234-7d48b6e57108.wav,0.0
4dd5f58a-c1e3-4ea2-a5a4-523ba6e9121f,coughvid_data/4dd5f58a-c1e3-4ea2-a5a4-523ba6e9121f.wav,coughvid_data/4dd5f58a-c1e3-4ea2-a5a4-523ba6e9121f.wav,1.0
51ed6bfb-cf37-4eab-999c-1fda965ce4e8,coughvid_data/51ed6bfb-cf37-4eab-999c-1fda965ce4e8.wav,coughvid_data/51ed6bfb-cf37-4eab-999c-1fda965ce4e8.wav,1.0
5794a9fe-572e-4a2d-9b22-fb2465a268f6,coughvid_data/5794a9fe-572e-4a2d-9b22-fb2465a268f6.wav,coughvid_data/5794a9fe-572e-4a2d-9b22-fb2465a268f6.wav,0.0
db226377-248f-4c7b-887e-2a21b0cd5a9d,coughvid_data/db226377-248f-4c7b-887e-2a21b0cd5a9d.wav,coughvid_data/db226377-248f-4c7b-887e-2a21b0cd5a9d.wav,0.0
7e5fdcc9-978f-45cb-a9af-dfed3c5ec0ae,coughvid_data/7e5fdcc9-978f-45cb-a9af-dfed3c5ec0ae.wav,coughvid_data/7e5fdcc9-978f-45cb-a9af-dfed3c5ec0ae.wav,0.0
b6ec8386-d12a-40a4-bd93-802ccb3f28c7,coughvid_data/b6ec8386-d12a-40a4-bd93-802ccb3f28c7.wav,coughvid_data/b6ec8386-d12a-40a4-bd93-802ccb3f28c7.wav,1.0
23c1727d-4ebb-4d42-9fac-3fda2dddef5c,coughvid_data/23c1727d-4ebb-4d42-9fac-3fda2dddef5c.wav,coughvid_data/23c1727d-4ebb-4d42-9fac-3fda2dddef5c.wav,0.0
17e9e189-9c7d-4c2e-90a0-f5ef1271aee1,coughvid_data/17e9e189-9c7d-4c2e-90a0-f5ef1271aee1.wav,coughvid_data/17e9e189-9c7d-4c2e-90a0-f5ef1271aee1.wav,0.0
e695a385-83cf-48d7-9595-ab9cf8923359,coughvid_data/e695a385-83cf-48d7-9595-ab9cf8923359.wav,coughvid_data/e695a385-83cf-48d7-9595-ab9cf8923359.wav,1.0
62704586-e419-4bc0-81e7-b934a417f427,coughvid_data/62704586-e419-4bc0-81e7-b934a417f427.wav,coughvid_data/62704586-e419-4bc0-81e7-b934a417f427.wav,1.0
ab0ecb52-68d2-4512-912b-4a77cb28fa85,coughvid_data/ab0ecb52-68d2-4512-912b-4a77cb28fa85.wav,coughvid_data/ab0ecb52-68d2-4512-912b-4a77cb28fa85.wav,1.0
555462d8-d27b-456e-bd24-21c42654aed4,coughvid_data/555462d8-d27b-456e-bd24-21c42654aed4.wav,coughvid_data/555462d8-d27b-456e-bd24-21c42654aed4.wav,1.0
dea5c3ee-2bcb-43f5-8f8d-40d81dc4cf9a,coughvid_data/dea5c3ee-2bcb-43f5-8f8d-40d81dc4cf9a.wav,coughvid_data/dea5c3ee-2bcb-43f5-8f8d-40d81dc4cf9a.wav,0.0
065e20d5-e0fc-4271-a05a-ca52f6e2ac8c,coughvid_data/065e20d5-e0fc-4271-a05a-ca52f6e2ac8c.wav,coughvid_data/065e20d5-e0fc-4271-a05a-ca52f6e2ac8c.wav,0.0
319a86d9-0d1f-4ff8-b5f6-9a13e386d88f,coughvid_data/319a86d9-0d1f-4ff8-b5f6-9a13e386d88f.wav,coughvid_data/319a86d9-0d1f-4ff8-b5f6-9a13e386d88f.wav,0.0
aae89248-2aeb-43fc-800b-d29d8aead672,coughvid_data/aae89248-2aeb-43fc-800b-d29d8aead672.wav,coughvid_data/aae89248-2aeb-43fc-800b-d29d8aead672.wav,1.0
e6216198-9648-4977-82d7-db5930cb5b78,coughvid_data/e6216198-9648-4977-82d7-db5930cb5b78.wav,coughvid_data/e6216198-9648-4977-82d7-db5930cb5b78.wav,0.0
3dcb6589-5216-4795-ae68-7faa87b6873f,coughvid_data/3dcb6589-5216-4795-ae68-7faa87b6873f.wav,coughvid_data/3dcb6589-5216-4795-ae68-7faa87b6873f.wav,1.0
d57e15cf-e837-4e9e-a777-c3ee24fcb72b,coughvid_data/d57e15cf-e837-4e9e-a777-c3ee24fcb72b.wav,coughvid_data/d57e15cf-e837-4e9e-a777-c3ee24fcb72b.wav,1.0
77d9d7a3-c524-4378-9d6f-8876a6cc705a,coughvid_data/77d9d7a3-c524-4378-9d6f-8876a6cc705a.wav,coughvid_data/77d9d7a3-c524-4378-9d6f-8876a6cc705a.wav,1.0
988af784-7bd7-4f29-b555-41aed65446f2,coughvid_data/988af784-7bd7-4f29-b555-41aed65446f2.wav,coughvid_data/988af784-7bd7-4f29-b555-41aed65446f2.wav,0.0
2983d532-0c97-439e-bf6d-a6d9d52bfc20,coughvid_data/2983d532-0c97-439e-bf6d-a6d9d52bfc20.wav,coughvid_data/2983d532-0c97-439e-bf6d-a6d9d52bfc20.wav,0.0
7201d5f4-642b-4d7f-b7f9-abbdd3c4710f,coughvid_data/7201d5f4-642b-4d7f-b7f9-abbdd3c4710f.wav,coughvid_data/7201d5f4-642b-4d7f-b7f9-abbdd3c4710f.wav,0.0
0269e593-3895-4bb4-aaba-d751df4cc058,coughvid_data/0269e593-3895-4bb4-aaba-d751df4cc058.wav,coughvid_data/0269e593-3895-4bb4-aaba-d751df4cc058.wav,1.0
d50fb043-08aa-4960-94f7-e9bbc690e70d,coughvid_data/d50fb043-08aa-4960-94f7-e9bbc690e70d.wav,coughvid_data/d50fb043-08aa-4960-94f7-e9bbc690e70d.wav,1.0
45ab5ba0-4ab8-4e99-81b0-f41e87a9057e,coughvid_data/45ab5ba0-4ab8-4e99-81b0-f41e87a9057e.wav,coughvid_data/45ab5ba0-4ab8-4e99-81b0-f41e87a9057e.wav,1.0
32611202-bf8b-41a3-90bc-c4b9a681eca5,coughvid_data/32611202-bf8b-41a3-90bc-c4b9a681eca5.wav,coughvid_data/32611202-bf8b-41a3-90bc-c4b9a681eca5.wav,0.0
e2c226a9-3b03-404f-a050-b407ce488e91,coughvid_data/e2c226a9-3b03-404f-a050-b407ce488e91.wav,coughvid_data/e2c226a9-3b03-404f-a050-b407ce488e91.wav,0.0
d6d1326e-fdfa-4cfd-b8dc-57f99bf1407e,coughvid_data/d6d1326e-fdfa-4cfd-b8dc-57f99bf1407e.wav,coughvid_data/d6d1326e-fdfa-4cfd-b8dc-57f99bf1407e.wav,0.0
8363e3dc-f409-4152-aa9f-da6d01c54eb9,coughvid_data/8363e3dc-f409-4152-aa9f-da6d01c54eb9.wav,coughvid_data/8363e3dc-f409-4152-aa9f-da6d01c54eb9.wav,0.0
a0534120-4f65-4ab8-852d-6bb4d3ea322e,coughvid_data/a0534120-4f65-4ab8-852d-6bb4d3ea322e.wav,coughvid_data/a0534120-4f65-4ab8-852d-6bb4d3ea322e.wav,0.0
a21bef47-eabf-4107-a7ed-45948e4192a3,coughvid_data/a21bef47-eabf-4107-a7ed-45948e4192a3.wav,coughvid_data/a21bef47-eabf-4107-a7ed-45948e4192a3.wav,0.0
b5bd3b24-aaf5-4b0a-bf77-38632db15ae9,coughvid_data/b5bd3b24-aaf5-4b0a-bf77-38632db15ae9.wav,coughvid_data/b5bd3b24-aaf5-4b0a-bf77-38632db15ae9.wav,0.0
253b93b5-f97c-4ac1-b0c2-7ba8445bc15d,coughvid_data/253b93b5-f97c-4ac1-b0c2-7ba8445bc15d.wav,coughvid_data/253b93b5-f97c-4ac1-b0c2-7ba8445bc15d.wav,1.0
93bdbec7-e9f1-4b4b-a62b-5b0815eefdf5,coughvid_data/93bdbec7-e9f1-4b4b-a62b-5b0815eefdf5.wav,coughvid_data/93bdbec7-e9f1-4b4b-a62b-5b0815eefdf5.wav,1.0
19c46960-3873-43b7-b981-810c79060380,coughvid_data/19c46960-3873-43b7-b981-810c79060380.wav,coughvid_data/19c46960-3873-43b7-b981-810c79060380.wav,0.0
6f1bca6e-1ab2-4167-b132-598706a1f41c,coughvid_data/6f1bca6e-1ab2-4167-b132-598706a1f41c.wav,coughvid_data/6f1bca6e-1ab2-4167-b132-598706a1f41c.wav,0.0
f96a5d13-d314-483c-820f-adb246915c4d,coughvid_data/f96a5d13-d314-483c-820f-adb246915c4d.wav,coughvid_data/f96a5d13-d314-483c-820f-adb246915c4d.wav,0.0
444f71b5-613e-41ea-bf5b-76ac044b6939,coughvid_data/444f71b5-613e-41ea-bf5b-76ac044b6939.wav,coughvid_data/444f71b5-613e-41ea-bf5b-76ac044b6939.wav,0.0
bbe6aeea-0e85-409c-91ba-ee842e5a1580,coughvid_data/bbe6aeea-0e85-409c-91ba-ee842e5a1580.wav,coughvid_data/bbe6aeea-0e85-409c-91ba-ee842e5a1580.wav,0.0
a22d64ee-d321-4df7-beda-24c6f23abe8e,coughvid_data/a22d64ee-d321-4df7-beda-24c6f23abe8e.wav,coughvid_data/a22d64ee-d321-4df7-beda-24c6f23abe8e.wav,0.0
39c9ab1f-07b9-4fad-b798-4077be14c698,coughvid_data/39c9ab1f-07b9-4fad-b798-4077be14c698.wav,coughvid_data/39c9ab1f-07b9-4fad-b798-4077be14c698.wav,0.0
17a774b5-df9a-4c22-ba95-13743300ef08,coughvid_data/17a774b5-df9a-4c22-ba95-13743300ef08.wav,coughvid_data/17a774b5-df9a-4c22-ba95-13743300ef08.wav,0.0
95befa37-6642-424c-9141-00121fe70be4,coughvid_data/95befa37-6642-424c-9141-00121fe70be4.wav,coughvid_data/95befa37-6642-424c-9141-00121fe70be4.wav,0.0
ec53685a-d497-492f-a753-2e0418ee6e1d,coughvid_data/ec53685a-d497-492f-a753-2e0418ee6e1d.wav,coughvid_data/ec53685a-d497-492f-a753-2e0418ee6e1d.wav,1.0
4c228eb9-c543-4688-a93f-4ac0cd879b6b,coughvid_data/4c228eb9-c543-4688-a93f-4ac0cd879b6b.wav,coughvid_data/4c228eb9-c543-4688-a93f-4ac0cd879b6b.wav,1.0
3ec4e48b-d422-4553-a605-1aeffdc9c166,coughvid_data/3ec4e48b-d422-4553-a605-1aeffdc9c166.wav,coughvid_data/3ec4e48b-d422-4553-a605-1aeffdc9c166.wav,1.0
f8ce1c72-462d-4362-b891-676cc5a7a9c1,coughvid_data/f8ce1c72-462d-4362-b891-676cc5a7a9c1.wav,coughvid_data/f8ce1c72-462d-4362-b891-676cc5a7a9c1.wav,1.0
eb221bb1-879a-4a2a-8a0d-93ee20badca8,coughvid_data/eb221bb1-879a-4a2a-8a0d-93ee20badca8.wav,coughvid_data/eb221bb1-879a-4a2a-8a0d-93ee20badca8.wav,1.0
c67bffd4-1620-4f80-9b40-5661d595a5a0,coughvid_data/c67bffd4-1620-4f80-9b40-5661d595a5a0.wav,coughvid_data/c67bffd4-1620-4f80-9b40-5661d595a5a0.wav,1.0
93dfe86e-d139-4b0e-b959-3b210701bab1,coughvid_data/93dfe86e-d139-4b0e-b959-3b210701bab1.wav,coughvid_data/93dfe86e-d139-4b0e-b959-3b210701bab1.wav,1.0
0edfcc75-102f-4d34-bf67-97c6838a21cc,coughvid_data/0edfcc75-102f-4d34-bf67-97c6838a21cc.wav,coughvid_data/0edfcc75-102f-4d34-bf67-97c6838a21cc.wav,1.0
a08d28dc-9b8d-43ae-a864-9f25be0e1718,coughvid_data/a08d28dc-9b8d-43ae-a864-9f25be0e1718.wav,coughvid_data/a08d28dc-9b8d-43ae-a864-9f25be0e1718.wav,1.0
61eeba80-73d8-4c5a-b2ab-e7f5cd21b04e,coughvid_data/61eeba80-73d8-4c5a-b2ab-e7f5cd21b04e.wav,coughvid_data/61eeba80-73d8-4c5a-b2ab-e7f5cd21b04e.wav,1.0
a3bfc2bd-5119-4b2c-b3e9-e4a8853e846b,coughvid_data/a3bfc2bd-5119-4b2c-b3e9-e4a8853e846b.wav,coughvid_data/a3bfc2bd-5119-4b2c-b3e9-e4a8853e846b.wav,0.0
377392e8-694e-46b3-a7bb-6e58433c1703,coughvid_data/377392e8-694e-46b3-a7bb-6e58433c1703.wav,coughvid_data/377392e8-694e-46b3-a7bb-6e58433c1703.wav,0.0
9ec68964-74c8-4297-ab11-220a3da58dd6,coughvid_data/9ec68964-74c8-4297-ab11-220a3da58dd6.wav,coughvid_data/9ec68964-74c8-4297-ab11-220a3da58dd6.wav,1.0
d2ffdd42-f29a-49f6-be86-1c6c13002afd,coughvid_data/d2ffdd42-f29a-49f6-be86-1c6c13002afd.wav,coughvid_data/d2ffdd42-f29a-49f6-be86-1c6c13002afd.wav,0.0
11b16bb0-2b43-4839-8722-0240aed85ccb,coughvid_data/11b16bb0-2b43-4839-8722-0240aed85ccb.wav,coughvid_data/11b16bb0-2b43-4839-8722-0240aed85ccb.wav,0.0
474ffabf-fa34-416c-853f-0def52e32964,coughvid_data/474ffabf-fa34-416c-853f-0def52e32964.wav,coughvid_data/474ffabf-fa34-416c-853f-0def52e32964.wav,0.0
0762cd0a-5ce6-4b1b-9374-5d4396c218ed,coughvid_data/0762cd0a-5ce6-4b1b-9374-5d4396c218ed.wav,coughvid_data/0762cd0a-5ce6-4b1b-9374-5d4396c218ed.wav,1.0
762f7b9f-524f-40ea-8512-c8bc39c880bf,coughvid_data/762f7b9f-524f-40ea-8512-c8bc39c880bf.wav,coughvid_data/762f7b9f-524f-40ea-8512-c8bc39c880bf.wav,0.0
f4e51208-6dcd-46c2-b2f3-f4fa6e6f8760,coughvid_data/f4e51208-6dcd-46c2-b2f3-f4fa6e6f8760.wav,coughvid_data/f4e51208-6dcd-46c2-b2f3-f4fa6e6f8760.wav,1.0
d1b6e9c3-a2b7-4627-b88f-41ee2004bdaa,coughvid_data/d1b6e9c3-a2b7-4627-b88f-41ee2004bdaa.wav,coughvid_data/d1b6e9c3-a2b7-4627-b88f-41ee2004bdaa.wav,1.0
efc7f31c-7789-418e-a188-fb5528f6aef6,coughvid_data/efc7f31c-7789-418e-a188-fb5528f6aef6.wav,coughvid_data/efc7f31c-7789-418e-a188-fb5528f6aef6.wav,0.0
9388b20a-e032-4f21-9d63-04cbb5eb9d1a,coughvid_data/9388b20a-e032-4f21-9d63-04cbb5eb9d1a.wav,coughvid_data/9388b20a-e032-4f21-9d63-04cbb5eb9d1a.wav,0.0
ba13b698-5f56-4bfd-9d3e-706666de9aa8,coughvid_data/ba13b698-5f56-4bfd-9d3e-706666de9aa8.wav,coughvid_data/ba13b698-5f56-4bfd-9d3e-706666de9aa8.wav,0.0
b4e3b1c1-6cd4-4caf-bfe9-c8e366d2090d,coughvid_data/b4e3b1c1-6cd4-4caf-bfe9-c8e366d2090d.wav,coughvid_data/b4e3b1c1-6cd4-4caf-bfe9-c8e366d2090d.wav,1.0
bdeef0bb-dda6-4c59-81f5-93823bc1c440,coughvid_data/bdeef0bb-dda6-4c59-81f5-93823bc1c440.wav,coughvid_data/bdeef0bb-dda6-4c59-81f5-93823bc1c440.wav,0.0
d0de42f3-676c-4f03-990a-20e54cf25dc9,coughvid_data/d0de42f3-676c-4f03-990a-20e54cf25dc9.wav,coughvid_data/d0de42f3-676c-4f03-990a-20e54cf25dc9.wav,1.0
83ceb3c6-7198-40fb-b273-120dd5bafd4b,coughvid_data/83ceb3c6-7198-40fb-b273-120dd5bafd4b.wav,coughvid_data/83ceb3c6-7198-40fb-b273-120dd5bafd4b.wav,1.0
2d28be56-0a58-42cc-b0d6-b8ea198df564,coughvid_data/2d28be56-0a58-42cc-b0d6-b8ea198df564.wav,coughvid_data/2d28be56-0a58-42cc-b0d6-b8ea198df564.wav,1.0
49cd0638-2efc-44c0-a231-88625ec27e9d,coughvid_data/49cd0638-2efc-44c0-a231-88625ec27e9d.wav,coughvid_data/49cd0638-2efc-44c0-a231-88625ec27e9d.wav,0.0
629806fa-3333-4e48-b8c0-f4aa5bb3ba60,coughvid_data/629806fa-3333-4e48-b8c0-f4aa5bb3ba60.wav,coughvid_data/629806fa-3333-4e48-b8c0-f4aa5bb3ba60.wav,0.0
a1f03523-0d97-4046-a286-c301996b9e8d,coughvid_data/a1f03523-0d97-4046-a286-c301996b9e8d.wav,coughvid_data/a1f03523-0d97-4046-a286-c301996b9e8d.wav,1.0
64bef849-3190-4c43-b86d-960c5b500d31,coughvid_data/64bef849-3190-4c43-b86d-960c5b500d31.wav,coughvid_data/64bef849-3190-4c43-b86d-960c5b500d31.wav,0.0
7dff4771-461c-4ae4-aecc-a7e93736c0fd,coughvid_data/7dff4771-461c-4ae4-aecc-a7e93736c0fd.wav,coughvid_data/7dff4771-461c-4ae4-aecc-a7e93736c0fd.wav,0.0
58bf21a1-94d6-43f9-9d28-8375d561f572,coughvid_data/58bf21a1-94d6-43f9-9d28-8375d561f572.wav,coughvid_data/58bf21a1-94d6-43f9-9d28-8375d561f572.wav,1.0
c45c45df-d866-49f9-823d-0ebb5de75eb6,coughvid_data/c45c45df-d866-49f9-823d-0ebb5de75eb6.wav,coughvid_data/c45c45df-d866-49f9-823d-0ebb5de75eb6.wav,0.0
e2c29842-3094-4eb1-98e8-22ac1733fd65,coughvid_data/e2c29842-3094-4eb1-98e8-22ac1733fd65.wav,coughvid_data/e2c29842-3094-4eb1-98e8-22ac1733fd65.wav,1.0
43f7d475-8606-4596-8aea-3951c31473be,coughvid_data/43f7d475-8606-4596-8aea-3951c31473be.wav,coughvid_data/43f7d475-8606-4596-8aea-3951c31473be.wav,1.0
b6757d92-4ec8-4896-9d72-06e3fe06d119,coughvid_data/b6757d92-4ec8-4896-9d72-06e3fe06d119.wav,coughvid_data/b6757d92-4ec8-4896-9d72-06e3fe06d119.wav,1.0
4d257d0f-77e0-453a-bded-7c5c8e28e88a,coughvid_data/4d257d0f-77e0-453a-bded-7c5c8e28e88a.wav,coughvid_data/4d257d0f-77e0-453a-bded-7c5c8e28e88a.wav,0.0
ed0fa98b-2a47-40fd-8172-521f19181223,coughvid_data/ed0fa98b-2a47-40fd-8172-521f19181223.wav,coughvid_data/ed0fa98b-2a47-40fd-8172-521f19181223.wav,1.0
d6aeff79-c138-4348-907b-1939c40f7d93,coughvid_data/d6aeff79-c138-4348-907b-1939c40f7d93.wav,coughvid_data/d6aeff79-c138-4348-907b-1939c40f7d93.wav,1.0
c37791c0-d5f2-4294-a9a9-b7b7a2b45417,coughvid_data/c37791c0-d5f2-4294-a9a9-b7b7a2b45417.wav,coughvid_data/c37791c0-d5f2-4294-a9a9-b7b7a2b45417.wav,1.0
3b865371-eba5-487e-89df-f8e548bff32c,coughvid_data/3b865371-eba5-487e-89df-f8e548bff32c.wav,coughvid_data/3b865371-eba5-487e-89df-f8e548bff32c.wav,0.0
f9e575b3-fb7e-4c22-add1-b04a7b00960a,coughvid_data/f9e575b3-fb7e-4c22-add1-b04a7b00960a.wav,coughvid_data/f9e575b3-fb7e-4c22-add1-b04a7b00960a.wav,0.0
6aaafece-c649-40ed-802c-5669b8410153,coughvid_data/6aaafece-c649-40ed-802c-5669b8410153.wav,coughvid_data/6aaafece-c649-40ed-802c-5669b8410153.wav,1.0
4b83f040-241c-4f0a-bd11-6493e5701c79,coughvid_data/4b83f040-241c-4f0a-bd11-6493e5701c79.wav,coughvid_data/4b83f040-241c-4f0a-bd11-6493e5701c79.wav,1.0
c471eefe-b1ed-496d-ba26-d9722ff9f36e,coughvid_data/c471eefe-b1ed-496d-ba26-d9722ff9f36e.wav,coughvid_data/c471eefe-b1ed-496d-ba26-d9722ff9f36e.wav,0.0
7f6db48d-de3f-4a30-bd9a-5216b0b3261b,coughvid_data/7f6db48d-de3f-4a30-bd9a-5216b0b3261b.wav,coughvid_data/7f6db48d-de3f-4a30-bd9a-5216b0b3261b.wav,1.0
479aedf2-5ef7-46b2-a8e1-4bf4ea3548ed,coughvid_data/479aedf2-5ef7-46b2-a8e1-4bf4ea3548ed.wav,coughvid_data/479aedf2-5ef7-46b2-a8e1-4bf4ea3548ed.wav,0.0
81c792d3-5339-486c-8454-9f15f2794673,coughvid_data/81c792d3-5339-486c-8454-9f15f2794673.wav,coughvid_data/81c792d3-5339-486c-8454-9f15f2794673.wav,1.0
296446a3-d81c-4aaa-897f-d80c849b95b0,coughvid_data/296446a3-d81c-4aaa-897f-d80c849b95b0.wav,coughvid_data/296446a3-d81c-4aaa-897f-d80c849b95b0.wav,1.0
0f51ec47-bc35-47e7-a100-d6330b648bc0,coughvid_data/0f51ec47-bc35-47e7-a100-d6330b648bc0.wav,coughvid_data/0f51ec47-bc35-47e7-a100-d6330b648bc0.wav,0.0
f285c993-b295-4615-aa42-bb7a98c9b647,coughvid_data/f285c993-b295-4615-aa42-bb7a98c9b647.wav,coughvid_data/f285c993-b295-4615-aa42-bb7a98c9b647.wav,0.0
f49faa07-bdc3-4558-a732-b42c4cd9c530,coughvid_data/f49faa07-bdc3-4558-a732-b42c4cd9c530.wav,coughvid_data/f49faa07-bdc3-4558-a732-b42c4cd9c530.wav,1.0
983dcf46-7b4b-4744-9e13-9cdc598aa92d,coughvid_data/983dcf46-7b4b-4744-9e13-9cdc598aa92d.wav,coughvid_data/983dcf46-7b4b-4744-9e13-9cdc598aa92d.wav,0.0
fefd13f8-7246-4889-a022-8db91fe215b6,coughvid_data/fefd13f8-7246-4889-a022-8db91fe215b6.wav,coughvid_data/fefd13f8-7246-4889-a022-8db91fe215b6.wav,1.0
6187c238-4c3b-4698-8da8-4d9efa62174d,coughvid_data/6187c238-4c3b-4698-8da8-4d9efa62174d.wav,coughvid_data/6187c238-4c3b-4698-8da8-4d9efa62174d.wav,1.0
3f261b3e-e6cb-4b3d-9d06-88e7dc76dfc9,coughvid_data/3f261b3e-e6cb-4b3d-9d06-88e7dc76dfc9.wav,coughvid_data/3f261b3e-e6cb-4b3d-9d06-88e7dc76dfc9.wav,1.0
f2971552-b35b-4ebd-8f19-e6684c020e94,coughvid_data/f2971552-b35b-4ebd-8f19-e6684c020e94.wav,coughvid_data/f2971552-b35b-4ebd-8f19-e6684c020e94.wav,1.0
6685c5f9-d4f2-4579-b51c-4b6b1db3ffd6,coughvid_data/6685c5f9-d4f2-4579-b51c-4b6b1db3ffd6.wav,coughvid_data/6685c5f9-d4f2-4579-b51c-4b6b1db3ffd6.wav,1.0
93833a6e-c67c-4c5f-9570-6f36ac22b9e6,coughvid_data/93833a6e-c67c-4c5f-9570-6f36ac22b9e6.wav,coughvid_data/93833a6e-c67c-4c5f-9570-6f36ac22b9e6.wav,1.0
f21ebca0-35d9-4fd1-83c3-caf1482446da,coughvid_data/f21ebca0-35d9-4fd1-83c3-caf1482446da.wav,coughvid_data/f21ebca0-35d9-4fd1-83c3-caf1482446da.wav,1.0
e41f4569-7506-4e95-8fec-6d26d591ad10,coughvid_data/e41f4569-7506-4e95-8fec-6d26d591ad10.wav,coughvid_data/e41f4569-7506-4e95-8fec-6d26d591ad10.wav,0.0
a553ed8e-9e49-43f1-b99e-db396dd3121e,coughvid_data/a553ed8e-9e49-43f1-b99e-db396dd3121e.wav,coughvid_data/a553ed8e-9e49-43f1-b99e-db396dd3121e.wav,1.0
de2255cb-7d1b-4296-ab1e-f97898a14341,coughvid_data/de2255cb-7d1b-4296-ab1e-f97898a14341.wav,coughvid_data/de2255cb-7d1b-4296-ab1e-f97898a14341.wav,0.0
0cfb0126-e5d7-4ccc-a23a-d0cf83b722c5,coughvid_data/0cfb0126-e5d7-4ccc-a23a-d0cf83b722c5.wav,coughvid_data/0cfb0126-e5d7-4ccc-a23a-d0cf83b722c5.wav,1.0
7d9ef0c0-a167-4a84-9018-717b4d4eba9b,coughvid_data/7d9ef0c0-a167-4a84-9018-717b4d4eba9b.wav,coughvid_data/7d9ef0c0-a167-4a84-9018-717b4d4eba9b.wav,0.0
87223a7d-23e0-44aa-8dd1-8f318c9c1c78,coughvid_data/87223a7d-23e0-44aa-8dd1-8f318c9c1c78.wav,coughvid_data/87223a7d-23e0-44aa-8dd1-8f318c9c1c78.wav,0.0
f377c3bc-8705-4ae9-bebb-8321aac0cc8a,coughvid_data/f377c3bc-8705-4ae9-bebb-8321aac0cc8a.wav,coughvid_data/f377c3bc-8705-4ae9-bebb-8321aac0cc8a.wav,0.0
f81ed83d-a5eb-434e-9615-bb9e048344f9,coughvid_data/f81ed83d-a5eb-434e-9615-bb9e048344f9.wav,coughvid_data/f81ed83d-a5eb-434e-9615-bb9e048344f9.wav,0.0
c0d601d9-53bc-40d6-b514-95d803f1df02,coughvid_data/c0d601d9-53bc-40d6-b514-95d803f1df02.wav,coughvid_data/c0d601d9-53bc-40d6-b514-95d803f1df02.wav,1.0
39a84722-aff1-4680-a5d9-7ab63a0bcdc1,coughvid_data/39a84722-aff1-4680-a5d9-7ab63a0bcdc1.wav,coughvid_data/39a84722-aff1-4680-a5d9-7ab63a0bcdc1.wav,1.0
654a3f26-5126-45a4-9a8b-716e3c3ec9fc,coughvid_data/654a3f26-5126-45a4-9a8b-716e3c3ec9fc.wav,coughvid_data/654a3f26-5126-45a4-9a8b-716e3c3ec9fc.wav,0.0
2bee49f1-efda-4c6d-adc4-1e54d16fa96c,coughvid_data/2bee49f1-efda-4c6d-adc4-1e54d16fa96c.wav,coughvid_data/2bee49f1-efda-4c6d-adc4-1e54d16fa96c.wav,0.0
a1f354f6-46bd-45c7-bf2e-d0c3cce65aef,coughvid_data/a1f354f6-46bd-45c7-bf2e-d0c3cce65aef.wav,coughvid_data/a1f354f6-46bd-45c7-bf2e-d0c3cce65aef.wav,1.0
f347e2ac-a8f0-4eb1-8d14-088345ca7a7b,coughvid_data/f347e2ac-a8f0-4eb1-8d14-088345ca7a7b.wav,coughvid_data/f347e2ac-a8f0-4eb1-8d14-088345ca7a7b.wav,1.0
878828c4-50d0-41ba-b30b-b88d6376846b,coughvid_data/878828c4-50d0-41ba-b30b-b88d6376846b.wav,coughvid_data/878828c4-50d0-41ba-b30b-b88d6376846b.wav,0.0
6aa6dbcb-a934-4075-b819-1e587a5f22e9,coughvid_data/6aa6dbcb-a934-4075-b819-1e587a5f22e9.wav,coughvid_data/6aa6dbcb-a934-4075-b819-1e587a5f22e9.wav,0.0
9b4f0155-35d2-4868-90e7-a61d2fa473a6,coughvid_data/9b4f0155-35d2-4868-90e7-a61d2fa473a6.wav,coughvid_data/9b4f0155-35d2-4868-90e7-a61d2fa473a6.wav,1.0
e5d64958-a006-4d44-b687-edc4f14cbe24,coughvid_data/e5d64958-a006-4d44-b687-edc4f14cbe24.wav,coughvid_data/e5d64958-a006-4d44-b687-edc4f14cbe24.wav,1.0
0daffb73-6f9f-463c-bb31-67c8bc2d3133,coughvid_data/0daffb73-6f9f-463c-bb31-67c8bc2d3133.wav,coughvid_data/0daffb73-6f9f-463c-bb31-67c8bc2d3133.wav,1.0
3d15cd63-93d3-49f5-8c9a-aa8b8ef77d7c,coughvid_data/3d15cd63-93d3-49f5-8c9a-aa8b8ef77d7c.wav,coughvid_data/3d15cd63-93d3-49f5-8c9a-aa8b8ef77d7c.wav,0.0
ace02907-c5a1-4f83-b4a2-bec847501e2a,coughvid_data/ace02907-c5a1-4f83-b4a2-bec847501e2a.wav,coughvid_data/ace02907-c5a1-4f83-b4a2-bec847501e2a.wav,1.0
971df7a1-46fa-4afa-ab55-616a1f779e99,coughvid_data/971df7a1-46fa-4afa-ab55-616a1f779e99.wav,coughvid_data/971df7a1-46fa-4afa-ab55-616a1f779e99.wav,1.0
41b02e0b-cbf2-4b0f-8859-74aa4b52d50d,coughvid_data/41b02e0b-cbf2-4b0f-8859-74aa4b52d50d.wav,coughvid_data/41b02e0b-cbf2-4b0f-8859-74aa4b52d50d.wav,1.0
80835c46-458c-4a77-a689-c5fd88bab413,coughvid_data/80835c46-458c-4a77-a689-c5fd88bab413.wav,coughvid_data/80835c46-458c-4a77-a689-c5fd88bab413.wav,1.0
4e3d6f9f-5efe-4683-a075-89810da54adb,coughvid_data/4e3d6f9f-5efe-4683-a075-89810da54adb.wav,coughvid_data/4e3d6f9f-5efe-4683-a075-89810da54adb.wav,1.0
0bdcea0d-bcf5-4bb9-8a3a-04e92d43d7c5,coughvid_data/0bdcea0d-bcf5-4bb9-8a3a-04e92d43d7c5.wav,coughvid_data/0bdcea0d-bcf5-4bb9-8a3a-04e92d43d7c5.wav,0.0
b5a9b52c-0b40-46aa-a5b2-f39cf78ae2cd,coughvid_data/b5a9b52c-0b40-46aa-a5b2-f39cf78ae2cd.wav,coughvid_data/b5a9b52c-0b40-46aa-a5b2-f39cf78ae2cd.wav,1.0
eb28eaa6-8c7c-4e9e-a7b8-b180e30786a3,coughvid_data/eb28eaa6-8c7c-4e9e-a7b8-b180e30786a3.wav,coughvid_data/eb28eaa6-8c7c-4e9e-a7b8-b180e30786a3.wav,0.0
98fb6294-d339-4c83-8ff5-2bbcf82e35e0,coughvid_data/98fb6294-d339-4c83-8ff5-2bbcf82e35e0.wav,coughvid_data/98fb6294-d339-4c83-8ff5-2bbcf82e35e0.wav,1.0
6d52febd-ec46-4c06-a47a-467611ddefdc,coughvid_data/6d52febd-ec46-4c06-a47a-467611ddefdc.wav,coughvid_data/6d52febd-ec46-4c06-a47a-467611ddefdc.wav,0.0
83c33ea0-cdea-4f7d-9290-1ecdf2d81179,coughvid_data/83c33ea0-cdea-4f7d-9290-1ecdf2d81179.wav,coughvid_data/83c33ea0-cdea-4f7d-9290-1ecdf2d81179.wav,1.0
05fcd4e7-9ed6-4ed6-ae56-333af5aefd6d,coughvid_data/05fcd4e7-9ed6-4ed6-ae56-333af5aefd6d.wav,coughvid_data/05fcd4e7-9ed6-4ed6-ae56-333af5aefd6d.wav,1.0
24d438f4-82ba-4bdd-9411-0a7360b0de5b,coughvid_data/24d438f4-82ba-4bdd-9411-0a7360b0de5b.wav,coughvid_data/24d438f4-82ba-4bdd-9411-0a7360b0de5b.wav,1.0
7b1620a4-2e3e-4461-9ba5-7a18fde8c52e,coughvid_data/7b1620a4-2e3e-4461-9ba5-7a18fde8c52e.wav,coughvid_data/7b1620a4-2e3e-4461-9ba5-7a18fde8c52e.wav,0.0
1ba36c5a-542c-4164-aa43-b1f01f23f94d,coughvid_data/1ba36c5a-542c-4164-aa43-b1f01f23f94d.wav,coughvid_data/1ba36c5a-542c-4164-aa43-b1f01f23f94d.wav,1.0
eceaa3a9-f850-4ba9-82ee-1bcd2575b99c,coughvid_data/eceaa3a9-f850-4ba9-82ee-1bcd2575b99c.wav,coughvid_data/eceaa3a9-f850-4ba9-82ee-1bcd2575b99c.wav,1.0
8607a804-4e98-417e-b0db-86213ef4c6ba,coughvid_data/8607a804-4e98-417e-b0db-86213ef4c6ba.wav,coughvid_data/8607a804-4e98-417e-b0db-86213ef4c6ba.wav,1.0
ae9ac7d1-62f6-409c-9390-bdbb700a1112,coughvid_data/ae9ac7d1-62f6-409c-9390-bdbb700a1112.wav,coughvid_data/ae9ac7d1-62f6-409c-9390-bdbb700a1112.wav,1.0
4ac333bc-b282-4caa-af36-b750fd2711e4,coughvid_data/4ac333bc-b282-4caa-af36-b750fd2711e4.wav,coughvid_data/4ac333bc-b282-4caa-af36-b750fd2711e4.wav,1.0
f36df503-b023-44ae-b1d9-e3f8fb471f17,coughvid_data/f36df503-b023-44ae-b1d9-e3f8fb471f17.wav,coughvid_data/f36df503-b023-44ae-b1d9-e3f8fb471f17.wav,0.0
e918a752-9baf-4b7e-9995-627c6f913129,coughvid_data/e918a752-9baf-4b7e-9995-627c6f913129.wav,coughvid_data/e918a752-9baf-4b7e-9995-627c6f913129.wav,1.0
631d37b1-aa50-441e-aad4-d43139adf618,coughvid_data/631d37b1-aa50-441e-aad4-d43139adf618.wav,coughvid_data/631d37b1-aa50-441e-aad4-d43139adf618.wav,0.0
04c60cde-024d-4829-838e-a469363c8ca3,coughvid_data/04c60cde-024d-4829-838e-a469363c8ca3.wav,coughvid_data/04c60cde-024d-4829-838e-a469363c8ca3.wav,1.0
f6743aab-7439-4163-a2f6-fa8a9ab12687,coughvid_data/f6743aab-7439-4163-a2f6-fa8a9ab12687.wav,coughvid_data/f6743aab-7439-4163-a2f6-fa8a9ab12687.wav,1.0
f0e82588-4ae8-4951-ba26-24fea0f4e6df,coughvid_data/f0e82588-4ae8-4951-ba26-24fea0f4e6df.wav,coughvid_data/f0e82588-4ae8-4951-ba26-24fea0f4e6df.wav,0.0
f4748a2e-b4b7-4b87-be75-8352db1c9b25,coughvid_data/f4748a2e-b4b7-4b87-be75-8352db1c9b25.wav,coughvid_data/f4748a2e-b4b7-4b87-be75-8352db1c9b25.wav,1.0
399daabc-6aed-4f80-b34a-ecfcd8f6afe2,coughvid_data/399daabc-6aed-4f80-b34a-ecfcd8f6afe2.wav,coughvid_data/399daabc-6aed-4f80-b34a-ecfcd8f6afe2.wav,1.0
1c7b9152-fd61-4742-8da9-233dd0b93008,coughvid_data/1c7b9152-fd61-4742-8da9-233dd0b93008.wav,coughvid_data/1c7b9152-fd61-4742-8da9-233dd0b93008.wav,1.0
cc73ebee-1a33-483d-a0b0-4d459588e143,coughvid_data/cc73ebee-1a33-483d-a0b0-4d459588e143.wav,coughvid_data/cc73ebee-1a33-483d-a0b0-4d459588e143.wav,0.0
f551d6e4-4d4f-4f6e-b79f-536d901410ca,coughvid_data/f551d6e4-4d4f-4f6e-b79f-536d901410ca.wav,coughvid_data/f551d6e4-4d4f-4f6e-b79f-536d901410ca.wav,1.0
bc14fb07-2890-4c0a-a793-a8c22d3cd7f9,coughvid_data/bc14fb07-2890-4c0a-a793-a8c22d3cd7f9.wav,coughvid_data/bc14fb07-2890-4c0a-a793-a8c22d3cd7f9.wav,0.0
094c7a88-4db2-4f08-ad96-7f973538cc62,coughvid_data/094c7a88-4db2-4f08-ad96-7f973538cc62.wav,coughvid_data/094c7a88-4db2-4f08-ad96-7f973538cc62.wav,0.0
23786d34-4e59-4a4e-bc21-5010579ff53d,coughvid_data/23786d34-4e59-4a4e-bc21-5010579ff53d.wav,coughvid_data/23786d34-4e59-4a4e-bc21-5010579ff53d.wav,0.0
4effac7b-95a3-4ffc-8f18-a9fe8246efff,coughvid_data/4effac7b-95a3-4ffc-8f18-a9fe8246efff.wav,coughvid_data/4effac7b-95a3-4ffc-8f18-a9fe8246efff.wav,0.0
f0779eae-b4fd-4f7d-af01-79dd110d90d6,coughvid_data/f0779eae-b4fd-4f7d-af01-79dd110d90d6.wav,coughvid_data/f0779eae-b4fd-4f7d-af01-79dd110d90d6.wav,0.0
2d9d5ed6-d615-4f2d-842c-a1e51e9071f8,coughvid_data/2d9d5ed6-d615-4f2d-842c-a1e51e9071f8.wav,coughvid_data/2d9d5ed6-d615-4f2d-842c-a1e51e9071f8.wav,0.0
412aec9a-8258-4093-9c17-a01164f38fe8,coughvid_data/412aec9a-8258-4093-9c17-a01164f38fe8.wav,coughvid_data/412aec9a-8258-4093-9c17-a01164f38fe8.wav,1.0
2857cb47-754b-4e90-9609-e5446963cbe8,coughvid_data/2857cb47-754b-4e90-9609-e5446963cbe8.wav,coughvid_data/2857cb47-754b-4e90-9609-e5446963cbe8.wav,0.0
eb44a121-dfb6-4829-89d0-e3a73b0bbc1b,coughvid_data/eb44a121-dfb6-4829-89d0-e3a73b0bbc1b.wav,coughvid_data/eb44a121-dfb6-4829-89d0-e3a73b0bbc1b.wav,0.0
84c0d0ae-c942-48b1-bebf-2cc472480302,coughvid_data/84c0d0ae-c942-48b1-bebf-2cc472480302.wav,coughvid_data/84c0d0ae-c942-48b1-bebf-2cc472480302.wav,0.0
d2950f6b-303d-4ef9-84a8-a9b789cdd362,coughvid_data/d2950f6b-303d-4ef9-84a8-a9b789cdd362.wav,coughvid_data/d2950f6b-303d-4ef9-84a8-a9b789cdd362.wav,1.0
ba74bde6-dc2c-4ffc-86c4-5cda550f0c2f,coughvid_data/ba74bde6-dc2c-4ffc-86c4-5cda550f0c2f.wav,coughvid_data/ba74bde6-dc2c-4ffc-86c4-5cda550f0c2f.wav,0.0
2605f045-2012-4937-96c2-138428af8e64,coughvid_data/2605f045-2012-4937-96c2-138428af8e64.wav,coughvid_data/2605f045-2012-4937-96c2-138428af8e64.wav,0.0
2ed246f3-6f46-4698-960a-03b8dd908af0,coughvid_data/2ed246f3-6f46-4698-960a-03b8dd908af0.wav,coughvid_data/2ed246f3-6f46-4698-960a-03b8dd908af0.wav,1.0
0cd9698a-3077-42cd-9c3b-27c9537b5c83,coughvid_data/0cd9698a-3077-42cd-9c3b-27c9537b5c83.wav,coughvid_data/0cd9698a-3077-42cd-9c3b-27c9537b5c83.wav,1.0
6ded8a37-cd95-4dc7-b966-0765616731eb,coughvid_data/6ded8a37-cd95-4dc7-b966-0765616731eb.wav,coughvid_data/6ded8a37-cd95-4dc7-b966-0765616731eb.wav,0.0
06b49798-22b7-4570-85b9-1390947ff34d,coughvid_data/06b49798-22b7-4570-85b9-1390947ff34d.wav,coughvid_data/06b49798-22b7-4570-85b9-1390947ff34d.wav,1.0
2e72c3de-2b5d-49c7-bb7a-702bff64f1ad,coughvid_data/2e72c3de-2b5d-49c7-bb7a-702bff64f1ad.wav,coughvid_data/2e72c3de-2b5d-49c7-bb7a-702bff64f1ad.wav,1.0
5544e771-429b-4c66-bb23-691cd7802a90,coughvid_data/5544e771-429b-4c66-bb23-691cd7802a90.wav,coughvid_data/5544e771-429b-4c66-bb23-691cd7802a90.wav,1.0
a55596ff-f478-4f96-8a86-5ba5a50d9c8e,coughvid_data/a55596ff-f478-4f96-8a86-5ba5a50d9c8e.wav,coughvid_data/a55596ff-f478-4f96-8a86-5ba5a50d9c8e.wav,1.0
d84d6694-1773-432c-baae-22dc2c841743,coughvid_data/d84d6694-1773-432c-baae-22dc2c841743.wav,coughvid_data/d84d6694-1773-432c-baae-22dc2c841743.wav,1.0
289289ed-fff9-49da-8377-f7a0f2ccef96,coughvid_data/289289ed-fff9-49da-8377-f7a0f2ccef96.wav,coughvid_data/289289ed-fff9-49da-8377-f7a0f2ccef96.wav,0.0
d85d14d2-5f30-4613-8376-122229748aab,coughvid_data/d85d14d2-5f30-4613-8376-122229748aab.wav,coughvid_data/d85d14d2-5f30-4613-8376-122229748aab.wav,1.0
dc480996-95e5-41e7-a15d-89f19554ec46,coughvid_data/dc480996-95e5-41e7-a15d-89f19554ec46.wav,coughvid_data/dc480996-95e5-41e7-a15d-89f19554ec46.wav,0.0
c45fd63e-51d1-4816-88c3-a3b933cc84cb,coughvid_data/c45fd63e-51d1-4816-88c3-a3b933cc84cb.wav,coughvid_data/c45fd63e-51d1-4816-88c3-a3b933cc84cb.wav,0.0
3169ae75-df07-48b3-a04c-b33cd3b10b30,coughvid_data/3169ae75-df07-48b3-a04c-b33cd3b10b30.wav,coughvid_data/3169ae75-df07-48b3-a04c-b33cd3b10b30.wav,1.0
a764db41-fdf3-48ee-a830-769edf703929,coughvid_data/a764db41-fdf3-48ee-a830-769edf703929.wav,coughvid_data/a764db41-fdf3-48ee-a830-769edf703929.wav,0.0
b9dec2c6-8cc0-4bbf-8d27-9096512467ba,coughvid_data/b9dec2c6-8cc0-4bbf-8d27-9096512467ba.wav,coughvid_data/b9dec2c6-8cc0-4bbf-8d27-9096512467ba.wav,1.0
c237d349-eb56-44c7-84df-41b69412cf94,coughvid_data/c237d349-eb56-44c7-84df-41b69412cf94.wav,coughvid_data/c237d349-eb56-44c7-84df-41b69412cf94.wav,1.0
88ba94f3-054a-4087-b19e-8f0013382498,coughvid_data/88ba94f3-054a-4087-b19e-8f0013382498.wav,coughvid_data/88ba94f3-054a-4087-b19e-8f0013382498.wav,0.0
71e0dca8-232a-4b27-bd7c-efaafdaf15a5,coughvid_data/71e0dca8-232a-4b27-bd7c-efaafdaf15a5.wav,coughvid_data/71e0dca8-232a-4b27-bd7c-efaafdaf15a5.wav,0.0
ddb8b5b4-e913-4e08-b8ac-92b038e42d96,coughvid_data/ddb8b5b4-e913-4e08-b8ac-92b038e42d96.wav,coughvid_data/ddb8b5b4-e913-4e08-b8ac-92b038e42d96.wav,1.0
f75ba3de-f917-4ad4-8302-1b9e6cab442e,coughvid_data/f75ba3de-f917-4ad4-8302-1b9e6cab442e.wav,coughvid_data/f75ba3de-f917-4ad4-8302-1b9e6cab442e.wav,1.0
864b3b33-c30b-4215-a6ad-66be69c07197,coughvid_data/864b3b33-c30b-4215-a6ad-66be69c07197.wav,coughvid_data/864b3b33-c30b-4215-a6ad-66be69c07197.wav,1.0
e8094283-5db9-4f36-bd31-0badc6315575,coughvid_data/e8094283-5db9-4f36-bd31-0badc6315575.wav,coughvid_data/e8094283-5db9-4f36-bd31-0badc6315575.wav,0.0
e9a74070-222b-4be3-8191-6d02ec167de4,coughvid_data/e9a74070-222b-4be3-8191-6d02ec167de4.wav,coughvid_data/e9a74070-222b-4be3-8191-6d02ec167de4.wav,0.0
5f7780fd-74af-4279-8904-96f20695ded7,coughvid_data/5f7780fd-74af-4279-8904-96f20695ded7.wav,coughvid_data/5f7780fd-74af-4279-8904-96f20695ded7.wav,1.0
4949d3fd-cd26-4283-be1c-e60a2cec411b,coughvid_data/4949d3fd-cd26-4283-be1c-e60a2cec411b.wav,coughvid_data/4949d3fd-cd26-4283-be1c-e60a2cec411b.wav,0.0
f9be2618-772b-40b1-98c4-f4c039b4446f,coughvid_data/f9be2618-772b-40b1-98c4-f4c039b4446f.wav,coughvid_data/f9be2618-772b-40b1-98c4-f4c039b4446f.wav,0.0
714aeabc-a041-444b-b4f7-e2a3a80fb46f,coughvid_data/714aeabc-a041-444b-b4f7-e2a3a80fb46f.wav,coughvid_data/714aeabc-a041-444b-b4f7-e2a3a80fb46f.wav,1.0
5e8c4eb0-6854-48dc-aee9-39791e991cf7,coughvid_data/5e8c4eb0-6854-48dc-aee9-39791e991cf7.wav,coughvid_data/5e8c4eb0-6854-48dc-aee9-39791e991cf7.wav,1.0
70049bd1-5f1b-42fe-8d8e-2ebf384cfca3,coughvid_data/70049bd1-5f1b-42fe-8d8e-2ebf384cfca3.wav,coughvid_data/70049bd1-5f1b-42fe-8d8e-2ebf384cfca3.wav,1.0
8b267d78-97f0-4530-bbfa-e938724376f4,coughvid_data/8b267d78-97f0-4530-bbfa-e938724376f4.wav,coughvid_data/8b267d78-97f0-4530-bbfa-e938724376f4.wav,0.0
de35be22-25bc-4d49-a923-86926702ef8d,coughvid_data/de35be22-25bc-4d49-a923-86926702ef8d.wav,coughvid_data/de35be22-25bc-4d49-a923-86926702ef8d.wav,1.0
3050a1e2-d70b-4f86-9e57-f33220b8f990,coughvid_data/3050a1e2-d70b-4f86-9e57-f33220b8f990.wav,coughvid_data/3050a1e2-d70b-4f86-9e57-f33220b8f990.wav,1.0
1bda09a0-c92a-4764-8658-648b1361eeea,coughvid_data/1bda09a0-c92a-4764-8658-648b1361eeea.wav,coughvid_data/1bda09a0-c92a-4764-8658-648b1361eeea.wav,0.0
1890bb28-0fa1-4208-bc2a-c22b3b06f419,coughvid_data/1890bb28-0fa1-4208-bc2a-c22b3b06f419.wav,coughvid_data/1890bb28-0fa1-4208-bc2a-c22b3b06f419.wav,0.0
4806dc42-3577-409c-adf9-0e3ff90e7044,coughvid_data/4806dc42-3577-409c-adf9-0e3ff90e7044.wav,coughvid_data/4806dc42-3577-409c-adf9-0e3ff90e7044.wav,0.0
d063d2a3-ff86-4c76-b426-80c66443df3d,coughvid_data/d063d2a3-ff86-4c76-b426-80c66443df3d.wav,coughvid_data/d063d2a3-ff86-4c76-b426-80c66443df3d.wav,1.0
a93a0b93-09ad-46ef-9c74-88debe8464aa,coughvid_data/a93a0b93-09ad-46ef-9c74-88debe8464aa.wav,coughvid_data/a93a0b93-09ad-46ef-9c74-88debe8464aa.wav,1.0
3bc38d44-8e27-4b5e-9726-c619e78fa39d,coughvid_data/3bc38d44-8e27-4b5e-9726-c619e78fa39d.wav,coughvid_data/3bc38d44-8e27-4b5e-9726-c619e78fa39d.wav,0.0
8b0ff941-f329-423b-a0ec-0041b033add4,coughvid_data/8b0ff941-f329-423b-a0ec-0041b033add4.wav,coughvid_data/8b0ff941-f329-423b-a0ec-0041b033add4.wav,1.0
6beac965-d9e0-489a-b9f9-abbf44812142,coughvid_data/6beac965-d9e0-489a-b9f9-abbf44812142.wav,coughvid_data/6beac965-d9e0-489a-b9f9-abbf44812142.wav,0.0
f1ee04b9-0902-4185-bcd1-2f05209a8f72,coughvid_data/f1ee04b9-0902-4185-bcd1-2f05209a8f72.wav,coughvid_data/f1ee04b9-0902-4185-bcd1-2f05209a8f72.wav,1.0
d6a606fe-924c-4f9e-a45a-be0cccd61210,coughvid_data/d6a606fe-924c-4f9e-a45a-be0cccd61210.wav,coughvid_data/d6a606fe-924c-4f9e-a45a-be0cccd61210.wav,1.0
b9bb9045-3efc-497f-9a3a-4a23639ad0f4,coughvid_data/b9bb9045-3efc-497f-9a3a-4a23639ad0f4.wav,coughvid_data/b9bb9045-3efc-497f-9a3a-4a23639ad0f4.wav,0.0
e5b73e7e-affb-48b4-a215-cb93bd60f8ec,coughvid_data/e5b73e7e-affb-48b4-a215-cb93bd60f8ec.wav,coughvid_data/e5b73e7e-affb-48b4-a215-cb93bd60f8ec.wav,1.0
4c40ace0-7967-4090-9d2c-51248d38bdda,coughvid_data/4c40ace0-7967-4090-9d2c-51248d38bdda.wav,coughvid_data/4c40ace0-7967-4090-9d2c-51248d38bdda.wav,1.0
8b11b407-3f71-4f4b-81c8-151a34be1593,coughvid_data/8b11b407-3f71-4f4b-81c8-151a34be1593.wav,coughvid_data/8b11b407-3f71-4f4b-81c8-151a34be1593.wav,0.0
7c0c27a5-8e27-4751-9ef0-3e33d5975b25,coughvid_data/7c0c27a5-8e27-4751-9ef0-3e33d5975b25.wav,coughvid_data/7c0c27a5-8e27-4751-9ef0-3e33d5975b25.wav,1.0
8879192c-44b9-41f6-b206-2af08833c8e3,coughvid_data/8879192c-44b9-41f6-b206-2af08833c8e3.wav,coughvid_data/8879192c-44b9-41f6-b206-2af08833c8e3.wav,0.0
51342c76-9b53-41cb-8df1-1b2ce759e595,coughvid_data/51342c76-9b53-41cb-8df1-1b2ce759e595.wav,coughvid_data/51342c76-9b53-41cb-8df1-1b2ce759e595.wav,0.0
f785277f-be1a-448f-ba84-1a43f61c4f0f,coughvid_data/f785277f-be1a-448f-ba84-1a43f61c4f0f.wav,coughvid_data/f785277f-be1a-448f-ba84-1a43f61c4f0f.wav,0.0
4614d406-dfb7-4945-9af9-4f844e570f5a,coughvid_data/4614d406-dfb7-4945-9af9-4f844e570f5a.wav,coughvid_data/4614d406-dfb7-4945-9af9-4f844e570f5a.wav,1.0
6cbaa695-b2a0-40d2-b6a2-ac6277d62853,coughvid_data/6cbaa695-b2a0-40d2-b6a2-ac6277d62853.wav,coughvid_data/6cbaa695-b2a0-40d2-b6a2-ac6277d62853.wav,1.0
8bbe8353-1c23-40d5-b207-c792028402e9,coughvid_data/8bbe8353-1c23-40d5-b207-c792028402e9.wav,coughvid_data/8bbe8353-1c23-40d5-b207-c792028402e9.wav,1.0
ae800719-1e77-45cb-9c1d-264eebca44ec,coughvid_data/ae800719-1e77-45cb-9c1d-264eebca44ec.wav,coughvid_data/ae800719-1e77-45cb-9c1d-264eebca44ec.wav,1.0
05db06a5-4d1d-465e-9648-04efded46de4,coughvid_data/05db06a5-4d1d-465e-9648-04efded46de4.wav,coughvid_data/05db06a5-4d1d-465e-9648-04efded46de4.wav,1.0
6c63e649-78d8-4913-bf0b-37f51f568b14,coughvid_data/6c63e649-78d8-4913-bf0b-37f51f568b14.wav,coughvid_data/6c63e649-78d8-4913-bf0b-37f51f568b14.wav,0.0
ce946dfd-6e95-4b5a-be31-480c61e670f5,coughvid_data/ce946dfd-6e95-4b5a-be31-480c61e670f5.wav,coughvid_data/ce946dfd-6e95-4b5a-be31-480c61e670f5.wav,0.0
4b5f40f0-c296-4a49-a8fa-912cd41bf2bb,coughvid_data/4b5f40f0-c296-4a49-a8fa-912cd41bf2bb.wav,coughvid_data/4b5f40f0-c296-4a49-a8fa-912cd41bf2bb.wav,0.0
c8c3d47f-fdeb-4bc1-9401-56e6b16604d9,coughvid_data/c8c3d47f-fdeb-4bc1-9401-56e6b16604d9.wav,coughvid_data/c8c3d47f-fdeb-4bc1-9401-56e6b16604d9.wav,0.0
c84aea19-25b0-4b61-a8db-9650ae12456b,coughvid_data/c84aea19-25b0-4b61-a8db-9650ae12456b.wav,coughvid_data/c84aea19-25b0-4b61-a8db-9650ae12456b.wav,1.0
8f7b3899-9af6-48d1-93c7-02b2823a699f,coughvid_data/8f7b3899-9af6-48d1-93c7-02b2823a699f.wav,coughvid_data/8f7b3899-9af6-48d1-93c7-02b2823a699f.wav,1.0
5e23835f-aaea-47ea-9e65-0f9bf7450abb,coughvid_data/5e23835f-aaea-47ea-9e65-0f9bf7450abb.wav,coughvid_data/5e23835f-aaea-47ea-9e65-0f9bf7450abb.wav,1.0
8ce8ce4f-d22c-4652-b481-9fe9bd3b8444,coughvid_data/8ce8ce4f-d22c-4652-b481-9fe9bd3b8444.wav,coughvid_data/8ce8ce4f-d22c-4652-b481-9fe9bd3b8444.wav,0.0
263a0c75-4b91-48d8-adea-505602319fa0,coughvid_data/263a0c75-4b91-48d8-adea-505602319fa0.wav,coughvid_data/263a0c75-4b91-48d8-adea-505602319fa0.wav,0.0
9eec47fe-70a4-408f-b9de-bfb8ffc39502,coughvid_data/9eec47fe-70a4-408f-b9de-bfb8ffc39502.wav,coughvid_data/9eec47fe-70a4-408f-b9de-bfb8ffc39502.wav,1.0
b1aede0a-b637-4fd4-89e3-bd4deadf72ac,coughvid_data/b1aede0a-b637-4fd4-89e3-bd4deadf72ac.wav,coughvid_data/b1aede0a-b637-4fd4-89e3-bd4deadf72ac.wav,0.0
579166b7-4cbd-4e22-899d-3e0583058bb9,coughvid_data/579166b7-4cbd-4e22-899d-3e0583058bb9.wav,coughvid_data/579166b7-4cbd-4e22-899d-3e0583058bb9.wav,0.0
ca367587-7d45-42fa-b691-9a1da726d73e,coughvid_data/ca367587-7d45-42fa-b691-9a1da726d73e.wav,coughvid_data/ca367587-7d45-42fa-b691-9a1da726d73e.wav,0.0
2eca7e6a-ff3e-4369-9dda-7ba826c75ab7,coughvid_data/2eca7e6a-ff3e-4369-9dda-7ba826c75ab7.wav,coughvid_data/2eca7e6a-ff3e-4369-9dda-7ba826c75ab7.wav,0.0
0a481ee1-03a9-4344-baf9-46d20233d5bf,coughvid_data/0a481ee1-03a9-4344-baf9-46d20233d5bf.wav,coughvid_data/0a481ee1-03a9-4344-baf9-46d20233d5bf.wav,1.0
880df058-f26d-40df-84be-420360e93976,coughvid_data/880df058-f26d-40df-84be-420360e93976.wav,coughvid_data/880df058-f26d-40df-84be-420360e93976.wav,0.0
09a62fdf-f311-4a3d-8002-cedd40d50542,coughvid_data/09a62fdf-f311-4a3d-8002-cedd40d50542.wav,coughvid_data/09a62fdf-f311-4a3d-8002-cedd40d50542.wav,0.0
0aa64689-c48a-421d-b353-c3496bad51ed,coughvid_data/0aa64689-c48a-421d-b353-c3496bad51ed.wav,coughvid_data/0aa64689-c48a-421d-b353-c3496bad51ed.wav,1.0
b77faf18-3f0b-43b7-8e3b-63bb31f8d0e2,coughvid_data/b77faf18-3f0b-43b7-8e3b-63bb31f8d0e2.wav,coughvid_data/b77faf18-3f0b-43b7-8e3b-63bb31f8d0e2.wav,1.0
e819a6a4-d76d-4d2b-a324-24289455c13d,coughvid_data/e819a6a4-d76d-4d2b-a324-24289455c13d.wav,coughvid_data/e819a6a4-d76d-4d2b-a324-24289455c13d.wav,0.0
350ece50-c235-4ec3-9d0e-4b2ab1917e02,coughvid_data/350ece50-c235-4ec3-9d0e-4b2ab1917e02.wav,coughvid_data/350ece50-c235-4ec3-9d0e-4b2ab1917e02.wav,0.0
a5963dd7-1179-45b2-a532-76de09858445,coughvid_data/a5963dd7-1179-45b2-a532-76de09858445.wav,coughvid_data/a5963dd7-1179-45b2-a532-76de09858445.wav,0.0
6c505053-eb61-420e-b06b-56ce2172589d,coughvid_data/6c505053-eb61-420e-b06b-56ce2172589d.wav,coughvid_data/6c505053-eb61-420e-b06b-56ce2172589d.wav,1.0
a7f959a3-9310-4689-ad1f-40be41985ba6,coughvid_data/a7f959a3-9310-4689-ad1f-40be41985ba6.wav,coughvid_data/a7f959a3-9310-4689-ad1f-40be41985ba6.wav,1.0
a2a7d46c-a5d1-49bf-9125-20c4fcd436ec,coughvid_data/a2a7d46c-a5d1-49bf-9125-20c4fcd436ec.wav,coughvid_data/a2a7d46c-a5d1-49bf-9125-20c4fcd436ec.wav,1.0
ee816b80-c829-4c54-97c9-b2d2d91b5794,coughvid_data/ee816b80-c829-4c54-97c9-b2d2d91b5794.wav,coughvid_data/ee816b80-c829-4c54-97c9-b2d2d91b5794.wav,1.0
8b733837-961a-4f17-a18c-13b89b54ef69,coughvid_data/8b733837-961a-4f17-a18c-13b89b54ef69.wav,coughvid_data/8b733837-961a-4f17-a18c-13b89b54ef69.wav,1.0
e8ebf8aa-107c-4f94-b24b-526e4f5f1b64,coughvid_data/e8ebf8aa-107c-4f94-b24b-526e4f5f1b64.wav,coughvid_data/e8ebf8aa-107c-4f94-b24b-526e4f5f1b64.wav,1.0
70a68234-9dc5-48ef-aedc-678d3b05ec68,coughvid_data/70a68234-9dc5-48ef-aedc-678d3b05ec68.wav,coughvid_data/70a68234-9dc5-48ef-aedc-678d3b05ec68.wav,1.0
abfa03b5-3915-4c58-89b7-04c19914266c,coughvid_data/abfa03b5-3915-4c58-89b7-04c19914266c.wav,coughvid_data/abfa03b5-3915-4c58-89b7-04c19914266c.wav,1.0
71d943c4-9771-4856-ae68-5edbb8b54e2f,coughvid_data/71d943c4-9771-4856-ae68-5edbb8b54e2f.wav,coughvid_data/71d943c4-9771-4856-ae68-5edbb8b54e2f.wav,0.0
50dac1b1-0d7e-4c8d-8677-601a4a1454f7,coughvid_data/50dac1b1-0d7e-4c8d-8677-601a4a1454f7.wav,coughvid_data/50dac1b1-0d7e-4c8d-8677-601a4a1454f7.wav,0.0
c0760318-f0a6-47bf-ad09-d426aeb7b70b,coughvid_data/c0760318-f0a6-47bf-ad09-d426aeb7b70b.wav,coughvid_data/c0760318-f0a6-47bf-ad09-d426aeb7b70b.wav,1.0
b33485dc-0e20-42f2-a53b-e583d9becf82,coughvid_data/b33485dc-0e20-42f2-a53b-e583d9becf82.wav,coughvid_data/b33485dc-0e20-42f2-a53b-e583d9becf82.wav,1.0
9702626d-e8bf-425c-951e-7deb75367758,coughvid_data/9702626d-e8bf-425c-951e-7deb75367758.wav,coughvid_data/9702626d-e8bf-425c-951e-7deb75367758.wav,1.0
befbf858-0480-4bfc-ab87-30b5ee5b32a7,coughvid_data/befbf858-0480-4bfc-ab87-30b5ee5b32a7.wav,coughvid_data/befbf858-0480-4bfc-ab87-30b5ee5b32a7.wav,0.0
2b9c1709-6562-47ee-8309-e199f6dc9589,coughvid_data/2b9c1709-6562-47ee-8309-e199f6dc9589.wav,coughvid_data/2b9c1709-6562-47ee-8309-e199f6dc9589.wav,1.0
7ac86238-d6b9-4503-9227-79afd28999b3,coughvid_data/7ac86238-d6b9-4503-9227-79afd28999b3.wav,coughvid_data/7ac86238-d6b9-4503-9227-79afd28999b3.wav,1.0
5139f374-69ac-4b1a-b35a-efcd9442374e,coughvid_data/5139f374-69ac-4b1a-b35a-efcd9442374e.wav,coughvid_data/5139f374-69ac-4b1a-b35a-efcd9442374e.wav,1.0
577b9eec-62b7-4e3c-b979-1a0745705352,coughvid_data/577b9eec-62b7-4e3c-b979-1a0745705352.wav,coughvid_data/577b9eec-62b7-4e3c-b979-1a0745705352.wav,0.0
709c56c1-e6ee-4fda-9e9f-1baf9ebbe5fc,coughvid_data/709c56c1-e6ee-4fda-9e9f-1baf9ebbe5fc.wav,coughvid_data/709c56c1-e6ee-4fda-9e9f-1baf9ebbe5fc.wav,1.0
b95b4d94-e665-41d0-bd0e-4fb9d4684e65,coughvid_data/b95b4d94-e665-41d0-bd0e-4fb9d4684e65.wav,coughvid_data/b95b4d94-e665-41d0-bd0e-4fb9d4684e65.wav,1.0
4f93e02b-f0a3-43ef-85c9-9a0f174154d4,coughvid_data/4f93e02b-f0a3-43ef-85c9-9a0f174154d4.wav,coughvid_data/4f93e02b-f0a3-43ef-85c9-9a0f174154d4.wav,0.0
472e42e1-8629-4c65-a13a-062064fef66e,coughvid_data/472e42e1-8629-4c65-a13a-062064fef66e.wav,coughvid_data/472e42e1-8629-4c65-a13a-062064fef66e.wav,0.0
a3e1d9d0-86dd-4291-bee0-4482c2a5838b,coughvid_data/a3e1d9d0-86dd-4291-bee0-4482c2a5838b.wav,coughvid_data/a3e1d9d0-86dd-4291-bee0-4482c2a5838b.wav,1.0
223139ca-f4f4-444b-bca0-343b67c1c880,coughvid_data/223139ca-f4f4-444b-bca0-343b67c1c880.wav,coughvid_data/223139ca-f4f4-444b-bca0-343b67c1c880.wav,0.0
5287e036-c41e-4527-93de-c6cdbf1a8461,coughvid_data/5287e036-c41e-4527-93de-c6cdbf1a8461.wav,coughvid_data/5287e036-c41e-4527-93de-c6cdbf1a8461.wav,1.0
9150ad79-1933-4b63-9693-c04052193d8f,coughvid_data/9150ad79-1933-4b63-9693-c04052193d8f.wav,coughvid_data/9150ad79-1933-4b63-9693-c04052193d8f.wav,1.0
afadbd6d-433c-4ffc-81da-1f0217bac43e,coughvid_data/afadbd6d-433c-4ffc-81da-1f0217bac43e.wav,coughvid_data/afadbd6d-433c-4ffc-81da-1f0217bac43e.wav,1.0
294acf4f-8fda-4d91-adcd-f125ba9bf623,coughvid_data/294acf4f-8fda-4d91-adcd-f125ba9bf623.wav,coughvid_data/294acf4f-8fda-4d91-adcd-f125ba9bf623.wav,1.0
263a8d6a-9774-4293-90bd-d68c108f1e3e,coughvid_data/263a8d6a-9774-4293-90bd-d68c108f1e3e.wav,coughvid_data/263a8d6a-9774-4293-90bd-d68c108f1e3e.wav,1.0
ee147486-c848-413d-8ff8-cf6a703bfacb,coughvid_data/ee147486-c848-413d-8ff8-cf6a703bfacb.wav,coughvid_data/ee147486-c848-413d-8ff8-cf6a703bfacb.wav,1.0
62f50f79-1009-4e83-a5da-6f2705e5aca6,coughvid_data/62f50f79-1009-4e83-a5da-6f2705e5aca6.wav,coughvid_data/62f50f79-1009-4e83-a5da-6f2705e5aca6.wav,1.0
1455b3af-0901-43f5-aa16-64fb01113eac,coughvid_data/1455b3af-0901-43f5-aa16-64fb01113eac.wav,coughvid_data/1455b3af-0901-43f5-aa16-64fb01113eac.wav,1.0
46f976cd-9992-4f8c-b3a8-7c225e633b2d,coughvid_data/46f976cd-9992-4f8c-b3a8-7c225e633b2d.wav,coughvid_data/46f976cd-9992-4f8c-b3a8-7c225e633b2d.wav,0.0
6b0a8110-79ad-4309-8ff9-3e681c701e12,coughvid_data/6b0a8110-79ad-4309-8ff9-3e681c701e12.wav,coughvid_data/6b0a8110-79ad-4309-8ff9-3e681c701e12.wav,1.0
96532d0b-e033-4bdc-be04-a1c0eb3e3b24,coughvid_data/96532d0b-e033-4bdc-be04-a1c0eb3e3b24.wav,coughvid_data/96532d0b-e033-4bdc-be04-a1c0eb3e3b24.wav,0.0
efe7dac0-2d9e-4fd0-b3ff-23fd9bacd864,coughvid_data/efe7dac0-2d9e-4fd0-b3ff-23fd9bacd864.wav,coughvid_data/efe7dac0-2d9e-4fd0-b3ff-23fd9bacd864.wav,0.0
8be4366f-8feb-4748-b64b-add8cb1f0d1d,coughvid_data/8be4366f-8feb-4748-b64b-add8cb1f0d1d.wav,coughvid_data/8be4366f-8feb-4748-b64b-add8cb1f0d1d.wav,0.0
7712ccb6-fb22-4876-8297-1f1b431fac0c,coughvid_data/7712ccb6-fb22-4876-8297-1f1b431fac0c.wav,coughvid_data/7712ccb6-fb22-4876-8297-1f1b431fac0c.wav,0.0
0f22e116-d0d6-4efb-9444-fc351ff5964a,coughvid_data/0f22e116-d0d6-4efb-9444-fc351ff5964a.wav,coughvid_data/0f22e116-d0d6-4efb-9444-fc351ff5964a.wav,1.0
7fdeaab9-e091-4eb1-80a7-8800be244e72,coughvid_data/7fdeaab9-e091-4eb1-80a7-8800be244e72.wav,coughvid_data/7fdeaab9-e091-4eb1-80a7-8800be244e72.wav,0.0
a1765e7c-2180-41a5-9ede-bfe5002f12f8,coughvid_data/a1765e7c-2180-41a5-9ede-bfe5002f12f8.wav,coughvid_data/a1765e7c-2180-41a5-9ede-bfe5002f12f8.wav,0.0
25c9b019-a4f0-443c-9adf-5ba5e6176ee2,coughvid_data/25c9b019-a4f0-443c-9adf-5ba5e6176ee2.wav,coughvid_data/25c9b019-a4f0-443c-9adf-5ba5e6176ee2.wav,1.0
0f740e6a-a289-47fb-85e3-e421cda1da8e,coughvid_data/0f740e6a-a289-47fb-85e3-e421cda1da8e.wav,coughvid_data/0f740e6a-a289-47fb-85e3-e421cda1da8e.wav,0.0
10af8f78-3647-4027-9512-8ea4e6ccbbb3,coughvid_data/10af8f78-3647-4027-9512-8ea4e6ccbbb3.wav,coughvid_data/10af8f78-3647-4027-9512-8ea4e6ccbbb3.wav,1.0
ac2a2990-3c88-4741-9aea-dc2624deb1b4,coughvid_data/ac2a2990-3c88-4741-9aea-dc2624deb1b4.wav,coughvid_data/ac2a2990-3c88-4741-9aea-dc2624deb1b4.wav,0.0
d8c44a49-7cde-44e5-845e-42843d37d8f7,coughvid_data/d8c44a49-7cde-44e5-845e-42843d37d8f7.wav,coughvid_data/d8c44a49-7cde-44e5-845e-42843d37d8f7.wav,1.0
d0d08ce8-389a-45cc-823d-bfc82dfa04df,coughvid_data/d0d08ce8-389a-45cc-823d-bfc82dfa04df.wav,coughvid_data/d0d08ce8-389a-45cc-823d-bfc82dfa04df.wav,1.0
2df5ee24-f04a-419a-853e-2d28588f475c,coughvid_data/2df5ee24-f04a-419a-853e-2d28588f475c.wav,coughvid_data/2df5ee24-f04a-419a-853e-2d28588f475c.wav,0.0
aef008d6-8ef5-4403-83fe-c73c5665dcae,coughvid_data/aef008d6-8ef5-4403-83fe-c73c5665dcae.wav,coughvid_data/aef008d6-8ef5-4403-83fe-c73c5665dcae.wav,1.0
cd256a51-711e-4872-a5a9-a50798b5ff4d,coughvid_data/cd256a51-711e-4872-a5a9-a50798b5ff4d.wav,coughvid_data/cd256a51-711e-4872-a5a9-a50798b5ff4d.wav,0.0
bd281df2-e3b8-45cb-9ea0-b5bc9fb268db,coughvid_data/bd281df2-e3b8-45cb-9ea0-b5bc9fb268db.wav,coughvid_data/bd281df2-e3b8-45cb-9ea0-b5bc9fb268db.wav,1.0
d9eda91f-f390-481a-8a51-21e967a1b4b3,coughvid_data/d9eda91f-f390-481a-8a51-21e967a1b4b3.wav,coughvid_data/d9eda91f-f390-481a-8a51-21e967a1b4b3.wav,0.0
2c58cb53-4dfb-4cea-80f3-c61c5ce108b4,coughvid_data/2c58cb53-4dfb-4cea-80f3-c61c5ce108b4.wav,coughvid_data/2c58cb53-4dfb-4cea-80f3-c61c5ce108b4.wav,1.0
70cc0dc2-1331-41e7-94b5-70cfaaaf0a3b,coughvid_data/70cc0dc2-1331-41e7-94b5-70cfaaaf0a3b.wav,coughvid_data/70cc0dc2-1331-41e7-94b5-70cfaaaf0a3b.wav,0.0
96684bb9-596c-4886-80e3-ccb2238e41d2,coughvid_data/96684bb9-596c-4886-80e3-ccb2238e41d2.wav,coughvid_data/96684bb9-596c-4886-80e3-ccb2238e41d2.wav,1.0
cfd4d070-c714-43a1-83ef-7043ebb0d3e4,coughvid_data/cfd4d070-c714-43a1-83ef-7043ebb0d3e4.wav,coughvid_data/cfd4d070-c714-43a1-83ef-7043ebb0d3e4.wav,1.0
f18097f1-d7d5-4566-a7f1-dce0f2e8da87,coughvid_data/f18097f1-d7d5-4566-a7f1-dce0f2e8da87.wav,coughvid_data/f18097f1-d7d5-4566-a7f1-dce0f2e8da87.wav,1.0
6832f863-7eef-4af0-8e62-865197796d39,coughvid_data/6832f863-7eef-4af0-8e62-865197796d39.wav,coughvid_data/6832f863-7eef-4af0-8e62-865197796d39.wav,1.0
9b2f4e48-e953-44ec-b561-0e1696612fe3,coughvid_data/9b2f4e48-e953-44ec-b561-0e1696612fe3.wav,coughvid_data/9b2f4e48-e953-44ec-b561-0e1696612fe3.wav,0.0
0bf03b38-695f-49c8-859c-74a786d67ddf,coughvid_data/0bf03b38-695f-49c8-859c-74a786d67ddf.wav,coughvid_data/0bf03b38-695f-49c8-859c-74a786d67ddf.wav,1.0
5bf28767-7031-4e39-ab7b-d00cf95e07f0,coughvid_data/5bf28767-7031-4e39-ab7b-d00cf95e07f0.wav,coughvid_data/5bf28767-7031-4e39-ab7b-d00cf95e07f0.wav,0.0
da2dd8cf-46a8-430e-8c61-6516ee5c4ae9,coughvid_data/da2dd8cf-46a8-430e-8c61-6516ee5c4ae9.wav,coughvid_data/da2dd8cf-46a8-430e-8c61-6516ee5c4ae9.wav,0.0
a5bbbb51-3520-4089-9f2e-5089279adcaf,coughvid_data/a5bbbb51-3520-4089-9f2e-5089279adcaf.wav,coughvid_data/a5bbbb51-3520-4089-9f2e-5089279adcaf.wav,0.0
d86ce1b5-0fa0-498a-9a09-3ee45158b99e,coughvid_data/d86ce1b5-0fa0-498a-9a09-3ee45158b99e.wav,coughvid_data/d86ce1b5-0fa0-498a-9a09-3ee45158b99e.wav,1.0
b47968b9-e91c-42d3-9600-90bac9fa6b85,coughvid_data/b47968b9-e91c-42d3-9600-90bac9fa6b85.wav,coughvid_data/b47968b9-e91c-42d3-9600-90bac9fa6b85.wav,0.0
82ac25ba-3a6f-421e-84b4-7b03e8c07486,coughvid_data/82ac25ba-3a6f-421e-84b4-7b03e8c07486.wav,coughvid_data/82ac25ba-3a6f-421e-84b4-7b03e8c07486.wav,0.0
f8f76c1c-11e7-4eea-9a7d-351c82b63cb8,coughvid_data/f8f76c1c-11e7-4eea-9a7d-351c82b63cb8.wav,coughvid_data/f8f76c1c-11e7-4eea-9a7d-351c82b63cb8.wav,0.0
642b46fb-c609-443c-a42e-8b804ac911f6,coughvid_data/642b46fb-c609-443c-a42e-8b804ac911f6.wav,coughvid_data/642b46fb-c609-443c-a42e-8b804ac911f6.wav,0.0
20ec0719-7d3c-4dcc-9583-5bd689adeba1,coughvid_data/20ec0719-7d3c-4dcc-9583-5bd689adeba1.wav,coughvid_data/20ec0719-7d3c-4dcc-9583-5bd689adeba1.wav,1.0
5a40824d-235b-4fc1-bbe9-7c98314bc9a9,coughvid_data/5a40824d-235b-4fc1-bbe9-7c98314bc9a9.wav,coughvid_data/5a40824d-235b-4fc1-bbe9-7c98314bc9a9.wav,1.0
43e7280d-e1f8-452e-9ab4-2b9c2e22b028,coughvid_data/43e7280d-e1f8-452e-9ab4-2b9c2e22b028.wav,coughvid_data/43e7280d-e1f8-452e-9ab4-2b9c2e22b028.wav,1.0
4a9a2564-1d84-4888-8b67-8509c6aac583,coughvid_data/4a9a2564-1d84-4888-8b67-8509c6aac583.wav,coughvid_data/4a9a2564-1d84-4888-8b67-8509c6aac583.wav,0.0
3ef7f17c-7291-4f48-b892-ea92524ff729,coughvid_data/3ef7f17c-7291-4f48-b892-ea92524ff729.wav,coughvid_data/3ef7f17c-7291-4f48-b892-ea92524ff729.wav,1.0
1386ca8f-59b9-48e0-a5ca-39ab50e03ef2,coughvid_data/1386ca8f-59b9-48e0-a5ca-39ab50e03ef2.wav,coughvid_data/1386ca8f-59b9-48e0-a5ca-39ab50e03ef2.wav,1.0
582c1bc2-b550-410a-b680-9dd9bb63f144,coughvid_data/582c1bc2-b550-410a-b680-9dd9bb63f144.wav,coughvid_data/582c1bc2-b550-410a-b680-9dd9bb63f144.wav,1.0
f5ddc194-027b-4b60-8575-6c7942d6bd15,coughvid_data/f5ddc194-027b-4b60-8575-6c7942d6bd15.wav,coughvid_data/f5ddc194-027b-4b60-8575-6c7942d6bd15.wav,0.0
60c7c234-5de2-4ec2-a079-481b0e97587b,coughvid_data/60c7c234-5de2-4ec2-a079-481b0e97587b.wav,coughvid_data/60c7c234-5de2-4ec2-a079-481b0e97587b.wav,0.0
8b50115d-5e51-4fa0-9521-f6ecc0b6527d,coughvid_data/8b50115d-5e51-4fa0-9521-f6ecc0b6527d.wav,coughvid_data/8b50115d-5e51-4fa0-9521-f6ecc0b6527d.wav,1.0
635065b8-6f68-4ec3-81bb-d53e3f808d2b,coughvid_data/635065b8-6f68-4ec3-81bb-d53e3f808d2b.wav,coughvid_data/635065b8-6f68-4ec3-81bb-d53e3f808d2b.wav,1.0
c672a329-858f-4e79-a12d-31c46697cb0f,coughvid_data/c672a329-858f-4e79-a12d-31c46697cb0f.wav,coughvid_data/c672a329-858f-4e79-a12d-31c46697cb0f.wav,0.0
ebf61a29-25fb-4561-8490-20072f024d5b,coughvid_data/ebf61a29-25fb-4561-8490-20072f024d5b.wav,coughvid_data/ebf61a29-25fb-4561-8490-20072f024d5b.wav,1.0
496d3b58-ba92-459c-87d1-a777d83d4134,coughvid_data/496d3b58-ba92-459c-87d1-a777d83d4134.wav,coughvid_data/496d3b58-ba92-459c-87d1-a777d83d4134.wav,1.0
b01b6021-683b-48b5-bd57-bb34260489ac,coughvid_data/b01b6021-683b-48b5-bd57-bb34260489ac.wav,coughvid_data/b01b6021-683b-48b5-bd57-bb34260489ac.wav,1.0
874c208f-62e6-4321-baff-480c91634f74,coughvid_data/874c208f-62e6-4321-baff-480c91634f74.wav,coughvid_data/874c208f-62e6-4321-baff-480c91634f74.wav,0.0
97e16f25-9360-46ae-9bd4-3ead238b2b35,coughvid_data/97e16f25-9360-46ae-9bd4-3ead238b2b35.wav,coughvid_data/97e16f25-9360-46ae-9bd4-3ead238b2b35.wav,0.0
8037e69c-3841-4b59-9917-055b738e807c,coughvid_data/8037e69c-3841-4b59-9917-055b738e807c.wav,coughvid_data/8037e69c-3841-4b59-9917-055b738e807c.wav,1.0
9476bc1e-2ec1-4c5f-9063-692634158ac0,coughvid_data/9476bc1e-2ec1-4c5f-9063-692634158ac0.wav,coughvid_data/9476bc1e-2ec1-4c5f-9063-692634158ac0.wav,0.0
413a7b46-8519-4f05-a121-5ad4ed69e4ac,coughvid_data/413a7b46-8519-4f05-a121-5ad4ed69e4ac.wav,coughvid_data/413a7b46-8519-4f05-a121-5ad4ed69e4ac.wav,1.0
e6dea8bd-f6c1-4972-b55c-af711cc86c28,coughvid_data/e6dea8bd-f6c1-4972-b55c-af711cc86c28.wav,coughvid_data/e6dea8bd-f6c1-4972-b55c-af711cc86c28.wav,0.0
555e1d23-4331-482c-ac53-956e693b0de5,coughvid_data/555e1d23-4331-482c-ac53-956e693b0de5.wav,coughvid_data/555e1d23-4331-482c-ac53-956e693b0de5.wav,1.0
93e7bab3-3c2a-49f7-9cc4-75967dbb1f39,coughvid_data/93e7bab3-3c2a-49f7-9cc4-75967dbb1f39.wav,coughvid_data/93e7bab3-3c2a-49f7-9cc4-75967dbb1f39.wav,1.0
67aa1699-f2f4-42df-b211-6b474d337815,coughvid_data/67aa1699-f2f4-42df-b211-6b474d337815.wav,coughvid_data/67aa1699-f2f4-42df-b211-6b474d337815.wav,0.0
8b0fac97-28ea-4e9f-9bab-b28c35f5d07f,coughvid_data/8b0fac97-28ea-4e9f-9bab-b28c35f5d07f.wav,coughvid_data/8b0fac97-28ea-4e9f-9bab-b28c35f5d07f.wav,0.0
cff0d2b0-4b5d-4bdd-8133-eae7e4077284,coughvid_data/cff0d2b0-4b5d-4bdd-8133-eae7e4077284.wav,coughvid_data/cff0d2b0-4b5d-4bdd-8133-eae7e4077284.wav,0.0
a319d3cd-3c9e-4c85-bbef-db399a2ef2d1,coughvid_data/a319d3cd-3c9e-4c85-bbef-db399a2ef2d1.wav,coughvid_data/a319d3cd-3c9e-4c85-bbef-db399a2ef2d1.wav,0.0
9a334454-1786-48ab-84eb-b15b3ae62c6e,coughvid_data/9a334454-1786-48ab-84eb-b15b3ae62c6e.wav,coughvid_data/9a334454-1786-48ab-84eb-b15b3ae62c6e.wav,0.0
f99d0143-9fcd-4f63-9718-4dc112e43709,coughvid_data/f99d0143-9fcd-4f63-9718-4dc112e43709.wav,coughvid_data/f99d0143-9fcd-4f63-9718-4dc112e43709.wav,0.0
b9517f96-558a-46af-bf54-acf5b86a5c5f,coughvid_data/b9517f96-558a-46af-bf54-acf5b86a5c5f.wav,coughvid_data/b9517f96-558a-46af-bf54-acf5b86a5c5f.wav,0.0
8b4da592-75f0-4d0f-954b-120f3975213d,coughvid_data/8b4da592-75f0-4d0f-954b-120f3975213d.wav,coughvid_data/8b4da592-75f0-4d0f-954b-120f3975213d.wav,0.0
3a321fbe-2985-40b1-9a87-17bf6572cd5d,coughvid_data/3a321fbe-2985-40b1-9a87-17bf6572cd5d.wav,coughvid_data/3a321fbe-2985-40b1-9a87-17bf6572cd5d.wav,1.0
5a841f9a-1726-4008-ae2d-e5f76e958b3a,coughvid_data/5a841f9a-1726-4008-ae2d-e5f76e958b3a.wav,coughvid_data/5a841f9a-1726-4008-ae2d-e5f76e958b3a.wav,0.0
6860a03d-9a2e-4b0b-9ca6-1b307707547c,coughvid_data/6860a03d-9a2e-4b0b-9ca6-1b307707547c.wav,coughvid_data/6860a03d-9a2e-4b0b-9ca6-1b307707547c.wav,1.0
bf6101cb-005d-4015-b83a-a11ae2daa20b,coughvid_data/bf6101cb-005d-4015-b83a-a11ae2daa20b.wav,coughvid_data/bf6101cb-005d-4015-b83a-a11ae2daa20b.wav,1.0
dc245a1e-cce1-47f4-914f-e4fa8dbd9917,coughvid_data/dc245a1e-cce1-47f4-914f-e4fa8dbd9917.wav,coughvid_data/dc245a1e-cce1-47f4-914f-e4fa8dbd9917.wav,1.0
0953e011-80ef-4829-933a-6d1c77648fb9,coughvid_data/0953e011-80ef-4829-933a-6d1c77648fb9.wav,coughvid_data/0953e011-80ef-4829-933a-6d1c77648fb9.wav,1.0
ebf081cd-cf3c-4bf0-921d-bccf56229e95,coughvid_data/ebf081cd-cf3c-4bf0-921d-bccf56229e95.wav,coughvid_data/ebf081cd-cf3c-4bf0-921d-bccf56229e95.wav,0.0
2782e63c-daec-4c6c-8b00-713360556f20,coughvid_data/2782e63c-daec-4c6c-8b00-713360556f20.wav,coughvid_data/2782e63c-daec-4c6c-8b00-713360556f20.wav,1.0
32b7aeeb-2e0b-4a62-99ed-bc3312eb3ba1,coughvid_data/32b7aeeb-2e0b-4a62-99ed-bc3312eb3ba1.wav,coughvid_data/32b7aeeb-2e0b-4a62-99ed-bc3312eb3ba1.wav,0.0
11e8c2e2-945c-4c1f-8251-27152abfeaf7,coughvid_data/11e8c2e2-945c-4c1f-8251-27152abfeaf7.wav,coughvid_data/11e8c2e2-945c-4c1f-8251-27152abfeaf7.wav,1.0
2c16ec6e-321d-4d18-82f4-9e5f59e32449,coughvid_data/2c16ec6e-321d-4d18-82f4-9e5f59e32449.wav,coughvid_data/2c16ec6e-321d-4d18-82f4-9e5f59e32449.wav,1.0
c7221177-e933-47a7-b502-5320c015f5c5,coughvid_data/c7221177-e933-47a7-b502-5320c015f5c5.wav,coughvid_data/c7221177-e933-47a7-b502-5320c015f5c5.wav,1.0
bcdf495b-07e0-4f04-8eda-5011b0eab00f,coughvid_data/bcdf495b-07e0-4f04-8eda-5011b0eab00f.wav,coughvid_data/bcdf495b-07e0-4f04-8eda-5011b0eab00f.wav,1.0
07dc8748-2498-4e20-b322-03cae7dc306e,coughvid_data/07dc8748-2498-4e20-b322-03cae7dc306e.wav,coughvid_data/07dc8748-2498-4e20-b322-03cae7dc306e.wav,1.0
54278a21-cc81-4fd6-a94b-7951f208137f,coughvid_data/54278a21-cc81-4fd6-a94b-7951f208137f.wav,coughvid_data/54278a21-cc81-4fd6-a94b-7951f208137f.wav,1.0
04bf1c74-dca7-45f8-a26a-e0415e54d109,coughvid_data/04bf1c74-dca7-45f8-a26a-e0415e54d109.wav,coughvid_data/04bf1c74-dca7-45f8-a26a-e0415e54d109.wav,1.0
10d5e557-6e7e-4e0d-a192-820de1d1a3bf,coughvid_data/10d5e557-6e7e-4e0d-a192-820de1d1a3bf.wav,coughvid_data/10d5e557-6e7e-4e0d-a192-820de1d1a3bf.wav,1.0
02a035e3-7f56-49a0-bc4b-8169d44e9926,coughvid_data/02a035e3-7f56-49a0-bc4b-8169d44e9926.wav,coughvid_data/02a035e3-7f56-49a0-bc4b-8169d44e9926.wav,0.0
df9807ff-1b37-46e9-a2d7-79be927528f4,coughvid_data/df9807ff-1b37-46e9-a2d7-79be927528f4.wav,coughvid_data/df9807ff-1b37-46e9-a2d7-79be927528f4.wav,1.0
5ee6a648-fd4a-440f-abca-80b27991f444,coughvid_data/5ee6a648-fd4a-440f-abca-80b27991f444.wav,coughvid_data/5ee6a648-fd4a-440f-abca-80b27991f444.wav,1.0
ec3e7140-a491-40cf-824c-1f609bd5f800,coughvid_data/ec3e7140-a491-40cf-824c-1f609bd5f800.wav,coughvid_data/ec3e7140-a491-40cf-824c-1f609bd5f800.wav,1.0
a009371c-d7d5-4a17-957e-90f8f6bc0538,coughvid_data/a009371c-d7d5-4a17-957e-90f8f6bc0538.wav,coughvid_data/a009371c-d7d5-4a17-957e-90f8f6bc0538.wav,1.0
97641c66-7661-4575-9fc6-e9d27bb8e563,coughvid_data/97641c66-7661-4575-9fc6-e9d27bb8e563.wav,coughvid_data/97641c66-7661-4575-9fc6-e9d27bb8e563.wav,0.0
f884c49a-6967-481a-b07f-1c0be9f3e8e0,coughvid_data/f884c49a-6967-481a-b07f-1c0be9f3e8e0.wav,coughvid_data/f884c49a-6967-481a-b07f-1c0be9f3e8e0.wav,0.0
b54e719d-6dae-4197-971c-5d1a9f4e08b9,coughvid_data/b54e719d-6dae-4197-971c-5d1a9f4e08b9.wav,coughvid_data/b54e719d-6dae-4197-971c-5d1a9f4e08b9.wav,1.0
efee9e92-8cd8-4752-a1a6-4fee87818dac,coughvid_data/efee9e92-8cd8-4752-a1a6-4fee87818dac.wav,coughvid_data/efee9e92-8cd8-4752-a1a6-4fee87818dac.wav,0.0
f213310d-6611-4c95-b7b1-b5e4624d8c77,coughvid_data/f213310d-6611-4c95-b7b1-b5e4624d8c77.wav,coughvid_data/f213310d-6611-4c95-b7b1-b5e4624d8c77.wav,1.0
18bf593e-ee9b-481c-ab7d-4fb44291c53a,coughvid_data/18bf593e-ee9b-481c-ab7d-4fb44291c53a.wav,coughvid_data/18bf593e-ee9b-481c-ab7d-4fb44291c53a.wav,1.0
3e80334d-1d97-4dc5-a17a-affd1f06011e,coughvid_data/3e80334d-1d97-4dc5-a17a-affd1f06011e.wav,coughvid_data/3e80334d-1d97-4dc5-a17a-affd1f06011e.wav,1.0
5a62f40e-e685-46d5-bed0-9015bb8488c0,coughvid_data/5a62f40e-e685-46d5-bed0-9015bb8488c0.wav,coughvid_data/5a62f40e-e685-46d5-bed0-9015bb8488c0.wav,1.0
e4377300-06a4-418b-bf54-30317152d691,coughvid_data/e4377300-06a4-418b-bf54-30317152d691.wav,coughvid_data/e4377300-06a4-418b-bf54-30317152d691.wav,0.0
fe3fc6a4-c52e-49ab-ba05-0e77d7046b1f,coughvid_data/fe3fc6a4-c52e-49ab-ba05-0e77d7046b1f.wav,coughvid_data/fe3fc6a4-c52e-49ab-ba05-0e77d7046b1f.wav,0.0
466c55f5-5cfe-483e-a171-9a51d26dea20,coughvid_data/466c55f5-5cfe-483e-a171-9a51d26dea20.wav,coughvid_data/466c55f5-5cfe-483e-a171-9a51d26dea20.wav,1.0
c678299f-a68d-4c40-8be8-7e838c250781,coughvid_data/c678299f-a68d-4c40-8be8-7e838c250781.wav,coughvid_data/c678299f-a68d-4c40-8be8-7e838c250781.wav,0.0
3e6c4fe1-b681-48d7-a576-5c4ddee41c70,coughvid_data/3e6c4fe1-b681-48d7-a576-5c4ddee41c70.wav,coughvid_data/3e6c4fe1-b681-48d7-a576-5c4ddee41c70.wav,1.0
472ca25e-5665-4a86-9011-6b56cae4218c,coughvid_data/472ca25e-5665-4a86-9011-6b56cae4218c.wav,coughvid_data/472ca25e-5665-4a86-9011-6b56cae4218c.wav,1.0
f72be493-23e1-4e19-97fd-94ed31dc9223,coughvid_data/f72be493-23e1-4e19-97fd-94ed31dc9223.wav,coughvid_data/f72be493-23e1-4e19-97fd-94ed31dc9223.wav,1.0
c6699cf4-2bc0-410e-a3f3-a5788aa22b5c,coughvid_data/c6699cf4-2bc0-410e-a3f3-a5788aa22b5c.wav,coughvid_data/c6699cf4-2bc0-410e-a3f3-a5788aa22b5c.wav,0.0
fe2cdda1-2a72-419e-938f-849347c35316,coughvid_data/fe2cdda1-2a72-419e-938f-849347c35316.wav,coughvid_data/fe2cdda1-2a72-419e-938f-849347c35316.wav,1.0
4a4c6865-33fd-4fe2-8f93-450cac768536,coughvid_data/4a4c6865-33fd-4fe2-8f93-450cac768536.wav,coughvid_data/4a4c6865-33fd-4fe2-8f93-450cac768536.wav,0.0
2e9bcc88-ebff-4ce1-933a-e477650c661e,coughvid_data/2e9bcc88-ebff-4ce1-933a-e477650c661e.wav,coughvid_data/2e9bcc88-ebff-4ce1-933a-e477650c661e.wav,1.0
abff1b07-6512-472f-ac97-d3630d8091e8,coughvid_data/abff1b07-6512-472f-ac97-d3630d8091e8.wav,coughvid_data/abff1b07-6512-472f-ac97-d3630d8091e8.wav,0.0
819820da-f964-4dd8-96a2-1aae0b4804f2,coughvid_data/819820da-f964-4dd8-96a2-1aae0b4804f2.wav,coughvid_data/819820da-f964-4dd8-96a2-1aae0b4804f2.wav,0.0
01426da3-71a5-49d0-b153-65ce022a7e1d,coughvid_data/01426da3-71a5-49d0-b153-65ce022a7e1d.wav,coughvid_data/01426da3-71a5-49d0-b153-65ce022a7e1d.wav,0.0
dedf19dc-c2c7-45f2-81eb-c110873607b9,coughvid_data/dedf19dc-c2c7-45f2-81eb-c110873607b9.wav,coughvid_data/dedf19dc-c2c7-45f2-81eb-c110873607b9.wav,1.0
29565d35-8704-4d92-a791-1e470c581f72,coughvid_data/29565d35-8704-4d92-a791-1e470c581f72.wav,coughvid_data/29565d35-8704-4d92-a791-1e470c581f72.wav,1.0
7b36c256-3df6-4883-ad1c-555e6a56e9f6,coughvid_data/7b36c256-3df6-4883-ad1c-555e6a56e9f6.wav,coughvid_data/7b36c256-3df6-4883-ad1c-555e6a56e9f6.wav,0.0
bf566ad4-6971-48cb-9b99-bbacf1b69438,coughvid_data/bf566ad4-6971-48cb-9b99-bbacf1b69438.wav,coughvid_data/bf566ad4-6971-48cb-9b99-bbacf1b69438.wav,1.0
a08b86d5-4573-4a42-9a84-f75f5e50351a,coughvid_data/a08b86d5-4573-4a42-9a84-f75f5e50351a.wav,coughvid_data/a08b86d5-4573-4a42-9a84-f75f5e50351a.wav,1.0
acc62600-21db-4b5e-86e2-9bb6ac9eeb59,coughvid_data/acc62600-21db-4b5e-86e2-9bb6ac9eeb59.wav,coughvid_data/acc62600-21db-4b5e-86e2-9bb6ac9eeb59.wav,0.0
9ad62e16-ec97-4424-abf9-3b7d5a152cc8,coughvid_data/9ad62e16-ec97-4424-abf9-3b7d5a152cc8.wav,coughvid_data/9ad62e16-ec97-4424-abf9-3b7d5a152cc8.wav,0.0
0375b987-0958-45fc-a761-1aa0cb98de6f,coughvid_data/0375b987-0958-45fc-a761-1aa0cb98de6f.wav,coughvid_data/0375b987-0958-45fc-a761-1aa0cb98de6f.wav,0.0
e4088179-0112-4cd9-8b9a-e7b3dff259a6,coughvid_data/e4088179-0112-4cd9-8b9a-e7b3dff259a6.wav,coughvid_data/e4088179-0112-4cd9-8b9a-e7b3dff259a6.wav,1.0
fbc692b9-4044-474b-8c13-57f5fc67a0e1,coughvid_data/fbc692b9-4044-474b-8c13-57f5fc67a0e1.wav,coughvid_data/fbc692b9-4044-474b-8c13-57f5fc67a0e1.wav,1.0
e2a72896-8aac-4254-81f4-97812b05d4d4,coughvid_data/e2a72896-8aac-4254-81f4-97812b05d4d4.wav,coughvid_data/e2a72896-8aac-4254-81f4-97812b05d4d4.wav,1.0
2c567164-47b4-403a-b588-9cb2570f8152,coughvid_data/2c567164-47b4-403a-b588-9cb2570f8152.wav,coughvid_data/2c567164-47b4-403a-b588-9cb2570f8152.wav,1.0
bc0e9a37-a610-49c5-af02-49de11f9cac2,coughvid_data/bc0e9a37-a610-49c5-af02-49de11f9cac2.wav,coughvid_data/bc0e9a37-a610-49c5-af02-49de11f9cac2.wav,1.0
f5d85435-6a11-4a2e-9714-b75c9757d3ca,coughvid_data/f5d85435-6a11-4a2e-9714-b75c9757d3ca.wav,coughvid_data/f5d85435-6a11-4a2e-9714-b75c9757d3ca.wav,1.0
d49853e0-35aa-4652-8afd-7a99ff1cca65,coughvid_data/d49853e0-35aa-4652-8afd-7a99ff1cca65.wav,coughvid_data/d49853e0-35aa-4652-8afd-7a99ff1cca65.wav,0.0
316575cc-8b07-411e-bb6d-3e66328acb5c,coughvid_data/316575cc-8b07-411e-bb6d-3e66328acb5c.wav,coughvid_data/316575cc-8b07-411e-bb6d-3e66328acb5c.wav,0.0
73b29e0f-daed-4b90-9ab8-5f33065f23a4,coughvid_data/73b29e0f-daed-4b90-9ab8-5f33065f23a4.wav,coughvid_data/73b29e0f-daed-4b90-9ab8-5f33065f23a4.wav,0.0
5e5344e0-4f3d-4864-bb46-79bbb58353bd,coughvid_data/5e5344e0-4f3d-4864-bb46-79bbb58353bd.wav,coughvid_data/5e5344e0-4f3d-4864-bb46-79bbb58353bd.wav,0.0
455bc143-a29a-4d26-afe7-6d7b65a8e63b,coughvid_data/455bc143-a29a-4d26-afe7-6d7b65a8e63b.wav,coughvid_data/455bc143-a29a-4d26-afe7-6d7b65a8e63b.wav,1.0
cd77ee72-a1a7-45b9-9538-1cc93e4d0560,coughvid_data/cd77ee72-a1a7-45b9-9538-1cc93e4d0560.wav,coughvid_data/cd77ee72-a1a7-45b9-9538-1cc93e4d0560.wav,0.0
a0785ec4-4017-4ee7-b1b7-8c4ba156ca77,coughvid_data/a0785ec4-4017-4ee7-b1b7-8c4ba156ca77.wav,coughvid_data/a0785ec4-4017-4ee7-b1b7-8c4ba156ca77.wav,0.0
9cb86a22-9680-441e-933e-8e860f7ca7b7,coughvid_data/9cb86a22-9680-441e-933e-8e860f7ca7b7.wav,coughvid_data/9cb86a22-9680-441e-933e-8e860f7ca7b7.wav,1.0
7e447497-c5f5-430e-80f0-8bf092787680,coughvid_data/7e447497-c5f5-430e-80f0-8bf092787680.wav,coughvid_data/7e447497-c5f5-430e-80f0-8bf092787680.wav,0.0
78bb157b-9fb5-4663-a7fa-765b73f58473,coughvid_data/78bb157b-9fb5-4663-a7fa-765b73f58473.wav,coughvid_data/78bb157b-9fb5-4663-a7fa-765b73f58473.wav,0.0
1963e8a4-1f16-4c32-b71d-4ad04d418d1c,coughvid_data/1963e8a4-1f16-4c32-b71d-4ad04d418d1c.wav,coughvid_data/1963e8a4-1f16-4c32-b71d-4ad04d418d1c.wav,0.0
6ab94bfe-bfbc-45e2-a4e6-f315b33becc1,coughvid_data/6ab94bfe-bfbc-45e2-a4e6-f315b33becc1.wav,coughvid_data/6ab94bfe-bfbc-45e2-a4e6-f315b33becc1.wav,1.0
906d3bc6-0ae0-497c-a6a6-e16233892cf9,coughvid_data/906d3bc6-0ae0-497c-a6a6-e16233892cf9.wav,coughvid_data/906d3bc6-0ae0-497c-a6a6-e16233892cf9.wav,1.0
b0093b28-6c05-4242-b03e-ba1b6bbe19d7,coughvid_data/b0093b28-6c05-4242-b03e-ba1b6bbe19d7.wav,coughvid_data/b0093b28-6c05-4242-b03e-ba1b6bbe19d7.wav,1.0
f03283d8-90ee-40de-9c07-b831c784f1a5,coughvid_data/f03283d8-90ee-40de-9c07-b831c784f1a5.wav,coughvid_data/f03283d8-90ee-40de-9c07-b831c784f1a5.wav,0.0
89a9ccc6-5055-484f-b038-6b16bc1d13ee,coughvid_data/89a9ccc6-5055-484f-b038-6b16bc1d13ee.wav,coughvid_data/89a9ccc6-5055-484f-b038-6b16bc1d13ee.wav,0.0
c4d112d4-55b6-4d98-9c2d-879cdaa6797b,coughvid_data/c4d112d4-55b6-4d98-9c2d-879cdaa6797b.wav,coughvid_data/c4d112d4-55b6-4d98-9c2d-879cdaa6797b.wav,1.0
5b899e1b-9b04-49f6-aa03-91403b2ad0e5,coughvid_data/5b899e1b-9b04-49f6-aa03-91403b2ad0e5.wav,coughvid_data/5b899e1b-9b04-49f6-aa03-91403b2ad0e5.wav,0.0
7c1790df-4a47-4706-adc5-a6771995e31a,coughvid_data/7c1790df-4a47-4706-adc5-a6771995e31a.wav,coughvid_data/7c1790df-4a47-4706-adc5-a6771995e31a.wav,0.0
96dbf7b6-94d1-47da-9365-c75eb2e60a5d,coughvid_data/96dbf7b6-94d1-47da-9365-c75eb2e60a5d.wav,coughvid_data/96dbf7b6-94d1-47da-9365-c75eb2e60a5d.wav,1.0
46c778f5-6f29-4a6e-9a65-822c35ef6594,coughvid_data/46c778f5-6f29-4a6e-9a65-822c35ef6594.wav,coughvid_data/46c778f5-6f29-4a6e-9a65-822c35ef6594.wav,0.0
dd4444d6-590a-498e-aa26-93e8ab74bee7,coughvid_data/dd4444d6-590a-498e-aa26-93e8ab74bee7.wav,coughvid_data/dd4444d6-590a-498e-aa26-93e8ab74bee7.wav,1.0
8c41f51d-4a14-4774-902f-5f93d81d14e4,coughvid_data/8c41f51d-4a14-4774-902f-5f93d81d14e4.wav,coughvid_data/8c41f51d-4a14-4774-902f-5f93d81d14e4.wav,0.0
83a12c35-68a0-44d8-9157-b26241e157c7,coughvid_data/83a12c35-68a0-44d8-9157-b26241e157c7.wav,coughvid_data/83a12c35-68a0-44d8-9157-b26241e157c7.wav,1.0
88cf4c8d-95f4-4e90-8c99-55dc2884614a,coughvid_data/88cf4c8d-95f4-4e90-8c99-55dc2884614a.wav,coughvid_data/88cf4c8d-95f4-4e90-8c99-55dc2884614a.wav,0.0
fd2c11e4-8f1e-4c23-9d95-3e51b3d86104,coughvid_data/fd2c11e4-8f1e-4c23-9d95-3e51b3d86104.wav,coughvid_data/fd2c11e4-8f1e-4c23-9d95-3e51b3d86104.wav,0.0
2dc6c429-051f-4173-aa87-3e2603bf08de,coughvid_data/2dc6c429-051f-4173-aa87-3e2603bf08de.wav,coughvid_data/2dc6c429-051f-4173-aa87-3e2603bf08de.wav,0.0
f4f588cd-b187-4591-878f-3b693522d6df,coughvid_data/f4f588cd-b187-4591-878f-3b693522d6df.wav,coughvid_data/f4f588cd-b187-4591-878f-3b693522d6df.wav,0.0
60b4e2c2-1258-4740-a10f-587d7775c65d,coughvid_data/60b4e2c2-1258-4740-a10f-587d7775c65d.wav,coughvid_data/60b4e2c2-1258-4740-a10f-587d7775c65d.wav,0.0
f53fb627-5f10-4599-a24c-87c6b25368af,coughvid_data/f53fb627-5f10-4599-a24c-87c6b25368af.wav,coughvid_data/f53fb627-5f10-4599-a24c-87c6b25368af.wav,0.0
69fa73d0-f1d3-4455-8142-c87bd23c04c0,coughvid_data/69fa73d0-f1d3-4455-8142-c87bd23c04c0.wav,coughvid_data/69fa73d0-f1d3-4455-8142-c87bd23c04c0.wav,1.0
f32d99cd-e7f6-4335-9763-65d7ba53f278,coughvid_data/f32d99cd-e7f6-4335-9763-65d7ba53f278.wav,coughvid_data/f32d99cd-e7f6-4335-9763-65d7ba53f278.wav,0.0
45582cb7-2ec8-453a-9f5d-57d0a7710fb8,coughvid_data/45582cb7-2ec8-453a-9f5d-57d0a7710fb8.wav,coughvid_data/45582cb7-2ec8-453a-9f5d-57d0a7710fb8.wav,1.0
c9b74a2d-b258-4930-8910-c4becefa3841,coughvid_data/c9b74a2d-b258-4930-8910-c4becefa3841.wav,coughvid_data/c9b74a2d-b258-4930-8910-c4becefa3841.wav,0.0
e1429c0a-c6e3-4533-abe8-c5f761a3074a,coughvid_data/e1429c0a-c6e3-4533-abe8-c5f761a3074a.wav,coughvid_data/e1429c0a-c6e3-4533-abe8-c5f761a3074a.wav,0.0
0b080a86-4a0d-4a91-ba2a-252a43d3f3d0,coughvid_data/0b080a86-4a0d-4a91-ba2a-252a43d3f3d0.wav,coughvid_data/0b080a86-4a0d-4a91-ba2a-252a43d3f3d0.wav,0.0
49ed0acc-1f9c-4faf-aaa4-50784832b1a9,coughvid_data/49ed0acc-1f9c-4faf-aaa4-50784832b1a9.wav,coughvid_data/49ed0acc-1f9c-4faf-aaa4-50784832b1a9.wav,1.0
031fd54a-87b5-4223-9af6-60985127fb7a,coughvid_data/031fd54a-87b5-4223-9af6-60985127fb7a.wav,coughvid_data/031fd54a-87b5-4223-9af6-60985127fb7a.wav,1.0
fb6104cf-72cd-4093-95d1-eeaebeed670f,coughvid_data/fb6104cf-72cd-4093-95d1-eeaebeed670f.wav,coughvid_data/fb6104cf-72cd-4093-95d1-eeaebeed670f.wav,1.0
7604e8fc-7643-4491-a57e-8711144f004d,coughvid_data/7604e8fc-7643-4491-a57e-8711144f004d.wav,coughvid_data/7604e8fc-7643-4491-a57e-8711144f004d.wav,1.0
541d66f2-f109-43ef-a21b-ad96155b6357,coughvid_data/541d66f2-f109-43ef-a21b-ad96155b6357.wav,coughvid_data/541d66f2-f109-43ef-a21b-ad96155b6357.wav,1.0
99ca1dfa-a071-4068-ac68-7a6edb3f728f,coughvid_data/99ca1dfa-a071-4068-ac68-7a6edb3f728f.wav,coughvid_data/99ca1dfa-a071-4068-ac68-7a6edb3f728f.wav,1.0
6cc62dd9-dd1b-47c8-85a0-16465dea25d1,coughvid_data/6cc62dd9-dd1b-47c8-85a0-16465dea25d1.wav,coughvid_data/6cc62dd9-dd1b-47c8-85a0-16465dea25d1.wav,0.0
402c79f0-506a-4830-8721-62a5397ddbe3,coughvid_data/402c79f0-506a-4830-8721-62a5397ddbe3.wav,coughvid_data/402c79f0-506a-4830-8721-62a5397ddbe3.wav,0.0
43e83454-4324-4f0d-8ff5-02c53b4781c8,coughvid_data/43e83454-4324-4f0d-8ff5-02c53b4781c8.wav,coughvid_data/43e83454-4324-4f0d-8ff5-02c53b4781c8.wav,1.0
1444cd5b-76da-479f-845c-57349427911f,coughvid_data/1444cd5b-76da-479f-845c-57349427911f.wav,coughvid_data/1444cd5b-76da-479f-845c-57349427911f.wav,1.0
20533dd3-00b9-4e21-bf8a-fbebc695a5d6,coughvid_data/20533dd3-00b9-4e21-bf8a-fbebc695a5d6.wav,coughvid_data/20533dd3-00b9-4e21-bf8a-fbebc695a5d6.wav,1.0
ec9d5b05-1ef0-491b-96d2-63992173405a,coughvid_data/ec9d5b05-1ef0-491b-96d2-63992173405a.wav,coughvid_data/ec9d5b05-1ef0-491b-96d2-63992173405a.wav,1.0
95352029-528f-4063-8e6d-85c63dde4aad,coughvid_data/95352029-528f-4063-8e6d-85c63dde4aad.wav,coughvid_data/95352029-528f-4063-8e6d-85c63dde4aad.wav,0.0
365c7aae-f8a9-4ba0-9d06-49b3ed915c24,coughvid_data/365c7aae-f8a9-4ba0-9d06-49b3ed915c24.wav,coughvid_data/365c7aae-f8a9-4ba0-9d06-49b3ed915c24.wav,1.0
339fc78e-0959-4bc5-8faf-7526b4d6eeba,coughvid_data/339fc78e-0959-4bc5-8faf-7526b4d6eeba.wav,coughvid_data/339fc78e-0959-4bc5-8faf-7526b4d6eeba.wav,1.0
c5d3bdd3-3d47-4d32-bbc3-307d4724032a,coughvid_data/c5d3bdd3-3d47-4d32-bbc3-307d4724032a.wav,coughvid_data/c5d3bdd3-3d47-4d32-bbc3-307d4724032a.wav,1.0
800e0a65-fedc-45ec-873c-d82ef730ca11,coughvid_data/800e0a65-fedc-45ec-873c-d82ef730ca11.wav,coughvid_data/800e0a65-fedc-45ec-873c-d82ef730ca11.wav,0.0
91d47856-c83f-4f50-ae4b-e8c045ae5722,coughvid_data/91d47856-c83f-4f50-ae4b-e8c045ae5722.wav,coughvid_data/91d47856-c83f-4f50-ae4b-e8c045ae5722.wav,1.0
92688e07-15b9-40a0-97ea-06f189724972,coughvid_data/92688e07-15b9-40a0-97ea-06f189724972.wav,coughvid_data/92688e07-15b9-40a0-97ea-06f189724972.wav,0.0
2dca396c-a162-436b-a4b1-b4e5dcf39684,coughvid_data/2dca396c-a162-436b-a4b1-b4e5dcf39684.wav,coughvid_data/2dca396c-a162-436b-a4b1-b4e5dcf39684.wav,1.0
b680b5b5-1802-4a8c-8eba-edcfafc54476,coughvid_data/b680b5b5-1802-4a8c-8eba-edcfafc54476.wav,coughvid_data/b680b5b5-1802-4a8c-8eba-edcfafc54476.wav,1.0
d434d744-7576-4afc-9ead-0f47780d9100,coughvid_data/d434d744-7576-4afc-9ead-0f47780d9100.wav,coughvid_data/d434d744-7576-4afc-9ead-0f47780d9100.wav,0.0
4730c58e-9dd5-4345-922f-4c9977af2e75,coughvid_data/4730c58e-9dd5-4345-922f-4c9977af2e75.wav,coughvid_data/4730c58e-9dd5-4345-922f-4c9977af2e75.wav,0.0
78683cd9-c2a7-489c-8f28-5b7164d5229f,coughvid_data/78683cd9-c2a7-489c-8f28-5b7164d5229f.wav,coughvid_data/78683cd9-c2a7-489c-8f28-5b7164d5229f.wav,1.0
bc17ccda-afbc-437e-a9d2-63f095b3e3a6,coughvid_data/bc17ccda-afbc-437e-a9d2-63f095b3e3a6.wav,coughvid_data/bc17ccda-afbc-437e-a9d2-63f095b3e3a6.wav,1.0
e53bb1c3-615b-44e6-9336-18024dc4fba7,coughvid_data/e53bb1c3-615b-44e6-9336-18024dc4fba7.wav,coughvid_data/e53bb1c3-615b-44e6-9336-18024dc4fba7.wav,0.0
c0aa8d15-2cd4-48d1-a3a6-d7ceb0319f7c,coughvid_data/c0aa8d15-2cd4-48d1-a3a6-d7ceb0319f7c.wav,coughvid_data/c0aa8d15-2cd4-48d1-a3a6-d7ceb0319f7c.wav,0.0
55e3694d-43b3-4e85-80ff-6ec91c750425,coughvid_data/55e3694d-43b3-4e85-80ff-6ec91c750425.wav,coughvid_data/55e3694d-43b3-4e85-80ff-6ec91c750425.wav,0.0
76521f70-dec6-4d64-8378-a0dbb1f5c724,coughvid_data/76521f70-dec6-4d64-8378-a0dbb1f5c724.wav,coughvid_data/76521f70-dec6-4d64-8378-a0dbb1f5c724.wav,1.0
ff687da7-8497-47d3-b10d-0a9fc45a84b5,coughvid_data/ff687da7-8497-47d3-b10d-0a9fc45a84b5.wav,coughvid_data/ff687da7-8497-47d3-b10d-0a9fc45a84b5.wav,0.0
fa158d53-d68a-446d-a84a-bf0fe3f6cdb5,coughvid_data/fa158d53-d68a-446d-a84a-bf0fe3f6cdb5.wav,coughvid_data/fa158d53-d68a-446d-a84a-bf0fe3f6cdb5.wav,1.0
f09d78b7-7472-4aad-a3d9-9e485622d547,coughvid_data/f09d78b7-7472-4aad-a3d9-9e485622d547.wav,coughvid_data/f09d78b7-7472-4aad-a3d9-9e485622d547.wav,0.0
56ca3289-f431-40aa-8d9b-70d332ba4193,coughvid_data/56ca3289-f431-40aa-8d9b-70d332ba4193.wav,coughvid_data/56ca3289-f431-40aa-8d9b-70d332ba4193.wav,0.0
b5299f32-1d6a-47a7-9671-36dce0bbdbcc,coughvid_data/b5299f32-1d6a-47a7-9671-36dce0bbdbcc.wav,coughvid_data/b5299f32-1d6a-47a7-9671-36dce0bbdbcc.wav,1.0
c77805cf-e9b3-4aec-84b4-f26e276ad354,coughvid_data/c77805cf-e9b3-4aec-84b4-f26e276ad354.wav,coughvid_data/c77805cf-e9b3-4aec-84b4-f26e276ad354.wav,1.0
3f2ce0bb-b387-4dad-9304-ff2339594a86,coughvid_data/3f2ce0bb-b387-4dad-9304-ff2339594a86.wav,coughvid_data/3f2ce0bb-b387-4dad-9304-ff2339594a86.wav,1.0
939d7371-88f4-4616-a9dd-276eacf2a285,coughvid_data/939d7371-88f4-4616-a9dd-276eacf2a285.wav,coughvid_data/939d7371-88f4-4616-a9dd-276eacf2a285.wav,0.0
bb7e61ba-d5d4-4476-b73f-7f1fd7fef162,coughvid_data/bb7e61ba-d5d4-4476-b73f-7f1fd7fef162.wav,coughvid_data/bb7e61ba-d5d4-4476-b73f-7f1fd7fef162.wav,0.0
1a7e19f5-3a67-4c54-8145-c5319ce95192,coughvid_data/1a7e19f5-3a67-4c54-8145-c5319ce95192.wav,coughvid_data/1a7e19f5-3a67-4c54-8145-c5319ce95192.wav,0.0
87ed590e-f922-4118-aeb4-cc5e9cf51001,coughvid_data/87ed590e-f922-4118-aeb4-cc5e9cf51001.wav,coughvid_data/87ed590e-f922-4118-aeb4-cc5e9cf51001.wav,1.0
8d870fda-3cb4-4d17-8650-c52596963ff3,coughvid_data/8d870fda-3cb4-4d17-8650-c52596963ff3.wav,coughvid_data/8d870fda-3cb4-4d17-8650-c52596963ff3.wav,1.0
d1cd235f-f6ee-44bf-86c7-81be8faca9df,coughvid_data/d1cd235f-f6ee-44bf-86c7-81be8faca9df.wav,coughvid_data/d1cd235f-f6ee-44bf-86c7-81be8faca9df.wav,1.0
706d8ac3-b349-4983-88d5-2a65242aa9af,coughvid_data/706d8ac3-b349-4983-88d5-2a65242aa9af.wav,coughvid_data/706d8ac3-b349-4983-88d5-2a65242aa9af.wav,1.0
e16f1323-f2fa-4b0b-a932-040b16059836,coughvid_data/e16f1323-f2fa-4b0b-a932-040b16059836.wav,coughvid_data/e16f1323-f2fa-4b0b-a932-040b16059836.wav,1.0
de625b4a-41f2-4a4d-ae25-5f49c2f977aa,coughvid_data/de625b4a-41f2-4a4d-ae25-5f49c2f977aa.wav,coughvid_data/de625b4a-41f2-4a4d-ae25-5f49c2f977aa.wav,0.0
12ee4b79-f127-4d0a-a490-548673146b96,coughvid_data/12ee4b79-f127-4d0a-a490-548673146b96.wav,coughvid_data/12ee4b79-f127-4d0a-a490-548673146b96.wav,1.0
18314b9c-6762-42c0-b244-3b7cca13dcfc,coughvid_data/18314b9c-6762-42c0-b244-3b7cca13dcfc.wav,coughvid_data/18314b9c-6762-42c0-b244-3b7cca13dcfc.wav,1.0
604c18d9-326b-4dac-9dcd-a161e99a67f1,coughvid_data/604c18d9-326b-4dac-9dcd-a161e99a67f1.wav,coughvid_data/604c18d9-326b-4dac-9dcd-a161e99a67f1.wav,0.0
fc95f2cd-f553-473b-93c3-02c0f17afaa5,coughvid_data/fc95f2cd-f553-473b-93c3-02c0f17afaa5.wav,coughvid_data/fc95f2cd-f553-473b-93c3-02c0f17afaa5.wav,1.0
2e13a06c-1af6-44db-96f7-67a867608759,coughvid_data/2e13a06c-1af6-44db-96f7-67a867608759.wav,coughvid_data/2e13a06c-1af6-44db-96f7-67a867608759.wav,0.0
bb267bc2-abcc-4da3-a4d5-17f112f3ea34,coughvid_data/bb267bc2-abcc-4da3-a4d5-17f112f3ea34.wav,coughvid_data/bb267bc2-abcc-4da3-a4d5-17f112f3ea34.wav,0.0
d66c43cc-5772-48ea-a5e5-0b413400f544,coughvid_data/d66c43cc-5772-48ea-a5e5-0b413400f544.wav,coughvid_data/d66c43cc-5772-48ea-a5e5-0b413400f544.wav,1.0
4a5cdc39-a64d-4df0-b9d9-42bb4683c6bb,coughvid_data/4a5cdc39-a64d-4df0-b9d9-42bb4683c6bb.wav,coughvid_data/4a5cdc39-a64d-4df0-b9d9-42bb4683c6bb.wav,0.0
6c694cad-4849-41b3-ba71-f6b5d93ea70e,coughvid_data/6c694cad-4849-41b3-ba71-f6b5d93ea70e.wav,coughvid_data/6c694cad-4849-41b3-ba71-f6b5d93ea70e.wav,0.0
52f542bb-ac58-45a0-81ef-f579d67707ca,coughvid_data/52f542bb-ac58-45a0-81ef-f579d67707ca.wav,coughvid_data/52f542bb-ac58-45a0-81ef-f579d67707ca.wav,0.0
bb5c0157-e1e0-415b-bf50-8d85341eb727,coughvid_data/bb5c0157-e1e0-415b-bf50-8d85341eb727.wav,coughvid_data/bb5c0157-e1e0-415b-bf50-8d85341eb727.wav,0.0
be68accd-fa07-454a-8270-2a15cef4f53e,coughvid_data/be68accd-fa07-454a-8270-2a15cef4f53e.wav,coughvid_data/be68accd-fa07-454a-8270-2a15cef4f53e.wav,1.0
2c2bff59-10a1-4f72-99be-1847ba43ba73,coughvid_data/2c2bff59-10a1-4f72-99be-1847ba43ba73.wav,coughvid_data/2c2bff59-10a1-4f72-99be-1847ba43ba73.wav,0.0
41501bc6-9fd7-4a6e-84a5-89e70c6c586f,coughvid_data/41501bc6-9fd7-4a6e-84a5-89e70c6c586f.wav,coughvid_data/41501bc6-9fd7-4a6e-84a5-89e70c6c586f.wav,0.0
294ffe19-a0a2-42f8-b262-ec1fc621a37c,coughvid_data/294ffe19-a0a2-42f8-b262-ec1fc621a37c.wav,coughvid_data/294ffe19-a0a2-42f8-b262-ec1fc621a37c.wav,1.0
8732b344-5e97-48e9-aef5-6b9169e65975,coughvid_data/8732b344-5e97-48e9-aef5-6b9169e65975.wav,coughvid_data/8732b344-5e97-48e9-aef5-6b9169e65975.wav,1.0
3c904df6-f716-46dd-ada4-6bef980ccc66,coughvid_data/3c904df6-f716-46dd-ada4-6bef980ccc66.wav,coughvid_data/3c904df6-f716-46dd-ada4-6bef980ccc66.wav,1.0
c9803db7-10d9-4344-9834-7e4fd70e5f1e,coughvid_data/c9803db7-10d9-4344-9834-7e4fd70e5f1e.wav,coughvid_data/c9803db7-10d9-4344-9834-7e4fd70e5f1e.wav,1.0
74c47154-dc42-4f14-8285-b5a507ef9463,coughvid_data/74c47154-dc42-4f14-8285-b5a507ef9463.wav,coughvid_data/74c47154-dc42-4f14-8285-b5a507ef9463.wav,1.0
6147e276-9553-46cf-970c-a5c43309a5fc,coughvid_data/6147e276-9553-46cf-970c-a5c43309a5fc.wav,coughvid_data/6147e276-9553-46cf-970c-a5c43309a5fc.wav,1.0
457118a3-b5ac-4b4f-b0cc-a3d606a11f91,coughvid_data/457118a3-b5ac-4b4f-b0cc-a3d606a11f91.wav,coughvid_data/457118a3-b5ac-4b4f-b0cc-a3d606a11f91.wav,0.0
44310de6-1ec3-4867-aa22-b72e869c4900,coughvid_data/44310de6-1ec3-4867-aa22-b72e869c4900.wav,coughvid_data/44310de6-1ec3-4867-aa22-b72e869c4900.wav,1.0
12a99b1c-8e9d-4840-a6b0-e2200ede0101,coughvid_data/12a99b1c-8e9d-4840-a6b0-e2200ede0101.wav,coughvid_data/12a99b1c-8e9d-4840-a6b0-e2200ede0101.wav,0.0
477b1db6-e0a5-43dc-bfbc-b74ac50548b8,coughvid_data/477b1db6-e0a5-43dc-bfbc-b74ac50548b8.wav,coughvid_data/477b1db6-e0a5-43dc-bfbc-b74ac50548b8.wav,1.0
33053fa7-3f1d-4f09-9272-0bc107488681,coughvid_data/33053fa7-3f1d-4f09-9272-0bc107488681.wav,coughvid_data/33053fa7-3f1d-4f09-9272-0bc107488681.wav,0.0
fb8238c8-73df-4e54-ab4a-8cf3a508869e,coughvid_data/fb8238c8-73df-4e54-ab4a-8cf3a508869e.wav,coughvid_data/fb8238c8-73df-4e54-ab4a-8cf3a508869e.wav,1.0
8f7d8f15-6f3e-424b-93a4-ebe7d1627289,coughvid_data/8f7d8f15-6f3e-424b-93a4-ebe7d1627289.wav,coughvid_data/8f7d8f15-6f3e-424b-93a4-ebe7d1627289.wav,1.0
12e4863a-f490-42ce-8c07-80962e7531ba,coughvid_data/12e4863a-f490-42ce-8c07-80962e7531ba.wav,coughvid_data/12e4863a-f490-42ce-8c07-80962e7531ba.wav,1.0
888760e4-2572-45e9-81eb-2a017c074746,coughvid_data/888760e4-2572-45e9-81eb-2a017c074746.wav,coughvid_data/888760e4-2572-45e9-81eb-2a017c074746.wav,1.0
bc945ab2-4f87-4bee-9a12-840e6036bb8e,coughvid_data/bc945ab2-4f87-4bee-9a12-840e6036bb8e.wav,coughvid_data/bc945ab2-4f87-4bee-9a12-840e6036bb8e.wav,1.0
04a78ea7-0344-4a1c-85c1-c3fc1ece0c41,coughvid_data/04a78ea7-0344-4a1c-85c1-c3fc1ece0c41.wav,coughvid_data/04a78ea7-0344-4a1c-85c1-c3fc1ece0c41.wav,0.0
97cc3851-28f8-4ab4-8e73-77653011bc5f,coughvid_data/97cc3851-28f8-4ab4-8e73-77653011bc5f.wav,coughvid_data/97cc3851-28f8-4ab4-8e73-77653011bc5f.wav,0.0
d2c3f6a6-21c3-4cc5-a60c-62f97e316dad,coughvid_data/d2c3f6a6-21c3-4cc5-a60c-62f97e316dad.wav,coughvid_data/d2c3f6a6-21c3-4cc5-a60c-62f97e316dad.wav,0.0
8c48edec-8c1f-4e36-b8a4-10576bf6f301,coughvid_data/8c48edec-8c1f-4e36-b8a4-10576bf6f301.wav,coughvid_data/8c48edec-8c1f-4e36-b8a4-10576bf6f301.wav,1.0
b972ccb7-000d-4dc2-bffb-fd2ff5dc2d70,coughvid_data/b972ccb7-000d-4dc2-bffb-fd2ff5dc2d70.wav,coughvid_data/b972ccb7-000d-4dc2-bffb-fd2ff5dc2d70.wav,0.0
ecf41897-0eec-49c5-a6a1-b9893dadc79e,coughvid_data/ecf41897-0eec-49c5-a6a1-b9893dadc79e.wav,coughvid_data/ecf41897-0eec-49c5-a6a1-b9893dadc79e.wav,0.0
5f6ceb57-d302-4407-beb0-bcc224c2ae47,coughvid_data/5f6ceb57-d302-4407-beb0-bcc224c2ae47.wav,coughvid_data/5f6ceb57-d302-4407-beb0-bcc224c2ae47.wav,0.0
a8082f4c-c1d7-4ee1-8f29-41558c983a79,coughvid_data/a8082f4c-c1d7-4ee1-8f29-41558c983a79.wav,coughvid_data/a8082f4c-c1d7-4ee1-8f29-41558c983a79.wav,1.0
212e57a3-02af-4aae-9f44-3b908097c586,coughvid_data/212e57a3-02af-4aae-9f44-3b908097c586.wav,coughvid_data/212e57a3-02af-4aae-9f44-3b908097c586.wav,0.0
b179ee0a-870a-4b5a-85b4-f97e6acf84a6,coughvid_data/b179ee0a-870a-4b5a-85b4-f97e6acf84a6.wav,coughvid_data/b179ee0a-870a-4b5a-85b4-f97e6acf84a6.wav,1.0
55cb1a15-6513-4602-8f59-ecdb5681248c,coughvid_data/55cb1a15-6513-4602-8f59-ecdb5681248c.wav,coughvid_data/55cb1a15-6513-4602-8f59-ecdb5681248c.wav,1.0
6eeab709-e1a7-40b1-a5e5-01545967e534,coughvid_data/6eeab709-e1a7-40b1-a5e5-01545967e534.wav,coughvid_data/6eeab709-e1a7-40b1-a5e5-01545967e534.wav,1.0
0ae866c7-df48-4ea9-911a-5be9c8a0b567,coughvid_data/0ae866c7-df48-4ea9-911a-5be9c8a0b567.wav,coughvid_data/0ae866c7-df48-4ea9-911a-5be9c8a0b567.wav,1.0
66b77e72-3f19-4d1b-8f8a-1ffb52f9aa22,coughvid_data/66b77e72-3f19-4d1b-8f8a-1ffb52f9aa22.wav,coughvid_data/66b77e72-3f19-4d1b-8f8a-1ffb52f9aa22.wav,1.0
fe2e97fa-1fdd-423b-b6ac-4c690b0b1c57,coughvid_data/fe2e97fa-1fdd-423b-b6ac-4c690b0b1c57.wav,coughvid_data/fe2e97fa-1fdd-423b-b6ac-4c690b0b1c57.wav,0.0
e750a3ce-26b1-44a4-a043-6fa621f1c22e,coughvid_data/e750a3ce-26b1-44a4-a043-6fa621f1c22e.wav,coughvid_data/e750a3ce-26b1-44a4-a043-6fa621f1c22e.wav,0.0
62e4ffda-911a-4814-af20-c19a83d3d262,coughvid_data/62e4ffda-911a-4814-af20-c19a83d3d262.wav,coughvid_data/62e4ffda-911a-4814-af20-c19a83d3d262.wav,0.0
c67a536f-ec9c-4185-85c3-894545a2b39a,coughvid_data/c67a536f-ec9c-4185-85c3-894545a2b39a.wav,coughvid_data/c67a536f-ec9c-4185-85c3-894545a2b39a.wav,1.0
16cc27fb-0bec-47eb-9311-708cf43dee91,coughvid_data/16cc27fb-0bec-47eb-9311-708cf43dee91.wav,coughvid_data/16cc27fb-0bec-47eb-9311-708cf43dee91.wav,1.0
44b70910-3902-4ed9-9801-89fff0398cc4,coughvid_data/44b70910-3902-4ed9-9801-89fff0398cc4.wav,coughvid_data/44b70910-3902-4ed9-9801-89fff0398cc4.wav,0.0
5a5dbec2-ce4b-4e6f-9ccc-61e321ce0a83,coughvid_data/5a5dbec2-ce4b-4e6f-9ccc-61e321ce0a83.wav,coughvid_data/5a5dbec2-ce4b-4e6f-9ccc-61e321ce0a83.wav,0.0
8a92397c-3f43-4646-a03f-ae7afdc4589d,coughvid_data/8a92397c-3f43-4646-a03f-ae7afdc4589d.wav,coughvid_data/8a92397c-3f43-4646-a03f-ae7afdc4589d.wav,1.0
cd2e1ba6-3531-438d-84f3-9df7dea773e6,coughvid_data/cd2e1ba6-3531-438d-84f3-9df7dea773e6.wav,coughvid_data/cd2e1ba6-3531-438d-84f3-9df7dea773e6.wav,0.0
8b779bba-e38e-4c72-89e6-8a015f9fc4ad,coughvid_data/8b779bba-e38e-4c72-89e6-8a015f9fc4ad.wav,coughvid_data/8b779bba-e38e-4c72-89e6-8a015f9fc4ad.wav,1.0
92554dcf-90c1-45bd-99f9-46cf6c18235f,coughvid_data/92554dcf-90c1-45bd-99f9-46cf6c18235f.wav,coughvid_data/92554dcf-90c1-45bd-99f9-46cf6c18235f.wav,0.0
e7b45df9-6785-42ff-a40a-8bd40b142da0,coughvid_data/e7b45df9-6785-42ff-a40a-8bd40b142da0.wav,coughvid_data/e7b45df9-6785-42ff-a40a-8bd40b142da0.wav,0.0
6c9208b6-65fb-4d9d-a10e-27dfeafda4e3,coughvid_data/6c9208b6-65fb-4d9d-a10e-27dfeafda4e3.wav,coughvid_data/6c9208b6-65fb-4d9d-a10e-27dfeafda4e3.wav,1.0
f1d493ae-b1c2-4cd4-9eea-eda89ce228b3,coughvid_data/f1d493ae-b1c2-4cd4-9eea-eda89ce228b3.wav,coughvid_data/f1d493ae-b1c2-4cd4-9eea-eda89ce228b3.wav,0.0
4d960e38-1240-48ca-8b3c-68660fd89a53,coughvid_data/4d960e38-1240-48ca-8b3c-68660fd89a53.wav,coughvid_data/4d960e38-1240-48ca-8b3c-68660fd89a53.wav,0.0
fa2cd038-5009-407f-a7af-c6784778c693,coughvid_data/fa2cd038-5009-407f-a7af-c6784778c693.wav,coughvid_data/fa2cd038-5009-407f-a7af-c6784778c693.wav,0.0
f5fd3bda-c2dc-4ccc-bbef-88d71d34c0e5,coughvid_data/f5fd3bda-c2dc-4ccc-bbef-88d71d34c0e5.wav,coughvid_data/f5fd3bda-c2dc-4ccc-bbef-88d71d34c0e5.wav,1.0
29610045-0f0e-48bc-b6c0-fb47ae6e4712,coughvid_data/29610045-0f0e-48bc-b6c0-fb47ae6e4712.wav,coughvid_data/29610045-0f0e-48bc-b6c0-fb47ae6e4712.wav,1.0
b618923d-796d-4adb-ae9e-266ab08f1249,coughvid_data/b618923d-796d-4adb-ae9e-266ab08f1249.wav,coughvid_data/b618923d-796d-4adb-ae9e-266ab08f1249.wav,1.0
aafc3474-7781-460f-96cd-89d1c8ec8531,coughvid_data/aafc3474-7781-460f-96cd-89d1c8ec8531.wav,coughvid_data/aafc3474-7781-460f-96cd-89d1c8ec8531.wav,0.0
52ef9607-d0d0-4bc3-8d9a-03c4f4d3b504,coughvid_data/52ef9607-d0d0-4bc3-8d9a-03c4f4d3b504.wav,coughvid_data/52ef9607-d0d0-4bc3-8d9a-03c4f4d3b504.wav,1.0
c24debeb-89b4-491d-bf51-f58770076aac,coughvid_data/c24debeb-89b4-491d-bf51-f58770076aac.wav,coughvid_data/c24debeb-89b4-491d-bf51-f58770076aac.wav,1.0
e95d303f-be23-421c-a60c-85f8254f3c96,coughvid_data/e95d303f-be23-421c-a60c-85f8254f3c96.wav,coughvid_data/e95d303f-be23-421c-a60c-85f8254f3c96.wav,0.0
6a46e68e-6f57-41c1-a027-a1d2e0f304aa,coughvid_data/6a46e68e-6f57-41c1-a027-a1d2e0f304aa.wav,coughvid_data/6a46e68e-6f57-41c1-a027-a1d2e0f304aa.wav,1.0
19af70ec-c754-48cd-a4e0-d96cb7a400f5,coughvid_data/19af70ec-c754-48cd-a4e0-d96cb7a400f5.wav,coughvid_data/19af70ec-c754-48cd-a4e0-d96cb7a400f5.wav,0.0
2fc010e1-d7cf-4489-9185-f93f64b2688e,coughvid_data/2fc010e1-d7cf-4489-9185-f93f64b2688e.wav,coughvid_data/2fc010e1-d7cf-4489-9185-f93f64b2688e.wav,0.0
3a50755a-3269-4738-9b34-a0546257e9a6,coughvid_data/3a50755a-3269-4738-9b34-a0546257e9a6.wav,coughvid_data/3a50755a-3269-4738-9b34-a0546257e9a6.wav,0.0
602847c7-c716-4950-b70c-92b78327825d,coughvid_data/602847c7-c716-4950-b70c-92b78327825d.wav,coughvid_data/602847c7-c716-4950-b70c-92b78327825d.wav,0.0
62b3a308-0d2b-428c-954c-60fb4a3315a1,coughvid_data/62b3a308-0d2b-428c-954c-60fb4a3315a1.wav,coughvid_data/62b3a308-0d2b-428c-954c-60fb4a3315a1.wav,1.0
89877860-d9e1-42b8-bd52-020cd711646a,coughvid_data/89877860-d9e1-42b8-bd52-020cd711646a.wav,coughvid_data/89877860-d9e1-42b8-bd52-020cd711646a.wav,0.0
c731bc4e-34a7-444f-a00f-197915955bb8,coughvid_data/c731bc4e-34a7-444f-a00f-197915955bb8.wav,coughvid_data/c731bc4e-34a7-444f-a00f-197915955bb8.wav,0.0
af2f3945-bb56-4448-b583-e52b07865a63,coughvid_data/af2f3945-bb56-4448-b583-e52b07865a63.wav,coughvid_data/af2f3945-bb56-4448-b583-e52b07865a63.wav,1.0
f2e6a98b-1fbb-402a-a41f-4ab8ba6bdbaf,coughvid_data/f2e6a98b-1fbb-402a-a41f-4ab8ba6bdbaf.wav,coughvid_data/f2e6a98b-1fbb-402a-a41f-4ab8ba6bdbaf.wav,1.0
6612b96b-17a5-4c05-92cc-e5ba05e21b18,coughvid_data/6612b96b-17a5-4c05-92cc-e5ba05e21b18.wav,coughvid_data/6612b96b-17a5-4c05-92cc-e5ba05e21b18.wav,1.0
ba8ba808-2921-46fa-8d5b-1e4662d657de,coughvid_data/ba8ba808-2921-46fa-8d5b-1e4662d657de.wav,coughvid_data/ba8ba808-2921-46fa-8d5b-1e4662d657de.wav,0.0
42c6656b-6b1b-4d18-b2b6-7f52b072f091,coughvid_data/42c6656b-6b1b-4d18-b2b6-7f52b072f091.wav,coughvid_data/42c6656b-6b1b-4d18-b2b6-7f52b072f091.wav,1.0
8ad91291-c087-40fd-bf55-980e23010cea,coughvid_data/8ad91291-c087-40fd-bf55-980e23010cea.wav,coughvid_data/8ad91291-c087-40fd-bf55-980e23010cea.wav,0.0
608324da-027d-4345-81fb-be523f37a45f,coughvid_data/608324da-027d-4345-81fb-be523f37a45f.wav,coughvid_data/608324da-027d-4345-81fb-be523f37a45f.wav,0.0
5b975636-0736-4a6a-881a-200c263d942d,coughvid_data/5b975636-0736-4a6a-881a-200c263d942d.wav,coughvid_data/5b975636-0736-4a6a-881a-200c263d942d.wav,1.0
b5114ff0-851c-4a7f-9f8c-948566f00639,coughvid_data/b5114ff0-851c-4a7f-9f8c-948566f00639.wav,coughvid_data/b5114ff0-851c-4a7f-9f8c-948566f00639.wav,0.0
5b1abf2e-72e1-41f4-bf95-de53844fedee,coughvid_data/5b1abf2e-72e1-41f4-bf95-de53844fedee.wav,coughvid_data/5b1abf2e-72e1-41f4-bf95-de53844fedee.wav,0.0
0944c06f-2bf7-4eb1-874a-b4950f0646bf,coughvid_data/0944c06f-2bf7-4eb1-874a-b4950f0646bf.wav,coughvid_data/0944c06f-2bf7-4eb1-874a-b4950f0646bf.wav,1.0
70a5b1a5-d01d-4d64-bb5b-485203cc8f33,coughvid_data/70a5b1a5-d01d-4d64-bb5b-485203cc8f33.wav,coughvid_data/70a5b1a5-d01d-4d64-bb5b-485203cc8f33.wav,1.0
edc1abf2-d0ab-4a8e-a189-d1891fb4a912,coughvid_data/edc1abf2-d0ab-4a8e-a189-d1891fb4a912.wav,coughvid_data/edc1abf2-d0ab-4a8e-a189-d1891fb4a912.wav,0.0
b9980cc8-cd85-4cf2-90fe-176a4494a532,coughvid_data/b9980cc8-cd85-4cf2-90fe-176a4494a532.wav,coughvid_data/b9980cc8-cd85-4cf2-90fe-176a4494a532.wav,0.0
d9595c66-bca0-437f-a3ba-14dc1539608f,coughvid_data/d9595c66-bca0-437f-a3ba-14dc1539608f.wav,coughvid_data/d9595c66-bca0-437f-a3ba-14dc1539608f.wav,0.0
2295a6f8-08d5-467f-8534-8329c9083f28,coughvid_data/2295a6f8-08d5-467f-8534-8329c9083f28.wav,coughvid_data/2295a6f8-08d5-467f-8534-8329c9083f28.wav,1.0
b7af675c-ad37-4354-aecf-31a7ab2920f4,coughvid_data/b7af675c-ad37-4354-aecf-31a7ab2920f4.wav,coughvid_data/b7af675c-ad37-4354-aecf-31a7ab2920f4.wav,1.0
e5a2d3e9-1ba5-475f-8e08-f1dd95987e2b,coughvid_data/e5a2d3e9-1ba5-475f-8e08-f1dd95987e2b.wav,coughvid_data/e5a2d3e9-1ba5-475f-8e08-f1dd95987e2b.wav,0.0
7cf5b74f-92b9-44b6-9319-2bd98c06682a,coughvid_data/7cf5b74f-92b9-44b6-9319-2bd98c06682a.wav,coughvid_data/7cf5b74f-92b9-44b6-9319-2bd98c06682a.wav,0.0
789a64dd-b5fb-4cf5-88c2-f1f498bd8d33,coughvid_data/789a64dd-b5fb-4cf5-88c2-f1f498bd8d33.wav,coughvid_data/789a64dd-b5fb-4cf5-88c2-f1f498bd8d33.wav,0.0
a3d89b81-4362-4bad-a1ff-b27040c4777d,coughvid_data/a3d89b81-4362-4bad-a1ff-b27040c4777d.wav,coughvid_data/a3d89b81-4362-4bad-a1ff-b27040c4777d.wav,0.0
8ba9adaf-acd5-403e-ab58-9935d75c6680,coughvid_data/8ba9adaf-acd5-403e-ab58-9935d75c6680.wav,coughvid_data/8ba9adaf-acd5-403e-ab58-9935d75c6680.wav,0.0
41fb73d0-7ba3-4724-83ae-3b1d58b382f4,coughvid_data/41fb73d0-7ba3-4724-83ae-3b1d58b382f4.wav,coughvid_data/41fb73d0-7ba3-4724-83ae-3b1d58b382f4.wav,1.0
dd3f70b9-c4b2-4a8b-838f-9d36c33d074b,coughvid_data/dd3f70b9-c4b2-4a8b-838f-9d36c33d074b.wav,coughvid_data/dd3f70b9-c4b2-4a8b-838f-9d36c33d074b.wav,0.0
d74d3d36-946e-42af-bb6f-f6f2b3f744fb,coughvid_data/d74d3d36-946e-42af-bb6f-f6f2b3f744fb.wav,coughvid_data/d74d3d36-946e-42af-bb6f-f6f2b3f744fb.wav,1.0
f69b1d41-57f6-4268-a8c3-dfbb214fbbeb,coughvid_data/f69b1d41-57f6-4268-a8c3-dfbb214fbbeb.wav,coughvid_data/f69b1d41-57f6-4268-a8c3-dfbb214fbbeb.wav,0.0
725f5d00-c54b-42d3-8089-fb35d7ea35ae,coughvid_data/725f5d00-c54b-42d3-8089-fb35d7ea35ae.wav,coughvid_data/725f5d00-c54b-42d3-8089-fb35d7ea35ae.wav,0.0
a30b1432-29fe-4a4d-953a-fb1edec1b468,coughvid_data/a30b1432-29fe-4a4d-953a-fb1edec1b468.wav,coughvid_data/a30b1432-29fe-4a4d-953a-fb1edec1b468.wav,1.0
acc6edaf-8443-4c6e-bef3-0b63fe73543e,coughvid_data/acc6edaf-8443-4c6e-bef3-0b63fe73543e.wav,coughvid_data/acc6edaf-8443-4c6e-bef3-0b63fe73543e.wav,0.0
8d119a40-b2ee-41ca-ac86-24c6f0a27d24,coughvid_data/8d119a40-b2ee-41ca-ac86-24c6f0a27d24.wav,coughvid_data/8d119a40-b2ee-41ca-ac86-24c6f0a27d24.wav,0.0
fe80e708-b652-410c-a3db-f16d102765e8,coughvid_data/fe80e708-b652-410c-a3db-f16d102765e8.wav,coughvid_data/fe80e708-b652-410c-a3db-f16d102765e8.wav,1.0
7e6cd559-07e3-47c0-82d5-8e23b4484781,coughvid_data/7e6cd559-07e3-47c0-82d5-8e23b4484781.wav,coughvid_data/7e6cd559-07e3-47c0-82d5-8e23b4484781.wav,0.0
c92db349-5a62-42d1-b72d-4242e81ad510,coughvid_data/c92db349-5a62-42d1-b72d-4242e81ad510.wav,coughvid_data/c92db349-5a62-42d1-b72d-4242e81ad510.wav,1.0
e1d16352-4fcf-433d-9bfd-c0bd6c35e330,coughvid_data/e1d16352-4fcf-433d-9bfd-c0bd6c35e330.wav,coughvid_data/e1d16352-4fcf-433d-9bfd-c0bd6c35e330.wav,0.0
b7b6a650-3276-43fb-90b1-73134b483fb6,coughvid_data/b7b6a650-3276-43fb-90b1-73134b483fb6.wav,coughvid_data/b7b6a650-3276-43fb-90b1-73134b483fb6.wav,1.0
6df98f7b-c3a8-4ebc-bb83-a6f01ac9b89e,coughvid_data/6df98f7b-c3a8-4ebc-bb83-a6f01ac9b89e.wav,coughvid_data/6df98f7b-c3a8-4ebc-bb83-a6f01ac9b89e.wav,0.0
69e2c801-a63e-4293-b375-1d2d5bb96c7f,coughvid_data/69e2c801-a63e-4293-b375-1d2d5bb96c7f.wav,coughvid_data/69e2c801-a63e-4293-b375-1d2d5bb96c7f.wav,1.0
dcf5e684-39d1-4bd3-b0a9-230cf8b1037e,coughvid_data/dcf5e684-39d1-4bd3-b0a9-230cf8b1037e.wav,coughvid_data/dcf5e684-39d1-4bd3-b0a9-230cf8b1037e.wav,0.0
63684094-3252-4eb5-8be1-8e35b80c5193,coughvid_data/63684094-3252-4eb5-8be1-8e35b80c5193.wav,coughvid_data/63684094-3252-4eb5-8be1-8e35b80c5193.wav,0.0
fa115b62-17c8-4419-a656-b4ec5f0dbc4c,coughvid_data/fa115b62-17c8-4419-a656-b4ec5f0dbc4c.wav,coughvid_data/fa115b62-17c8-4419-a656-b4ec5f0dbc4c.wav,0.0
a4e1a27c-b284-434d-aa9c-e2a90c58388e,coughvid_data/a4e1a27c-b284-434d-aa9c-e2a90c58388e.wav,coughvid_data/a4e1a27c-b284-434d-aa9c-e2a90c58388e.wav,0.0
833efa8a-dcc8-4169-b1f2-97346cab50ed,coughvid_data/833efa8a-dcc8-4169-b1f2-97346cab50ed.wav,coughvid_data/833efa8a-dcc8-4169-b1f2-97346cab50ed.wav,1.0
95a228aa-5e2f-4ffe-9f62-debcbeecda83,coughvid_data/95a228aa-5e2f-4ffe-9f62-debcbeecda83.wav,coughvid_data/95a228aa-5e2f-4ffe-9f62-debcbeecda83.wav,1.0
366b7534-91bf-4d46-bdef-0c6c0836deb5,coughvid_data/366b7534-91bf-4d46-bdef-0c6c0836deb5.wav,coughvid_data/366b7534-91bf-4d46-bdef-0c6c0836deb5.wav,0.0
97b6a1d6-2c18-458e-bc05-3fe48136902d,coughvid_data/97b6a1d6-2c18-458e-bc05-3fe48136902d.wav,coughvid_data/97b6a1d6-2c18-458e-bc05-3fe48136902d.wav,1.0
276e2308-88e1-470d-8780-d697541adfcc,coughvid_data/276e2308-88e1-470d-8780-d697541adfcc.wav,coughvid_data/276e2308-88e1-470d-8780-d697541adfcc.wav,0.0
b59b0142-a82a-4168-b732-f5e9f8914fc7,coughvid_data/b59b0142-a82a-4168-b732-f5e9f8914fc7.wav,coughvid_data/b59b0142-a82a-4168-b732-f5e9f8914fc7.wav,1.0
588910ec-647b-4834-8ebe-3dd2ae65733d,coughvid_data/588910ec-647b-4834-8ebe-3dd2ae65733d.wav,coughvid_data/588910ec-647b-4834-8ebe-3dd2ae65733d.wav,0.0
82eaad0d-9db7-48f7-91a3-f774437dd042,coughvid_data/82eaad0d-9db7-48f7-91a3-f774437dd042.wav,coughvid_data/82eaad0d-9db7-48f7-91a3-f774437dd042.wav,0.0
e3c10281-25f3-4a5a-9d1e-3269843a8357,coughvid_data/e3c10281-25f3-4a5a-9d1e-3269843a8357.wav,coughvid_data/e3c10281-25f3-4a5a-9d1e-3269843a8357.wav,1.0
ae57eaf1-66b6-4347-9988-75b3ce255063,coughvid_data/ae57eaf1-66b6-4347-9988-75b3ce255063.wav,coughvid_data/ae57eaf1-66b6-4347-9988-75b3ce255063.wav,1.0
0b155ff1-3257-4a3b-a0b5-ac1b848af212,coughvid_data/0b155ff1-3257-4a3b-a0b5-ac1b848af212.wav,coughvid_data/0b155ff1-3257-4a3b-a0b5-ac1b848af212.wav,0.0
55e9dcdf-9b83-4c43-ba9b-da69cba2d132,coughvid_data/55e9dcdf-9b83-4c43-ba9b-da69cba2d132.wav,coughvid_data/55e9dcdf-9b83-4c43-ba9b-da69cba2d132.wav,0.0
47bf7df8-6456-4793-8a90-f500a7ea02c7,coughvid_data/47bf7df8-6456-4793-8a90-f500a7ea02c7.wav,coughvid_data/47bf7df8-6456-4793-8a90-f500a7ea02c7.wav,0.0
c587c70a-7489-4c3b-9696-ce1b715168ec,coughvid_data/c587c70a-7489-4c3b-9696-ce1b715168ec.wav,coughvid_data/c587c70a-7489-4c3b-9696-ce1b715168ec.wav,1.0
24e79abd-8530-4439-8d5f-d3cf29f2950a,coughvid_data/24e79abd-8530-4439-8d5f-d3cf29f2950a.wav,coughvid_data/24e79abd-8530-4439-8d5f-d3cf29f2950a.wav,1.0
f2d5ad83-91b7-4efe-9bc9-4adf3a08cf7d,coughvid_data/f2d5ad83-91b7-4efe-9bc9-4adf3a08cf7d.wav,coughvid_data/f2d5ad83-91b7-4efe-9bc9-4adf3a08cf7d.wav,1.0
df9ba7c6-9858-418f-8026-beb8e4ceed94,coughvid_data/df9ba7c6-9858-418f-8026-beb8e4ceed94.wav,coughvid_data/df9ba7c6-9858-418f-8026-beb8e4ceed94.wav,1.0
9ddba27b-1760-4e6b-99bf-ec7e59c99647,coughvid_data/9ddba27b-1760-4e6b-99bf-ec7e59c99647.wav,coughvid_data/9ddba27b-1760-4e6b-99bf-ec7e59c99647.wav,0.0
7b761fe2-2330-49f8-8d92-0625f1024ca5,coughvid_data/7b761fe2-2330-49f8-8d92-0625f1024ca5.wav,coughvid_data/7b761fe2-2330-49f8-8d92-0625f1024ca5.wav,0.0
63526c82-965f-4d6d-8d4e-19eca183a94d,coughvid_data/63526c82-965f-4d6d-8d4e-19eca183a94d.wav,coughvid_data/63526c82-965f-4d6d-8d4e-19eca183a94d.wav,1.0
665d3e26-7306-4730-9675-06bf96a72e33,coughvid_data/665d3e26-7306-4730-9675-06bf96a72e33.wav,coughvid_data/665d3e26-7306-4730-9675-06bf96a72e33.wav,0.0
0c78b55f-e040-462b-b930-0a4249caeb3b,coughvid_data/0c78b55f-e040-462b-b930-0a4249caeb3b.wav,coughvid_data/0c78b55f-e040-462b-b930-0a4249caeb3b.wav,1.0
c162b7b8-d2f8-48f4-90a0-cee0ac77bd21,coughvid_data/c162b7b8-d2f8-48f4-90a0-cee0ac77bd21.wav,coughvid_data/c162b7b8-d2f8-48f4-90a0-cee0ac77bd21.wav,1.0
b4ceed2a-420a-4d12-89e2-37bbe093e905,coughvid_data/b4ceed2a-420a-4d12-89e2-37bbe093e905.wav,coughvid_data/b4ceed2a-420a-4d12-89e2-37bbe093e905.wav,0.0
df35b241-5aff-4f49-80f6-4ef5fabc115c,coughvid_data/df35b241-5aff-4f49-80f6-4ef5fabc115c.wav,coughvid_data/df35b241-5aff-4f49-80f6-4ef5fabc115c.wav,1.0
523441aa-0d55-4878-9fe5-173d74b248d7,coughvid_data/523441aa-0d55-4878-9fe5-173d74b248d7.wav,coughvid_data/523441aa-0d55-4878-9fe5-173d74b248d7.wav,1.0
8f6db651-8431-4004-87e0-773e5f0210f0,coughvid_data/8f6db651-8431-4004-87e0-773e5f0210f0.wav,coughvid_data/8f6db651-8431-4004-87e0-773e5f0210f0.wav,1.0
dc5d129e-e630-4718-b536-9643ad2cccb0,coughvid_data/dc5d129e-e630-4718-b536-9643ad2cccb0.wav,coughvid_data/dc5d129e-e630-4718-b536-9643ad2cccb0.wav,0.0
ea80b502-dd8c-45bd-b7d5-047a9ab88be3,coughvid_data/ea80b502-dd8c-45bd-b7d5-047a9ab88be3.wav,coughvid_data/ea80b502-dd8c-45bd-b7d5-047a9ab88be3.wav,1.0
54350e2c-6f1c-483f-8038-691255bbf123,coughvid_data/54350e2c-6f1c-483f-8038-691255bbf123.wav,coughvid_data/54350e2c-6f1c-483f-8038-691255bbf123.wav,1.0
15321590-1d16-4351-8d56-9f82023086ef,coughvid_data/15321590-1d16-4351-8d56-9f82023086ef.wav,coughvid_data/15321590-1d16-4351-8d56-9f82023086ef.wav,1.0
d2d201cd-9702-4dbe-9383-56f40b7d9722,coughvid_data/d2d201cd-9702-4dbe-9383-56f40b7d9722.wav,coughvid_data/d2d201cd-9702-4dbe-9383-56f40b7d9722.wav,0.0
c52f9edf-409b-46dc-8d99-b0b6e0e3a336,coughvid_data/c52f9edf-409b-46dc-8d99-b0b6e0e3a336.wav,coughvid_data/c52f9edf-409b-46dc-8d99-b0b6e0e3a336.wav,1.0
37a6d2ca-032a-4738-b32d-4fdc408b2cd0,coughvid_data/37a6d2ca-032a-4738-b32d-4fdc408b2cd0.wav,coughvid_data/37a6d2ca-032a-4738-b32d-4fdc408b2cd0.wav,0.0
263a32c2-1d1e-4b37-9379-13d5c18dba5b,coughvid_data/263a32c2-1d1e-4b37-9379-13d5c18dba5b.wav,coughvid_data/263a32c2-1d1e-4b37-9379-13d5c18dba5b.wav,1.0
99862a48-a869-4289-a652-8bb85ed5c05f,coughvid_data/99862a48-a869-4289-a652-8bb85ed5c05f.wav,coughvid_data/99862a48-a869-4289-a652-8bb85ed5c05f.wav,0.0
289b6ab3-e672-4909-bc56-e663e14effe3,coughvid_data/289b6ab3-e672-4909-bc56-e663e14effe3.wav,coughvid_data/289b6ab3-e672-4909-bc56-e663e14effe3.wav,0.0
ab1845bb-763a-4f59-b1c3-9e59c7f804c9,coughvid_data/ab1845bb-763a-4f59-b1c3-9e59c7f804c9.wav,coughvid_data/ab1845bb-763a-4f59-b1c3-9e59c7f804c9.wav,0.0
3a37b957-a487-423d-9442-e59cb4cd0a59,coughvid_data/3a37b957-a487-423d-9442-e59cb4cd0a59.wav,coughvid_data/3a37b957-a487-423d-9442-e59cb4cd0a59.wav,1.0
ef2acc4d-8a8d-4c3a-910b-22be971ac381,coughvid_data/ef2acc4d-8a8d-4c3a-910b-22be971ac381.wav,coughvid_data/ef2acc4d-8a8d-4c3a-910b-22be971ac381.wav,0.0
68a41c0d-c9aa-4eba-8cd9-c0e86efa9221,coughvid_data/68a41c0d-c9aa-4eba-8cd9-c0e86efa9221.wav,coughvid_data/68a41c0d-c9aa-4eba-8cd9-c0e86efa9221.wav,0.0
3b4e25eb-d3da-4ae2-a8ed-3eed58d11167,coughvid_data/3b4e25eb-d3da-4ae2-a8ed-3eed58d11167.wav,coughvid_data/3b4e25eb-d3da-4ae2-a8ed-3eed58d11167.wav,1.0
71d5872a-00a8-4f92-9b20-f0013ab2a3bd,coughvid_data/71d5872a-00a8-4f92-9b20-f0013ab2a3bd.wav,coughvid_data/71d5872a-00a8-4f92-9b20-f0013ab2a3bd.wav,0.0
7b99c7f7-f8be-4698-bb42-1015c27f43a2,coughvid_data/7b99c7f7-f8be-4698-bb42-1015c27f43a2.wav,coughvid_data/7b99c7f7-f8be-4698-bb42-1015c27f43a2.wav,0.0
0871ac97-ec59-4aa8-852e-c5d0c2d3193d,coughvid_data/0871ac97-ec59-4aa8-852e-c5d0c2d3193d.wav,coughvid_data/0871ac97-ec59-4aa8-852e-c5d0c2d3193d.wav,1.0
1cf43f91-da82-48b3-98e9-cc3143480b38,coughvid_data/1cf43f91-da82-48b3-98e9-cc3143480b38.wav,coughvid_data/1cf43f91-da82-48b3-98e9-cc3143480b38.wav,0.0
90c4e649-ea08-4c4c-8e22-3fcf85c1959f,coughvid_data/90c4e649-ea08-4c4c-8e22-3fcf85c1959f.wav,coughvid_data/90c4e649-ea08-4c4c-8e22-3fcf85c1959f.wav,0.0
7f7ff6c5-9429-4f84-8229-108170d53811,coughvid_data/7f7ff6c5-9429-4f84-8229-108170d53811.wav,coughvid_data/7f7ff6c5-9429-4f84-8229-108170d53811.wav,1.0
826697aa-c314-45d2-9a09-b726571ca407,coughvid_data/826697aa-c314-45d2-9a09-b726571ca407.wav,coughvid_data/826697aa-c314-45d2-9a09-b726571ca407.wav,1.0
7ae4a09f-8213-4314-a9ca-918830ae1f01,coughvid_data/7ae4a09f-8213-4314-a9ca-918830ae1f01.wav,coughvid_data/7ae4a09f-8213-4314-a9ca-918830ae1f01.wav,0.0
b0ef494e-10da-4276-a7c9-cc19b2e673ad,coughvid_data/b0ef494e-10da-4276-a7c9-cc19b2e673ad.wav,coughvid_data/b0ef494e-10da-4276-a7c9-cc19b2e673ad.wav,1.0
0e56a1e9-7c2a-4df8-bddf-5f27bcd761ff,coughvid_data/0e56a1e9-7c2a-4df8-bddf-5f27bcd761ff.wav,coughvid_data/0e56a1e9-7c2a-4df8-bddf-5f27bcd761ff.wav,0.0
980ba48d-9b1c-454f-a504-79ebffb81390,coughvid_data/980ba48d-9b1c-454f-a504-79ebffb81390.wav,coughvid_data/980ba48d-9b1c-454f-a504-79ebffb81390.wav,0.0
c1b2bf17-a2a4-4d87-8fc3-5108f7bc88bc,coughvid_data/c1b2bf17-a2a4-4d87-8fc3-5108f7bc88bc.wav,coughvid_data/c1b2bf17-a2a4-4d87-8fc3-5108f7bc88bc.wav,0.0
2457c496-0a45-4c4c-942f-5598c39c9b89,coughvid_data/2457c496-0a45-4c4c-942f-5598c39c9b89.wav,coughvid_data/2457c496-0a45-4c4c-942f-5598c39c9b89.wav,1.0
81af0057-61cf-4177-b706-f4c327796964,coughvid_data/81af0057-61cf-4177-b706-f4c327796964.wav,coughvid_data/81af0057-61cf-4177-b706-f4c327796964.wav,1.0
01dc69c3-28eb-4b87-8b1d-1432724f6470,coughvid_data/01dc69c3-28eb-4b87-8b1d-1432724f6470.wav,coughvid_data/01dc69c3-28eb-4b87-8b1d-1432724f6470.wav,1.0
8f203bc7-5a05-4aec-abd1-dda25810436a,coughvid_data/8f203bc7-5a05-4aec-abd1-dda25810436a.wav,coughvid_data/8f203bc7-5a05-4aec-abd1-dda25810436a.wav,1.0
aa17a42b-126c-4c3e-8f9d-f7f62b46e54f,coughvid_data/aa17a42b-126c-4c3e-8f9d-f7f62b46e54f.wav,coughvid_data/aa17a42b-126c-4c3e-8f9d-f7f62b46e54f.wav,0.0
a3c8abc8-fa68-412b-a0ab-12d7a5eca04f,coughvid_data/a3c8abc8-fa68-412b-a0ab-12d7a5eca04f.wav,coughvid_data/a3c8abc8-fa68-412b-a0ab-12d7a5eca04f.wav,1.0
cb711787-c6ff-458c-bd4f-d8ca48f9fb9b,coughvid_data/cb711787-c6ff-458c-bd4f-d8ca48f9fb9b.wav,coughvid_data/cb711787-c6ff-458c-bd4f-d8ca48f9fb9b.wav,1.0
3b3668c6-5972-4e00-9811-6276b800e4dd,coughvid_data/3b3668c6-5972-4e00-9811-6276b800e4dd.wav,coughvid_data/3b3668c6-5972-4e00-9811-6276b800e4dd.wav,1.0
407113d6-1770-4e7a-8853-ef67e4f5c6ea,coughvid_data/407113d6-1770-4e7a-8853-ef67e4f5c6ea.wav,coughvid_data/407113d6-1770-4e7a-8853-ef67e4f5c6ea.wav,0.0
be9db66e-4cd8-4a99-bf6c-518246b345b2,coughvid_data/be9db66e-4cd8-4a99-bf6c-518246b345b2.wav,coughvid_data/be9db66e-4cd8-4a99-bf6c-518246b345b2.wav,1.0
5d3164cd-ebfa-4ed2-a127-452ff54044b9,coughvid_data/5d3164cd-ebfa-4ed2-a127-452ff54044b9.wav,coughvid_data/5d3164cd-ebfa-4ed2-a127-452ff54044b9.wav,0.0
66e5ef6f-3764-4de0-b04f-e51142113d0c,coughvid_data/66e5ef6f-3764-4de0-b04f-e51142113d0c.wav,coughvid_data/66e5ef6f-3764-4de0-b04f-e51142113d0c.wav,1.0
58c6c818-9f9d-46bd-b061-0f013525e979,coughvid_data/58c6c818-9f9d-46bd-b061-0f013525e979.wav,coughvid_data/58c6c818-9f9d-46bd-b061-0f013525e979.wav,0.0
4b319bac-5411-4708-bb8f-052e1fbbbe23,coughvid_data/4b319bac-5411-4708-bb8f-052e1fbbbe23.wav,coughvid_data/4b319bac-5411-4708-bb8f-052e1fbbbe23.wav,0.0
393617e3-0ea9-4bbf-aae6-fd00a9835aff,coughvid_data/393617e3-0ea9-4bbf-aae6-fd00a9835aff.wav,coughvid_data/393617e3-0ea9-4bbf-aae6-fd00a9835aff.wav,1.0
4afbd788-7932-4782-86d1-0b30d36b44ba,coughvid_data/4afbd788-7932-4782-86d1-0b30d36b44ba.wav,coughvid_data/4afbd788-7932-4782-86d1-0b30d36b44ba.wav,0.0
22195df7-4ba7-434f-9d7f-e0c98d1d8241,coughvid_data/22195df7-4ba7-434f-9d7f-e0c98d1d8241.wav,coughvid_data/22195df7-4ba7-434f-9d7f-e0c98d1d8241.wav,1.0
f9c8014a-f075-44da-9dec-56c04c9063cc,coughvid_data/f9c8014a-f075-44da-9dec-56c04c9063cc.wav,coughvid_data/f9c8014a-f075-44da-9dec-56c04c9063cc.wav,0.0
337d7cb9-75f5-47f0-b440-4dbf99d571c7,coughvid_data/337d7cb9-75f5-47f0-b440-4dbf99d571c7.wav,coughvid_data/337d7cb9-75f5-47f0-b440-4dbf99d571c7.wav,0.0
fd4fec4f-ae26-4264-80b6-2277e46b7a22,coughvid_data/fd4fec4f-ae26-4264-80b6-2277e46b7a22.wav,coughvid_data/fd4fec4f-ae26-4264-80b6-2277e46b7a22.wav,1.0
0e9b60d0-935f-42bc-bc2e-c337900522d5,coughvid_data/0e9b60d0-935f-42bc-bc2e-c337900522d5.wav,coughvid_data/0e9b60d0-935f-42bc-bc2e-c337900522d5.wav,1.0
dd91de30-4410-4836-a55e-ca4166110e54,coughvid_data/dd91de30-4410-4836-a55e-ca4166110e54.wav,coughvid_data/dd91de30-4410-4836-a55e-ca4166110e54.wav,1.0
121c1762-44f3-4a6e-bed4-ab47505b864f,coughvid_data/121c1762-44f3-4a6e-bed4-ab47505b864f.wav,coughvid_data/121c1762-44f3-4a6e-bed4-ab47505b864f.wav,0.0
e2941ca7-b5eb-4c07-8e0f-af1ea01b31c3,coughvid_data/e2941ca7-b5eb-4c07-8e0f-af1ea01b31c3.wav,coughvid_data/e2941ca7-b5eb-4c07-8e0f-af1ea01b31c3.wav,0.0
517ab23c-aa96-43a0-9c75-0897b1e84a08,coughvid_data/517ab23c-aa96-43a0-9c75-0897b1e84a08.wav,coughvid_data/517ab23c-aa96-43a0-9c75-0897b1e84a08.wav,0.0
df77f171-928d-4929-a916-5c7b3e91457d,coughvid_data/df77f171-928d-4929-a916-5c7b3e91457d.wav,coughvid_data/df77f171-928d-4929-a916-5c7b3e91457d.wav,1.0
1ef0e0ea-0e16-4795-9156-6dafdfb45165,coughvid_data/1ef0e0ea-0e16-4795-9156-6dafdfb45165.wav,coughvid_data/1ef0e0ea-0e16-4795-9156-6dafdfb45165.wav,1.0
94d56c05-bd2a-40c2-b86e-3877320f4ee8,coughvid_data/94d56c05-bd2a-40c2-b86e-3877320f4ee8.wav,coughvid_data/94d56c05-bd2a-40c2-b86e-3877320f4ee8.wav,1.0
bb9cd351-d75d-4bd6-9140-7f88a8209871,coughvid_data/bb9cd351-d75d-4bd6-9140-7f88a8209871.wav,coughvid_data/bb9cd351-d75d-4bd6-9140-7f88a8209871.wav,1.0
6542b02e-45da-4d23-a3f4-d8471b345186,coughvid_data/6542b02e-45da-4d23-a3f4-d8471b345186.wav,coughvid_data/6542b02e-45da-4d23-a3f4-d8471b345186.wav,0.0
89fc9676-8f93-4229-84d1-92acb7220ac1,coughvid_data/89fc9676-8f93-4229-84d1-92acb7220ac1.wav,coughvid_data/89fc9676-8f93-4229-84d1-92acb7220ac1.wav,0.0
cd3ee78b-c355-4cdb-bf3f-8159aa3d23b3,coughvid_data/cd3ee78b-c355-4cdb-bf3f-8159aa3d23b3.wav,coughvid_data/cd3ee78b-c355-4cdb-bf3f-8159aa3d23b3.wav,1.0
0c4d0b5c-1007-4426-8444-e71a1c2732f3,coughvid_data/0c4d0b5c-1007-4426-8444-e71a1c2732f3.wav,coughvid_data/0c4d0b5c-1007-4426-8444-e71a1c2732f3.wav,1.0
4ba8c2b2-7b7c-4ede-a6a7-6a5ed5f11d03,coughvid_data/4ba8c2b2-7b7c-4ede-a6a7-6a5ed5f11d03.wav,coughvid_data/4ba8c2b2-7b7c-4ede-a6a7-6a5ed5f11d03.wav,0.0
a874bcdb-4e9a-49b9-b3af-bca21b39f5c4,coughvid_data/a874bcdb-4e9a-49b9-b3af-bca21b39f5c4.wav,coughvid_data/a874bcdb-4e9a-49b9-b3af-bca21b39f5c4.wav,0.0
4b69e812-09e6-4e50-9611-8e71a8bc5569,coughvid_data/4b69e812-09e6-4e50-9611-8e71a8bc5569.wav,coughvid_data/4b69e812-09e6-4e50-9611-8e71a8bc5569.wav,1.0
adecdf4b-b455-449d-b325-60cbd0991ded,coughvid_data/adecdf4b-b455-449d-b325-60cbd0991ded.wav,coughvid_data/adecdf4b-b455-449d-b325-60cbd0991ded.wav,0.0
8e54b4c9-34b3-4bdf-abd2-fb56cae779a7,coughvid_data/8e54b4c9-34b3-4bdf-abd2-fb56cae779a7.wav,coughvid_data/8e54b4c9-34b3-4bdf-abd2-fb56cae779a7.wav,0.0
a07b7c34-a199-4f94-8bdb-fa2598626408,coughvid_data/a07b7c34-a199-4f94-8bdb-fa2598626408.wav,coughvid_data/a07b7c34-a199-4f94-8bdb-fa2598626408.wav,0.0
14103f2e-2e63-45c3-b803-08309ebd95d4,coughvid_data/14103f2e-2e63-45c3-b803-08309ebd95d4.wav,coughvid_data/14103f2e-2e63-45c3-b803-08309ebd95d4.wav,0.0
e64c0647-d3b9-47c0-8da6-09c1895ef9f1,coughvid_data/e64c0647-d3b9-47c0-8da6-09c1895ef9f1.wav,coughvid_data/e64c0647-d3b9-47c0-8da6-09c1895ef9f1.wav,1.0
666f29f0-b51b-4e26-8ffb-1427dfd89ef4,coughvid_data/666f29f0-b51b-4e26-8ffb-1427dfd89ef4.wav,coughvid_data/666f29f0-b51b-4e26-8ffb-1427dfd89ef4.wav,0.0
07efbe1d-9a6a-480f-b4d0-37f25fd83ce2,coughvid_data/07efbe1d-9a6a-480f-b4d0-37f25fd83ce2.wav,coughvid_data/07efbe1d-9a6a-480f-b4d0-37f25fd83ce2.wav,1.0
50364e5a-4b6a-4b41-90db-d0b980125098,coughvid_data/50364e5a-4b6a-4b41-90db-d0b980125098.wav,coughvid_data/50364e5a-4b6a-4b41-90db-d0b980125098.wav,0.0
51da2bcb-f9a8-4a4d-8c13-b73d0acf95c9,coughvid_data/51da2bcb-f9a8-4a4d-8c13-b73d0acf95c9.wav,coughvid_data/51da2bcb-f9a8-4a4d-8c13-b73d0acf95c9.wav,1.0
2db077ce-73e9-46c8-a6e5-189e81d87807,coughvid_data/2db077ce-73e9-46c8-a6e5-189e81d87807.wav,coughvid_data/2db077ce-73e9-46c8-a6e5-189e81d87807.wav,0.0
01e8c41c-d31d-43b5-822f-5cc6460e921f,coughvid_data/01e8c41c-d31d-43b5-822f-5cc6460e921f.wav,coughvid_data/01e8c41c-d31d-43b5-822f-5cc6460e921f.wav,1.0
f2006a90-667a-4a52-a8e9-d3bfa8e22093,coughvid_data/f2006a90-667a-4a52-a8e9-d3bfa8e22093.wav,coughvid_data/f2006a90-667a-4a52-a8e9-d3bfa8e22093.wav,1.0
dbcd5797-249c-4aae-81be-9572b6c354b5,coughvid_data/dbcd5797-249c-4aae-81be-9572b6c354b5.wav,coughvid_data/dbcd5797-249c-4aae-81be-9572b6c354b5.wav,1.0
d86837e7-a26c-433f-a371-7f79d81edffc,coughvid_data/d86837e7-a26c-433f-a371-7f79d81edffc.wav,coughvid_data/d86837e7-a26c-433f-a371-7f79d81edffc.wav,1.0
94bb8527-1dc0-412e-a640-d4157056f655,coughvid_data/94bb8527-1dc0-412e-a640-d4157056f655.wav,coughvid_data/94bb8527-1dc0-412e-a640-d4157056f655.wav,0.0
2c38b55e-7a52-4b23-a4a5-f0da83cd2cba,coughvid_data/2c38b55e-7a52-4b23-a4a5-f0da83cd2cba.wav,coughvid_data/2c38b55e-7a52-4b23-a4a5-f0da83cd2cba.wav,1.0
1444f65f-7d61-4cb4-87a3-189d5330763b,coughvid_data/1444f65f-7d61-4cb4-87a3-189d5330763b.wav,coughvid_data/1444f65f-7d61-4cb4-87a3-189d5330763b.wav,0.0
ff06b244-5041-4350-80f7-e6ba68a627d1,coughvid_data/ff06b244-5041-4350-80f7-e6ba68a627d1.wav,coughvid_data/ff06b244-5041-4350-80f7-e6ba68a627d1.wav,0.0
c82e0dba-9717-440b-b29d-03c5b32be961,coughvid_data/c82e0dba-9717-440b-b29d-03c5b32be961.wav,coughvid_data/c82e0dba-9717-440b-b29d-03c5b32be961.wav,1.0
58e97208-2490-46b6-9754-eab50a56a284,coughvid_data/58e97208-2490-46b6-9754-eab50a56a284.wav,coughvid_data/58e97208-2490-46b6-9754-eab50a56a284.wav,0.0
7fd45862-0c42-4a25-8b5e-9ecef18b6640,coughvid_data/7fd45862-0c42-4a25-8b5e-9ecef18b6640.wav,coughvid_data/7fd45862-0c42-4a25-8b5e-9ecef18b6640.wav,1.0
0efd6599-35bc-4084-9d38-12734d7ad16f,coughvid_data/0efd6599-35bc-4084-9d38-12734d7ad16f.wav,coughvid_data/0efd6599-35bc-4084-9d38-12734d7ad16f.wav,0.0
1125e750-cdfc-44e6-ad68-0c363a6af003,coughvid_data/1125e750-cdfc-44e6-ad68-0c363a6af003.wav,coughvid_data/1125e750-cdfc-44e6-ad68-0c363a6af003.wav,1.0
1518e1b7-b410-4c76-9e4a-a4c532dadf3e,coughvid_data/1518e1b7-b410-4c76-9e4a-a4c532dadf3e.wav,coughvid_data/1518e1b7-b410-4c76-9e4a-a4c532dadf3e.wav,0.0
3d8974bb-a5e9-4591-aa0e-b79a99dd06a9,coughvid_data/3d8974bb-a5e9-4591-aa0e-b79a99dd06a9.wav,coughvid_data/3d8974bb-a5e9-4591-aa0e-b79a99dd06a9.wav,0.0
acd0f950-7aee-4d19-8d4b-5515191e40df,coughvid_data/acd0f950-7aee-4d19-8d4b-5515191e40df.wav,coughvid_data/acd0f950-7aee-4d19-8d4b-5515191e40df.wav,0.0
ae4b17b8-7b3f-434a-a894-d4257c7394f5,coughvid_data/ae4b17b8-7b3f-434a-a894-d4257c7394f5.wav,coughvid_data/ae4b17b8-7b3f-434a-a894-d4257c7394f5.wav,1.0
83b7b6c7-0cd6-4e6b-ab85-a14aaec5bbdc,coughvid_data/83b7b6c7-0cd6-4e6b-ab85-a14aaec5bbdc.wav,coughvid_data/83b7b6c7-0cd6-4e6b-ab85-a14aaec5bbdc.wav,0.0
b782cb3d-79e0-46c3-8ee2-8378a50bb169,coughvid_data/b782cb3d-79e0-46c3-8ee2-8378a50bb169.wav,coughvid_data/b782cb3d-79e0-46c3-8ee2-8378a50bb169.wav,0.0
2d79341b-2ce5-4c6b-82d0-599626f629d6,coughvid_data/2d79341b-2ce5-4c6b-82d0-599626f629d6.wav,coughvid_data/2d79341b-2ce5-4c6b-82d0-599626f629d6.wav,1.0
44bf6f70-a0d1-4988-ac16-b26d67a99eb0,coughvid_data/44bf6f70-a0d1-4988-ac16-b26d67a99eb0.wav,coughvid_data/44bf6f70-a0d1-4988-ac16-b26d67a99eb0.wav,0.0
573ef00b-18ce-420d-b24f-a4b1b6728036,coughvid_data/573ef00b-18ce-420d-b24f-a4b1b6728036.wav,coughvid_data/573ef00b-18ce-420d-b24f-a4b1b6728036.wav,1.0
a646dafa-58bd-4a94-8c8b-e6f9d8d907ec,coughvid_data/a646dafa-58bd-4a94-8c8b-e6f9d8d907ec.wav,coughvid_data/a646dafa-58bd-4a94-8c8b-e6f9d8d907ec.wav,0.0
7bfeb63b-eb5d-4837-bfbd-c3e277f5ba97,coughvid_data/7bfeb63b-eb5d-4837-bfbd-c3e277f5ba97.wav,coughvid_data/7bfeb63b-eb5d-4837-bfbd-c3e277f5ba97.wav,0.0
1cd13fe6-9d35-4a86-82ff-a9af6b90d70b,coughvid_data/1cd13fe6-9d35-4a86-82ff-a9af6b90d70b.wav,coughvid_data/1cd13fe6-9d35-4a86-82ff-a9af6b90d70b.wav,1.0
a303d52c-0593-4cdc-a99c-a7925a0ea862,coughvid_data/a303d52c-0593-4cdc-a99c-a7925a0ea862.wav,coughvid_data/a303d52c-0593-4cdc-a99c-a7925a0ea862.wav,1.0
8f989311-1cc3-4c4e-ba8a-eaf07a244688,coughvid_data/8f989311-1cc3-4c4e-ba8a-eaf07a244688.wav,coughvid_data/8f989311-1cc3-4c4e-ba8a-eaf07a244688.wav,1.0
5e6d3389-cc64-4bc9-87fb-fc39c9e7f745,coughvid_data/5e6d3389-cc64-4bc9-87fb-fc39c9e7f745.wav,coughvid_data/5e6d3389-cc64-4bc9-87fb-fc39c9e7f745.wav,1.0
1120d844-7b09-4157-9630-3cca347ad69f,coughvid_data/1120d844-7b09-4157-9630-3cca347ad69f.wav,coughvid_data/1120d844-7b09-4157-9630-3cca347ad69f.wav,0.0
a3650065-1677-4e41-b496-984268960079,coughvid_data/a3650065-1677-4e41-b496-984268960079.wav,coughvid_data/a3650065-1677-4e41-b496-984268960079.wav,0.0
fe28d452-dc48-4c86-af5c-d8cee2e7105b,coughvid_data/fe28d452-dc48-4c86-af5c-d8cee2e7105b.wav,coughvid_data/fe28d452-dc48-4c86-af5c-d8cee2e7105b.wav,1.0
260ef2a5-b9d2-41e7-afc7-bed26e7af5b9,coughvid_data/260ef2a5-b9d2-41e7-afc7-bed26e7af5b9.wav,coughvid_data/260ef2a5-b9d2-41e7-afc7-bed26e7af5b9.wav,1.0
7a6db0d1-ba36-4823-add6-47f7304d83d5,coughvid_data/7a6db0d1-ba36-4823-add6-47f7304d83d5.wav,coughvid_data/7a6db0d1-ba36-4823-add6-47f7304d83d5.wav,1.0
92c4e553-8b41-4c02-b4f9-8f3874978297,coughvid_data/92c4e553-8b41-4c02-b4f9-8f3874978297.wav,coughvid_data/92c4e553-8b41-4c02-b4f9-8f3874978297.wav,1.0
4928e724-ee68-4efa-9289-680ba148169c,coughvid_data/4928e724-ee68-4efa-9289-680ba148169c.wav,coughvid_data/4928e724-ee68-4efa-9289-680ba148169c.wav,0.0
0ed2682f-2b54-42c6-8e39-9faa7c76c673,coughvid_data/0ed2682f-2b54-42c6-8e39-9faa7c76c673.wav,coughvid_data/0ed2682f-2b54-42c6-8e39-9faa7c76c673.wav,1.0
a44a28d3-95b1-4cb4-95b0-f0ff712627ab,coughvid_data/a44a28d3-95b1-4cb4-95b0-f0ff712627ab.wav,coughvid_data/a44a28d3-95b1-4cb4-95b0-f0ff712627ab.wav,1.0
f57e70b0-51c5-4cdf-90e9-2bab81dd9ada,coughvid_data/f57e70b0-51c5-4cdf-90e9-2bab81dd9ada.wav,coughvid_data/f57e70b0-51c5-4cdf-90e9-2bab81dd9ada.wav,0.0
09b554fb-5e0f-4f68-a641-8a8f28a8b994,coughvid_data/09b554fb-5e0f-4f68-a641-8a8f28a8b994.wav,coughvid_data/09b554fb-5e0f-4f68-a641-8a8f28a8b994.wav,1.0
30bb8a03-4b1a-432c-8dd0-a31d0f34cc96,coughvid_data/30bb8a03-4b1a-432c-8dd0-a31d0f34cc96.wav,coughvid_data/30bb8a03-4b1a-432c-8dd0-a31d0f34cc96.wav,1.0
c7f99195-675c-4848-9ba4-296d27262928,coughvid_data/c7f99195-675c-4848-9ba4-296d27262928.wav,coughvid_data/c7f99195-675c-4848-9ba4-296d27262928.wav,1.0
d09d0ced-b465-442d-af8e-8fcf485b113a,coughvid_data/d09d0ced-b465-442d-af8e-8fcf485b113a.wav,coughvid_data/d09d0ced-b465-442d-af8e-8fcf485b113a.wav,0.0
1767b166-ccdd-48c0-b123-1495c59704c5,coughvid_data/1767b166-ccdd-48c0-b123-1495c59704c5.wav,coughvid_data/1767b166-ccdd-48c0-b123-1495c59704c5.wav,0.0
256722b7-a445-4dad-a05f-c15c7ffe06e3,coughvid_data/256722b7-a445-4dad-a05f-c15c7ffe06e3.wav,coughvid_data/256722b7-a445-4dad-a05f-c15c7ffe06e3.wav,1.0
013c5c4f-1848-42e5-8b27-6ca9a96e6fb8,coughvid_data/013c5c4f-1848-42e5-8b27-6ca9a96e6fb8.wav,coughvid_data/013c5c4f-1848-42e5-8b27-6ca9a96e6fb8.wav,0.0
f531d14c-c4de-46aa-970c-03379de74246,coughvid_data/f531d14c-c4de-46aa-970c-03379de74246.wav,coughvid_data/f531d14c-c4de-46aa-970c-03379de74246.wav,1.0
d55d7e2c-ca05-46ad-9aa2-c51bfa85799f,coughvid_data/d55d7e2c-ca05-46ad-9aa2-c51bfa85799f.wav,coughvid_data/d55d7e2c-ca05-46ad-9aa2-c51bfa85799f.wav,0.0
b0aa16a7-ed93-4a11-88bf-031ea505282c,coughvid_data/b0aa16a7-ed93-4a11-88bf-031ea505282c.wav,coughvid_data/b0aa16a7-ed93-4a11-88bf-031ea505282c.wav,1.0
c54a4bac-a37b-468b-9b08-228e78d4068f,coughvid_data/c54a4bac-a37b-468b-9b08-228e78d4068f.wav,coughvid_data/c54a4bac-a37b-468b-9b08-228e78d4068f.wav,0.0
1f0906bc-d01e-4f00-ad6f-32122515f774,coughvid_data/1f0906bc-d01e-4f00-ad6f-32122515f774.wav,coughvid_data/1f0906bc-d01e-4f00-ad6f-32122515f774.wav,1.0
224d362c-187f-4891-8b16-4c767386a9b0,coughvid_data/224d362c-187f-4891-8b16-4c767386a9b0.wav,coughvid_data/224d362c-187f-4891-8b16-4c767386a9b0.wav,1.0
36547fa5-0885-4651-b34d-65fd62180b9b,coughvid_data/36547fa5-0885-4651-b34d-65fd62180b9b.wav,coughvid_data/36547fa5-0885-4651-b34d-65fd62180b9b.wav,0.0
6506f106-f69b-434c-96e4-da5f6df0a3e9,coughvid_data/6506f106-f69b-434c-96e4-da5f6df0a3e9.wav,coughvid_data/6506f106-f69b-434c-96e4-da5f6df0a3e9.wav,1.0
ddaa4ca8-76ed-4aa3-92bf-f0b1ccf342fd,coughvid_data/ddaa4ca8-76ed-4aa3-92bf-f0b1ccf342fd.wav,coughvid_data/ddaa4ca8-76ed-4aa3-92bf-f0b1ccf342fd.wav,0.0
01f97898-9ec4-480b-9fcc-a9daa737106d,coughvid_data/01f97898-9ec4-480b-9fcc-a9daa737106d.wav,coughvid_data/01f97898-9ec4-480b-9fcc-a9daa737106d.wav,1.0
9b053ad8-2627-487a-8679-28c0aec5ba20,coughvid_data/9b053ad8-2627-487a-8679-28c0aec5ba20.wav,coughvid_data/9b053ad8-2627-487a-8679-28c0aec5ba20.wav,1.0
90c1e4a1-efb1-49c9-b2fe-4e5f73c9d29c,coughvid_data/90c1e4a1-efb1-49c9-b2fe-4e5f73c9d29c.wav,coughvid_data/90c1e4a1-efb1-49c9-b2fe-4e5f73c9d29c.wav,1.0
e7e2a651-1b84-48a0-b32f-25292c6bc859,coughvid_data/e7e2a651-1b84-48a0-b32f-25292c6bc859.wav,coughvid_data/e7e2a651-1b84-48a0-b32f-25292c6bc859.wav,1.0
38f189b4-8fee-42b6-a9da-eeadde7952ba,coughvid_data/38f189b4-8fee-42b6-a9da-eeadde7952ba.wav,coughvid_data/38f189b4-8fee-42b6-a9da-eeadde7952ba.wav,1.0
01b3a185-348c-4846-beae-3ce47d8b2936,coughvid_data/01b3a185-348c-4846-beae-3ce47d8b2936.wav,coughvid_data/01b3a185-348c-4846-beae-3ce47d8b2936.wav,0.0
e9256d3e-149b-48ec-8e14-12b755ab9cff,coughvid_data/e9256d3e-149b-48ec-8e14-12b755ab9cff.wav,coughvid_data/e9256d3e-149b-48ec-8e14-12b755ab9cff.wav,0.0
eabb0dbf-be86-4c8d-922c-8bbc7f6557f1,coughvid_data/eabb0dbf-be86-4c8d-922c-8bbc7f6557f1.wav,coughvid_data/eabb0dbf-be86-4c8d-922c-8bbc7f6557f1.wav,0.0
8f1d47ae-b773-41b9-aca9-d490f56018fa,coughvid_data/8f1d47ae-b773-41b9-aca9-d490f56018fa.wav,coughvid_data/8f1d47ae-b773-41b9-aca9-d490f56018fa.wav,1.0
9caf2c7a-bc24-48c1-abbf-6a371dfc8d18,coughvid_data/9caf2c7a-bc24-48c1-abbf-6a371dfc8d18.wav,coughvid_data/9caf2c7a-bc24-48c1-abbf-6a371dfc8d18.wav,1.0
3473e350-66f3-45e6-9761-ad3594d2f49f,coughvid_data/3473e350-66f3-45e6-9761-ad3594d2f49f.wav,coughvid_data/3473e350-66f3-45e6-9761-ad3594d2f49f.wav,0.0
46d0cef1-31d0-4bd8-8660-143f32d82612,coughvid_data/46d0cef1-31d0-4bd8-8660-143f32d82612.wav,coughvid_data/46d0cef1-31d0-4bd8-8660-143f32d82612.wav,0.0
1abb6397-5dca-4dc0-ac71-4885b3b7a2e3,coughvid_data/1abb6397-5dca-4dc0-ac71-4885b3b7a2e3.wav,coughvid_data/1abb6397-5dca-4dc0-ac71-4885b3b7a2e3.wav,1.0
abb11855-0da7-468d-844b-91a228cd3eed,coughvid_data/abb11855-0da7-468d-844b-91a228cd3eed.wav,coughvid_data/abb11855-0da7-468d-844b-91a228cd3eed.wav,1.0
e3b56d6e-9b2e-49d4-9d9a-08f3fd91c4b1,coughvid_data/e3b56d6e-9b2e-49d4-9d9a-08f3fd91c4b1.wav,coughvid_data/e3b56d6e-9b2e-49d4-9d9a-08f3fd91c4b1.wav,0.0
676f34e4-157b-463d-ba14-6cb5375a3fdb,coughvid_data/676f34e4-157b-463d-ba14-6cb5375a3fdb.wav,coughvid_data/676f34e4-157b-463d-ba14-6cb5375a3fdb.wav,1.0
b5db7736-0c1e-4892-bcc7-ea9eb6d5a996,coughvid_data/b5db7736-0c1e-4892-bcc7-ea9eb6d5a996.wav,coughvid_data/b5db7736-0c1e-4892-bcc7-ea9eb6d5a996.wav,0.0
f8bf448d-5813-4e2c-8d6a-75e6c6c1cb44,coughvid_data/f8bf448d-5813-4e2c-8d6a-75e6c6c1cb44.wav,coughvid_data/f8bf448d-5813-4e2c-8d6a-75e6c6c1cb44.wav,0.0
08ed630d-a41d-40b3-8bb5-0988aaee6aaf,coughvid_data/08ed630d-a41d-40b3-8bb5-0988aaee6aaf.wav,coughvid_data/08ed630d-a41d-40b3-8bb5-0988aaee6aaf.wav,1.0
4529606d-15a8-40cb-9b68-7b064addd25c,coughvid_data/4529606d-15a8-40cb-9b68-7b064addd25c.wav,coughvid_data/4529606d-15a8-40cb-9b68-7b064addd25c.wav,0.0
431c4a7e-06d9-4fed-9aca-2de718d66f29,coughvid_data/431c4a7e-06d9-4fed-9aca-2de718d66f29.wav,coughvid_data/431c4a7e-06d9-4fed-9aca-2de718d66f29.wav,1.0
d44c0eca-a47f-4a9e-ad2e-9eace39fab9b,coughvid_data/d44c0eca-a47f-4a9e-ad2e-9eace39fab9b.wav,coughvid_data/d44c0eca-a47f-4a9e-ad2e-9eace39fab9b.wav,1.0
3d0a8f4f-7acd-4ccd-9f7e-1fcc8fba4313,coughvid_data/3d0a8f4f-7acd-4ccd-9f7e-1fcc8fba4313.wav,coughvid_data/3d0a8f4f-7acd-4ccd-9f7e-1fcc8fba4313.wav,1.0
2b1bb7d6-5ebd-4511-878d-002dd69f0d1a,coughvid_data/2b1bb7d6-5ebd-4511-878d-002dd69f0d1a.wav,coughvid_data/2b1bb7d6-5ebd-4511-878d-002dd69f0d1a.wav,1.0
6895d5e5-cf98-40c9-b18c-e120446e2dc2,coughvid_data/6895d5e5-cf98-40c9-b18c-e120446e2dc2.wav,coughvid_data/6895d5e5-cf98-40c9-b18c-e120446e2dc2.wav,1.0
940ee401-664e-4a3b-871f-adfe1c45058f,coughvid_data/940ee401-664e-4a3b-871f-adfe1c45058f.wav,coughvid_data/940ee401-664e-4a3b-871f-adfe1c45058f.wav,0.0
22ca100d-0815-4e2f-8e1e-9d613d2e8235,coughvid_data/22ca100d-0815-4e2f-8e1e-9d613d2e8235.wav,coughvid_data/22ca100d-0815-4e2f-8e1e-9d613d2e8235.wav,0.0
29c897d5-a0b0-4e17-9feb-2e6886ee9016,coughvid_data/29c897d5-a0b0-4e17-9feb-2e6886ee9016.wav,coughvid_data/29c897d5-a0b0-4e17-9feb-2e6886ee9016.wav,0.0
39f05085-26dd-4d30-b7e3-13579c35404c,coughvid_data/39f05085-26dd-4d30-b7e3-13579c35404c.wav,coughvid_data/39f05085-26dd-4d30-b7e3-13579c35404c.wav,1.0
da57ffab-5a24-4696-94a8-a07f797f1ed5,coughvid_data/da57ffab-5a24-4696-94a8-a07f797f1ed5.wav,coughvid_data/da57ffab-5a24-4696-94a8-a07f797f1ed5.wav,1.0
6604ec3d-d858-4e00-9b9c-31127f698f65,coughvid_data/6604ec3d-d858-4e00-9b9c-31127f698f65.wav,coughvid_data/6604ec3d-d858-4e00-9b9c-31127f698f65.wav,0.0
92b22064-50ef-4244-b5fd-aa348ceb7371,coughvid_data/92b22064-50ef-4244-b5fd-aa348ceb7371.wav,coughvid_data/92b22064-50ef-4244-b5fd-aa348ceb7371.wav,1.0
d2b3f553-a983-400f-8eae-768074204c89,coughvid_data/d2b3f553-a983-400f-8eae-768074204c89.wav,coughvid_data/d2b3f553-a983-400f-8eae-768074204c89.wav,1.0
446b8c97-df1d-4e9a-858b-547d37ba9f16,coughvid_data/446b8c97-df1d-4e9a-858b-547d37ba9f16.wav,coughvid_data/446b8c97-df1d-4e9a-858b-547d37ba9f16.wav,0.0
55a528bd-745e-41d4-804f-5373d4c8a982,coughvid_data/55a528bd-745e-41d4-804f-5373d4c8a982.wav,coughvid_data/55a528bd-745e-41d4-804f-5373d4c8a982.wav,0.0
46a22333-199c-4f65-bdaa-d949b73fc4a3,coughvid_data/46a22333-199c-4f65-bdaa-d949b73fc4a3.wav,coughvid_data/46a22333-199c-4f65-bdaa-d949b73fc4a3.wav,1.0
f0ead2e0-f36a-405c-a777-6bf76fa2caea,coughvid_data/f0ead2e0-f36a-405c-a777-6bf76fa2caea.wav,coughvid_data/f0ead2e0-f36a-405c-a777-6bf76fa2caea.wav,1.0
fad42a1b-150c-4ac2-b77f-b0d9cd4bfb67,coughvid_data/fad42a1b-150c-4ac2-b77f-b0d9cd4bfb67.wav,coughvid_data/fad42a1b-150c-4ac2-b77f-b0d9cd4bfb67.wav,0.0
ee63ddc0-0231-486a-a61e-b4e147f9f53f,coughvid_data/ee63ddc0-0231-486a-a61e-b4e147f9f53f.wav,coughvid_data/ee63ddc0-0231-486a-a61e-b4e147f9f53f.wav,0.0
37df3ab7-bd1c-4502-a6b9-fb746f078222,coughvid_data/37df3ab7-bd1c-4502-a6b9-fb746f078222.wav,coughvid_data/37df3ab7-bd1c-4502-a6b9-fb746f078222.wav,0.0
9ab84f0f-1c83-4042-9497-474af8816350,coughvid_data/9ab84f0f-1c83-4042-9497-474af8816350.wav,coughvid_data/9ab84f0f-1c83-4042-9497-474af8816350.wav,1.0
07c0ecc4-5fb3-4d37-b522-dcdbc04f8975,coughvid_data/07c0ecc4-5fb3-4d37-b522-dcdbc04f8975.wav,coughvid_data/07c0ecc4-5fb3-4d37-b522-dcdbc04f8975.wav,1.0
1e447e33-88bc-4532-9dbc-f953be4a312a,coughvid_data/1e447e33-88bc-4532-9dbc-f953be4a312a.wav,coughvid_data/1e447e33-88bc-4532-9dbc-f953be4a312a.wav,0.0
23ad16a0-1a5b-4dfc-b326-f916f31fafe3,coughvid_data/23ad16a0-1a5b-4dfc-b326-f916f31fafe3.wav,coughvid_data/23ad16a0-1a5b-4dfc-b326-f916f31fafe3.wav,1.0
2ed884e8-91d0-4776-8412-d79436823ca3,coughvid_data/2ed884e8-91d0-4776-8412-d79436823ca3.wav,coughvid_data/2ed884e8-91d0-4776-8412-d79436823ca3.wav,0.0
f6f48756-5f12-43d3-9dc7-67b7ea7e35be,coughvid_data/f6f48756-5f12-43d3-9dc7-67b7ea7e35be.wav,coughvid_data/f6f48756-5f12-43d3-9dc7-67b7ea7e35be.wav,1.0
592a589f-8ec0-4ba4-9d7a-1a71dd09799a,coughvid_data/592a589f-8ec0-4ba4-9d7a-1a71dd09799a.wav,coughvid_data/592a589f-8ec0-4ba4-9d7a-1a71dd09799a.wav,1.0
bfff05ff-e849-4caa-96dd-db325e702b42,coughvid_data/bfff05ff-e849-4caa-96dd-db325e702b42.wav,coughvid_data/bfff05ff-e849-4caa-96dd-db325e702b42.wav,1.0
11fc455d-38eb-4fa7-9728-5800b31ca488,coughvid_data/11fc455d-38eb-4fa7-9728-5800b31ca488.wav,coughvid_data/11fc455d-38eb-4fa7-9728-5800b31ca488.wav,0.0
4594e3cc-ec8e-45dd-b9fe-e9f9952c718a,coughvid_data/4594e3cc-ec8e-45dd-b9fe-e9f9952c718a.wav,coughvid_data/4594e3cc-ec8e-45dd-b9fe-e9f9952c718a.wav,1.0
921e6f3c-1922-445b-80f6-e9f4ad33d07a,coughvid_data/921e6f3c-1922-445b-80f6-e9f4ad33d07a.wav,coughvid_data/921e6f3c-1922-445b-80f6-e9f4ad33d07a.wav,1.0
a157731b-5264-47d2-afd8-f931bcedbf19,coughvid_data/a157731b-5264-47d2-afd8-f931bcedbf19.wav,coughvid_data/a157731b-5264-47d2-afd8-f931bcedbf19.wav,0.0
7e691340-c8b0-4866-8918-71a79a0f0b5e,coughvid_data/7e691340-c8b0-4866-8918-71a79a0f0b5e.wav,coughvid_data/7e691340-c8b0-4866-8918-71a79a0f0b5e.wav,0.0
e7ebc1d7-244c-41c3-aa85-c4aa4fa1947d,coughvid_data/e7ebc1d7-244c-41c3-aa85-c4aa4fa1947d.wav,coughvid_data/e7ebc1d7-244c-41c3-aa85-c4aa4fa1947d.wav,1.0
f85e2367-2011-4ab8-80a3-17053e27dd2d,coughvid_data/f85e2367-2011-4ab8-80a3-17053e27dd2d.wav,coughvid_data/f85e2367-2011-4ab8-80a3-17053e27dd2d.wav,0.0
2738cf8a-aa91-4389-b92d-9dee2c7b0633,coughvid_data/2738cf8a-aa91-4389-b92d-9dee2c7b0633.wav,coughvid_data/2738cf8a-aa91-4389-b92d-9dee2c7b0633.wav,0.0
59632943-c1ba-4375-b4f5-9fd6614d9653,coughvid_data/59632943-c1ba-4375-b4f5-9fd6614d9653.wav,coughvid_data/59632943-c1ba-4375-b4f5-9fd6614d9653.wav,0.0
03ea5f2d-9baa-494f-a0cf-d96e181dfff2,coughvid_data/03ea5f2d-9baa-494f-a0cf-d96e181dfff2.wav,coughvid_data/03ea5f2d-9baa-494f-a0cf-d96e181dfff2.wav,1.0
640e7d2c-c198-444c-b3b4-fa5df0c4ca19,coughvid_data/640e7d2c-c198-444c-b3b4-fa5df0c4ca19.wav,coughvid_data/640e7d2c-c198-444c-b3b4-fa5df0c4ca19.wav,1.0
17584206-26c4-45db-9836-e79c6325327f,coughvid_data/17584206-26c4-45db-9836-e79c6325327f.wav,coughvid_data/17584206-26c4-45db-9836-e79c6325327f.wav,1.0
512eb46a-1c43-478e-92f0-0b6680432247,coughvid_data/512eb46a-1c43-478e-92f0-0b6680432247.wav,coughvid_data/512eb46a-1c43-478e-92f0-0b6680432247.wav,0.0
709dbd96-9789-4008-a092-547abfbc998c,coughvid_data/709dbd96-9789-4008-a092-547abfbc998c.wav,coughvid_data/709dbd96-9789-4008-a092-547abfbc998c.wav,0.0
318fc482-1efc-4be6-bced-f2dab96c90cb,coughvid_data/318fc482-1efc-4be6-bced-f2dab96c90cb.wav,coughvid_data/318fc482-1efc-4be6-bced-f2dab96c90cb.wav,0.0
118cb6e0-d1b7-4839-9ee4-7eb0d6d0e10f,coughvid_data/118cb6e0-d1b7-4839-9ee4-7eb0d6d0e10f.wav,coughvid_data/118cb6e0-d1b7-4839-9ee4-7eb0d6d0e10f.wav,1.0
d39abf56-3625-4bf4-888d-55b8b3b384a0,coughvid_data/d39abf56-3625-4bf4-888d-55b8b3b384a0.wav,coughvid_data/d39abf56-3625-4bf4-888d-55b8b3b384a0.wav,0.0
c6a99e9f-1cef-4667-9119-38d5a7f77e83,coughvid_data/c6a99e9f-1cef-4667-9119-38d5a7f77e83.wav,coughvid_data/c6a99e9f-1cef-4667-9119-38d5a7f77e83.wav,1.0
c1348601-ef30-4094-8ef5-dbdf20f3375b,coughvid_data/c1348601-ef30-4094-8ef5-dbdf20f3375b.wav,coughvid_data/c1348601-ef30-4094-8ef5-dbdf20f3375b.wav,0.0
7c9758c1-a119-444b-8371-ec9bd8ec42ef,coughvid_data/7c9758c1-a119-444b-8371-ec9bd8ec42ef.wav,coughvid_data/7c9758c1-a119-444b-8371-ec9bd8ec42ef.wav,1.0
332ab58f-9728-4cea-9960-c49151120510,coughvid_data/332ab58f-9728-4cea-9960-c49151120510.wav,coughvid_data/332ab58f-9728-4cea-9960-c49151120510.wav,1.0
128b616c-5d91-4d16-821e-5bc50df02edf,coughvid_data/128b616c-5d91-4d16-821e-5bc50df02edf.wav,coughvid_data/128b616c-5d91-4d16-821e-5bc50df02edf.wav,0.0
6323f459-ed97-40bf-be8b-134cc416fc11,coughvid_data/6323f459-ed97-40bf-be8b-134cc416fc11.wav,coughvid_data/6323f459-ed97-40bf-be8b-134cc416fc11.wav,1.0
6338afba-dd50-46b3-9d40-97c4f59ba372,coughvid_data/6338afba-dd50-46b3-9d40-97c4f59ba372.wav,coughvid_data/6338afba-dd50-46b3-9d40-97c4f59ba372.wav,0.0
ec26f10e-2987-454b-ab43-09ca80de58fb,coughvid_data/ec26f10e-2987-454b-ab43-09ca80de58fb.wav,coughvid_data/ec26f10e-2987-454b-ab43-09ca80de58fb.wav,1.0
d53b64e5-5d81-4b7b-843f-b453c65356f4,coughvid_data/d53b64e5-5d81-4b7b-843f-b453c65356f4.wav,coughvid_data/d53b64e5-5d81-4b7b-843f-b453c65356f4.wav,0.0
49c542b4-f192-434d-94a9-11a8d259d874,coughvid_data/49c542b4-f192-434d-94a9-11a8d259d874.wav,coughvid_data/49c542b4-f192-434d-94a9-11a8d259d874.wav,0.0
e284863b-f8f5-4e4e-b5c3-3f9a72be89e1,coughvid_data/e284863b-f8f5-4e4e-b5c3-3f9a72be89e1.wav,coughvid_data/e284863b-f8f5-4e4e-b5c3-3f9a72be89e1.wav,0.0
0101bfc8-f959-4614-8daa-ba64b76d742c,coughvid_data/0101bfc8-f959-4614-8daa-ba64b76d742c.wav,coughvid_data/0101bfc8-f959-4614-8daa-ba64b76d742c.wav,1.0
55edfb32-c947-44cb-90dc-182e22403f6d,coughvid_data/55edfb32-c947-44cb-90dc-182e22403f6d.wav,coughvid_data/55edfb32-c947-44cb-90dc-182e22403f6d.wav,1.0
9f163d3f-3426-4beb-9352-c62b34adc2ed,coughvid_data/9f163d3f-3426-4beb-9352-c62b34adc2ed.wav,coughvid_data/9f163d3f-3426-4beb-9352-c62b34adc2ed.wav,0.0
bf18384d-48a1-41b0-9a79-87b1ad1d16f8,coughvid_data/bf18384d-48a1-41b0-9a79-87b1ad1d16f8.wav,coughvid_data/bf18384d-48a1-41b0-9a79-87b1ad1d16f8.wav,0.0
52364a57-9dda-43ad-845e-d891307a16f3,coughvid_data/52364a57-9dda-43ad-845e-d891307a16f3.wav,coughvid_data/52364a57-9dda-43ad-845e-d891307a16f3.wav,1.0
265edd4f-5d48-4df0-9f9a-2bdf88ef3a93,coughvid_data/265edd4f-5d48-4df0-9f9a-2bdf88ef3a93.wav,coughvid_data/265edd4f-5d48-4df0-9f9a-2bdf88ef3a93.wav,1.0
44b5bf62-3ce0-491b-8251-2822b8b436a2,coughvid_data/44b5bf62-3ce0-491b-8251-2822b8b436a2.wav,coughvid_data/44b5bf62-3ce0-491b-8251-2822b8b436a2.wav,1.0
21ca6739-176f-4e5e-a6c7-44ef4185094b,coughvid_data/21ca6739-176f-4e5e-a6c7-44ef4185094b.wav,coughvid_data/21ca6739-176f-4e5e-a6c7-44ef4185094b.wav,1.0
ff872c03-0249-4d73-97e2-fb49af64dc9f,coughvid_data/ff872c03-0249-4d73-97e2-fb49af64dc9f.wav,coughvid_data/ff872c03-0249-4d73-97e2-fb49af64dc9f.wav,0.0
02f0be6b-a241-4003-8523-5273a2f49049,coughvid_data/02f0be6b-a241-4003-8523-5273a2f49049.wav,coughvid_data/02f0be6b-a241-4003-8523-5273a2f49049.wav,1.0
db052b95-1d01-4995-a6b7-7c5be060d474,coughvid_data/db052b95-1d01-4995-a6b7-7c5be060d474.wav,coughvid_data/db052b95-1d01-4995-a6b7-7c5be060d474.wav,1.0
716cc2f1-0ffe-43f5-9175-2d12c70608a7,coughvid_data/716cc2f1-0ffe-43f5-9175-2d12c70608a7.wav,coughvid_data/716cc2f1-0ffe-43f5-9175-2d12c70608a7.wav,0.0
95ead0d6-f542-4f11-b675-31614903833b,coughvid_data/95ead0d6-f542-4f11-b675-31614903833b.wav,coughvid_data/95ead0d6-f542-4f11-b675-31614903833b.wav,0.0
b4082979-ac97-48b4-9f92-3d8f0c88bf95,coughvid_data/b4082979-ac97-48b4-9f92-3d8f0c88bf95.wav,coughvid_data/b4082979-ac97-48b4-9f92-3d8f0c88bf95.wav,1.0
dd4480f5-db7c-4c4a-bcf5-aea1d0a60071,coughvid_data/dd4480f5-db7c-4c4a-bcf5-aea1d0a60071.wav,coughvid_data/dd4480f5-db7c-4c4a-bcf5-aea1d0a60071.wav,0.0
bc474477-4762-4308-835e-733da92d712e,coughvid_data/bc474477-4762-4308-835e-733da92d712e.wav,coughvid_data/bc474477-4762-4308-835e-733da92d712e.wav,1.0
f6b29e5f-0fa7-4348-8054-ece357ff68bc,coughvid_data/f6b29e5f-0fa7-4348-8054-ece357ff68bc.wav,coughvid_data/f6b29e5f-0fa7-4348-8054-ece357ff68bc.wav,1.0
5322ecad-3152-4fab-8f66-8552c0ebd4c2,coughvid_data/5322ecad-3152-4fab-8f66-8552c0ebd4c2.wav,coughvid_data/5322ecad-3152-4fab-8f66-8552c0ebd4c2.wav,1.0
cc47f830-9785-4651-9756-cde2f39fb494,coughvid_data/cc47f830-9785-4651-9756-cde2f39fb494.wav,coughvid_data/cc47f830-9785-4651-9756-cde2f39fb494.wav,1.0
80104178-e033-41cc-900e-1323efbe774e,coughvid_data/80104178-e033-41cc-900e-1323efbe774e.wav,coughvid_data/80104178-e033-41cc-900e-1323efbe774e.wav,1.0
5c7dd012-e466-4862-95ab-7e3fb545a291,coughvid_data/5c7dd012-e466-4862-95ab-7e3fb545a291.wav,coughvid_data/5c7dd012-e466-4862-95ab-7e3fb545a291.wav,1.0
ca2d2854-0243-4086-b6ae-134fa16eb862,coughvid_data/ca2d2854-0243-4086-b6ae-134fa16eb862.wav,coughvid_data/ca2d2854-0243-4086-b6ae-134fa16eb862.wav,0.0
29ef2838-2295-4ac9-9581-11b438a15a4b,coughvid_data/29ef2838-2295-4ac9-9581-11b438a15a4b.wav,coughvid_data/29ef2838-2295-4ac9-9581-11b438a15a4b.wav,0.0
9161a775-cffe-4f85-8342-d53cf4000f0e,coughvid_data/9161a775-cffe-4f85-8342-d53cf4000f0e.wav,coughvid_data/9161a775-cffe-4f85-8342-d53cf4000f0e.wav,1.0
860914e0-deeb-4736-a358-55e923b72904,coughvid_data/860914e0-deeb-4736-a358-55e923b72904.wav,coughvid_data/860914e0-deeb-4736-a358-55e923b72904.wav,0.0
c40ea839-b2b8-4af5-a63f-e656e7d8458c,coughvid_data/c40ea839-b2b8-4af5-a63f-e656e7d8458c.wav,coughvid_data/c40ea839-b2b8-4af5-a63f-e656e7d8458c.wav,1.0
0e08f6f0-9e55-42e9-9e3c-00d3cc1792c4,coughvid_data/0e08f6f0-9e55-42e9-9e3c-00d3cc1792c4.wav,coughvid_data/0e08f6f0-9e55-42e9-9e3c-00d3cc1792c4.wav,0.0
476302a2-e055-42f6-aaa6-0a98439e1cfd,coughvid_data/476302a2-e055-42f6-aaa6-0a98439e1cfd.wav,coughvid_data/476302a2-e055-42f6-aaa6-0a98439e1cfd.wav,0.0
48834369-72f5-4bbb-847c-5636af5a6882,coughvid_data/48834369-72f5-4bbb-847c-5636af5a6882.wav,coughvid_data/48834369-72f5-4bbb-847c-5636af5a6882.wav,1.0
7dc287af-214f-4ede-b8ee-b543f7170132,coughvid_data/7dc287af-214f-4ede-b8ee-b543f7170132.wav,coughvid_data/7dc287af-214f-4ede-b8ee-b543f7170132.wav,0.0
082cc80e-abda-4bea-a372-b8359d3602b0,coughvid_data/082cc80e-abda-4bea-a372-b8359d3602b0.wav,coughvid_data/082cc80e-abda-4bea-a372-b8359d3602b0.wav,0.0
5c4b21f1-e8d1-4133-9f78-76b3ef3c5f18,coughvid_data/5c4b21f1-e8d1-4133-9f78-76b3ef3c5f18.wav,coughvid_data/5c4b21f1-e8d1-4133-9f78-76b3ef3c5f18.wav,1.0
570242bb-808a-4fc9-8613-9e221bf7a770,coughvid_data/570242bb-808a-4fc9-8613-9e221bf7a770.wav,coughvid_data/570242bb-808a-4fc9-8613-9e221bf7a770.wav,1.0
e2f45322-93eb-4036-8777-4f645ee5b0d5,coughvid_data/e2f45322-93eb-4036-8777-4f645ee5b0d5.wav,coughvid_data/e2f45322-93eb-4036-8777-4f645ee5b0d5.wav,0.0
658daf16-7fc3-4640-911e-81dac60a2df9,coughvid_data/658daf16-7fc3-4640-911e-81dac60a2df9.wav,coughvid_data/658daf16-7fc3-4640-911e-81dac60a2df9.wav,1.0
30ee58d7-23d1-46fe-b96e-e781cc43cb09,coughvid_data/30ee58d7-23d1-46fe-b96e-e781cc43cb09.wav,coughvid_data/30ee58d7-23d1-46fe-b96e-e781cc43cb09.wav,1.0
4f80bb04-33c9-49fd-9957-41d2cd7ca0c7,coughvid_data/4f80bb04-33c9-49fd-9957-41d2cd7ca0c7.wav,coughvid_data/4f80bb04-33c9-49fd-9957-41d2cd7ca0c7.wav,0.0
9fe05fef-98c9-4a6f-87f0-f883a798801d,coughvid_data/9fe05fef-98c9-4a6f-87f0-f883a798801d.wav,coughvid_data/9fe05fef-98c9-4a6f-87f0-f883a798801d.wav,1.0
76af009e-2626-44f8-a72a-72eab65294dd,coughvid_data/76af009e-2626-44f8-a72a-72eab65294dd.wav,coughvid_data/76af009e-2626-44f8-a72a-72eab65294dd.wav,0.0
3d8b5701-1e38-4a0e-b607-2260e41a79ea,coughvid_data/3d8b5701-1e38-4a0e-b607-2260e41a79ea.wav,coughvid_data/3d8b5701-1e38-4a0e-b607-2260e41a79ea.wav,1.0
aef400f0-6e03-43be-9928-a91660eb3988,coughvid_data/aef400f0-6e03-43be-9928-a91660eb3988.wav,coughvid_data/aef400f0-6e03-43be-9928-a91660eb3988.wav,1.0
c55309e9-7214-4596-b63f-4af8c4f4782e,coughvid_data/c55309e9-7214-4596-b63f-4af8c4f4782e.wav,coughvid_data/c55309e9-7214-4596-b63f-4af8c4f4782e.wav,1.0
87ec379d-b6fc-48db-bca5-0b54efe662f8,coughvid_data/87ec379d-b6fc-48db-bca5-0b54efe662f8.wav,coughvid_data/87ec379d-b6fc-48db-bca5-0b54efe662f8.wav,0.0
33d3ff24-48a9-4651-afc2-755b7bdfd26d,coughvid_data/33d3ff24-48a9-4651-afc2-755b7bdfd26d.wav,coughvid_data/33d3ff24-48a9-4651-afc2-755b7bdfd26d.wav,0.0
d212b011-d1ef-4fb0-bcb8-f40f6e4c79aa,coughvid_data/d212b011-d1ef-4fb0-bcb8-f40f6e4c79aa.wav,coughvid_data/d212b011-d1ef-4fb0-bcb8-f40f6e4c79aa.wav,1.0
17251011-d637-46b9-93b8-4237a98a5172,coughvid_data/17251011-d637-46b9-93b8-4237a98a5172.wav,coughvid_data/17251011-d637-46b9-93b8-4237a98a5172.wav,1.0
71d7d597-9a82-4272-ac6e-d21a1add680a,coughvid_data/71d7d597-9a82-4272-ac6e-d21a1add680a.wav,coughvid_data/71d7d597-9a82-4272-ac6e-d21a1add680a.wav,1.0
e4a43f01-ad6e-4638-b94c-5a8f3b76a409,coughvid_data/e4a43f01-ad6e-4638-b94c-5a8f3b76a409.wav,coughvid_data/e4a43f01-ad6e-4638-b94c-5a8f3b76a409.wav,1.0
4a716400-e645-4628-a9cf-ccebdc5953bd,coughvid_data/4a716400-e645-4628-a9cf-ccebdc5953bd.wav,coughvid_data/4a716400-e645-4628-a9cf-ccebdc5953bd.wav,0.0
5be50ff6-f332-42b6-96c4-9f4c1ea48b24,coughvid_data/5be50ff6-f332-42b6-96c4-9f4c1ea48b24.wav,coughvid_data/5be50ff6-f332-42b6-96c4-9f4c1ea48b24.wav,1.0
1f20d236-5904-42b5-994d-27283195f95f,coughvid_data/1f20d236-5904-42b5-994d-27283195f95f.wav,coughvid_data/1f20d236-5904-42b5-994d-27283195f95f.wav,1.0
d2f71072-14eb-4289-98c4-6f6b4389a5dc,coughvid_data/d2f71072-14eb-4289-98c4-6f6b4389a5dc.wav,coughvid_data/d2f71072-14eb-4289-98c4-6f6b4389a5dc.wav,1.0
e6fd971d-95e1-4c52-a4ef-691a711bbff3,coughvid_data/e6fd971d-95e1-4c52-a4ef-691a711bbff3.wav,coughvid_data/e6fd971d-95e1-4c52-a4ef-691a711bbff3.wav,1.0
f2dba5d6-5d9e-47d4-b747-12adde4b8b54,coughvid_data/f2dba5d6-5d9e-47d4-b747-12adde4b8b54.wav,coughvid_data/f2dba5d6-5d9e-47d4-b747-12adde4b8b54.wav,1.0
ba85a799-671c-4cac-80f6-0cdbc3acf28a,coughvid_data/ba85a799-671c-4cac-80f6-0cdbc3acf28a.wav,coughvid_data/ba85a799-671c-4cac-80f6-0cdbc3acf28a.wav,1.0
814b168b-0843-4a79-a149-2a9b54da9231,coughvid_data/814b168b-0843-4a79-a149-2a9b54da9231.wav,coughvid_data/814b168b-0843-4a79-a149-2a9b54da9231.wav,1.0
167beb5c-d4a5-493d-81d4-1a69a5251821,coughvid_data/167beb5c-d4a5-493d-81d4-1a69a5251821.wav,coughvid_data/167beb5c-d4a5-493d-81d4-1a69a5251821.wav,0.0
80cb4ef8-c197-468e-9f3f-b24fd94bf7c0,coughvid_data/80cb4ef8-c197-468e-9f3f-b24fd94bf7c0.wav,coughvid_data/80cb4ef8-c197-468e-9f3f-b24fd94bf7c0.wav,1.0
89c3a6b4-1cf8-41a7-bee0-70a0e91eeb33,coughvid_data/89c3a6b4-1cf8-41a7-bee0-70a0e91eeb33.wav,coughvid_data/89c3a6b4-1cf8-41a7-bee0-70a0e91eeb33.wav,0.0
ed75b90d-1776-47e2-8234-fefefff4e58c,coughvid_data/ed75b90d-1776-47e2-8234-fefefff4e58c.wav,coughvid_data/ed75b90d-1776-47e2-8234-fefefff4e58c.wav,1.0
32a55ec5-630b-4436-9656-ad2977c35143,coughvid_data/32a55ec5-630b-4436-9656-ad2977c35143.wav,coughvid_data/32a55ec5-630b-4436-9656-ad2977c35143.wav,0.0
06c4f102-237b-4ae6-8f79-8f2f2bfe4856,coughvid_data/06c4f102-237b-4ae6-8f79-8f2f2bfe4856.wav,coughvid_data/06c4f102-237b-4ae6-8f79-8f2f2bfe4856.wav,1.0
575efe83-c5a2-45c2-84a8-b1d2c6814a5a,coughvid_data/575efe83-c5a2-45c2-84a8-b1d2c6814a5a.wav,coughvid_data/575efe83-c5a2-45c2-84a8-b1d2c6814a5a.wav,0.0
3d73efa1-c552-41d1-a454-2e27a43e6d5f,coughvid_data/3d73efa1-c552-41d1-a454-2e27a43e6d5f.wav,coughvid_data/3d73efa1-c552-41d1-a454-2e27a43e6d5f.wav,0.0
a1794103-49e0-4771-8ae5-f3644aced932,coughvid_data/a1794103-49e0-4771-8ae5-f3644aced932.wav,coughvid_data/a1794103-49e0-4771-8ae5-f3644aced932.wav,1.0
b4538358-d704-49f4-81a6-2888dfc4b309,coughvid_data/b4538358-d704-49f4-81a6-2888dfc4b309.wav,coughvid_data/b4538358-d704-49f4-81a6-2888dfc4b309.wav,1.0
0ad0519c-080e-4f21-b030-fe2e8e6bdff8,coughvid_data/0ad0519c-080e-4f21-b030-fe2e8e6bdff8.wav,coughvid_data/0ad0519c-080e-4f21-b030-fe2e8e6bdff8.wav,0.0
c35098aa-e1d0-41f2-94b3-38e98f389c9f,coughvid_data/c35098aa-e1d0-41f2-94b3-38e98f389c9f.wav,coughvid_data/c35098aa-e1d0-41f2-94b3-38e98f389c9f.wav,1.0
eeeef771-029f-4d02-9576-b0901c4cc3fa,coughvid_data/eeeef771-029f-4d02-9576-b0901c4cc3fa.wav,coughvid_data/eeeef771-029f-4d02-9576-b0901c4cc3fa.wav,0.0
53325adb-0ff2-480a-8af0-fd9da2a10322,coughvid_data/53325adb-0ff2-480a-8af0-fd9da2a10322.wav,coughvid_data/53325adb-0ff2-480a-8af0-fd9da2a10322.wav,1.0
f4023c0e-3a25-442e-96fc-334c8809da75,coughvid_data/f4023c0e-3a25-442e-96fc-334c8809da75.wav,coughvid_data/f4023c0e-3a25-442e-96fc-334c8809da75.wav,1.0
a99a10eb-a575-4e43-853f-fb641e16a7d1,coughvid_data/a99a10eb-a575-4e43-853f-fb641e16a7d1.wav,coughvid_data/a99a10eb-a575-4e43-853f-fb641e16a7d1.wav,0.0
4f49c9ec-1c90-465b-8cf7-67bbf407cfd9,coughvid_data/4f49c9ec-1c90-465b-8cf7-67bbf407cfd9.wav,coughvid_data/4f49c9ec-1c90-465b-8cf7-67bbf407cfd9.wav,0.0
ef2d6bd0-f305-409d-b430-583b67988e07,coughvid_data/ef2d6bd0-f305-409d-b430-583b67988e07.wav,coughvid_data/ef2d6bd0-f305-409d-b430-583b67988e07.wav,1.0
b6e2dfa8-b606-491c-8698-38490f8aa1a3,coughvid_data/b6e2dfa8-b606-491c-8698-38490f8aa1a3.wav,coughvid_data/b6e2dfa8-b606-491c-8698-38490f8aa1a3.wav,0.0
feacfd68-8248-46d2-adc8-bc9fe473b578,coughvid_data/feacfd68-8248-46d2-adc8-bc9fe473b578.wav,coughvid_data/feacfd68-8248-46d2-adc8-bc9fe473b578.wav,0.0
e5d6923a-45a4-4264-bef4-7a6b3f4f9a46,coughvid_data/e5d6923a-45a4-4264-bef4-7a6b3f4f9a46.wav,coughvid_data/e5d6923a-45a4-4264-bef4-7a6b3f4f9a46.wav,0.0
92e60747-b6f1-492a-8c23-7fd364f6896f,coughvid_data/92e60747-b6f1-492a-8c23-7fd364f6896f.wav,coughvid_data/92e60747-b6f1-492a-8c23-7fd364f6896f.wav,0.0
5b662dee-ee86-4d86-a1d1-9cb278764b30,coughvid_data/5b662dee-ee86-4d86-a1d1-9cb278764b30.wav,coughvid_data/5b662dee-ee86-4d86-a1d1-9cb278764b30.wav,1.0
aeaac7cd-0f66-44b4-9a7b-e4992a2d8224,coughvid_data/aeaac7cd-0f66-44b4-9a7b-e4992a2d8224.wav,coughvid_data/aeaac7cd-0f66-44b4-9a7b-e4992a2d8224.wav,1.0
661a1eda-c9f5-464a-aa92-f0b68ec24ed2,coughvid_data/661a1eda-c9f5-464a-aa92-f0b68ec24ed2.wav,coughvid_data/661a1eda-c9f5-464a-aa92-f0b68ec24ed2.wav,1.0
25083114-5e12-43a2-900a-f79ffca4228a,coughvid_data/25083114-5e12-43a2-900a-f79ffca4228a.wav,coughvid_data/25083114-5e12-43a2-900a-f79ffca4228a.wav,0.0
e652b8d6-725b-4038-a252-27fddb71eac7,coughvid_data/e652b8d6-725b-4038-a252-27fddb71eac7.wav,coughvid_data/e652b8d6-725b-4038-a252-27fddb71eac7.wav,0.0
2aa1d5be-0191-4540-9159-77ec1faa4094,coughvid_data/2aa1d5be-0191-4540-9159-77ec1faa4094.wav,coughvid_data/2aa1d5be-0191-4540-9159-77ec1faa4094.wav,1.0
9d0b7521-3a08-4587-a3da-3d0cfc02a5eb,coughvid_data/9d0b7521-3a08-4587-a3da-3d0cfc02a5eb.wav,coughvid_data/9d0b7521-3a08-4587-a3da-3d0cfc02a5eb.wav,0.0
3b3de700-cf1f-4c3a-bc77-670365911060,coughvid_data/3b3de700-cf1f-4c3a-bc77-670365911060.wav,coughvid_data/3b3de700-cf1f-4c3a-bc77-670365911060.wav,1.0
aa7474bf-3135-4618-bd76-ecc02530731e,coughvid_data/aa7474bf-3135-4618-bd76-ecc02530731e.wav,coughvid_data/aa7474bf-3135-4618-bd76-ecc02530731e.wav,0.0
344f10c7-9219-421e-8d2a-906111988422,coughvid_data/344f10c7-9219-421e-8d2a-906111988422.wav,coughvid_data/344f10c7-9219-421e-8d2a-906111988422.wav,1.0
04a474fd-2546-479f-8753-5e4a291f6df6,coughvid_data/04a474fd-2546-479f-8753-5e4a291f6df6.wav,coughvid_data/04a474fd-2546-479f-8753-5e4a291f6df6.wav,1.0
f9602556-7c26-4e79-ae13-c35fd830c04e,coughvid_data/f9602556-7c26-4e79-ae13-c35fd830c04e.wav,coughvid_data/f9602556-7c26-4e79-ae13-c35fd830c04e.wav,0.0
d659a272-2d88-41d8-bc3a-c50702059ba8,coughvid_data/d659a272-2d88-41d8-bc3a-c50702059ba8.wav,coughvid_data/d659a272-2d88-41d8-bc3a-c50702059ba8.wav,0.0
61d5dfcb-418a-4264-9e46-dc50fda1d508,coughvid_data/61d5dfcb-418a-4264-9e46-dc50fda1d508.wav,coughvid_data/61d5dfcb-418a-4264-9e46-dc50fda1d508.wav,0.0
b998a4f6-265a-400e-a695-15b7ef8af9b6,coughvid_data/b998a4f6-265a-400e-a695-15b7ef8af9b6.wav,coughvid_data/b998a4f6-265a-400e-a695-15b7ef8af9b6.wav,1.0
e9038543-fb77-4938-bba4-6ed87f8976a8,coughvid_data/e9038543-fb77-4938-bba4-6ed87f8976a8.wav,coughvid_data/e9038543-fb77-4938-bba4-6ed87f8976a8.wav,1.0
f283487d-e042-44a1-b139-6ac08ba30fdd,coughvid_data/f283487d-e042-44a1-b139-6ac08ba30fdd.wav,coughvid_data/f283487d-e042-44a1-b139-6ac08ba30fdd.wav,1.0
a33b4fa1-56de-42c9-be2b-103044396be1,coughvid_data/a33b4fa1-56de-42c9-be2b-103044396be1.wav,coughvid_data/a33b4fa1-56de-42c9-be2b-103044396be1.wav,1.0
8b7d7b02-29ef-473f-bb3b-da29bedbc6e5,coughvid_data/8b7d7b02-29ef-473f-bb3b-da29bedbc6e5.wav,coughvid_data/8b7d7b02-29ef-473f-bb3b-da29bedbc6e5.wav,0.0
6093aa70-717e-402f-9a9d-019715cc9933,coughvid_data/6093aa70-717e-402f-9a9d-019715cc9933.wav,coughvid_data/6093aa70-717e-402f-9a9d-019715cc9933.wav,1.0
6c21a481-a625-451e-bf18-764af681d8a4,coughvid_data/6c21a481-a625-451e-bf18-764af681d8a4.wav,coughvid_data/6c21a481-a625-451e-bf18-764af681d8a4.wav,1.0
c70bb562-5a5d-49df-9911-6002e45cf25b,coughvid_data/c70bb562-5a5d-49df-9911-6002e45cf25b.wav,coughvid_data/c70bb562-5a5d-49df-9911-6002e45cf25b.wav,0.0
dc74f509-a0de-4be0-83cb-71e89ce81a78,coughvid_data/dc74f509-a0de-4be0-83cb-71e89ce81a78.wav,coughvid_data/dc74f509-a0de-4be0-83cb-71e89ce81a78.wav,0.0
e88766e6-3647-4141-be52-3a28c22a00d5,coughvid_data/e88766e6-3647-4141-be52-3a28c22a00d5.wav,coughvid_data/e88766e6-3647-4141-be52-3a28c22a00d5.wav,1.0
8e073c05-6fe9-45f7-bd83-f68e65be0fca,coughvid_data/8e073c05-6fe9-45f7-bd83-f68e65be0fca.wav,coughvid_data/8e073c05-6fe9-45f7-bd83-f68e65be0fca.wav,1.0
3ff7b487-1b90-40e7-b7e1-dba136069d94,coughvid_data/3ff7b487-1b90-40e7-b7e1-dba136069d94.wav,coughvid_data/3ff7b487-1b90-40e7-b7e1-dba136069d94.wav,0.0
be98c51b-72a2-4404-8723-4fd2aef24559,coughvid_data/be98c51b-72a2-4404-8723-4fd2aef24559.wav,coughvid_data/be98c51b-72a2-4404-8723-4fd2aef24559.wav,0.0
5381a0a6-d167-4a40-ae71-661c30fcb46b,coughvid_data/5381a0a6-d167-4a40-ae71-661c30fcb46b.wav,coughvid_data/5381a0a6-d167-4a40-ae71-661c30fcb46b.wav,1.0
0135de98-590b-4fbb-9bd0-a3e621842e28,coughvid_data/0135de98-590b-4fbb-9bd0-a3e621842e28.wav,coughvid_data/0135de98-590b-4fbb-9bd0-a3e621842e28.wav,0.0
63c1f37d-af99-40b2-a08a-85ab381e89c6,coughvid_data/63c1f37d-af99-40b2-a08a-85ab381e89c6.wav,coughvid_data/63c1f37d-af99-40b2-a08a-85ab381e89c6.wav,1.0
4820c8c6-87ca-4bf8-97c9-641cbf0f0a7f,coughvid_data/4820c8c6-87ca-4bf8-97c9-641cbf0f0a7f.wav,coughvid_data/4820c8c6-87ca-4bf8-97c9-641cbf0f0a7f.wav,0.0
c7193354-1570-44ef-84b0-d7ded335a111,coughvid_data/c7193354-1570-44ef-84b0-d7ded335a111.wav,coughvid_data/c7193354-1570-44ef-84b0-d7ded335a111.wav,0.0
fd8b2393-5726-491c-8cd6-aa86f04be703,coughvid_data/fd8b2393-5726-491c-8cd6-aa86f04be703.wav,coughvid_data/fd8b2393-5726-491c-8cd6-aa86f04be703.wav,1.0
fcc72ae0-456c-42cb-abd9-0655fa471d95,coughvid_data/fcc72ae0-456c-42cb-abd9-0655fa471d95.wav,coughvid_data/fcc72ae0-456c-42cb-abd9-0655fa471d95.wav,0.0
cc1709da-9ec3-4be6-8e1e-eab2e80ad260,coughvid_data/cc1709da-9ec3-4be6-8e1e-eab2e80ad260.wav,coughvid_data/cc1709da-9ec3-4be6-8e1e-eab2e80ad260.wav,1.0
ca74ec0f-5f63-4898-8dc8-50727259d824,coughvid_data/ca74ec0f-5f63-4898-8dc8-50727259d824.wav,coughvid_data/ca74ec0f-5f63-4898-8dc8-50727259d824.wav,0.0
c60c7e97-0a29-4b6e-a029-5c63c767062a,coughvid_data/c60c7e97-0a29-4b6e-a029-5c63c767062a.wav,coughvid_data/c60c7e97-0a29-4b6e-a029-5c63c767062a.wav,1.0
1222ee32-9482-4727-89d2-50efb31619bf,coughvid_data/1222ee32-9482-4727-89d2-50efb31619bf.wav,coughvid_data/1222ee32-9482-4727-89d2-50efb31619bf.wav,0.0
40bd323b-9a09-401a-a104-734d97d00ead,coughvid_data/40bd323b-9a09-401a-a104-734d97d00ead.wav,coughvid_data/40bd323b-9a09-401a-a104-734d97d00ead.wav,1.0
5688247a-7e71-4249-b388-42c12ade6b80,coughvid_data/5688247a-7e71-4249-b388-42c12ade6b80.wav,coughvid_data/5688247a-7e71-4249-b388-42c12ade6b80.wav,0.0
cb608b60-4853-4228-a422-0aefc7dc3803,coughvid_data/cb608b60-4853-4228-a422-0aefc7dc3803.wav,coughvid_data/cb608b60-4853-4228-a422-0aefc7dc3803.wav,1.0
fd71cefd-27a8-4ec8-9caf-9ec99cf03bac,coughvid_data/fd71cefd-27a8-4ec8-9caf-9ec99cf03bac.wav,coughvid_data/fd71cefd-27a8-4ec8-9caf-9ec99cf03bac.wav,1.0
7cffe983-2d08-4f48-a2cf-84e824196b76,coughvid_data/7cffe983-2d08-4f48-a2cf-84e824196b76.wav,coughvid_data/7cffe983-2d08-4f48-a2cf-84e824196b76.wav,1.0
641b3f1d-b489-47f0-bd71-e7d7ce98a767,coughvid_data/641b3f1d-b489-47f0-bd71-e7d7ce98a767.wav,coughvid_data/641b3f1d-b489-47f0-bd71-e7d7ce98a767.wav,1.0
6371d605-df4d-4b45-abd7-4aa33cb77ae8,coughvid_data/6371d605-df4d-4b45-abd7-4aa33cb77ae8.wav,coughvid_data/6371d605-df4d-4b45-abd7-4aa33cb77ae8.wav,0.0
964f634d-1777-4be8-988c-6f58807e6a03,coughvid_data/964f634d-1777-4be8-988c-6f58807e6a03.wav,coughvid_data/964f634d-1777-4be8-988c-6f58807e6a03.wav,1.0
711bf3cf-2f16-4af2-ba7a-8d03f965403a,coughvid_data/711bf3cf-2f16-4af2-ba7a-8d03f965403a.wav,coughvid_data/711bf3cf-2f16-4af2-ba7a-8d03f965403a.wav,1.0
82b527a0-661e-49aa-8d06-08f3ad7a9d84,coughvid_data/82b527a0-661e-49aa-8d06-08f3ad7a9d84.wav,coughvid_data/82b527a0-661e-49aa-8d06-08f3ad7a9d84.wav,1.0
8bab6d2c-8133-4aa0-b248-7c7cf6f4f7c5,coughvid_data/8bab6d2c-8133-4aa0-b248-7c7cf6f4f7c5.wav,coughvid_data/8bab6d2c-8133-4aa0-b248-7c7cf6f4f7c5.wav,1.0
66026a08-f96b-4a9a-a186-d02b77532e0d,coughvid_data/66026a08-f96b-4a9a-a186-d02b77532e0d.wav,coughvid_data/66026a08-f96b-4a9a-a186-d02b77532e0d.wav,0.0
8c4f35fb-14be-42bf-9d89-5b884adca8e0,coughvid_data/8c4f35fb-14be-42bf-9d89-5b884adca8e0.wav,coughvid_data/8c4f35fb-14be-42bf-9d89-5b884adca8e0.wav,1.0
7930480d-ab89-4528-885c-72b1927e6726,coughvid_data/7930480d-ab89-4528-885c-72b1927e6726.wav,coughvid_data/7930480d-ab89-4528-885c-72b1927e6726.wav,0.0
aea7dfcd-e53c-4be4-aac6-05be76d995e1,coughvid_data/aea7dfcd-e53c-4be4-aac6-05be76d995e1.wav,coughvid_data/aea7dfcd-e53c-4be4-aac6-05be76d995e1.wav,1.0
bf4981f4-ff95-4fb9-8915-77f770070860,coughvid_data/bf4981f4-ff95-4fb9-8915-77f770070860.wav,coughvid_data/bf4981f4-ff95-4fb9-8915-77f770070860.wav,0.0
342b2427-efbe-4e03-91cd-41d9db8469c4,coughvid_data/342b2427-efbe-4e03-91cd-41d9db8469c4.wav,coughvid_data/342b2427-efbe-4e03-91cd-41d9db8469c4.wav,0.0
64d5d0be-702a-4ea0-b93c-295e541d5726,coughvid_data/64d5d0be-702a-4ea0-b93c-295e541d5726.wav,coughvid_data/64d5d0be-702a-4ea0-b93c-295e541d5726.wav,1.0
d2f18d1e-fb55-4c31-8f6e-0fd12f07214b,coughvid_data/d2f18d1e-fb55-4c31-8f6e-0fd12f07214b.wav,coughvid_data/d2f18d1e-fb55-4c31-8f6e-0fd12f07214b.wav,0.0
64b99da7-4344-4687-8d39-dcaa19c17041,coughvid_data/64b99da7-4344-4687-8d39-dcaa19c17041.wav,coughvid_data/64b99da7-4344-4687-8d39-dcaa19c17041.wav,0.0
eb48c478-2698-48b1-8a47-7340784f38d3,coughvid_data/eb48c478-2698-48b1-8a47-7340784f38d3.wav,coughvid_data/eb48c478-2698-48b1-8a47-7340784f38d3.wav,0.0
114f8549-aeed-4d28-b5ee-d6a2adccd5c3,coughvid_data/114f8549-aeed-4d28-b5ee-d6a2adccd5c3.wav,coughvid_data/114f8549-aeed-4d28-b5ee-d6a2adccd5c3.wav,0.0
fa51bc92-2144-4859-972a-407b78f7c64b,coughvid_data/fa51bc92-2144-4859-972a-407b78f7c64b.wav,coughvid_data/fa51bc92-2144-4859-972a-407b78f7c64b.wav,0.0
7a6769ff-289c-4d64-acb4-e2dc04e9c2f1,coughvid_data/7a6769ff-289c-4d64-acb4-e2dc04e9c2f1.wav,coughvid_data/7a6769ff-289c-4d64-acb4-e2dc04e9c2f1.wav,1.0
0b5d2f98-1468-430b-97dc-89cb2e2e413a,coughvid_data/0b5d2f98-1468-430b-97dc-89cb2e2e413a.wav,coughvid_data/0b5d2f98-1468-430b-97dc-89cb2e2e413a.wav,0.0
f790c344-fa47-4c98-832e-0270aee01ba4,coughvid_data/f790c344-fa47-4c98-832e-0270aee01ba4.wav,coughvid_data/f790c344-fa47-4c98-832e-0270aee01ba4.wav,0.0
4b9f3396-593f-47dc-83f3-722cc3d1d8d7,coughvid_data/4b9f3396-593f-47dc-83f3-722cc3d1d8d7.wav,coughvid_data/4b9f3396-593f-47dc-83f3-722cc3d1d8d7.wav,1.0
5ea79fac-5f99-4c44-8f6e-5d9155321c3a,coughvid_data/5ea79fac-5f99-4c44-8f6e-5d9155321c3a.wav,coughvid_data/5ea79fac-5f99-4c44-8f6e-5d9155321c3a.wav,0.0
1fabc0db-087b-4fc4-a0b3-cd6e17b1c0de,coughvid_data/1fabc0db-087b-4fc4-a0b3-cd6e17b1c0de.wav,coughvid_data/1fabc0db-087b-4fc4-a0b3-cd6e17b1c0de.wav,1.0
3ecdb064-6a40-4b9b-8e79-7f79aef45576,coughvid_data/3ecdb064-6a40-4b9b-8e79-7f79aef45576.wav,coughvid_data/3ecdb064-6a40-4b9b-8e79-7f79aef45576.wav,0.0
6d1db45a-9fc2-4523-9c99-b17eeead98a6,coughvid_data/6d1db45a-9fc2-4523-9c99-b17eeead98a6.wav,coughvid_data/6d1db45a-9fc2-4523-9c99-b17eeead98a6.wav,0.0
632bf977-ce0a-426e-8db3-f4d1bc5d2cea,coughvid_data/632bf977-ce0a-426e-8db3-f4d1bc5d2cea.wav,coughvid_data/632bf977-ce0a-426e-8db3-f4d1bc5d2cea.wav,1.0
08ff2c28-c07c-4fe6-bb52-9c8337372b84,coughvid_data/08ff2c28-c07c-4fe6-bb52-9c8337372b84.wav,coughvid_data/08ff2c28-c07c-4fe6-bb52-9c8337372b84.wav,0.0
777945a9-03bd-4b04-9ffa-858ad19feb35,coughvid_data/777945a9-03bd-4b04-9ffa-858ad19feb35.wav,coughvid_data/777945a9-03bd-4b04-9ffa-858ad19feb35.wav,0.0
ac3f5184-a2f7-4e84-9f7e-e8bd37a16ece,coughvid_data/ac3f5184-a2f7-4e84-9f7e-e8bd37a16ece.wav,coughvid_data/ac3f5184-a2f7-4e84-9f7e-e8bd37a16ece.wav,0.0
0496f63f-f352-4f48-84e7-4eabb8acf92c,coughvid_data/0496f63f-f352-4f48-84e7-4eabb8acf92c.wav,coughvid_data/0496f63f-f352-4f48-84e7-4eabb8acf92c.wav,1.0
536f4ff9-9ab9-43e1-8b4d-a536a289bf73,coughvid_data/536f4ff9-9ab9-43e1-8b4d-a536a289bf73.wav,coughvid_data/536f4ff9-9ab9-43e1-8b4d-a536a289bf73.wav,0.0
09eed9af-2ff9-4d9d-b69d-33bcad76f037,coughvid_data/09eed9af-2ff9-4d9d-b69d-33bcad76f037.wav,coughvid_data/09eed9af-2ff9-4d9d-b69d-33bcad76f037.wav,0.0
06f4913f-6eaf-4521-9c3e-a8ff4fdf4133,coughvid_data/06f4913f-6eaf-4521-9c3e-a8ff4fdf4133.wav,coughvid_data/06f4913f-6eaf-4521-9c3e-a8ff4fdf4133.wav,0.0
e5ad7b64-90f0-4326-814e-9052150a7c30,coughvid_data/e5ad7b64-90f0-4326-814e-9052150a7c30.wav,coughvid_data/e5ad7b64-90f0-4326-814e-9052150a7c30.wav,0.0
e6df7a3c-ae1c-40d8-942e-d5cfd6950428,coughvid_data/e6df7a3c-ae1c-40d8-942e-d5cfd6950428.wav,coughvid_data/e6df7a3c-ae1c-40d8-942e-d5cfd6950428.wav,0.0
58f3fda4-153e-40fa-82af-fed9fecfb1bd,coughvid_data/58f3fda4-153e-40fa-82af-fed9fecfb1bd.wav,coughvid_data/58f3fda4-153e-40fa-82af-fed9fecfb1bd.wav,0.0
b56dfb48-689f-4f4c-9780-7ad2d47e555b,coughvid_data/b56dfb48-689f-4f4c-9780-7ad2d47e555b.wav,coughvid_data/b56dfb48-689f-4f4c-9780-7ad2d47e555b.wav,1.0
5abebdeb-1ec2-4e45-817a-0ce97361075f,coughvid_data/5abebdeb-1ec2-4e45-817a-0ce97361075f.wav,coughvid_data/5abebdeb-1ec2-4e45-817a-0ce97361075f.wav,1.0
a819fabb-53cd-4e22-9fb9-4394255dd9c1,coughvid_data/a819fabb-53cd-4e22-9fb9-4394255dd9c1.wav,coughvid_data/a819fabb-53cd-4e22-9fb9-4394255dd9c1.wav,0.0
ee899936-5701-4a8f-a3ab-f3292554a148,coughvid_data/ee899936-5701-4a8f-a3ab-f3292554a148.wav,coughvid_data/ee899936-5701-4a8f-a3ab-f3292554a148.wav,1.0
0f7f4cd9-89bf-44d8-94a3-e6c1f041a954,coughvid_data/0f7f4cd9-89bf-44d8-94a3-e6c1f041a954.wav,coughvid_data/0f7f4cd9-89bf-44d8-94a3-e6c1f041a954.wav,0.0
32828a5a-fef3-4453-bd8c-570e556cd592,coughvid_data/32828a5a-fef3-4453-bd8c-570e556cd592.wav,coughvid_data/32828a5a-fef3-4453-bd8c-570e556cd592.wav,1.0
0f475265-a5c0-4ae1-b89b-bdf7e5132945,coughvid_data/0f475265-a5c0-4ae1-b89b-bdf7e5132945.wav,coughvid_data/0f475265-a5c0-4ae1-b89b-bdf7e5132945.wav,0.0
95b3b971-99df-450e-8e89-e5404e51bfab,coughvid_data/95b3b971-99df-450e-8e89-e5404e51bfab.wav,coughvid_data/95b3b971-99df-450e-8e89-e5404e51bfab.wav,1.0
3e4f4eef-f247-42ae-bd81-df7421dc4b2f,coughvid_data/3e4f4eef-f247-42ae-bd81-df7421dc4b2f.wav,coughvid_data/3e4f4eef-f247-42ae-bd81-df7421dc4b2f.wav,1.0
1ff0aceb-818e-4894-a101-dbb6bb54add2,coughvid_data/1ff0aceb-818e-4894-a101-dbb6bb54add2.wav,coughvid_data/1ff0aceb-818e-4894-a101-dbb6bb54add2.wav,1.0
dfed7324-47c8-4c09-8337-c536d61afde1,coughvid_data/dfed7324-47c8-4c09-8337-c536d61afde1.wav,coughvid_data/dfed7324-47c8-4c09-8337-c536d61afde1.wav,1.0
b3c4eba1-2bee-4288-9ef9-25ee86effb87,coughvid_data/b3c4eba1-2bee-4288-9ef9-25ee86effb87.wav,coughvid_data/b3c4eba1-2bee-4288-9ef9-25ee86effb87.wav,0.0
47a46c45-58f1-41d3-b7b9-70b7806da0e3,coughvid_data/47a46c45-58f1-41d3-b7b9-70b7806da0e3.wav,coughvid_data/47a46c45-58f1-41d3-b7b9-70b7806da0e3.wav,0.0
13ec7c23-9c3d-42a7-90e7-ca621e8e2c33,coughvid_data/13ec7c23-9c3d-42a7-90e7-ca621e8e2c33.wav,coughvid_data/13ec7c23-9c3d-42a7-90e7-ca621e8e2c33.wav,1.0
6d528de2-cf20-4caa-a22e-ffc588c0bacb,coughvid_data/6d528de2-cf20-4caa-a22e-ffc588c0bacb.wav,coughvid_data/6d528de2-cf20-4caa-a22e-ffc588c0bacb.wav,1.0
733b0db4-aec3-4afa-a7fc-7e29e0c9403c,coughvid_data/733b0db4-aec3-4afa-a7fc-7e29e0c9403c.wav,coughvid_data/733b0db4-aec3-4afa-a7fc-7e29e0c9403c.wav,1.0
88979b71-b54c-4b98-bd53-80d3ec813269,coughvid_data/88979b71-b54c-4b98-bd53-80d3ec813269.wav,coughvid_data/88979b71-b54c-4b98-bd53-80d3ec813269.wav,1.0
c64162e1-c768-42c9-a19f-bfbb2624933c,coughvid_data/c64162e1-c768-42c9-a19f-bfbb2624933c.wav,coughvid_data/c64162e1-c768-42c9-a19f-bfbb2624933c.wav,1.0
e3552ecb-f2a2-44fc-8802-869668a0dc08,coughvid_data/e3552ecb-f2a2-44fc-8802-869668a0dc08.wav,coughvid_data/e3552ecb-f2a2-44fc-8802-869668a0dc08.wav,0.0
3272a6f2-1679-41dd-a3fb-938ac15b0caf,coughvid_data/3272a6f2-1679-41dd-a3fb-938ac15b0caf.wav,coughvid_data/3272a6f2-1679-41dd-a3fb-938ac15b0caf.wav,1.0
53053305-52cf-40ec-8379-0060e3a011b2,coughvid_data/53053305-52cf-40ec-8379-0060e3a011b2.wav,coughvid_data/53053305-52cf-40ec-8379-0060e3a011b2.wav,0.0
a96ac7d5-67d7-424b-8a11-045c5b8998ec,coughvid_data/a96ac7d5-67d7-424b-8a11-045c5b8998ec.wav,coughvid_data/a96ac7d5-67d7-424b-8a11-045c5b8998ec.wav,0.0
39b73ec8-7f5c-48de-bc5c-ea4f15e26436,coughvid_data/39b73ec8-7f5c-48de-bc5c-ea4f15e26436.wav,coughvid_data/39b73ec8-7f5c-48de-bc5c-ea4f15e26436.wav,1.0
7f811333-8620-4a80-92a2-99a258a000a1,coughvid_data/7f811333-8620-4a80-92a2-99a258a000a1.wav,coughvid_data/7f811333-8620-4a80-92a2-99a258a000a1.wav,0.0
1471d0dd-aa79-401c-9f90-346eeba0ec73,coughvid_data/1471d0dd-aa79-401c-9f90-346eeba0ec73.wav,coughvid_data/1471d0dd-aa79-401c-9f90-346eeba0ec73.wav,1.0
f123bc13-ad5e-4fdd-8e60-ed98d63ed819,coughvid_data/f123bc13-ad5e-4fdd-8e60-ed98d63ed819.wav,coughvid_data/f123bc13-ad5e-4fdd-8e60-ed98d63ed819.wav,1.0
f4659577-76e9-4ec2-b298-ac2f9d52ee43,coughvid_data/f4659577-76e9-4ec2-b298-ac2f9d52ee43.wav,coughvid_data/f4659577-76e9-4ec2-b298-ac2f9d52ee43.wav,1.0
bd0ef200-c833-4d47-947d-426a46d9aa74,coughvid_data/bd0ef200-c833-4d47-947d-426a46d9aa74.wav,coughvid_data/bd0ef200-c833-4d47-947d-426a46d9aa74.wav,1.0
932eedcb-32d6-43af-9e46-440098371c87,coughvid_data/932eedcb-32d6-43af-9e46-440098371c87.wav,coughvid_data/932eedcb-32d6-43af-9e46-440098371c87.wav,1.0
37d0cc3d-e2c9-4e89-8b44-f066b09cb35f,coughvid_data/37d0cc3d-e2c9-4e89-8b44-f066b09cb35f.wav,coughvid_data/37d0cc3d-e2c9-4e89-8b44-f066b09cb35f.wav,0.0
3b1db132-ba86-43e2-a35b-9638b5fce854,coughvid_data/3b1db132-ba86-43e2-a35b-9638b5fce854.wav,coughvid_data/3b1db132-ba86-43e2-a35b-9638b5fce854.wav,1.0
b9003692-90b0-4907-9454-5965a4e53370,coughvid_data/b9003692-90b0-4907-9454-5965a4e53370.wav,coughvid_data/b9003692-90b0-4907-9454-5965a4e53370.wav,1.0
bec30574-5682-430d-9973-1fabc7ae48a6,coughvid_data/bec30574-5682-430d-9973-1fabc7ae48a6.wav,coughvid_data/bec30574-5682-430d-9973-1fabc7ae48a6.wav,1.0
3432eab1-c4e0-466e-aa62-e839ce0da28e,coughvid_data/3432eab1-c4e0-466e-aa62-e839ce0da28e.wav,coughvid_data/3432eab1-c4e0-466e-aa62-e839ce0da28e.wav,0.0
eb69cd36-697a-45af-b470-d9b79c9c46e3,coughvid_data/eb69cd36-697a-45af-b470-d9b79c9c46e3.wav,coughvid_data/eb69cd36-697a-45af-b470-d9b79c9c46e3.wav,1.0
961a8160-a087-4c1b-b2b7-24417ccfa25c,coughvid_data/961a8160-a087-4c1b-b2b7-24417ccfa25c.wav,coughvid_data/961a8160-a087-4c1b-b2b7-24417ccfa25c.wav,1.0
9c95cec0-5207-4254-8a43-a4bf8fb8cf11,coughvid_data/9c95cec0-5207-4254-8a43-a4bf8fb8cf11.wav,coughvid_data/9c95cec0-5207-4254-8a43-a4bf8fb8cf11.wav,1.0
e2116141-4f1b-4bd4-b7c6-689ad21fe447,coughvid_data/e2116141-4f1b-4bd4-b7c6-689ad21fe447.wav,coughvid_data/e2116141-4f1b-4bd4-b7c6-689ad21fe447.wav,0.0
310167e5-7156-46a6-80b2-2a14ec7dff52,coughvid_data/310167e5-7156-46a6-80b2-2a14ec7dff52.wav,coughvid_data/310167e5-7156-46a6-80b2-2a14ec7dff52.wav,1.0
4759ca9f-1583-4e97-b90e-6b290104e5a9,coughvid_data/4759ca9f-1583-4e97-b90e-6b290104e5a9.wav,coughvid_data/4759ca9f-1583-4e97-b90e-6b290104e5a9.wav,1.0
b949ba31-673b-4744-888a-1ffc47a447d1,coughvid_data/b949ba31-673b-4744-888a-1ffc47a447d1.wav,coughvid_data/b949ba31-673b-4744-888a-1ffc47a447d1.wav,0.0
8c06adc5-c29b-49fa-9060-f765b4ad1185,coughvid_data/8c06adc5-c29b-49fa-9060-f765b4ad1185.wav,coughvid_data/8c06adc5-c29b-49fa-9060-f765b4ad1185.wav,1.0
a7758e1f-e7b5-42cc-a66d-99966ea8a44e,coughvid_data/a7758e1f-e7b5-42cc-a66d-99966ea8a44e.wav,coughvid_data/a7758e1f-e7b5-42cc-a66d-99966ea8a44e.wav,1.0
3d8a71a7-e94f-425c-8b92-09aceddcd063,coughvid_data/3d8a71a7-e94f-425c-8b92-09aceddcd063.wav,coughvid_data/3d8a71a7-e94f-425c-8b92-09aceddcd063.wav,1.0
77c7733f-786e-47ed-8114-6b98af11f95f,coughvid_data/77c7733f-786e-47ed-8114-6b98af11f95f.wav,coughvid_data/77c7733f-786e-47ed-8114-6b98af11f95f.wav,0.0
f1b7d30f-a7da-453a-b925-639097b789f1,coughvid_data/f1b7d30f-a7da-453a-b925-639097b789f1.wav,coughvid_data/f1b7d30f-a7da-453a-b925-639097b789f1.wav,0.0
d9f0704b-a78f-4240-bae1-dbb8b8c171bb,coughvid_data/d9f0704b-a78f-4240-bae1-dbb8b8c171bb.wav,coughvid_data/d9f0704b-a78f-4240-bae1-dbb8b8c171bb.wav,0.0
b91e0c84-d542-4135-bf28-49fe9826363f,coughvid_data/b91e0c84-d542-4135-bf28-49fe9826363f.wav,coughvid_data/b91e0c84-d542-4135-bf28-49fe9826363f.wav,1.0
9699fdc7-6abe-42b1-a301-2d397a45b4ae,coughvid_data/9699fdc7-6abe-42b1-a301-2d397a45b4ae.wav,coughvid_data/9699fdc7-6abe-42b1-a301-2d397a45b4ae.wav,1.0
814a5c9e-6174-4efa-a378-a990ac566ae2,coughvid_data/814a5c9e-6174-4efa-a378-a990ac566ae2.wav,coughvid_data/814a5c9e-6174-4efa-a378-a990ac566ae2.wav,1.0
b23126bd-8adf-44b5-bad9-fcca23374383,coughvid_data/b23126bd-8adf-44b5-bad9-fcca23374383.wav,coughvid_data/b23126bd-8adf-44b5-bad9-fcca23374383.wav,0.0
eef8f049-ef51-4a1f-8ee2-0e2dac0db8f7,coughvid_data/eef8f049-ef51-4a1f-8ee2-0e2dac0db8f7.wav,coughvid_data/eef8f049-ef51-4a1f-8ee2-0e2dac0db8f7.wav,0.0
be2d9024-401a-42a0-91fd-194567b1d4c1,coughvid_data/be2d9024-401a-42a0-91fd-194567b1d4c1.wav,coughvid_data/be2d9024-401a-42a0-91fd-194567b1d4c1.wav,1.0
1d9b466f-e53b-4023-9b45-a3c0e7a4e813,coughvid_data/1d9b466f-e53b-4023-9b45-a3c0e7a4e813.wav,coughvid_data/1d9b466f-e53b-4023-9b45-a3c0e7a4e813.wav,1.0
e8251471-e6d1-4815-826d-c6b9c5005261,coughvid_data/e8251471-e6d1-4815-826d-c6b9c5005261.wav,coughvid_data/e8251471-e6d1-4815-826d-c6b9c5005261.wav,1.0
7e3f6ca7-d274-49a8-8a9b-713d5de89062,coughvid_data/7e3f6ca7-d274-49a8-8a9b-713d5de89062.wav,coughvid_data/7e3f6ca7-d274-49a8-8a9b-713d5de89062.wav,1.0
6f5dd087-2d4c-4e57-8db7-b22bf302aea6,coughvid_data/6f5dd087-2d4c-4e57-8db7-b22bf302aea6.wav,coughvid_data/6f5dd087-2d4c-4e57-8db7-b22bf302aea6.wav,0.0
bb152c2f-784c-4ef4-98fb-2871505a62f7,coughvid_data/bb152c2f-784c-4ef4-98fb-2871505a62f7.wav,coughvid_data/bb152c2f-784c-4ef4-98fb-2871505a62f7.wav,1.0
07b6b60a-8d1b-468c-ae0c-c87f3d3b2bf5,coughvid_data/07b6b60a-8d1b-468c-ae0c-c87f3d3b2bf5.wav,coughvid_data/07b6b60a-8d1b-468c-ae0c-c87f3d3b2bf5.wav,1.0
90e12d1d-6caa-4046-8e77-72844d18e9a4,coughvid_data/90e12d1d-6caa-4046-8e77-72844d18e9a4.wav,coughvid_data/90e12d1d-6caa-4046-8e77-72844d18e9a4.wav,1.0
e6c2d571-6000-489b-89a9-1670a79f9793,coughvid_data/e6c2d571-6000-489b-89a9-1670a79f9793.wav,coughvid_data/e6c2d571-6000-489b-89a9-1670a79f9793.wav,0.0
4b836b81-4b61-4d77-9017-b992afe4d023,coughvid_data/4b836b81-4b61-4d77-9017-b992afe4d023.wav,coughvid_data/4b836b81-4b61-4d77-9017-b992afe4d023.wav,0.0
27e884e5-6615-415c-9761-1d51618a4b2f,coughvid_data/27e884e5-6615-415c-9761-1d51618a4b2f.wav,coughvid_data/27e884e5-6615-415c-9761-1d51618a4b2f.wav,0.0
5e6f182f-5d95-4c01-b47b-ec4b4571668d,coughvid_data/5e6f182f-5d95-4c01-b47b-ec4b4571668d.wav,coughvid_data/5e6f182f-5d95-4c01-b47b-ec4b4571668d.wav,1.0
8f32e777-de1a-49e1-a729-ca3548623d1b,coughvid_data/8f32e777-de1a-49e1-a729-ca3548623d1b.wav,coughvid_data/8f32e777-de1a-49e1-a729-ca3548623d1b.wav,0.0
5c4a7c48-9f7b-4ab5-802a-046c6852b099,coughvid_data/5c4a7c48-9f7b-4ab5-802a-046c6852b099.wav,coughvid_data/5c4a7c48-9f7b-4ab5-802a-046c6852b099.wav,0.0
e78e92d1-702a-4413-8838-d4949cc3d99b,coughvid_data/e78e92d1-702a-4413-8838-d4949cc3d99b.wav,coughvid_data/e78e92d1-702a-4413-8838-d4949cc3d99b.wav,1.0
3decc9e5-6185-409a-9753-39f7230c79f3,coughvid_data/3decc9e5-6185-409a-9753-39f7230c79f3.wav,coughvid_data/3decc9e5-6185-409a-9753-39f7230c79f3.wav,0.0
32672c2c-5be7-42f4-99ad-3129e400c750,coughvid_data/32672c2c-5be7-42f4-99ad-3129e400c750.wav,coughvid_data/32672c2c-5be7-42f4-99ad-3129e400c750.wav,0.0
f4e1daf2-9b90-4dfa-8fbc-313c6954fce2,coughvid_data/f4e1daf2-9b90-4dfa-8fbc-313c6954fce2.wav,coughvid_data/f4e1daf2-9b90-4dfa-8fbc-313c6954fce2.wav,0.0
30a6ca1c-0b72-4ad2-9226-e9bb06add48d,coughvid_data/30a6ca1c-0b72-4ad2-9226-e9bb06add48d.wav,coughvid_data/30a6ca1c-0b72-4ad2-9226-e9bb06add48d.wav,1.0
1da3fe9f-2803-4d66-a43e-6c64bd2aef40,coughvid_data/1da3fe9f-2803-4d66-a43e-6c64bd2aef40.wav,coughvid_data/1da3fe9f-2803-4d66-a43e-6c64bd2aef40.wav,1.0
e2d7d154-a037-4489-9f14-0cfa218ec682,coughvid_data/e2d7d154-a037-4489-9f14-0cfa218ec682.wav,coughvid_data/e2d7d154-a037-4489-9f14-0cfa218ec682.wav,0.0
9f7d3ac8-339a-43f9-895c-c0b7878d0d0c,coughvid_data/9f7d3ac8-339a-43f9-895c-c0b7878d0d0c.wav,coughvid_data/9f7d3ac8-339a-43f9-895c-c0b7878d0d0c.wav,1.0
c7f4d229-fc9c-4523-a2ca-65db2e29aae1,coughvid_data/c7f4d229-fc9c-4523-a2ca-65db2e29aae1.wav,coughvid_data/c7f4d229-fc9c-4523-a2ca-65db2e29aae1.wav,1.0
dd497d74-ed6c-41f7-8a81-1d7158461c2f,coughvid_data/dd497d74-ed6c-41f7-8a81-1d7158461c2f.wav,coughvid_data/dd497d74-ed6c-41f7-8a81-1d7158461c2f.wav,0.0
4caad786-4013-47e9-b54e-cf4e8fbad809,coughvid_data/4caad786-4013-47e9-b54e-cf4e8fbad809.wav,coughvid_data/4caad786-4013-47e9-b54e-cf4e8fbad809.wav,1.0
fa142405-1447-44f9-9f54-824995229482,coughvid_data/fa142405-1447-44f9-9f54-824995229482.wav,coughvid_data/fa142405-1447-44f9-9f54-824995229482.wav,1.0
25caa3a5-db4c-46b7-b5fe-4d673609db61,coughvid_data/25caa3a5-db4c-46b7-b5fe-4d673609db61.wav,coughvid_data/25caa3a5-db4c-46b7-b5fe-4d673609db61.wav,1.0
e065c059-47bb-4d3b-a059-6b555b8c8630,coughvid_data/e065c059-47bb-4d3b-a059-6b555b8c8630.wav,coughvid_data/e065c059-47bb-4d3b-a059-6b555b8c8630.wav,0.0
caad2de0-a315-4b9b-bf3d-a1a87c8ebc33,coughvid_data/caad2de0-a315-4b9b-bf3d-a1a87c8ebc33.wav,coughvid_data/caad2de0-a315-4b9b-bf3d-a1a87c8ebc33.wav,1.0
a5fcd40f-16b0-4b78-ac07-a22b0037c503,coughvid_data/a5fcd40f-16b0-4b78-ac07-a22b0037c503.wav,coughvid_data/a5fcd40f-16b0-4b78-ac07-a22b0037c503.wav,1.0
4735aed3-46f9-44c5-91f0-ca772c541fff,coughvid_data/4735aed3-46f9-44c5-91f0-ca772c541fff.wav,coughvid_data/4735aed3-46f9-44c5-91f0-ca772c541fff.wav,1.0
9c76b4a0-f8f7-44d8-9d1e-e6e511cfad18,coughvid_data/9c76b4a0-f8f7-44d8-9d1e-e6e511cfad18.wav,coughvid_data/9c76b4a0-f8f7-44d8-9d1e-e6e511cfad18.wav,1.0
7c00f153-e23f-4d4b-af53-5f85bb1da452,coughvid_data/7c00f153-e23f-4d4b-af53-5f85bb1da452.wav,coughvid_data/7c00f153-e23f-4d4b-af53-5f85bb1da452.wav,1.0
a72aa628-99bd-4ab1-a20b-0686a541bcc1,coughvid_data/a72aa628-99bd-4ab1-a20b-0686a541bcc1.wav,coughvid_data/a72aa628-99bd-4ab1-a20b-0686a541bcc1.wav,0.0
4f1abaa2-e351-4925-9a27-d2e48c288ab7,coughvid_data/4f1abaa2-e351-4925-9a27-d2e48c288ab7.wav,coughvid_data/4f1abaa2-e351-4925-9a27-d2e48c288ab7.wav,1.0
338f9eb0-d1eb-4448-b183-15d75afece8c,coughvid_data/338f9eb0-d1eb-4448-b183-15d75afece8c.wav,coughvid_data/338f9eb0-d1eb-4448-b183-15d75afece8c.wav,1.0
56765f0a-256f-48cc-a576-862c97f1f280,coughvid_data/56765f0a-256f-48cc-a576-862c97f1f280.wav,coughvid_data/56765f0a-256f-48cc-a576-862c97f1f280.wav,0.0
38e88cbf-dab5-495d-81d4-31f77dcd5fe1,coughvid_data/38e88cbf-dab5-495d-81d4-31f77dcd5fe1.wav,coughvid_data/38e88cbf-dab5-495d-81d4-31f77dcd5fe1.wav,0.0
4881c713-2f5f-465c-a419-7b607ef390e3,coughvid_data/4881c713-2f5f-465c-a419-7b607ef390e3.wav,coughvid_data/4881c713-2f5f-465c-a419-7b607ef390e3.wav,1.0
5d85c3f9-38dc-4100-8ac8-7ac32baa0039,coughvid_data/5d85c3f9-38dc-4100-8ac8-7ac32baa0039.wav,coughvid_data/5d85c3f9-38dc-4100-8ac8-7ac32baa0039.wav,1.0
c9f9d61a-cc30-4ff3-a966-4debbba20c18,coughvid_data/c9f9d61a-cc30-4ff3-a966-4debbba20c18.wav,coughvid_data/c9f9d61a-cc30-4ff3-a966-4debbba20c18.wav,1.0
f7d53651-bc8d-4b5a-8f1c-2722431df14c,coughvid_data/f7d53651-bc8d-4b5a-8f1c-2722431df14c.wav,coughvid_data/f7d53651-bc8d-4b5a-8f1c-2722431df14c.wav,0.0
563da676-e11c-49e5-b55f-71bd0804ef23,coughvid_data/563da676-e11c-49e5-b55f-71bd0804ef23.wav,coughvid_data/563da676-e11c-49e5-b55f-71bd0804ef23.wav,0.0
cb35e4c5-214b-43e8-a5ee-6df65e96cb21,coughvid_data/cb35e4c5-214b-43e8-a5ee-6df65e96cb21.wav,coughvid_data/cb35e4c5-214b-43e8-a5ee-6df65e96cb21.wav,1.0
16a01c13-857b-4778-8a1b-326cb4b0e34f,coughvid_data/16a01c13-857b-4778-8a1b-326cb4b0e34f.wav,coughvid_data/16a01c13-857b-4778-8a1b-326cb4b0e34f.wav,0.0
7d9dff1a-a5c8-4d93-accf-71561c493191,coughvid_data/7d9dff1a-a5c8-4d93-accf-71561c493191.wav,coughvid_data/7d9dff1a-a5c8-4d93-accf-71561c493191.wav,1.0
20e6211d-b1a8-4759-bbf0-616be1bfab80,coughvid_data/20e6211d-b1a8-4759-bbf0-616be1bfab80.wav,coughvid_data/20e6211d-b1a8-4759-bbf0-616be1bfab80.wav,0.0
bea5a3c1-1e8b-49b2-8182-bd7cac3c2b24,coughvid_data/bea5a3c1-1e8b-49b2-8182-bd7cac3c2b24.wav,coughvid_data/bea5a3c1-1e8b-49b2-8182-bd7cac3c2b24.wav,1.0
58a35dbd-5911-4b1f-b5ef-731e6f12f545,coughvid_data/58a35dbd-5911-4b1f-b5ef-731e6f12f545.wav,coughvid_data/58a35dbd-5911-4b1f-b5ef-731e6f12f545.wav,0.0
1a0d7c38-e644-4c5d-9ba0-bf9bdc0bffd6,coughvid_data/1a0d7c38-e644-4c5d-9ba0-bf9bdc0bffd6.wav,coughvid_data/1a0d7c38-e644-4c5d-9ba0-bf9bdc0bffd6.wav,1.0
1eebcfce-095c-4508-a181-ddd71c4e47a9,coughvid_data/1eebcfce-095c-4508-a181-ddd71c4e47a9.wav,coughvid_data/1eebcfce-095c-4508-a181-ddd71c4e47a9.wav,1.0
f3a5df07-a118-4e34-bee4-59d96ce29a71,coughvid_data/f3a5df07-a118-4e34-bee4-59d96ce29a71.wav,coughvid_data/f3a5df07-a118-4e34-bee4-59d96ce29a71.wav,0.0
c1869a56-0c33-4b13-a6dd-291646c82e99,coughvid_data/c1869a56-0c33-4b13-a6dd-291646c82e99.wav,coughvid_data/c1869a56-0c33-4b13-a6dd-291646c82e99.wav,1.0
c1ffd8c6-4f44-404f-b9eb-cd4c2308d2fe,coughvid_data/c1ffd8c6-4f44-404f-b9eb-cd4c2308d2fe.wav,coughvid_data/c1ffd8c6-4f44-404f-b9eb-cd4c2308d2fe.wav,1.0
2098d4e9-c047-447a-a1de-8fe141307322,coughvid_data/2098d4e9-c047-447a-a1de-8fe141307322.wav,coughvid_data/2098d4e9-c047-447a-a1de-8fe141307322.wav,1.0
244512a3-862c-4000-9a0b-c52bdcae4625,coughvid_data/244512a3-862c-4000-9a0b-c52bdcae4625.wav,coughvid_data/244512a3-862c-4000-9a0b-c52bdcae4625.wav,0.0
fe195a60-24a2-494a-81ba-d32b696aeee7,coughvid_data/fe195a60-24a2-494a-81ba-d32b696aeee7.wav,coughvid_data/fe195a60-24a2-494a-81ba-d32b696aeee7.wav,0.0
74a8e46d-6ac9-4d8d-952b-917128e7bd43,coughvid_data/74a8e46d-6ac9-4d8d-952b-917128e7bd43.wav,coughvid_data/74a8e46d-6ac9-4d8d-952b-917128e7bd43.wav,1.0
bbe64f66-cb37-4dc6-a207-96e63a15d551,coughvid_data/bbe64f66-cb37-4dc6-a207-96e63a15d551.wav,coughvid_data/bbe64f66-cb37-4dc6-a207-96e63a15d551.wav,1.0
a0514da5-8870-4378-9171-9858e9b63cb5,coughvid_data/a0514da5-8870-4378-9171-9858e9b63cb5.wav,coughvid_data/a0514da5-8870-4378-9171-9858e9b63cb5.wav,1.0
276b80cf-2966-4d70-ae9c-0139189155db,coughvid_data/276b80cf-2966-4d70-ae9c-0139189155db.wav,coughvid_data/276b80cf-2966-4d70-ae9c-0139189155db.wav,1.0
3d3e0d48-76ae-4a7c-be25-f462cfde5e9d,coughvid_data/3d3e0d48-76ae-4a7c-be25-f462cfde5e9d.wav,coughvid_data/3d3e0d48-76ae-4a7c-be25-f462cfde5e9d.wav,0.0
9535fedb-ad1d-4d0d-969f-63b6400ebcb3,coughvid_data/9535fedb-ad1d-4d0d-969f-63b6400ebcb3.wav,coughvid_data/9535fedb-ad1d-4d0d-969f-63b6400ebcb3.wav,1.0
624a64b5-1cd7-4780-bf85-f4b6a8cadb54,coughvid_data/624a64b5-1cd7-4780-bf85-f4b6a8cadb54.wav,coughvid_data/624a64b5-1cd7-4780-bf85-f4b6a8cadb54.wav,1.0
24c665af-cac1-4e1a-9436-7f773fb276fe,coughvid_data/24c665af-cac1-4e1a-9436-7f773fb276fe.wav,coughvid_data/24c665af-cac1-4e1a-9436-7f773fb276fe.wav,1.0
ae7ad6a3-80e6-49a3-a1bf-83aee8458e2c,coughvid_data/ae7ad6a3-80e6-49a3-a1bf-83aee8458e2c.wav,coughvid_data/ae7ad6a3-80e6-49a3-a1bf-83aee8458e2c.wav,1.0
adf43ace-1414-4026-baee-fd2cc66e1fac,coughvid_data/adf43ace-1414-4026-baee-fd2cc66e1fac.wav,coughvid_data/adf43ace-1414-4026-baee-fd2cc66e1fac.wav,1.0
60887e4b-9cf3-49be-a5d7-c5db064652a8,coughvid_data/60887e4b-9cf3-49be-a5d7-c5db064652a8.wav,coughvid_data/60887e4b-9cf3-49be-a5d7-c5db064652a8.wav,1.0
702f974c-fa86-4a1e-99dc-016d9fffbb6b,coughvid_data/702f974c-fa86-4a1e-99dc-016d9fffbb6b.wav,coughvid_data/702f974c-fa86-4a1e-99dc-016d9fffbb6b.wav,1.0
ea74d4ac-b499-4687-9ef2-04647e0ba156,coughvid_data/ea74d4ac-b499-4687-9ef2-04647e0ba156.wav,coughvid_data/ea74d4ac-b499-4687-9ef2-04647e0ba156.wav,0.0
647da923-9dfe-4527-9ec6-473b8fb791ca,coughvid_data/647da923-9dfe-4527-9ec6-473b8fb791ca.wav,coughvid_data/647da923-9dfe-4527-9ec6-473b8fb791ca.wav,1.0
9ab8da0b-bff5-481e-b437-fd20946cc64b,coughvid_data/9ab8da0b-bff5-481e-b437-fd20946cc64b.wav,coughvid_data/9ab8da0b-bff5-481e-b437-fd20946cc64b.wav,1.0
14dc6d86-a363-4f09-abde-a4b66fb0146c,coughvid_data/14dc6d86-a363-4f09-abde-a4b66fb0146c.wav,coughvid_data/14dc6d86-a363-4f09-abde-a4b66fb0146c.wav,0.0
637d6498-1d52-4860-9976-5a7a94f2a0c3,coughvid_data/637d6498-1d52-4860-9976-5a7a94f2a0c3.wav,coughvid_data/637d6498-1d52-4860-9976-5a7a94f2a0c3.wav,1.0
14ac097c-378a-4d64-a1a3-dd4210ba1c4b,coughvid_data/14ac097c-378a-4d64-a1a3-dd4210ba1c4b.wav,coughvid_data/14ac097c-378a-4d64-a1a3-dd4210ba1c4b.wav,1.0
da900831-ec0b-4626-bfb3-c065090aebf9,coughvid_data/da900831-ec0b-4626-bfb3-c065090aebf9.wav,coughvid_data/da900831-ec0b-4626-bfb3-c065090aebf9.wav,1.0
c0737d98-9f23-44c2-a4e5-370e84930e63,coughvid_data/c0737d98-9f23-44c2-a4e5-370e84930e63.wav,coughvid_data/c0737d98-9f23-44c2-a4e5-370e84930e63.wav,1.0
d92baa15-08ef-41da-98a9-e911e1899edb,coughvid_data/d92baa15-08ef-41da-98a9-e911e1899edb.wav,coughvid_data/d92baa15-08ef-41da-98a9-e911e1899edb.wav,0.0
c4820ade-89a2-41ac-9204-e64346c827e9,coughvid_data/c4820ade-89a2-41ac-9204-e64346c827e9.wav,coughvid_data/c4820ade-89a2-41ac-9204-e64346c827e9.wav,0.0
a51cd531-be05-4e51-ac83-183d9cc3a62d,coughvid_data/a51cd531-be05-4e51-ac83-183d9cc3a62d.wav,coughvid_data/a51cd531-be05-4e51-ac83-183d9cc3a62d.wav,1.0
7074c220-cb01-44ce-bc1d-38e1ba7420d0,coughvid_data/7074c220-cb01-44ce-bc1d-38e1ba7420d0.wav,coughvid_data/7074c220-cb01-44ce-bc1d-38e1ba7420d0.wav,1.0
c0910ab7-233b-4634-bdb9-358131b2c59b,coughvid_data/c0910ab7-233b-4634-bdb9-358131b2c59b.wav,coughvid_data/c0910ab7-233b-4634-bdb9-358131b2c59b.wav,1.0
9b8791f6-9c76-41a6-b8bf-3090c8b4609f,coughvid_data/9b8791f6-9c76-41a6-b8bf-3090c8b4609f.wav,coughvid_data/9b8791f6-9c76-41a6-b8bf-3090c8b4609f.wav,1.0
c80ccedc-fc2c-4a09-b265-723d282041f4,coughvid_data/c80ccedc-fc2c-4a09-b265-723d282041f4.wav,coughvid_data/c80ccedc-fc2c-4a09-b265-723d282041f4.wav,1.0
bf17a052-0184-4f96-bdc1-33fb2d784888,coughvid_data/bf17a052-0184-4f96-bdc1-33fb2d784888.wav,coughvid_data/bf17a052-0184-4f96-bdc1-33fb2d784888.wav,0.0
9c242311-5180-40b8-a2a4-b305965c993f,coughvid_data/9c242311-5180-40b8-a2a4-b305965c993f.wav,coughvid_data/9c242311-5180-40b8-a2a4-b305965c993f.wav,0.0
e9297834-8b53-49d7-a66d-4a5dd46fc131,coughvid_data/e9297834-8b53-49d7-a66d-4a5dd46fc131.wav,coughvid_data/e9297834-8b53-49d7-a66d-4a5dd46fc131.wav,1.0
424784ac-85a8-4b14-8447-fce82be45f62,coughvid_data/424784ac-85a8-4b14-8447-fce82be45f62.wav,coughvid_data/424784ac-85a8-4b14-8447-fce82be45f62.wav,1.0
ceedfac8-9acb-4a08-97de-5fead70cd19e,coughvid_data/ceedfac8-9acb-4a08-97de-5fead70cd19e.wav,coughvid_data/ceedfac8-9acb-4a08-97de-5fead70cd19e.wav,1.0
1109d910-74ad-4184-bdf3-bfbad13f8cc5,coughvid_data/1109d910-74ad-4184-bdf3-bfbad13f8cc5.wav,coughvid_data/1109d910-74ad-4184-bdf3-bfbad13f8cc5.wav,0.0
fbcc5ec6-c579-4826-83d6-336a4738858f,coughvid_data/fbcc5ec6-c579-4826-83d6-336a4738858f.wav,coughvid_data/fbcc5ec6-c579-4826-83d6-336a4738858f.wav,0.0
1911162e-cdac-41f1-9b35-8077b81e7a73,coughvid_data/1911162e-cdac-41f1-9b35-8077b81e7a73.wav,coughvid_data/1911162e-cdac-41f1-9b35-8077b81e7a73.wav,0.0
3c95ac26-b4b5-497f-a324-474595f02625,coughvid_data/3c95ac26-b4b5-497f-a324-474595f02625.wav,coughvid_data/3c95ac26-b4b5-497f-a324-474595f02625.wav,1.0
8868771f-51f8-48b9-a094-6a03c77d19ee,coughvid_data/8868771f-51f8-48b9-a094-6a03c77d19ee.wav,coughvid_data/8868771f-51f8-48b9-a094-6a03c77d19ee.wav,1.0
7aaee80b-b54f-48a6-a452-f20ccbf6a4a1,coughvid_data/7aaee80b-b54f-48a6-a452-f20ccbf6a4a1.wav,coughvid_data/7aaee80b-b54f-48a6-a452-f20ccbf6a4a1.wav,0.0
d9b0fc2e-4485-4301-b03f-59778a4259d8,coughvid_data/d9b0fc2e-4485-4301-b03f-59778a4259d8.wav,coughvid_data/d9b0fc2e-4485-4301-b03f-59778a4259d8.wav,1.0
8465703f-fa4e-4e06-81c3-fdb04765bf11,coughvid_data/8465703f-fa4e-4e06-81c3-fdb04765bf11.wav,coughvid_data/8465703f-fa4e-4e06-81c3-fdb04765bf11.wav,1.0
0febb6ba-39ee-4c6f-b0bb-787cc828cfa1,coughvid_data/0febb6ba-39ee-4c6f-b0bb-787cc828cfa1.wav,coughvid_data/0febb6ba-39ee-4c6f-b0bb-787cc828cfa1.wav,1.0
1c6f6d86-03f0-4671-af19-59369bd2bd26,coughvid_data/1c6f6d86-03f0-4671-af19-59369bd2bd26.wav,coughvid_data/1c6f6d86-03f0-4671-af19-59369bd2bd26.wav,0.0
386b6c92-6ddc-4985-9b75-692427b07735,coughvid_data/386b6c92-6ddc-4985-9b75-692427b07735.wav,coughvid_data/386b6c92-6ddc-4985-9b75-692427b07735.wav,0.0
2b62ea53-93a3-48c6-a2ed-18a0c215e96f,coughvid_data/2b62ea53-93a3-48c6-a2ed-18a0c215e96f.wav,coughvid_data/2b62ea53-93a3-48c6-a2ed-18a0c215e96f.wav,1.0
af9f7e08-fd4f-473d-9f6d-eeb332b6a6c9,coughvid_data/af9f7e08-fd4f-473d-9f6d-eeb332b6a6c9.wav,coughvid_data/af9f7e08-fd4f-473d-9f6d-eeb332b6a6c9.wav,0.0
50aecc94-03c1-4cea-b89c-9a740912baf9,coughvid_data/50aecc94-03c1-4cea-b89c-9a740912baf9.wav,coughvid_data/50aecc94-03c1-4cea-b89c-9a740912baf9.wav,0.0
41ad13a0-4ce1-4f88-a59d-4c615fb79586,coughvid_data/41ad13a0-4ce1-4f88-a59d-4c615fb79586.wav,coughvid_data/41ad13a0-4ce1-4f88-a59d-4c615fb79586.wav,1.0
a0a2f90b-cdbb-41d2-bb82-d943ce8e0e87,coughvid_data/a0a2f90b-cdbb-41d2-bb82-d943ce8e0e87.wav,coughvid_data/a0a2f90b-cdbb-41d2-bb82-d943ce8e0e87.wav,1.0
ef284954-7176-4035-807a-609eeb058b59,coughvid_data/ef284954-7176-4035-807a-609eeb058b59.wav,coughvid_data/ef284954-7176-4035-807a-609eeb058b59.wav,1.0
8985c68f-0fd3-40af-957c-84971d883380,coughvid_data/8985c68f-0fd3-40af-957c-84971d883380.wav,coughvid_data/8985c68f-0fd3-40af-957c-84971d883380.wav,1.0
b9290537-086c-4f37-b484-3d4fcbf6d067,coughvid_data/b9290537-086c-4f37-b484-3d4fcbf6d067.wav,coughvid_data/b9290537-086c-4f37-b484-3d4fcbf6d067.wav,0.0
8a7a47d9-7bcc-4eb2-9b93-bf2bf0eccba8,coughvid_data/8a7a47d9-7bcc-4eb2-9b93-bf2bf0eccba8.wav,coughvid_data/8a7a47d9-7bcc-4eb2-9b93-bf2bf0eccba8.wav,1.0
3e831e76-b1de-4c66-aab4-1386b2b8c8a4,coughvid_data/3e831e76-b1de-4c66-aab4-1386b2b8c8a4.wav,coughvid_data/3e831e76-b1de-4c66-aab4-1386b2b8c8a4.wav,1.0
a664172f-6df4-44db-bfd4-c735f1edc3e6,coughvid_data/a664172f-6df4-44db-bfd4-c735f1edc3e6.wav,coughvid_data/a664172f-6df4-44db-bfd4-c735f1edc3e6.wav,1.0
fb514a8a-88db-4b2e-90b1-699f54cc95e1,coughvid_data/fb514a8a-88db-4b2e-90b1-699f54cc95e1.wav,coughvid_data/fb514a8a-88db-4b2e-90b1-699f54cc95e1.wav,1.0
22b32c52-e236-4203-953e-dc2cf5adf46d,coughvid_data/22b32c52-e236-4203-953e-dc2cf5adf46d.wav,coughvid_data/22b32c52-e236-4203-953e-dc2cf5adf46d.wav,0.0
f4024315-2f10-4142-bd86-8580cf43ac63,coughvid_data/f4024315-2f10-4142-bd86-8580cf43ac63.wav,coughvid_data/f4024315-2f10-4142-bd86-8580cf43ac63.wav,0.0
8f144548-25c2-4c6d-b6d4-071a55d32a90,coughvid_data/8f144548-25c2-4c6d-b6d4-071a55d32a90.wav,coughvid_data/8f144548-25c2-4c6d-b6d4-071a55d32a90.wav,0.0
b3830b7a-6f2c-4896-9654-f49db9ebfcd0,coughvid_data/b3830b7a-6f2c-4896-9654-f49db9ebfcd0.wav,coughvid_data/b3830b7a-6f2c-4896-9654-f49db9ebfcd0.wav,0.0
aa0d68d2-690e-4341-9a83-c041c6abfcea,coughvid_data/aa0d68d2-690e-4341-9a83-c041c6abfcea.wav,coughvid_data/aa0d68d2-690e-4341-9a83-c041c6abfcea.wav,1.0
41d03989-705e-43f2-a2b0-e39a5ac63990,coughvid_data/41d03989-705e-43f2-a2b0-e39a5ac63990.wav,coughvid_data/41d03989-705e-43f2-a2b0-e39a5ac63990.wav,1.0
ab5c625c-4b0e-442e-a777-02a712dc9e28,coughvid_data/ab5c625c-4b0e-442e-a777-02a712dc9e28.wav,coughvid_data/ab5c625c-4b0e-442e-a777-02a712dc9e28.wav,0.0
018b40a1-c109-459a-9e31-86cbd2cb3918,coughvid_data/018b40a1-c109-459a-9e31-86cbd2cb3918.wav,coughvid_data/018b40a1-c109-459a-9e31-86cbd2cb3918.wav,1.0
a310f1b6-a0f9-4ea5-92e6-6b9b9338eec4,coughvid_data/a310f1b6-a0f9-4ea5-92e6-6b9b9338eec4.wav,coughvid_data/a310f1b6-a0f9-4ea5-92e6-6b9b9338eec4.wav,1.0
7c093b83-f93f-46e0-8c94-8a4dd36771d2,coughvid_data/7c093b83-f93f-46e0-8c94-8a4dd36771d2.wav,coughvid_data/7c093b83-f93f-46e0-8c94-8a4dd36771d2.wav,0.0
29e5de83-ab38-4464-9374-66a575c03561,coughvid_data/29e5de83-ab38-4464-9374-66a575c03561.wav,coughvid_data/29e5de83-ab38-4464-9374-66a575c03561.wav,0.0
14dd7571-fbc1-4881-9ddb-3efb3ccef40a,coughvid_data/14dd7571-fbc1-4881-9ddb-3efb3ccef40a.wav,coughvid_data/14dd7571-fbc1-4881-9ddb-3efb3ccef40a.wav,1.0
a4179be0-6258-448c-86db-6c84e15063bc,coughvid_data/a4179be0-6258-448c-86db-6c84e15063bc.wav,coughvid_data/a4179be0-6258-448c-86db-6c84e15063bc.wav,0.0
842a7cd1-acc9-4ea2-ae30-73b79c5bb8de,coughvid_data/842a7cd1-acc9-4ea2-ae30-73b79c5bb8de.wav,coughvid_data/842a7cd1-acc9-4ea2-ae30-73b79c5bb8de.wav,0.0
4e7b4f0a-33b6-456e-a204-cfa99074a9e3,coughvid_data/4e7b4f0a-33b6-456e-a204-cfa99074a9e3.wav,coughvid_data/4e7b4f0a-33b6-456e-a204-cfa99074a9e3.wav,0.0
f0bcf37a-4766-4cc0-a4d3-13a6e1343103,coughvid_data/f0bcf37a-4766-4cc0-a4d3-13a6e1343103.wav,coughvid_data/f0bcf37a-4766-4cc0-a4d3-13a6e1343103.wav,1.0
2bef1ec6-0d3a-4d4a-bf7f-dcd2d1d834c9,coughvid_data/2bef1ec6-0d3a-4d4a-bf7f-dcd2d1d834c9.wav,coughvid_data/2bef1ec6-0d3a-4d4a-bf7f-dcd2d1d834c9.wav,0.0
c23617dd-b435-43d8-ac2b-19a475098145,coughvid_data/c23617dd-b435-43d8-ac2b-19a475098145.wav,coughvid_data/c23617dd-b435-43d8-ac2b-19a475098145.wav,0.0
15e23155-797b-40bb-a582-403e1827ec13,coughvid_data/15e23155-797b-40bb-a582-403e1827ec13.wav,coughvid_data/15e23155-797b-40bb-a582-403e1827ec13.wav,0.0
bd0695b5-288b-46d3-a4b9-ed3623c9b950,coughvid_data/bd0695b5-288b-46d3-a4b9-ed3623c9b950.wav,coughvid_data/bd0695b5-288b-46d3-a4b9-ed3623c9b950.wav,1.0
5dc8f469-9b67-4e4d-8bcc-539f1a258f41,coughvid_data/5dc8f469-9b67-4e4d-8bcc-539f1a258f41.wav,coughvid_data/5dc8f469-9b67-4e4d-8bcc-539f1a258f41.wav,0.0
22c68fe7-f409-4605-a5c4-a5e3938bd841,coughvid_data/22c68fe7-f409-4605-a5c4-a5e3938bd841.wav,coughvid_data/22c68fe7-f409-4605-a5c4-a5e3938bd841.wav,0.0
67dd195e-96e9-4a93-a065-6b4e40d6151e,coughvid_data/67dd195e-96e9-4a93-a065-6b4e40d6151e.wav,coughvid_data/67dd195e-96e9-4a93-a065-6b4e40d6151e.wav,1.0
1f292253-394e-4fd1-b43e-81289c1f1832,coughvid_data/1f292253-394e-4fd1-b43e-81289c1f1832.wav,coughvid_data/1f292253-394e-4fd1-b43e-81289c1f1832.wav,0.0
679b9514-136b-4085-bc34-495fa4230186,coughvid_data/679b9514-136b-4085-bc34-495fa4230186.wav,coughvid_data/679b9514-136b-4085-bc34-495fa4230186.wav,1.0
acd3adc4-4f5c-4144-8dd6-3ea2063845db,coughvid_data/acd3adc4-4f5c-4144-8dd6-3ea2063845db.wav,coughvid_data/acd3adc4-4f5c-4144-8dd6-3ea2063845db.wav,1.0
380a7aa4-d356-46e1-b31c-45aee4f3f126,coughvid_data/380a7aa4-d356-46e1-b31c-45aee4f3f126.wav,coughvid_data/380a7aa4-d356-46e1-b31c-45aee4f3f126.wav,0.0
ac58f3b7-fbab-4bf6-a85c-7e7548c2530d,coughvid_data/ac58f3b7-fbab-4bf6-a85c-7e7548c2530d.wav,coughvid_data/ac58f3b7-fbab-4bf6-a85c-7e7548c2530d.wav,1.0
0315e320-270c-4caf-8d99-1c0f603f112d,coughvid_data/0315e320-270c-4caf-8d99-1c0f603f112d.wav,coughvid_data/0315e320-270c-4caf-8d99-1c0f603f112d.wav,0.0
45bf949c-2bb7-4235-a5e3-638a3aeb3de7,coughvid_data/45bf949c-2bb7-4235-a5e3-638a3aeb3de7.wav,coughvid_data/45bf949c-2bb7-4235-a5e3-638a3aeb3de7.wav,0.0
3d59b0a0-339a-4a50-a045-01513b114a92,coughvid_data/3d59b0a0-339a-4a50-a045-01513b114a92.wav,coughvid_data/3d59b0a0-339a-4a50-a045-01513b114a92.wav,0.0
2c7e112d-01a2-4a11-8e82-54c9b81fc007,coughvid_data/2c7e112d-01a2-4a11-8e82-54c9b81fc007.wav,coughvid_data/2c7e112d-01a2-4a11-8e82-54c9b81fc007.wav,1.0
ca0ac59b-badd-4178-bd56-258c761760eb,coughvid_data/ca0ac59b-badd-4178-bd56-258c761760eb.wav,coughvid_data/ca0ac59b-badd-4178-bd56-258c761760eb.wav,1.0
feb52c0e-de52-4706-aded-d9dcefcea62d,coughvid_data/feb52c0e-de52-4706-aded-d9dcefcea62d.wav,coughvid_data/feb52c0e-de52-4706-aded-d9dcefcea62d.wav,0.0
6816fa8c-2bd4-4be4-bbb0-d18a397f99e5,coughvid_data/6816fa8c-2bd4-4be4-bbb0-d18a397f99e5.wav,coughvid_data/6816fa8c-2bd4-4be4-bbb0-d18a397f99e5.wav,1.0
ab94e758-d927-4686-8641-faf90cdf275f,coughvid_data/ab94e758-d927-4686-8641-faf90cdf275f.wav,coughvid_data/ab94e758-d927-4686-8641-faf90cdf275f.wav,0.0
82aa4c8c-a5db-4049-885e-99137cef8e6b,coughvid_data/82aa4c8c-a5db-4049-885e-99137cef8e6b.wav,coughvid_data/82aa4c8c-a5db-4049-885e-99137cef8e6b.wav,0.0
719cc92a-12e7-4640-a022-1a3d12bcdbd0,coughvid_data/719cc92a-12e7-4640-a022-1a3d12bcdbd0.wav,coughvid_data/719cc92a-12e7-4640-a022-1a3d12bcdbd0.wav,0.0
8ef15a0c-d042-46e9-9ff6-990a6d00674a,coughvid_data/8ef15a0c-d042-46e9-9ff6-990a6d00674a.wav,coughvid_data/8ef15a0c-d042-46e9-9ff6-990a6d00674a.wav,0.0
5213cce6-47f4-42e5-b395-7c9a3a32059c,coughvid_data/5213cce6-47f4-42e5-b395-7c9a3a32059c.wav,coughvid_data/5213cce6-47f4-42e5-b395-7c9a3a32059c.wav,0.0
d481162d-69cf-4e24-9904-64a64edd5553,coughvid_data/d481162d-69cf-4e24-9904-64a64edd5553.wav,coughvid_data/d481162d-69cf-4e24-9904-64a64edd5553.wav,1.0
fb78a594-e9ae-49ec-90a2-a58e70adeb38,coughvid_data/fb78a594-e9ae-49ec-90a2-a58e70adeb38.wav,coughvid_data/fb78a594-e9ae-49ec-90a2-a58e70adeb38.wav,0.0
f5f5b71b-4892-4b9f-9660-54562921acd8,coughvid_data/f5f5b71b-4892-4b9f-9660-54562921acd8.wav,coughvid_data/f5f5b71b-4892-4b9f-9660-54562921acd8.wav,1.0
32e0d942-2ca3-4073-8f98-0f03e105db96,coughvid_data/32e0d942-2ca3-4073-8f98-0f03e105db96.wav,coughvid_data/32e0d942-2ca3-4073-8f98-0f03e105db96.wav,0.0
f9bc52a5-b269-40c7-b372-c1814084b7f0,coughvid_data/f9bc52a5-b269-40c7-b372-c1814084b7f0.wav,coughvid_data/f9bc52a5-b269-40c7-b372-c1814084b7f0.wav,1.0
646343a6-de08-480a-8e46-35df3d2379c9,coughvid_data/646343a6-de08-480a-8e46-35df3d2379c9.wav,coughvid_data/646343a6-de08-480a-8e46-35df3d2379c9.wav,1.0
6d2c787c-ff7e-452f-84b9-206132fddc09,coughvid_data/6d2c787c-ff7e-452f-84b9-206132fddc09.wav,coughvid_data/6d2c787c-ff7e-452f-84b9-206132fddc09.wav,0.0
1a7c28e0-07f2-40a9-bf19-7242cc605aed,coughvid_data/1a7c28e0-07f2-40a9-bf19-7242cc605aed.wav,coughvid_data/1a7c28e0-07f2-40a9-bf19-7242cc605aed.wav,1.0
325c665f-d97e-40f8-a9c2-736c0b0f84bf,coughvid_data/325c665f-d97e-40f8-a9c2-736c0b0f84bf.wav,coughvid_data/325c665f-d97e-40f8-a9c2-736c0b0f84bf.wav,1.0
29f51d0c-b615-4c5b-9425-ad7607de0a60,coughvid_data/29f51d0c-b615-4c5b-9425-ad7607de0a60.wav,coughvid_data/29f51d0c-b615-4c5b-9425-ad7607de0a60.wav,1.0
6d771331-87e8-4d57-a46d-0ee536c75299,coughvid_data/6d771331-87e8-4d57-a46d-0ee536c75299.wav,coughvid_data/6d771331-87e8-4d57-a46d-0ee536c75299.wav,1.0
29eea906-8f99-4656-84ed-f6a42dcc2d6c,coughvid_data/29eea906-8f99-4656-84ed-f6a42dcc2d6c.wav,coughvid_data/29eea906-8f99-4656-84ed-f6a42dcc2d6c.wav,0.0
64bfcacf-96a1-4768-aa59-baaf52880df8,coughvid_data/64bfcacf-96a1-4768-aa59-baaf52880df8.wav,coughvid_data/64bfcacf-96a1-4768-aa59-baaf52880df8.wav,1.0
57263117-e5ef-4d4c-b678-cec8095c7e0d,coughvid_data/57263117-e5ef-4d4c-b678-cec8095c7e0d.wav,coughvid_data/57263117-e5ef-4d4c-b678-cec8095c7e0d.wav,1.0
10c6a95a-394a-4d91-aede-2b7607f84ad9,coughvid_data/10c6a95a-394a-4d91-aede-2b7607f84ad9.wav,coughvid_data/10c6a95a-394a-4d91-aede-2b7607f84ad9.wav,0.0
f236c327-4279-4f77-b25a-eed6afbe03b0,coughvid_data/f236c327-4279-4f77-b25a-eed6afbe03b0.wav,coughvid_data/f236c327-4279-4f77-b25a-eed6afbe03b0.wav,1.0
cdd182cb-b403-4e23-b5f1-10aa77a125a6,coughvid_data/cdd182cb-b403-4e23-b5f1-10aa77a125a6.wav,coughvid_data/cdd182cb-b403-4e23-b5f1-10aa77a125a6.wav,0.0
d0696de4-4a39-47bc-9230-8c9bf48c8cf2,coughvid_data/d0696de4-4a39-47bc-9230-8c9bf48c8cf2.wav,coughvid_data/d0696de4-4a39-47bc-9230-8c9bf48c8cf2.wav,0.0
650d3d22-80d2-4fb0-965d-672c0c1e1812,coughvid_data/650d3d22-80d2-4fb0-965d-672c0c1e1812.wav,coughvid_data/650d3d22-80d2-4fb0-965d-672c0c1e1812.wav,0.0
ba690487-2d90-4b2a-9545-602dd1e6716f,coughvid_data/ba690487-2d90-4b2a-9545-602dd1e6716f.wav,coughvid_data/ba690487-2d90-4b2a-9545-602dd1e6716f.wav,0.0
4f6371ff-91ba-4829-808b-cef70747b6eb,coughvid_data/4f6371ff-91ba-4829-808b-cef70747b6eb.wav,coughvid_data/4f6371ff-91ba-4829-808b-cef70747b6eb.wav,1.0
045eb02b-8fff-4e2a-af69-3f1e6e300314,coughvid_data/045eb02b-8fff-4e2a-af69-3f1e6e300314.wav,coughvid_data/045eb02b-8fff-4e2a-af69-3f1e6e300314.wav,1.0
f7f1b3e7-04a3-4e26-9e20-d4c4a159ce28,coughvid_data/f7f1b3e7-04a3-4e26-9e20-d4c4a159ce28.wav,coughvid_data/f7f1b3e7-04a3-4e26-9e20-d4c4a159ce28.wav,1.0
1cac5494-698b-4c86-af4a-7f08aaf8037b,coughvid_data/1cac5494-698b-4c86-af4a-7f08aaf8037b.wav,coughvid_data/1cac5494-698b-4c86-af4a-7f08aaf8037b.wav,1.0
5dcbf546-5c72-4748-adc9-481cbe8a1728,coughvid_data/5dcbf546-5c72-4748-adc9-481cbe8a1728.wav,coughvid_data/5dcbf546-5c72-4748-adc9-481cbe8a1728.wav,1.0
a9b4ba7d-ccba-4557-ac67-04824a48fce6,coughvid_data/a9b4ba7d-ccba-4557-ac67-04824a48fce6.wav,coughvid_data/a9b4ba7d-ccba-4557-ac67-04824a48fce6.wav,0.0
5623aa27-cd59-414f-ba92-b4f785bf463a,coughvid_data/5623aa27-cd59-414f-ba92-b4f785bf463a.wav,coughvid_data/5623aa27-cd59-414f-ba92-b4f785bf463a.wav,1.0
3cc2a34e-069a-46f2-a313-3153c1a79439,coughvid_data/3cc2a34e-069a-46f2-a313-3153c1a79439.wav,coughvid_data/3cc2a34e-069a-46f2-a313-3153c1a79439.wav,0.0
1284866a-8849-47f9-96bf-ffc2e1db9305,coughvid_data/1284866a-8849-47f9-96bf-ffc2e1db9305.wav,coughvid_data/1284866a-8849-47f9-96bf-ffc2e1db9305.wav,1.0
430bd6fb-6f6b-4975-9a6f-27038c911462,coughvid_data/430bd6fb-6f6b-4975-9a6f-27038c911462.wav,coughvid_data/430bd6fb-6f6b-4975-9a6f-27038c911462.wav,0.0
d058d461-eea0-4824-a324-f91c5d4e84be,coughvid_data/d058d461-eea0-4824-a324-f91c5d4e84be.wav,coughvid_data/d058d461-eea0-4824-a324-f91c5d4e84be.wav,1.0
43fd27cb-a221-4f0c-9874-41ec007311a9,coughvid_data/43fd27cb-a221-4f0c-9874-41ec007311a9.wav,coughvid_data/43fd27cb-a221-4f0c-9874-41ec007311a9.wav,0.0
a7c97882-8df1-4a54-aaca-694bbdf4ac95,coughvid_data/a7c97882-8df1-4a54-aaca-694bbdf4ac95.wav,coughvid_data/a7c97882-8df1-4a54-aaca-694bbdf4ac95.wav,1.0
d274f4f0-49c0-4ac9-91d5-05ad3c661a83,coughvid_data/d274f4f0-49c0-4ac9-91d5-05ad3c661a83.wav,coughvid_data/d274f4f0-49c0-4ac9-91d5-05ad3c661a83.wav,1.0
503ed30f-5511-4783-a457-bd19571855b8,coughvid_data/503ed30f-5511-4783-a457-bd19571855b8.wav,coughvid_data/503ed30f-5511-4783-a457-bd19571855b8.wav,0.0
04ccec17-82e0-4393-838d-923e3f6a0ad4,coughvid_data/04ccec17-82e0-4393-838d-923e3f6a0ad4.wav,coughvid_data/04ccec17-82e0-4393-838d-923e3f6a0ad4.wav,1.0
063013e3-a63f-40b5-97dc-b2e1de393b00,coughvid_data/063013e3-a63f-40b5-97dc-b2e1de393b00.wav,coughvid_data/063013e3-a63f-40b5-97dc-b2e1de393b00.wav,1.0
11512a8c-3234-41fd-ac30-047c13aff813,coughvid_data/11512a8c-3234-41fd-ac30-047c13aff813.wav,coughvid_data/11512a8c-3234-41fd-ac30-047c13aff813.wav,0.0
8fd548f8-983a-4a66-bf78-7582bb556c51,coughvid_data/8fd548f8-983a-4a66-bf78-7582bb556c51.wav,coughvid_data/8fd548f8-983a-4a66-bf78-7582bb556c51.wav,0.0
989ceff6-e446-42cf-b97f-523dc2b5fcd6,coughvid_data/989ceff6-e446-42cf-b97f-523dc2b5fcd6.wav,coughvid_data/989ceff6-e446-42cf-b97f-523dc2b5fcd6.wav,1.0
3fa14206-a29a-44d8-8932-7946460ff5de,coughvid_data/3fa14206-a29a-44d8-8932-7946460ff5de.wav,coughvid_data/3fa14206-a29a-44d8-8932-7946460ff5de.wav,0.0
d1354505-2ab7-451f-8217-e1654412a21e,coughvid_data/d1354505-2ab7-451f-8217-e1654412a21e.wav,coughvid_data/d1354505-2ab7-451f-8217-e1654412a21e.wav,0.0
6a844f29-733f-429d-ab56-88c6d918e59e,coughvid_data/6a844f29-733f-429d-ab56-88c6d918e59e.wav,coughvid_data/6a844f29-733f-429d-ab56-88c6d918e59e.wav,1.0
0fd2c85a-d773-4f5f-bcee-c793bb29a2ca,coughvid_data/0fd2c85a-d773-4f5f-bcee-c793bb29a2ca.wav,coughvid_data/0fd2c85a-d773-4f5f-bcee-c793bb29a2ca.wav,0.0
dd18fdff-8792-4284-9a59-6988cbadf193,coughvid_data/dd18fdff-8792-4284-9a59-6988cbadf193.wav,coughvid_data/dd18fdff-8792-4284-9a59-6988cbadf193.wav,0.0
24787267-a449-466d-ad72-592c5ebff82b,coughvid_data/24787267-a449-466d-ad72-592c5ebff82b.wav,coughvid_data/24787267-a449-466d-ad72-592c5ebff82b.wav,1.0
af67d580-8d20-43f6-b798-5f584ad1c83e,coughvid_data/af67d580-8d20-43f6-b798-5f584ad1c83e.wav,coughvid_data/af67d580-8d20-43f6-b798-5f584ad1c83e.wav,0.0
2829544c-b68d-4d39-b52c-d3b10b74f6dc,coughvid_data/2829544c-b68d-4d39-b52c-d3b10b74f6dc.wav,coughvid_data/2829544c-b68d-4d39-b52c-d3b10b74f6dc.wav,0.0
4a5894f6-697a-454f-a2f7-eb2d9261d783,coughvid_data/4a5894f6-697a-454f-a2f7-eb2d9261d783.wav,coughvid_data/4a5894f6-697a-454f-a2f7-eb2d9261d783.wav,1.0
7cd1efb7-e973-492d-8a2c-e00a42ef0d78,coughvid_data/7cd1efb7-e973-492d-8a2c-e00a42ef0d78.wav,coughvid_data/7cd1efb7-e973-492d-8a2c-e00a42ef0d78.wav,1.0
1e4aef1f-a0d0-414b-8f09-b588a455111c,coughvid_data/1e4aef1f-a0d0-414b-8f09-b588a455111c.wav,coughvid_data/1e4aef1f-a0d0-414b-8f09-b588a455111c.wav,1.0
e5327995-253e-4303-b894-dfe6e4f7e471,coughvid_data/e5327995-253e-4303-b894-dfe6e4f7e471.wav,coughvid_data/e5327995-253e-4303-b894-dfe6e4f7e471.wav,1.0
0434bfff-4965-4500-9e0a-380a236cbc73,coughvid_data/0434bfff-4965-4500-9e0a-380a236cbc73.wav,coughvid_data/0434bfff-4965-4500-9e0a-380a236cbc73.wav,0.0
c641b45f-dd4a-489b-9aa9-0553d12e7fd4,coughvid_data/c641b45f-dd4a-489b-9aa9-0553d12e7fd4.wav,coughvid_data/c641b45f-dd4a-489b-9aa9-0553d12e7fd4.wav,0.0
f5672ea2-7bf8-45c5-ab92-197b7ad4406f,coughvid_data/f5672ea2-7bf8-45c5-ab92-197b7ad4406f.wav,coughvid_data/f5672ea2-7bf8-45c5-ab92-197b7ad4406f.wav,0.0
628ac1b2-1e67-4afe-b2c0-df4a39010e75,coughvid_data/628ac1b2-1e67-4afe-b2c0-df4a39010e75.wav,coughvid_data/628ac1b2-1e67-4afe-b2c0-df4a39010e75.wav,0.0
1b202aa0-1bf2-4117-ade4-a0f77450191e,coughvid_data/1b202aa0-1bf2-4117-ade4-a0f77450191e.wav,coughvid_data/1b202aa0-1bf2-4117-ade4-a0f77450191e.wav,0.0
5e92f7a8-e443-4d3f-8828-f47f82c75b91,coughvid_data/5e92f7a8-e443-4d3f-8828-f47f82c75b91.wav,coughvid_data/5e92f7a8-e443-4d3f-8828-f47f82c75b91.wav,0.0
6e3ee7eb-203a-430e-967c-c8be5ec89b52,coughvid_data/6e3ee7eb-203a-430e-967c-c8be5ec89b52.wav,coughvid_data/6e3ee7eb-203a-430e-967c-c8be5ec89b52.wav,0.0
3d91d96d-ccfa-42a1-830d-569ad49d9161,coughvid_data/3d91d96d-ccfa-42a1-830d-569ad49d9161.wav,coughvid_data/3d91d96d-ccfa-42a1-830d-569ad49d9161.wav,0.0
d3cbcc4e-f117-4f28-ba88-9ae1e38423c2,coughvid_data/d3cbcc4e-f117-4f28-ba88-9ae1e38423c2.wav,coughvid_data/d3cbcc4e-f117-4f28-ba88-9ae1e38423c2.wav,0.0
a0fbf0df-45d2-4c28-a02d-cc294fb8f8fe,coughvid_data/a0fbf0df-45d2-4c28-a02d-cc294fb8f8fe.wav,coughvid_data/a0fbf0df-45d2-4c28-a02d-cc294fb8f8fe.wav,1.0
27d02358-2614-45e5-aeb7-78974650596d,coughvid_data/27d02358-2614-45e5-aeb7-78974650596d.wav,coughvid_data/27d02358-2614-45e5-aeb7-78974650596d.wav,1.0
0f88167b-7389-4146-8d0c-6c149bd579ad,coughvid_data/0f88167b-7389-4146-8d0c-6c149bd579ad.wav,coughvid_data/0f88167b-7389-4146-8d0c-6c149bd579ad.wav,0.0
dc3761b5-ce81-4ec8-bd7c-da5ef5c267ef,coughvid_data/dc3761b5-ce81-4ec8-bd7c-da5ef5c267ef.wav,coughvid_data/dc3761b5-ce81-4ec8-bd7c-da5ef5c267ef.wav,1.0
51dc02cb-6737-4a4c-a466-d7341d0c048b,coughvid_data/51dc02cb-6737-4a4c-a466-d7341d0c048b.wav,coughvid_data/51dc02cb-6737-4a4c-a466-d7341d0c048b.wav,1.0
d446bc98-e79e-41a7-9311-010b43c3f943,coughvid_data/d446bc98-e79e-41a7-9311-010b43c3f943.wav,coughvid_data/d446bc98-e79e-41a7-9311-010b43c3f943.wav,1.0
3102ce6e-8912-4dbd-be73-a8bc5b2ec5aa,coughvid_data/3102ce6e-8912-4dbd-be73-a8bc5b2ec5aa.wav,coughvid_data/3102ce6e-8912-4dbd-be73-a8bc5b2ec5aa.wav,1.0
fa5a2353-99a5-4b55-b33c-3075fc559a5f,coughvid_data/fa5a2353-99a5-4b55-b33c-3075fc559a5f.wav,coughvid_data/fa5a2353-99a5-4b55-b33c-3075fc559a5f.wav,1.0
377c3a4c-b901-49c0-9337-e87560b523d4,coughvid_data/377c3a4c-b901-49c0-9337-e87560b523d4.wav,coughvid_data/377c3a4c-b901-49c0-9337-e87560b523d4.wav,1.0
0537bff1-3559-41a7-9ac3-b050130bf82b,coughvid_data/0537bff1-3559-41a7-9ac3-b050130bf82b.wav,coughvid_data/0537bff1-3559-41a7-9ac3-b050130bf82b.wav,1.0
7128ea6f-132c-4145-be3c-14835076c5f4,coughvid_data/7128ea6f-132c-4145-be3c-14835076c5f4.wav,coughvid_data/7128ea6f-132c-4145-be3c-14835076c5f4.wav,1.0
3a85240c-0310-48c8-aef7-2337fbbbf168,coughvid_data/3a85240c-0310-48c8-aef7-2337fbbbf168.wav,coughvid_data/3a85240c-0310-48c8-aef7-2337fbbbf168.wav,0.0
ec497704-7e20-443a-a27f-9ce1926cc50a,coughvid_data/ec497704-7e20-443a-a27f-9ce1926cc50a.wav,coughvid_data/ec497704-7e20-443a-a27f-9ce1926cc50a.wav,0.0
f7573133-cd3a-4599-9521-7a6b913b2c2e,coughvid_data/f7573133-cd3a-4599-9521-7a6b913b2c2e.wav,coughvid_data/f7573133-cd3a-4599-9521-7a6b913b2c2e.wav,0.0
f328d336-526b-4800-b64f-bbe465f63e55,coughvid_data/f328d336-526b-4800-b64f-bbe465f63e55.wav,coughvid_data/f328d336-526b-4800-b64f-bbe465f63e55.wav,0.0
8d8fefd0-c5da-4edf-99c7-aac27903136f,coughvid_data/8d8fefd0-c5da-4edf-99c7-aac27903136f.wav,coughvid_data/8d8fefd0-c5da-4edf-99c7-aac27903136f.wav,1.0
8fabea14-ffb2-4f3d-97ee-248701d231ac,coughvid_data/8fabea14-ffb2-4f3d-97ee-248701d231ac.wav,coughvid_data/8fabea14-ffb2-4f3d-97ee-248701d231ac.wav,1.0
f11703c1-edf4-4559-9ef6-ef3932bdcb6b,coughvid_data/f11703c1-edf4-4559-9ef6-ef3932bdcb6b.wav,coughvid_data/f11703c1-edf4-4559-9ef6-ef3932bdcb6b.wav,1.0
7e992977-5538-4c10-9bf8-a3dd5c33db36,coughvid_data/7e992977-5538-4c10-9bf8-a3dd5c33db36.wav,coughvid_data/7e992977-5538-4c10-9bf8-a3dd5c33db36.wav,1.0
5c5864ca-809d-41ca-8256-469c893f01a6,coughvid_data/5c5864ca-809d-41ca-8256-469c893f01a6.wav,coughvid_data/5c5864ca-809d-41ca-8256-469c893f01a6.wav,1.0
e27d0acd-a070-434b-8ecd-19415fe58f80,coughvid_data/e27d0acd-a070-434b-8ecd-19415fe58f80.wav,coughvid_data/e27d0acd-a070-434b-8ecd-19415fe58f80.wav,1.0
b374149f-cdc9-4865-9151-e229bb0ab98b,coughvid_data/b374149f-cdc9-4865-9151-e229bb0ab98b.wav,coughvid_data/b374149f-cdc9-4865-9151-e229bb0ab98b.wav,1.0
3ed2036a-8a4f-4b7a-b1fe-c5e22e6c9789,coughvid_data/3ed2036a-8a4f-4b7a-b1fe-c5e22e6c9789.wav,coughvid_data/3ed2036a-8a4f-4b7a-b1fe-c5e22e6c9789.wav,0.0
8188cef8-914c-4562-ab10-790fe791d616,coughvid_data/8188cef8-914c-4562-ab10-790fe791d616.wav,coughvid_data/8188cef8-914c-4562-ab10-790fe791d616.wav,0.0
ae38a0de-dda5-489d-b76c-1d3401119fba,coughvid_data/ae38a0de-dda5-489d-b76c-1d3401119fba.wav,coughvid_data/ae38a0de-dda5-489d-b76c-1d3401119fba.wav,1.0
640d0cda-4eab-4e22-a81b-ee3fabadc944,coughvid_data/640d0cda-4eab-4e22-a81b-ee3fabadc944.wav,coughvid_data/640d0cda-4eab-4e22-a81b-ee3fabadc944.wav,0.0
febdf2fe-4de1-4b2c-a095-12de1a9a6e2b,coughvid_data/febdf2fe-4de1-4b2c-a095-12de1a9a6e2b.wav,coughvid_data/febdf2fe-4de1-4b2c-a095-12de1a9a6e2b.wav,1.0
c1ace200-b01f-4b5c-8c83-4c2d3ced9932,coughvid_data/c1ace200-b01f-4b5c-8c83-4c2d3ced9932.wav,coughvid_data/c1ace200-b01f-4b5c-8c83-4c2d3ced9932.wav,0.0
bd720b02-352c-497c-a23c-e4dc6546273b,coughvid_data/bd720b02-352c-497c-a23c-e4dc6546273b.wav,coughvid_data/bd720b02-352c-497c-a23c-e4dc6546273b.wav,1.0
321187d2-8bfd-4cba-972f-b009eda4f4fa,coughvid_data/321187d2-8bfd-4cba-972f-b009eda4f4fa.wav,coughvid_data/321187d2-8bfd-4cba-972f-b009eda4f4fa.wav,0.0
856276d2-b6c1-4170-a846-75109bd4f961,coughvid_data/856276d2-b6c1-4170-a846-75109bd4f961.wav,coughvid_data/856276d2-b6c1-4170-a846-75109bd4f961.wav,0.0
9621f148-8e9b-4697-9d2e-6b82d96295a8,coughvid_data/9621f148-8e9b-4697-9d2e-6b82d96295a8.wav,coughvid_data/9621f148-8e9b-4697-9d2e-6b82d96295a8.wav,1.0
86d1ba6c-13ca-4dad-a74f-a0006df7a605,coughvid_data/86d1ba6c-13ca-4dad-a74f-a0006df7a605.wav,coughvid_data/86d1ba6c-13ca-4dad-a74f-a0006df7a605.wav,1.0
46426fe2-df73-4109-81ec-e62b49d8b626,coughvid_data/46426fe2-df73-4109-81ec-e62b49d8b626.wav,coughvid_data/46426fe2-df73-4109-81ec-e62b49d8b626.wav,1.0
1852fc61-baca-4d3f-a645-c685762acff2,coughvid_data/1852fc61-baca-4d3f-a645-c685762acff2.wav,coughvid_data/1852fc61-baca-4d3f-a645-c685762acff2.wav,0.0
5a8a32a9-cb53-4cdc-bb9a-3c1e77bf91ca,coughvid_data/5a8a32a9-cb53-4cdc-bb9a-3c1e77bf91ca.wav,coughvid_data/5a8a32a9-cb53-4cdc-bb9a-3c1e77bf91ca.wav,1.0
1922dc2d-2ac5-44a9-8c64-d649049f2fc9,coughvid_data/1922dc2d-2ac5-44a9-8c64-d649049f2fc9.wav,coughvid_data/1922dc2d-2ac5-44a9-8c64-d649049f2fc9.wav,0.0
5bcb66a6-ed26-45fc-a0a1-c7286a01de66,coughvid_data/5bcb66a6-ed26-45fc-a0a1-c7286a01de66.wav,coughvid_data/5bcb66a6-ed26-45fc-a0a1-c7286a01de66.wav,1.0
6952aa83-14ab-4f59-825d-97f2ec7326e0,coughvid_data/6952aa83-14ab-4f59-825d-97f2ec7326e0.wav,coughvid_data/6952aa83-14ab-4f59-825d-97f2ec7326e0.wav,1.0
8f9e36e2-8b15-4c96-b931-7223c77ea191,coughvid_data/8f9e36e2-8b15-4c96-b931-7223c77ea191.wav,coughvid_data/8f9e36e2-8b15-4c96-b931-7223c77ea191.wav,0.0
941dd172-54e4-4d99-8f6a-73412ae06acb,coughvid_data/941dd172-54e4-4d99-8f6a-73412ae06acb.wav,coughvid_data/941dd172-54e4-4d99-8f6a-73412ae06acb.wav,1.0
69d6e0e2-ce53-440e-a020-21ba93213cd2,coughvid_data/69d6e0e2-ce53-440e-a020-21ba93213cd2.wav,coughvid_data/69d6e0e2-ce53-440e-a020-21ba93213cd2.wav,1.0
a3d7435f-b364-4ad4-b506-8cd63c7378c3,coughvid_data/a3d7435f-b364-4ad4-b506-8cd63c7378c3.wav,coughvid_data/a3d7435f-b364-4ad4-b506-8cd63c7378c3.wav,1.0
d7de9778-2a75-4e0e-accf-366b20cd1969,coughvid_data/d7de9778-2a75-4e0e-accf-366b20cd1969.wav,coughvid_data/d7de9778-2a75-4e0e-accf-366b20cd1969.wav,1.0
63c67b44-ece3-48b1-a093-6a22803a8a67,coughvid_data/63c67b44-ece3-48b1-a093-6a22803a8a67.wav,coughvid_data/63c67b44-ece3-48b1-a093-6a22803a8a67.wav,0.0
1080b72c-f243-4e5d-96e5-a9c12c0eaed0,coughvid_data/1080b72c-f243-4e5d-96e5-a9c12c0eaed0.wav,coughvid_data/1080b72c-f243-4e5d-96e5-a9c12c0eaed0.wav,1.0
970b0f9f-15dd-4eb3-b86b-0660251e1188,coughvid_data/970b0f9f-15dd-4eb3-b86b-0660251e1188.wav,coughvid_data/970b0f9f-15dd-4eb3-b86b-0660251e1188.wav,1.0
793a1a51-7759-42c9-a783-332f9e7880ff,coughvid_data/793a1a51-7759-42c9-a783-332f9e7880ff.wav,coughvid_data/793a1a51-7759-42c9-a783-332f9e7880ff.wav,1.0
02909ffd-16cb-47d6-9592-b30b1558227f,coughvid_data/02909ffd-16cb-47d6-9592-b30b1558227f.wav,coughvid_data/02909ffd-16cb-47d6-9592-b30b1558227f.wav,1.0
ce5b0eca-7460-45b0-a409-48763fe98e9c,coughvid_data/ce5b0eca-7460-45b0-a409-48763fe98e9c.wav,coughvid_data/ce5b0eca-7460-45b0-a409-48763fe98e9c.wav,0.0
18e5cae9-a4f9-4a69-be7d-b6e31d4d8193,coughvid_data/18e5cae9-a4f9-4a69-be7d-b6e31d4d8193.wav,coughvid_data/18e5cae9-a4f9-4a69-be7d-b6e31d4d8193.wav,0.0
1345f6e1-03f8-4645-88d8-8babc7a235a5,coughvid_data/1345f6e1-03f8-4645-88d8-8babc7a235a5.wav,coughvid_data/1345f6e1-03f8-4645-88d8-8babc7a235a5.wav,0.0
5692855e-3ccd-46df-a411-1141e1f586fd,coughvid_data/5692855e-3ccd-46df-a411-1141e1f586fd.wav,coughvid_data/5692855e-3ccd-46df-a411-1141e1f586fd.wav,0.0
4c1f7f40-ec20-487c-97bd-9f9cd9ed048f,coughvid_data/4c1f7f40-ec20-487c-97bd-9f9cd9ed048f.wav,coughvid_data/4c1f7f40-ec20-487c-97bd-9f9cd9ed048f.wav,1.0
500cce99-518a-4f62-a565-69aad37a0b96,coughvid_data/500cce99-518a-4f62-a565-69aad37a0b96.wav,coughvid_data/500cce99-518a-4f62-a565-69aad37a0b96.wav,0.0
0ebdaa61-c15c-4a08-9ea2-b0b44e5778cc,coughvid_data/0ebdaa61-c15c-4a08-9ea2-b0b44e5778cc.wav,coughvid_data/0ebdaa61-c15c-4a08-9ea2-b0b44e5778cc.wav,0.0
b1ddcad3-7f53-417a-862c-84066d72e140,coughvid_data/b1ddcad3-7f53-417a-862c-84066d72e140.wav,coughvid_data/b1ddcad3-7f53-417a-862c-84066d72e140.wav,1.0
21cb311a-50ff-4e13-8c0b-6f589c774098,coughvid_data/21cb311a-50ff-4e13-8c0b-6f589c774098.wav,coughvid_data/21cb311a-50ff-4e13-8c0b-6f589c774098.wav,0.0
e1a306de-7bf7-4915-a624-17a9263354b3,coughvid_data/e1a306de-7bf7-4915-a624-17a9263354b3.wav,coughvid_data/e1a306de-7bf7-4915-a624-17a9263354b3.wav,0.0
b05c38d9-dfaf-4a80-a346-37e123726f99,coughvid_data/b05c38d9-dfaf-4a80-a346-37e123726f99.wav,coughvid_data/b05c38d9-dfaf-4a80-a346-37e123726f99.wav,0.0
0a8b9e55-2ac6-419b-8551-f6efc3380d6e,coughvid_data/0a8b9e55-2ac6-419b-8551-f6efc3380d6e.wav,coughvid_data/0a8b9e55-2ac6-419b-8551-f6efc3380d6e.wav,1.0
638c977b-f754-4719-aaa3-fc75a6f733d7,coughvid_data/638c977b-f754-4719-aaa3-fc75a6f733d7.wav,coughvid_data/638c977b-f754-4719-aaa3-fc75a6f733d7.wav,0.0
b87f9c45-0087-4771-9569-f7a8b0705ba0,coughvid_data/b87f9c45-0087-4771-9569-f7a8b0705ba0.wav,coughvid_data/b87f9c45-0087-4771-9569-f7a8b0705ba0.wav,1.0
5e1a3710-e13b-4b3f-83f7-34452c8b5256,coughvid_data/5e1a3710-e13b-4b3f-83f7-34452c8b5256.wav,coughvid_data/5e1a3710-e13b-4b3f-83f7-34452c8b5256.wav,0.0
ab0a5588-cd7b-4237-a5b5-b4e917f1191b,coughvid_data/ab0a5588-cd7b-4237-a5b5-b4e917f1191b.wav,coughvid_data/ab0a5588-cd7b-4237-a5b5-b4e917f1191b.wav,0.0
7dc4a34a-40b6-4217-ba50-579e35791571,coughvid_data/7dc4a34a-40b6-4217-ba50-579e35791571.wav,coughvid_data/7dc4a34a-40b6-4217-ba50-579e35791571.wav,1.0
6ebfa7ec-356e-4e45-8262-37f46c959f56,coughvid_data/6ebfa7ec-356e-4e45-8262-37f46c959f56.wav,coughvid_data/6ebfa7ec-356e-4e45-8262-37f46c959f56.wav,1.0
32e99fd5-467c-4088-9899-ad3c3378a206,coughvid_data/32e99fd5-467c-4088-9899-ad3c3378a206.wav,coughvid_data/32e99fd5-467c-4088-9899-ad3c3378a206.wav,1.0
97f5bec9-c9d8-43b7-b312-2ec8379eba2f,coughvid_data/97f5bec9-c9d8-43b7-b312-2ec8379eba2f.wav,coughvid_data/97f5bec9-c9d8-43b7-b312-2ec8379eba2f.wav,0.0
5d3bf592-e5d8-46e0-8590-8f25c68688a5,coughvid_data/5d3bf592-e5d8-46e0-8590-8f25c68688a5.wav,coughvid_data/5d3bf592-e5d8-46e0-8590-8f25c68688a5.wav,0.0
71e48fee-f958-41ba-83ed-8fcca43c3a86,coughvid_data/71e48fee-f958-41ba-83ed-8fcca43c3a86.wav,coughvid_data/71e48fee-f958-41ba-83ed-8fcca43c3a86.wav,1.0
e048aa97-7313-48f8-99f7-0f2795bf4a48,coughvid_data/e048aa97-7313-48f8-99f7-0f2795bf4a48.wav,coughvid_data/e048aa97-7313-48f8-99f7-0f2795bf4a48.wav,1.0
4a556a41-58e3-4eae-aa2a-7055d823797d,coughvid_data/4a556a41-58e3-4eae-aa2a-7055d823797d.wav,coughvid_data/4a556a41-58e3-4eae-aa2a-7055d823797d.wav,0.0
c5868d6c-a411-4f12-b563-0a418224c376,coughvid_data/c5868d6c-a411-4f12-b563-0a418224c376.wav,coughvid_data/c5868d6c-a411-4f12-b563-0a418224c376.wav,1.0
4c9d483e-e4f4-470d-94eb-8b83bf1aacf8,coughvid_data/4c9d483e-e4f4-470d-94eb-8b83bf1aacf8.wav,coughvid_data/4c9d483e-e4f4-470d-94eb-8b83bf1aacf8.wav,1.0
e0cee608-b460-476b-8377-e59729423788,coughvid_data/e0cee608-b460-476b-8377-e59729423788.wav,coughvid_data/e0cee608-b460-476b-8377-e59729423788.wav,1.0
e06e1979-207e-432f-90b5-11d660d78e6f,coughvid_data/e06e1979-207e-432f-90b5-11d660d78e6f.wav,coughvid_data/e06e1979-207e-432f-90b5-11d660d78e6f.wav,0.0
5837bd28-cf42-4baf-8a24-655b3abfcff7,coughvid_data/5837bd28-cf42-4baf-8a24-655b3abfcff7.wav,coughvid_data/5837bd28-cf42-4baf-8a24-655b3abfcff7.wav,1.0
dbd5fdd1-e0a6-444c-a1f0-2617ef142226,coughvid_data/dbd5fdd1-e0a6-444c-a1f0-2617ef142226.wav,coughvid_data/dbd5fdd1-e0a6-444c-a1f0-2617ef142226.wav,1.0
380bc7f0-d950-450c-9f5e-43c7c3f4c132,coughvid_data/380bc7f0-d950-450c-9f5e-43c7c3f4c132.wav,coughvid_data/380bc7f0-d950-450c-9f5e-43c7c3f4c132.wav,1.0
3a5aeb64-2e9f-4e94-b8fe-eedeaf0f24e2,coughvid_data/3a5aeb64-2e9f-4e94-b8fe-eedeaf0f24e2.wav,coughvid_data/3a5aeb64-2e9f-4e94-b8fe-eedeaf0f24e2.wav,0.0
c2b5f686-bfea-499f-97e3-d8fa3154f167,coughvid_data/c2b5f686-bfea-499f-97e3-d8fa3154f167.wav,coughvid_data/c2b5f686-bfea-499f-97e3-d8fa3154f167.wav,0.0
3d0a4ac5-3fef-4e18-a3a3-8954ddb3adea,coughvid_data/3d0a4ac5-3fef-4e18-a3a3-8954ddb3adea.wav,coughvid_data/3d0a4ac5-3fef-4e18-a3a3-8954ddb3adea.wav,1.0
ca1994d3-1cc0-4565-9fce-63abc87e16c4,coughvid_data/ca1994d3-1cc0-4565-9fce-63abc87e16c4.wav,coughvid_data/ca1994d3-1cc0-4565-9fce-63abc87e16c4.wav,1.0
7def798e-7277-4d80-9d46-8e9926aa34bb,coughvid_data/7def798e-7277-4d80-9d46-8e9926aa34bb.wav,coughvid_data/7def798e-7277-4d80-9d46-8e9926aa34bb.wav,1.0
7b1d4f20-17fb-46e1-94ad-d6085cfb3eec,coughvid_data/7b1d4f20-17fb-46e1-94ad-d6085cfb3eec.wav,coughvid_data/7b1d4f20-17fb-46e1-94ad-d6085cfb3eec.wav,0.0
07834bca-28e3-4227-8c7d-0801da0fe907,coughvid_data/07834bca-28e3-4227-8c7d-0801da0fe907.wav,coughvid_data/07834bca-28e3-4227-8c7d-0801da0fe907.wav,1.0
a01cecbf-754b-4fcf-b29f-40688a457f4a,coughvid_data/a01cecbf-754b-4fcf-b29f-40688a457f4a.wav,coughvid_data/a01cecbf-754b-4fcf-b29f-40688a457f4a.wav,1.0
171221a0-2f4d-456c-8814-d3d4b1a1d70a,coughvid_data/171221a0-2f4d-456c-8814-d3d4b1a1d70a.wav,coughvid_data/171221a0-2f4d-456c-8814-d3d4b1a1d70a.wav,0.0
7f27cc6e-32cd-464f-b0fa-53ada28e4222,coughvid_data/7f27cc6e-32cd-464f-b0fa-53ada28e4222.wav,coughvid_data/7f27cc6e-32cd-464f-b0fa-53ada28e4222.wav,0.0
47026f69-3d30-48bd-be2a-a5e35ff8e647,coughvid_data/47026f69-3d30-48bd-be2a-a5e35ff8e647.wav,coughvid_data/47026f69-3d30-48bd-be2a-a5e35ff8e647.wav,1.0
ba7ea296-f030-4878-891d-a2bd1526ef8a,coughvid_data/ba7ea296-f030-4878-891d-a2bd1526ef8a.wav,coughvid_data/ba7ea296-f030-4878-891d-a2bd1526ef8a.wav,0.0
c6b7cad8-d2fd-44c2-b1a4-a136e4982878,coughvid_data/c6b7cad8-d2fd-44c2-b1a4-a136e4982878.wav,coughvid_data/c6b7cad8-d2fd-44c2-b1a4-a136e4982878.wav,1.0
d41862aa-02cc-485f-98cf-11a9196e74d2,coughvid_data/d41862aa-02cc-485f-98cf-11a9196e74d2.wav,coughvid_data/d41862aa-02cc-485f-98cf-11a9196e74d2.wav,1.0
fc3ad569-de3d-4b1b-a4c2-e9dc7a14030d,coughvid_data/fc3ad569-de3d-4b1b-a4c2-e9dc7a14030d.wav,coughvid_data/fc3ad569-de3d-4b1b-a4c2-e9dc7a14030d.wav,1.0
d943bc9c-fabf-4cf0-bb29-8b062138927e,coughvid_data/d943bc9c-fabf-4cf0-bb29-8b062138927e.wav,coughvid_data/d943bc9c-fabf-4cf0-bb29-8b062138927e.wav,1.0
20e8d622-3703-4d96-9d6a-d121924ebdcc,coughvid_data/20e8d622-3703-4d96-9d6a-d121924ebdcc.wav,coughvid_data/20e8d622-3703-4d96-9d6a-d121924ebdcc.wav,1.0
3fcd917e-9b5f-4098-bc3c-f8a0fdc6868b,coughvid_data/3fcd917e-9b5f-4098-bc3c-f8a0fdc6868b.wav,coughvid_data/3fcd917e-9b5f-4098-bc3c-f8a0fdc6868b.wav,0.0
e8aa6489-b518-4949-ae21-81a5ee1de13e,coughvid_data/e8aa6489-b518-4949-ae21-81a5ee1de13e.wav,coughvid_data/e8aa6489-b518-4949-ae21-81a5ee1de13e.wav,0.0
9525d6f7-2f85-456f-ad3d-410e4179a9ad,coughvid_data/9525d6f7-2f85-456f-ad3d-410e4179a9ad.wav,coughvid_data/9525d6f7-2f85-456f-ad3d-410e4179a9ad.wav,1.0
21db7316-4810-4156-8892-fbd4620867d4,coughvid_data/21db7316-4810-4156-8892-fbd4620867d4.wav,coughvid_data/21db7316-4810-4156-8892-fbd4620867d4.wav,0.0
619d3192-2b16-4be4-ba00-fa58d61f7850,coughvid_data/619d3192-2b16-4be4-ba00-fa58d61f7850.wav,coughvid_data/619d3192-2b16-4be4-ba00-fa58d61f7850.wav,1.0
f5918f61-0f15-4215-883b-1cd4f2ecb196,coughvid_data/f5918f61-0f15-4215-883b-1cd4f2ecb196.wav,coughvid_data/f5918f61-0f15-4215-883b-1cd4f2ecb196.wav,0.0
c25be4fb-997e-4211-9f2a-b162856307a8,coughvid_data/c25be4fb-997e-4211-9f2a-b162856307a8.wav,coughvid_data/c25be4fb-997e-4211-9f2a-b162856307a8.wav,1.0
9a2c45ad-1298-426b-a25f-8d3e4489cd90,coughvid_data/9a2c45ad-1298-426b-a25f-8d3e4489cd90.wav,coughvid_data/9a2c45ad-1298-426b-a25f-8d3e4489cd90.wav,1.0
6d41f5b1-f8fe-4b13-ad25-392f1155891b,coughvid_data/6d41f5b1-f8fe-4b13-ad25-392f1155891b.wav,coughvid_data/6d41f5b1-f8fe-4b13-ad25-392f1155891b.wav,0.0
d1567499-b4a5-4223-9060-67dba736a22d,coughvid_data/d1567499-b4a5-4223-9060-67dba736a22d.wav,coughvid_data/d1567499-b4a5-4223-9060-67dba736a22d.wav,0.0
8d4d406b-5baf-4af7-b074-9059362d7416,coughvid_data/8d4d406b-5baf-4af7-b074-9059362d7416.wav,coughvid_data/8d4d406b-5baf-4af7-b074-9059362d7416.wav,1.0
3733c427-2c04-48ee-8e8d-82f38a184b04,coughvid_data/3733c427-2c04-48ee-8e8d-82f38a184b04.wav,coughvid_data/3733c427-2c04-48ee-8e8d-82f38a184b04.wav,1.0
22f2ec49-9951-46b9-b65e-6a0bb5236be2,coughvid_data/22f2ec49-9951-46b9-b65e-6a0bb5236be2.wav,coughvid_data/22f2ec49-9951-46b9-b65e-6a0bb5236be2.wav,0.0
92ade611-8fc9-4155-a459-17472c59d6f3,coughvid_data/92ade611-8fc9-4155-a459-17472c59d6f3.wav,coughvid_data/92ade611-8fc9-4155-a459-17472c59d6f3.wav,1.0
9f4c6705-5610-4362-beba-47ba2573411b,coughvid_data/9f4c6705-5610-4362-beba-47ba2573411b.wav,coughvid_data/9f4c6705-5610-4362-beba-47ba2573411b.wav,1.0
a9910dca-8898-4eed-90ed-1371a22c64e6,coughvid_data/a9910dca-8898-4eed-90ed-1371a22c64e6.wav,coughvid_data/a9910dca-8898-4eed-90ed-1371a22c64e6.wav,1.0
e8fe6b8b-a7be-404d-95a5-5da7f4efe0e8,coughvid_data/e8fe6b8b-a7be-404d-95a5-5da7f4efe0e8.wav,coughvid_data/e8fe6b8b-a7be-404d-95a5-5da7f4efe0e8.wav,1.0
b87d730b-770f-48c8-a53a-0d791c7ee610,coughvid_data/b87d730b-770f-48c8-a53a-0d791c7ee610.wav,coughvid_data/b87d730b-770f-48c8-a53a-0d791c7ee610.wav,0.0
13013f97-514e-4eef-9327-3f3c6630069b,coughvid_data/13013f97-514e-4eef-9327-3f3c6630069b.wav,coughvid_data/13013f97-514e-4eef-9327-3f3c6630069b.wav,0.0
27de81b8-37dc-45e2-b10d-d5964ae3461b,coughvid_data/27de81b8-37dc-45e2-b10d-d5964ae3461b.wav,coughvid_data/27de81b8-37dc-45e2-b10d-d5964ae3461b.wav,1.0
9b50f1b1-ea3d-43ae-8d63-94fc0645cd52,coughvid_data/9b50f1b1-ea3d-43ae-8d63-94fc0645cd52.wav,coughvid_data/9b50f1b1-ea3d-43ae-8d63-94fc0645cd52.wav,0.0
4d35b416-d0b0-4fca-bd40-420da86ab4e2,coughvid_data/4d35b416-d0b0-4fca-bd40-420da86ab4e2.wav,coughvid_data/4d35b416-d0b0-4fca-bd40-420da86ab4e2.wav,1.0
9cc8c2de-8733-4e5b-a18d-5bf9a5166c85,coughvid_data/9cc8c2de-8733-4e5b-a18d-5bf9a5166c85.wav,coughvid_data/9cc8c2de-8733-4e5b-a18d-5bf9a5166c85.wav,1.0
abd1606b-4388-4455-882b-ab906f8778e1,coughvid_data/abd1606b-4388-4455-882b-ab906f8778e1.wav,coughvid_data/abd1606b-4388-4455-882b-ab906f8778e1.wav,1.0
996db6d9-8b1d-48d7-9ee8-06071cdee6ab,coughvid_data/996db6d9-8b1d-48d7-9ee8-06071cdee6ab.wav,coughvid_data/996db6d9-8b1d-48d7-9ee8-06071cdee6ab.wav,1.0
5ed05414-b1fb-49d0-848b-c4d651125007,coughvid_data/5ed05414-b1fb-49d0-848b-c4d651125007.wav,coughvid_data/5ed05414-b1fb-49d0-848b-c4d651125007.wav,0.0
e3da535c-82a2-4e53-bb83-8d3cda5921a6,coughvid_data/e3da535c-82a2-4e53-bb83-8d3cda5921a6.wav,coughvid_data/e3da535c-82a2-4e53-bb83-8d3cda5921a6.wav,0.0
8167c2be-38b4-41b4-a874-4b65e0b3314c,coughvid_data/8167c2be-38b4-41b4-a874-4b65e0b3314c.wav,coughvid_data/8167c2be-38b4-41b4-a874-4b65e0b3314c.wav,0.0
11e234a3-34a7-4822-bf7a-4e67c2f8cf97,coughvid_data/11e234a3-34a7-4822-bf7a-4e67c2f8cf97.wav,coughvid_data/11e234a3-34a7-4822-bf7a-4e67c2f8cf97.wav,0.0
4c827623-ce72-44b2-aca1-8ac8eb3ba638,coughvid_data/4c827623-ce72-44b2-aca1-8ac8eb3ba638.wav,coughvid_data/4c827623-ce72-44b2-aca1-8ac8eb3ba638.wav,1.0
ccb68fa9-504b-4274-bef2-891bc5e7c501,coughvid_data/ccb68fa9-504b-4274-bef2-891bc5e7c501.wav,coughvid_data/ccb68fa9-504b-4274-bef2-891bc5e7c501.wav,1.0
e92a2b84-df5d-41c5-af89-5b2b450dda22,coughvid_data/e92a2b84-df5d-41c5-af89-5b2b450dda22.wav,coughvid_data/e92a2b84-df5d-41c5-af89-5b2b450dda22.wav,1.0
70482a6a-6c3a-4a79-a79f-2f8ca2af9c61,coughvid_data/70482a6a-6c3a-4a79-a79f-2f8ca2af9c61.wav,coughvid_data/70482a6a-6c3a-4a79-a79f-2f8ca2af9c61.wav,0.0
debf2ed3-ca8d-4ecd-8435-df25813087c3,coughvid_data/debf2ed3-ca8d-4ecd-8435-df25813087c3.wav,coughvid_data/debf2ed3-ca8d-4ecd-8435-df25813087c3.wav,0.0
215d1a03-1042-417c-8ab6-c16230ccdb34,coughvid_data/215d1a03-1042-417c-8ab6-c16230ccdb34.wav,coughvid_data/215d1a03-1042-417c-8ab6-c16230ccdb34.wav,0.0
a07d5604-f62b-405e-8687-c5c192ca015f,coughvid_data/a07d5604-f62b-405e-8687-c5c192ca015f.wav,coughvid_data/a07d5604-f62b-405e-8687-c5c192ca015f.wav,1.0
54b96cc1-895d-4107-844a-512758e57152,coughvid_data/54b96cc1-895d-4107-844a-512758e57152.wav,coughvid_data/54b96cc1-895d-4107-844a-512758e57152.wav,0.0
68a16508-5c3f-44e8-b6cb-0618d2c4791c,coughvid_data/68a16508-5c3f-44e8-b6cb-0618d2c4791c.wav,coughvid_data/68a16508-5c3f-44e8-b6cb-0618d2c4791c.wav,1.0
b5382ced-b19d-434b-8278-19981e2569f8,coughvid_data/b5382ced-b19d-434b-8278-19981e2569f8.wav,coughvid_data/b5382ced-b19d-434b-8278-19981e2569f8.wav,1.0
27a23047-925b-4b76-879b-eaeab82e0857,coughvid_data/27a23047-925b-4b76-879b-eaeab82e0857.wav,coughvid_data/27a23047-925b-4b76-879b-eaeab82e0857.wav,1.0
342a3b23-ad5e-4817-bc4c-1b74dbaaa84b,coughvid_data/342a3b23-ad5e-4817-bc4c-1b74dbaaa84b.wav,coughvid_data/342a3b23-ad5e-4817-bc4c-1b74dbaaa84b.wav,1.0
3259a18f-c4d3-489b-8ed1-2d2b9fbaebbd,coughvid_data/3259a18f-c4d3-489b-8ed1-2d2b9fbaebbd.wav,coughvid_data/3259a18f-c4d3-489b-8ed1-2d2b9fbaebbd.wav,1.0
8debc554-dee0-49c8-8a54-34c26de4190d,coughvid_data/8debc554-dee0-49c8-8a54-34c26de4190d.wav,coughvid_data/8debc554-dee0-49c8-8a54-34c26de4190d.wav,1.0
588e54c8-7022-4f00-a0c5-45162dde66d4,coughvid_data/588e54c8-7022-4f00-a0c5-45162dde66d4.wav,coughvid_data/588e54c8-7022-4f00-a0c5-45162dde66d4.wav,0.0
75f40f5c-7b0e-4ab3-8065-f343732e14b9,coughvid_data/75f40f5c-7b0e-4ab3-8065-f343732e14b9.wav,coughvid_data/75f40f5c-7b0e-4ab3-8065-f343732e14b9.wav,0.0
862c31eb-f4c0-44b5-ac1d-c1fc6e2bd4d6,coughvid_data/862c31eb-f4c0-44b5-ac1d-c1fc6e2bd4d6.wav,coughvid_data/862c31eb-f4c0-44b5-ac1d-c1fc6e2bd4d6.wav,1.0
234675d0-e09e-41b1-86ce-d1f48a1aabd1,coughvid_data/234675d0-e09e-41b1-86ce-d1f48a1aabd1.wav,coughvid_data/234675d0-e09e-41b1-86ce-d1f48a1aabd1.wav,0.0
a6472d46-2e09-4e95-a7fe-411819540c5a,coughvid_data/a6472d46-2e09-4e95-a7fe-411819540c5a.wav,coughvid_data/a6472d46-2e09-4e95-a7fe-411819540c5a.wav,0.0
2ca9e925-859f-417e-838b-681d77639839,coughvid_data/2ca9e925-859f-417e-838b-681d77639839.wav,coughvid_data/2ca9e925-859f-417e-838b-681d77639839.wav,1.0
15340074-ab76-4b93-9af4-ae07370eb261,coughvid_data/15340074-ab76-4b93-9af4-ae07370eb261.wav,coughvid_data/15340074-ab76-4b93-9af4-ae07370eb261.wav,1.0
483aeea5-d258-4530-9a53-5c0d0378d01c,coughvid_data/483aeea5-d258-4530-9a53-5c0d0378d01c.wav,coughvid_data/483aeea5-d258-4530-9a53-5c0d0378d01c.wav,1.0
e6264c42-d888-4a82-97ac-6c5a40c1cc19,coughvid_data/e6264c42-d888-4a82-97ac-6c5a40c1cc19.wav,coughvid_data/e6264c42-d888-4a82-97ac-6c5a40c1cc19.wav,1.0
a8704ea8-94c7-4202-8fa4-31cde85159fd,coughvid_data/a8704ea8-94c7-4202-8fa4-31cde85159fd.wav,coughvid_data/a8704ea8-94c7-4202-8fa4-31cde85159fd.wav,1.0
027887b8-1da6-477a-be4c-0f11958f1eac,coughvid_data/027887b8-1da6-477a-be4c-0f11958f1eac.wav,coughvid_data/027887b8-1da6-477a-be4c-0f11958f1eac.wav,1.0
73679fde-d37e-4ac6-8bfb-96a9d990fb69,coughvid_data/73679fde-d37e-4ac6-8bfb-96a9d990fb69.wav,coughvid_data/73679fde-d37e-4ac6-8bfb-96a9d990fb69.wav,1.0
c400e2d9-8d02-4bb9-9787-095ce40fb481,coughvid_data/c400e2d9-8d02-4bb9-9787-095ce40fb481.wav,coughvid_data/c400e2d9-8d02-4bb9-9787-095ce40fb481.wav,1.0
804bcf90-0fd4-440d-9e7e-d6eede59e290,coughvid_data/804bcf90-0fd4-440d-9e7e-d6eede59e290.wav,coughvid_data/804bcf90-0fd4-440d-9e7e-d6eede59e290.wav,0.0
f3e9e460-4bf7-48ba-807e-ae376e38f66e,coughvid_data/f3e9e460-4bf7-48ba-807e-ae376e38f66e.wav,coughvid_data/f3e9e460-4bf7-48ba-807e-ae376e38f66e.wav,0.0
97886ffd-2482-405c-82b7-119b9fb6022e,coughvid_data/97886ffd-2482-405c-82b7-119b9fb6022e.wav,coughvid_data/97886ffd-2482-405c-82b7-119b9fb6022e.wav,0.0
741ef06e-958b-4465-bcd0-00841c38bcb5,coughvid_data/741ef06e-958b-4465-bcd0-00841c38bcb5.wav,coughvid_data/741ef06e-958b-4465-bcd0-00841c38bcb5.wav,1.0
38d66654-7084-451d-b9f4-04172c3dc5fd,coughvid_data/38d66654-7084-451d-b9f4-04172c3dc5fd.wav,coughvid_data/38d66654-7084-451d-b9f4-04172c3dc5fd.wav,1.0
f43f067a-08fe-451c-a456-4a597008a4fb,coughvid_data/f43f067a-08fe-451c-a456-4a597008a4fb.wav,coughvid_data/f43f067a-08fe-451c-a456-4a597008a4fb.wav,0.0
856b249d-1a58-43e0-a46a-074b11d89052,coughvid_data/856b249d-1a58-43e0-a46a-074b11d89052.wav,coughvid_data/856b249d-1a58-43e0-a46a-074b11d89052.wav,1.0
0abc55f4-83bb-4284-87d2-65044bf06200,coughvid_data/0abc55f4-83bb-4284-87d2-65044bf06200.wav,coughvid_data/0abc55f4-83bb-4284-87d2-65044bf06200.wav,1.0
91b14a7b-77c5-4480-a867-bd26ede16cd8,coughvid_data/91b14a7b-77c5-4480-a867-bd26ede16cd8.wav,coughvid_data/91b14a7b-77c5-4480-a867-bd26ede16cd8.wav,1.0
471d4d99-b11e-4bcb-a147-9fa4ef5ae95a,coughvid_data/471d4d99-b11e-4bcb-a147-9fa4ef5ae95a.wav,coughvid_data/471d4d99-b11e-4bcb-a147-9fa4ef5ae95a.wav,1.0
4d542ed7-8b86-44f1-879f-2f9cd1e1b57b,coughvid_data/4d542ed7-8b86-44f1-879f-2f9cd1e1b57b.wav,coughvid_data/4d542ed7-8b86-44f1-879f-2f9cd1e1b57b.wav,1.0
015576c8-2b03-4dcb-b251-78a984fe86fe,coughvid_data/015576c8-2b03-4dcb-b251-78a984fe86fe.wav,coughvid_data/015576c8-2b03-4dcb-b251-78a984fe86fe.wav,1.0
cf785a81-02e1-4129-b317-24687177225e,coughvid_data/cf785a81-02e1-4129-b317-24687177225e.wav,coughvid_data/cf785a81-02e1-4129-b317-24687177225e.wav,1.0
4ff6411a-cbb3-42ab-aab8-f25aa237a88d,coughvid_data/4ff6411a-cbb3-42ab-aab8-f25aa237a88d.wav,coughvid_data/4ff6411a-cbb3-42ab-aab8-f25aa237a88d.wav,0.0
a7197322-5d2f-4661-8c48-01e39f06a234,coughvid_data/a7197322-5d2f-4661-8c48-01e39f06a234.wav,coughvid_data/a7197322-5d2f-4661-8c48-01e39f06a234.wav,1.0
c43d68c6-e832-4f98-807f-de414c8f4a3b,coughvid_data/c43d68c6-e832-4f98-807f-de414c8f4a3b.wav,coughvid_data/c43d68c6-e832-4f98-807f-de414c8f4a3b.wav,0.0
754aa899-2a96-40c3-aef0-3f972d605341,coughvid_data/754aa899-2a96-40c3-aef0-3f972d605341.wav,coughvid_data/754aa899-2a96-40c3-aef0-3f972d605341.wav,1.0
7cf913c5-46d3-426e-b138-4b90dcaf62ca,coughvid_data/7cf913c5-46d3-426e-b138-4b90dcaf62ca.wav,coughvid_data/7cf913c5-46d3-426e-b138-4b90dcaf62ca.wav,1.0
09fbeb13-5a48-4b87-ad59-49eb8b689fe1,coughvid_data/09fbeb13-5a48-4b87-ad59-49eb8b689fe1.wav,coughvid_data/09fbeb13-5a48-4b87-ad59-49eb8b689fe1.wav,0.0
44197cdf-8c99-48cc-8a30-76be268239d6,coughvid_data/44197cdf-8c99-48cc-8a30-76be268239d6.wav,coughvid_data/44197cdf-8c99-48cc-8a30-76be268239d6.wav,1.0
55658d0c-c410-4e69-8df8-def356a1a6df,coughvid_data/55658d0c-c410-4e69-8df8-def356a1a6df.wav,coughvid_data/55658d0c-c410-4e69-8df8-def356a1a6df.wav,1.0
866d31d4-5ad7-48de-9f53-bf6823508fcf,coughvid_data/866d31d4-5ad7-48de-9f53-bf6823508fcf.wav,coughvid_data/866d31d4-5ad7-48de-9f53-bf6823508fcf.wav,1.0
5f9cfc95-b72b-4c3a-88e8-85451859a49f,coughvid_data/5f9cfc95-b72b-4c3a-88e8-85451859a49f.wav,coughvid_data/5f9cfc95-b72b-4c3a-88e8-85451859a49f.wav,1.0
c0c982aa-70bf-407f-a371-ed62225cf82c,coughvid_data/c0c982aa-70bf-407f-a371-ed62225cf82c.wav,coughvid_data/c0c982aa-70bf-407f-a371-ed62225cf82c.wav,0.0
914b3811-8801-4e5f-83b5-42e9dabc7837,coughvid_data/914b3811-8801-4e5f-83b5-42e9dabc7837.wav,coughvid_data/914b3811-8801-4e5f-83b5-42e9dabc7837.wav,1.0
43d4144e-da78-4e66-a618-15915a806a2f,coughvid_data/43d4144e-da78-4e66-a618-15915a806a2f.wav,coughvid_data/43d4144e-da78-4e66-a618-15915a806a2f.wav,0.0
1d53487c-eb9d-430a-a3ee-74cfc1622faf,coughvid_data/1d53487c-eb9d-430a-a3ee-74cfc1622faf.wav,coughvid_data/1d53487c-eb9d-430a-a3ee-74cfc1622faf.wav,1.0
05ba535f-3c8b-4438-b976-99cb2fb014f1,coughvid_data/05ba535f-3c8b-4438-b976-99cb2fb014f1.wav,coughvid_data/05ba535f-3c8b-4438-b976-99cb2fb014f1.wav,1.0
98aa503d-899d-4d25-a19e-8e39e8bc1904,coughvid_data/98aa503d-899d-4d25-a19e-8e39e8bc1904.wav,coughvid_data/98aa503d-899d-4d25-a19e-8e39e8bc1904.wav,0.0
346dea07-2c20-44ef-b916-f6d60dacd666,coughvid_data/346dea07-2c20-44ef-b916-f6d60dacd666.wav,coughvid_data/346dea07-2c20-44ef-b916-f6d60dacd666.wav,1.0
42a37815-23be-46d4-af3d-54381f2842ed,coughvid_data/42a37815-23be-46d4-af3d-54381f2842ed.wav,coughvid_data/42a37815-23be-46d4-af3d-54381f2842ed.wav,0.0
09e28804-4f97-42d2-b41c-2debbba71700,coughvid_data/09e28804-4f97-42d2-b41c-2debbba71700.wav,coughvid_data/09e28804-4f97-42d2-b41c-2debbba71700.wav,1.0
7cc05fd0-79ac-4ec0-9e91-0f747baccb46,coughvid_data/7cc05fd0-79ac-4ec0-9e91-0f747baccb46.wav,coughvid_data/7cc05fd0-79ac-4ec0-9e91-0f747baccb46.wav,0.0
3f772acc-224a-41ef-835a-62d17b7bd6bc,coughvid_data/3f772acc-224a-41ef-835a-62d17b7bd6bc.wav,coughvid_data/3f772acc-224a-41ef-835a-62d17b7bd6bc.wav,0.0
349818f2-b1e7-4892-87e2-d5d4180fcff9,coughvid_data/349818f2-b1e7-4892-87e2-d5d4180fcff9.wav,coughvid_data/349818f2-b1e7-4892-87e2-d5d4180fcff9.wav,1.0
29121026-d6b2-4203-8491-227353a60348,coughvid_data/29121026-d6b2-4203-8491-227353a60348.wav,coughvid_data/29121026-d6b2-4203-8491-227353a60348.wav,1.0
dd70bee8-6088-48ab-82bf-30fa60a1def2,coughvid_data/dd70bee8-6088-48ab-82bf-30fa60a1def2.wav,coughvid_data/dd70bee8-6088-48ab-82bf-30fa60a1def2.wav,0.0
6363bae3-3e4c-418e-9a14-8f1084860277,coughvid_data/6363bae3-3e4c-418e-9a14-8f1084860277.wav,coughvid_data/6363bae3-3e4c-418e-9a14-8f1084860277.wav,0.0
c8dadae8-22f9-40fd-b7f4-540b211df29e,coughvid_data/c8dadae8-22f9-40fd-b7f4-540b211df29e.wav,coughvid_data/c8dadae8-22f9-40fd-b7f4-540b211df29e.wav,1.0
ec79aed7-78cf-48e2-bebe-9a32387859ee,coughvid_data/ec79aed7-78cf-48e2-bebe-9a32387859ee.wav,coughvid_data/ec79aed7-78cf-48e2-bebe-9a32387859ee.wav,0.0
da131820-31a0-4f52-ba62-83fe1ca892bd,coughvid_data/da131820-31a0-4f52-ba62-83fe1ca892bd.wav,coughvid_data/da131820-31a0-4f52-ba62-83fe1ca892bd.wav,0.0
2a8a1ee6-1704-4638-ab3f-2b88ca2fc8ba,coughvid_data/2a8a1ee6-1704-4638-ab3f-2b88ca2fc8ba.wav,coughvid_data/2a8a1ee6-1704-4638-ab3f-2b88ca2fc8ba.wav,1.0
634bd1af-99b2-46db-9ff3-d65f0091c2c1,coughvid_data/634bd1af-99b2-46db-9ff3-d65f0091c2c1.wav,coughvid_data/634bd1af-99b2-46db-9ff3-d65f0091c2c1.wav,0.0
f645db08-ec57-4029-8877-9b8e77233de0,coughvid_data/f645db08-ec57-4029-8877-9b8e77233de0.wav,coughvid_data/f645db08-ec57-4029-8877-9b8e77233de0.wav,0.0
1244c338-7d88-42e5-9605-a923715da548,coughvid_data/1244c338-7d88-42e5-9605-a923715da548.wav,coughvid_data/1244c338-7d88-42e5-9605-a923715da548.wav,1.0
c66ba37d-5e18-4641-a8df-45dd3e373807,coughvid_data/c66ba37d-5e18-4641-a8df-45dd3e373807.wav,coughvid_data/c66ba37d-5e18-4641-a8df-45dd3e373807.wav,0.0
cc486aa3-fac0-41e1-9e32-82dce5285317,coughvid_data/cc486aa3-fac0-41e1-9e32-82dce5285317.wav,coughvid_data/cc486aa3-fac0-41e1-9e32-82dce5285317.wav,1.0
ada153f7-d012-4c4c-b1ab-33337cba3445,coughvid_data/ada153f7-d012-4c4c-b1ab-33337cba3445.wav,coughvid_data/ada153f7-d012-4c4c-b1ab-33337cba3445.wav,1.0
b8418af7-7aa9-4875-a906-3e1a5457a361,coughvid_data/b8418af7-7aa9-4875-a906-3e1a5457a361.wav,coughvid_data/b8418af7-7aa9-4875-a906-3e1a5457a361.wav,0.0
56225c4a-61b9-478c-a2c8-8d8d393908a0,coughvid_data/56225c4a-61b9-478c-a2c8-8d8d393908a0.wav,coughvid_data/56225c4a-61b9-478c-a2c8-8d8d393908a0.wav,1.0
82793616-0787-4198-b2f0-991ea3df25e9,coughvid_data/82793616-0787-4198-b2f0-991ea3df25e9.wav,coughvid_data/82793616-0787-4198-b2f0-991ea3df25e9.wav,1.0
96b7b6cb-6dd8-4358-8d24-80f39f20b56b,coughvid_data/96b7b6cb-6dd8-4358-8d24-80f39f20b56b.wav,coughvid_data/96b7b6cb-6dd8-4358-8d24-80f39f20b56b.wav,0.0
c3591ed3-d6c3-4bf7-988b-4d8f9aef0150,coughvid_data/c3591ed3-d6c3-4bf7-988b-4d8f9aef0150.wav,coughvid_data/c3591ed3-d6c3-4bf7-988b-4d8f9aef0150.wav,0.0
bbc64a4b-f089-4a06-adab-384d5c68c51f,coughvid_data/bbc64a4b-f089-4a06-adab-384d5c68c51f.wav,coughvid_data/bbc64a4b-f089-4a06-adab-384d5c68c51f.wav,1.0
c2356246-454a-42ac-ae33-967e5feabcb7,coughvid_data/c2356246-454a-42ac-ae33-967e5feabcb7.wav,coughvid_data/c2356246-454a-42ac-ae33-967e5feabcb7.wav,1.0
2d0f27bf-c0ef-4939-a559-3fb4971cdea5,coughvid_data/2d0f27bf-c0ef-4939-a559-3fb4971cdea5.wav,coughvid_data/2d0f27bf-c0ef-4939-a559-3fb4971cdea5.wav,1.0
4ddc0ba4-c218-41b5-bd36-9356ca0f3316,coughvid_data/4ddc0ba4-c218-41b5-bd36-9356ca0f3316.wav,coughvid_data/4ddc0ba4-c218-41b5-bd36-9356ca0f3316.wav,0.0
4726cbb8-8af3-4da1-848c-5f1d9e4d8588,coughvid_data/4726cbb8-8af3-4da1-848c-5f1d9e4d8588.wav,coughvid_data/4726cbb8-8af3-4da1-848c-5f1d9e4d8588.wav,1.0
cfffee43-95e7-46c8-8fac-c953aa0f3be1,coughvid_data/cfffee43-95e7-46c8-8fac-c953aa0f3be1.wav,coughvid_data/cfffee43-95e7-46c8-8fac-c953aa0f3be1.wav,1.0
60c37969-3642-4ade-8428-c509d7f6f002,coughvid_data/60c37969-3642-4ade-8428-c509d7f6f002.wav,coughvid_data/60c37969-3642-4ade-8428-c509d7f6f002.wav,1.0
21582038-eca3-4517-a16f-c34db540341b,coughvid_data/21582038-eca3-4517-a16f-c34db540341b.wav,coughvid_data/21582038-eca3-4517-a16f-c34db540341b.wav,1.0
774bafb8-5d1c-42c5-a0a8-91ba0a85a04b,coughvid_data/774bafb8-5d1c-42c5-a0a8-91ba0a85a04b.wav,coughvid_data/774bafb8-5d1c-42c5-a0a8-91ba0a85a04b.wav,1.0
b5bae074-6db4-478d-8a6e-70e1a21a77a9,coughvid_data/b5bae074-6db4-478d-8a6e-70e1a21a77a9.wav,coughvid_data/b5bae074-6db4-478d-8a6e-70e1a21a77a9.wav,0.0
4624e4da-10f1-44b0-855e-a7ac857fbc82,coughvid_data/4624e4da-10f1-44b0-855e-a7ac857fbc82.wav,coughvid_data/4624e4da-10f1-44b0-855e-a7ac857fbc82.wav,1.0
8010c0ec-c244-47f9-9554-107e0a353b9e,coughvid_data/8010c0ec-c244-47f9-9554-107e0a353b9e.wav,coughvid_data/8010c0ec-c244-47f9-9554-107e0a353b9e.wav,0.0
36648222-467d-47ed-8a99-52728a9d402e,coughvid_data/36648222-467d-47ed-8a99-52728a9d402e.wav,coughvid_data/36648222-467d-47ed-8a99-52728a9d402e.wav,0.0
5d77df87-5f00-45f8-b556-79f80ef1ff6c,coughvid_data/5d77df87-5f00-45f8-b556-79f80ef1ff6c.wav,coughvid_data/5d77df87-5f00-45f8-b556-79f80ef1ff6c.wav,0.0
5c73f32e-5e45-49a5-b560-1723fd8106c5,coughvid_data/5c73f32e-5e45-49a5-b560-1723fd8106c5.wav,coughvid_data/5c73f32e-5e45-49a5-b560-1723fd8106c5.wav,0.0
0953349c-da26-4e04-b5b5-37f2db69b2aa,coughvid_data/0953349c-da26-4e04-b5b5-37f2db69b2aa.wav,coughvid_data/0953349c-da26-4e04-b5b5-37f2db69b2aa.wav,1.0
9fa3b1e4-8125-4444-ab8d-eeeec179f70f,coughvid_data/9fa3b1e4-8125-4444-ab8d-eeeec179f70f.wav,coughvid_data/9fa3b1e4-8125-4444-ab8d-eeeec179f70f.wav,0.0
cbc93975-e825-463f-826b-15a7fe2af3ff,coughvid_data/cbc93975-e825-463f-826b-15a7fe2af3ff.wav,coughvid_data/cbc93975-e825-463f-826b-15a7fe2af3ff.wav,1.0
1ef667c7-8e85-4be3-89d1-6c315cbefc51,coughvid_data/1ef667c7-8e85-4be3-89d1-6c315cbefc51.wav,coughvid_data/1ef667c7-8e85-4be3-89d1-6c315cbefc51.wav,0.0
fecee214-7f73-4751-aa4a-c6da16abaf73,coughvid_data/fecee214-7f73-4751-aa4a-c6da16abaf73.wav,coughvid_data/fecee214-7f73-4751-aa4a-c6da16abaf73.wav,0.0
8f7e7ed8-2422-41a2-a5cf-980f6722fd7b,coughvid_data/8f7e7ed8-2422-41a2-a5cf-980f6722fd7b.wav,coughvid_data/8f7e7ed8-2422-41a2-a5cf-980f6722fd7b.wav,0.0
043490d6-0066-4403-8c73-c96accfe664b,coughvid_data/043490d6-0066-4403-8c73-c96accfe664b.wav,coughvid_data/043490d6-0066-4403-8c73-c96accfe664b.wav,1.0
aacad777-1550-4bba-bfd2-f4870995136e,coughvid_data/aacad777-1550-4bba-bfd2-f4870995136e.wav,coughvid_data/aacad777-1550-4bba-bfd2-f4870995136e.wav,0.0
b5e2d06c-ee23-4af3-8cef-0d7a9dcede14,coughvid_data/b5e2d06c-ee23-4af3-8cef-0d7a9dcede14.wav,coughvid_data/b5e2d06c-ee23-4af3-8cef-0d7a9dcede14.wav,0.0
d57c87df-1de5-4103-bc88-d9535e9220bf,coughvid_data/d57c87df-1de5-4103-bc88-d9535e9220bf.wav,coughvid_data/d57c87df-1de5-4103-bc88-d9535e9220bf.wav,1.0
483d4e8c-1312-4644-b4ab-7cbf9103d65b,coughvid_data/483d4e8c-1312-4644-b4ab-7cbf9103d65b.wav,coughvid_data/483d4e8c-1312-4644-b4ab-7cbf9103d65b.wav,1.0
46e84354-e27c-496f-ae99-fb18651aa0fc,coughvid_data/46e84354-e27c-496f-ae99-fb18651aa0fc.wav,coughvid_data/46e84354-e27c-496f-ae99-fb18651aa0fc.wav,1.0
885be513-5ce0-4d87-83de-b7002772e335,coughvid_data/885be513-5ce0-4d87-83de-b7002772e335.wav,coughvid_data/885be513-5ce0-4d87-83de-b7002772e335.wav,1.0
21a146f7-76b3-4087-a9ba-fdc859e55eca,coughvid_data/21a146f7-76b3-4087-a9ba-fdc859e55eca.wav,coughvid_data/21a146f7-76b3-4087-a9ba-fdc859e55eca.wav,0.0
0ee15757-232d-4280-aae8-4c7afe58e1bb,coughvid_data/0ee15757-232d-4280-aae8-4c7afe58e1bb.wav,coughvid_data/0ee15757-232d-4280-aae8-4c7afe58e1bb.wav,0.0
b8acc124-0ae8-4820-a69f-eee3c86cb831,coughvid_data/b8acc124-0ae8-4820-a69f-eee3c86cb831.wav,coughvid_data/b8acc124-0ae8-4820-a69f-eee3c86cb831.wav,1.0
715fafe9-9d99-40bc-b989-e2f9390d6e05,coughvid_data/715fafe9-9d99-40bc-b989-e2f9390d6e05.wav,coughvid_data/715fafe9-9d99-40bc-b989-e2f9390d6e05.wav,0.0
aba40671-9148-4cd3-a801-78d1f8d59c24,coughvid_data/aba40671-9148-4cd3-a801-78d1f8d59c24.wav,coughvid_data/aba40671-9148-4cd3-a801-78d1f8d59c24.wav,0.0
220147d0-c8cc-4915-8a12-670fdc43f836,coughvid_data/220147d0-c8cc-4915-8a12-670fdc43f836.wav,coughvid_data/220147d0-c8cc-4915-8a12-670fdc43f836.wav,0.0
55a800ab-c33a-48a5-b909-b38a5de73ebd,coughvid_data/55a800ab-c33a-48a5-b909-b38a5de73ebd.wav,coughvid_data/55a800ab-c33a-48a5-b909-b38a5de73ebd.wav,0.0
198c88cb-8f41-4a79-9c4b-be606361e80b,coughvid_data/198c88cb-8f41-4a79-9c4b-be606361e80b.wav,coughvid_data/198c88cb-8f41-4a79-9c4b-be606361e80b.wav,1.0
7b1e5d65-4bbc-4cc5-8c4c-acd14e5f42c7,coughvid_data/7b1e5d65-4bbc-4cc5-8c4c-acd14e5f42c7.wav,coughvid_data/7b1e5d65-4bbc-4cc5-8c4c-acd14e5f42c7.wav,1.0
dea2f20c-8b31-44fb-be83-e8ca192579f5,coughvid_data/dea2f20c-8b31-44fb-be83-e8ca192579f5.wav,coughvid_data/dea2f20c-8b31-44fb-be83-e8ca192579f5.wav,1.0
d903929a-f66c-4674-911a-f52ccf4fdf21,coughvid_data/d903929a-f66c-4674-911a-f52ccf4fdf21.wav,coughvid_data/d903929a-f66c-4674-911a-f52ccf4fdf21.wav,1.0
feb01612-5f71-429a-945c-839e6ee57852,coughvid_data/feb01612-5f71-429a-945c-839e6ee57852.wav,coughvid_data/feb01612-5f71-429a-945c-839e6ee57852.wav,0.0
3842054e-62e5-4b6f-ac17-cf96fc97392a,coughvid_data/3842054e-62e5-4b6f-ac17-cf96fc97392a.wav,coughvid_data/3842054e-62e5-4b6f-ac17-cf96fc97392a.wav,1.0
ebc30071-4d8a-4cc0-aeaf-7a64a2b8b213,coughvid_data/ebc30071-4d8a-4cc0-aeaf-7a64a2b8b213.wav,coughvid_data/ebc30071-4d8a-4cc0-aeaf-7a64a2b8b213.wav,0.0
12ab815b-2ab4-44a3-9085-28c923d4b88c,coughvid_data/12ab815b-2ab4-44a3-9085-28c923d4b88c.wav,coughvid_data/12ab815b-2ab4-44a3-9085-28c923d4b88c.wav,1.0
717541ab-3ad3-40cb-82ad-5d468bb3bf7e,coughvid_data/717541ab-3ad3-40cb-82ad-5d468bb3bf7e.wav,coughvid_data/717541ab-3ad3-40cb-82ad-5d468bb3bf7e.wav,0.0
9634fe17-2304-4907-ab47-3e34e40c1d74,coughvid_data/9634fe17-2304-4907-ab47-3e34e40c1d74.wav,coughvid_data/9634fe17-2304-4907-ab47-3e34e40c1d74.wav,0.0
6fe7dfc4-8447-4688-a3c0-05a6035a081a,coughvid_data/6fe7dfc4-8447-4688-a3c0-05a6035a081a.wav,coughvid_data/6fe7dfc4-8447-4688-a3c0-05a6035a081a.wav,0.0
1dd33475-e026-4d83-8d06-644e44593182,coughvid_data/1dd33475-e026-4d83-8d06-644e44593182.wav,coughvid_data/1dd33475-e026-4d83-8d06-644e44593182.wav,0.0
ec23f033-8625-444c-8aab-26eebd67f72f,coughvid_data/ec23f033-8625-444c-8aab-26eebd67f72f.wav,coughvid_data/ec23f033-8625-444c-8aab-26eebd67f72f.wav,1.0
64117c4c-1389-4044-8cb0-b957eb07e052,coughvid_data/64117c4c-1389-4044-8cb0-b957eb07e052.wav,coughvid_data/64117c4c-1389-4044-8cb0-b957eb07e052.wav,1.0
2e73b36c-839e-44ad-8c8a-9c76b4d70b9a,coughvid_data/2e73b36c-839e-44ad-8c8a-9c76b4d70b9a.wav,coughvid_data/2e73b36c-839e-44ad-8c8a-9c76b4d70b9a.wav,0.0
f33130a2-24bc-4b5d-a8c5-6a226d89f097,coughvid_data/f33130a2-24bc-4b5d-a8c5-6a226d89f097.wav,coughvid_data/f33130a2-24bc-4b5d-a8c5-6a226d89f097.wav,0.0
5e7f99cc-6aee-45c5-a38d-8faea10dbe0f,coughvid_data/5e7f99cc-6aee-45c5-a38d-8faea10dbe0f.wav,coughvid_data/5e7f99cc-6aee-45c5-a38d-8faea10dbe0f.wav,0.0
fcc087ad-54f7-4821-909d-817a571a1184,coughvid_data/fcc087ad-54f7-4821-909d-817a571a1184.wav,coughvid_data/fcc087ad-54f7-4821-909d-817a571a1184.wav,0.0
aae60985-b40e-4ab4-8160-03b386e7f2ba,coughvid_data/aae60985-b40e-4ab4-8160-03b386e7f2ba.wav,coughvid_data/aae60985-b40e-4ab4-8160-03b386e7f2ba.wav,0.0
a8ad6933-ee6d-4345-b19a-cf48f4791eab,coughvid_data/a8ad6933-ee6d-4345-b19a-cf48f4791eab.wav,coughvid_data/a8ad6933-ee6d-4345-b19a-cf48f4791eab.wav,1.0
ebc39372-6860-497c-960c-a185b602caf1,coughvid_data/ebc39372-6860-497c-960c-a185b602caf1.wav,coughvid_data/ebc39372-6860-497c-960c-a185b602caf1.wav,1.0
5504badb-1c19-4b8a-9760-afe644ae93ac,coughvid_data/5504badb-1c19-4b8a-9760-afe644ae93ac.wav,coughvid_data/5504badb-1c19-4b8a-9760-afe644ae93ac.wav,0.0
e0be421a-7ec5-4016-8caa-18bfa1b532a3,coughvid_data/e0be421a-7ec5-4016-8caa-18bfa1b532a3.wav,coughvid_data/e0be421a-7ec5-4016-8caa-18bfa1b532a3.wav,0.0
c7385617-fe9a-4aa9-b609-0128789e3709,coughvid_data/c7385617-fe9a-4aa9-b609-0128789e3709.wav,coughvid_data/c7385617-fe9a-4aa9-b609-0128789e3709.wav,1.0
6a0ab852-a4be-456a-b19a-4902fae67041,coughvid_data/6a0ab852-a4be-456a-b19a-4902fae67041.wav,coughvid_data/6a0ab852-a4be-456a-b19a-4902fae67041.wav,1.0
15da6024-2ae2-4a12-8539-f768bdbefb86,coughvid_data/15da6024-2ae2-4a12-8539-f768bdbefb86.wav,coughvid_data/15da6024-2ae2-4a12-8539-f768bdbefb86.wav,0.0
89a20669-e759-45c8-8867-cb9a38fc6b30,coughvid_data/89a20669-e759-45c8-8867-cb9a38fc6b30.wav,coughvid_data/89a20669-e759-45c8-8867-cb9a38fc6b30.wav,1.0
1c033a61-ff3a-43e3-a288-f5d809816b27,coughvid_data/1c033a61-ff3a-43e3-a288-f5d809816b27.wav,coughvid_data/1c033a61-ff3a-43e3-a288-f5d809816b27.wav,1.0
9c7e328b-aff0-4f71-8908-9659985e18f4,coughvid_data/9c7e328b-aff0-4f71-8908-9659985e18f4.wav,coughvid_data/9c7e328b-aff0-4f71-8908-9659985e18f4.wav,1.0
e131b9d1-b715-4e41-a36b-9216738314ed,coughvid_data/e131b9d1-b715-4e41-a36b-9216738314ed.wav,coughvid_data/e131b9d1-b715-4e41-a36b-9216738314ed.wav,1.0
09166d42-6f33-40d6-9c09-23021b2e0898,coughvid_data/09166d42-6f33-40d6-9c09-23021b2e0898.wav,coughvid_data/09166d42-6f33-40d6-9c09-23021b2e0898.wav,0.0
beca77be-776b-4d24-bb6d-6d70ca178139,coughvid_data/beca77be-776b-4d24-bb6d-6d70ca178139.wav,coughvid_data/beca77be-776b-4d24-bb6d-6d70ca178139.wav,0.0
fa46b78f-644f-4a0a-bbf4-44b25899f086,coughvid_data/fa46b78f-644f-4a0a-bbf4-44b25899f086.wav,coughvid_data/fa46b78f-644f-4a0a-bbf4-44b25899f086.wav,1.0
0fc178f8-8bc7-4975-baba-14c3e7b91f16,coughvid_data/0fc178f8-8bc7-4975-baba-14c3e7b91f16.wav,coughvid_data/0fc178f8-8bc7-4975-baba-14c3e7b91f16.wav,1.0
1dc10331-3a46-4dae-ad0d-0f598f66513b,coughvid_data/1dc10331-3a46-4dae-ad0d-0f598f66513b.wav,coughvid_data/1dc10331-3a46-4dae-ad0d-0f598f66513b.wav,1.0
359a58e1-9b5b-445b-a585-1950c015f5b9,coughvid_data/359a58e1-9b5b-445b-a585-1950c015f5b9.wav,coughvid_data/359a58e1-9b5b-445b-a585-1950c015f5b9.wav,0.0
e6ed0335-765c-4a92-948d-3edb91d9d7a9,coughvid_data/e6ed0335-765c-4a92-948d-3edb91d9d7a9.wav,coughvid_data/e6ed0335-765c-4a92-948d-3edb91d9d7a9.wav,0.0
b16031dc-92c7-49ef-beff-7b9a2900802c,coughvid_data/b16031dc-92c7-49ef-beff-7b9a2900802c.wav,coughvid_data/b16031dc-92c7-49ef-beff-7b9a2900802c.wav,0.0
6f35809c-c7d1-4beb-8e84-720042c91c3e,coughvid_data/6f35809c-c7d1-4beb-8e84-720042c91c3e.wav,coughvid_data/6f35809c-c7d1-4beb-8e84-720042c91c3e.wav,1.0
d7c0d8b5-a465-4526-9cdc-93d6c468e1d1,coughvid_data/d7c0d8b5-a465-4526-9cdc-93d6c468e1d1.wav,coughvid_data/d7c0d8b5-a465-4526-9cdc-93d6c468e1d1.wav,0.0
d6c0c70d-b77c-45e5-8709-6791380ca53a,coughvid_data/d6c0c70d-b77c-45e5-8709-6791380ca53a.wav,coughvid_data/d6c0c70d-b77c-45e5-8709-6791380ca53a.wav,1.0
18bf2443-2b82-4493-a196-4d43cfd12bb0,coughvid_data/18bf2443-2b82-4493-a196-4d43cfd12bb0.wav,coughvid_data/18bf2443-2b82-4493-a196-4d43cfd12bb0.wav,1.0
91f31210-e641-4e5c-a302-d67ac868515c,coughvid_data/91f31210-e641-4e5c-a302-d67ac868515c.wav,coughvid_data/91f31210-e641-4e5c-a302-d67ac868515c.wav,0.0
62f3eb94-22a8-4005-a03e-9320bdbf969b,coughvid_data/62f3eb94-22a8-4005-a03e-9320bdbf969b.wav,coughvid_data/62f3eb94-22a8-4005-a03e-9320bdbf969b.wav,1.0
b2dda608-7e53-494c-a730-f69ac50cc5de,coughvid_data/b2dda608-7e53-494c-a730-f69ac50cc5de.wav,coughvid_data/b2dda608-7e53-494c-a730-f69ac50cc5de.wav,1.0
3d958c18-8b9e-438b-b6ec-4a4c253ede66,coughvid_data/3d958c18-8b9e-438b-b6ec-4a4c253ede66.wav,coughvid_data/3d958c18-8b9e-438b-b6ec-4a4c253ede66.wav,1.0
294646f8-1a4a-45f7-aaab-10edb0badbba,coughvid_data/294646f8-1a4a-45f7-aaab-10edb0badbba.wav,coughvid_data/294646f8-1a4a-45f7-aaab-10edb0badbba.wav,0.0
b932af1f-6494-47d0-81b6-0a2121156231,coughvid_data/b932af1f-6494-47d0-81b6-0a2121156231.wav,coughvid_data/b932af1f-6494-47d0-81b6-0a2121156231.wav,0.0
44b5cd7f-cf53-4716-b210-ba828fc70e66,coughvid_data/44b5cd7f-cf53-4716-b210-ba828fc70e66.wav,coughvid_data/44b5cd7f-cf53-4716-b210-ba828fc70e66.wav,0.0
ee4a800a-9a5e-470a-9603-81afc1ee8536,coughvid_data/ee4a800a-9a5e-470a-9603-81afc1ee8536.wav,coughvid_data/ee4a800a-9a5e-470a-9603-81afc1ee8536.wav,0.0
b119027d-013f-4f50-85f0-444137f2393b,coughvid_data/b119027d-013f-4f50-85f0-444137f2393b.wav,coughvid_data/b119027d-013f-4f50-85f0-444137f2393b.wav,1.0
4c9a4fa8-2d2f-4cb0-843c-09e679b0e598,coughvid_data/4c9a4fa8-2d2f-4cb0-843c-09e679b0e598.wav,coughvid_data/4c9a4fa8-2d2f-4cb0-843c-09e679b0e598.wav,0.0
c6731e96-c2ea-4159-914d-a06bf9caa9aa,coughvid_data/c6731e96-c2ea-4159-914d-a06bf9caa9aa.wav,coughvid_data/c6731e96-c2ea-4159-914d-a06bf9caa9aa.wav,1.0
f584d14e-f641-4455-ac84-f568508ad651,coughvid_data/f584d14e-f641-4455-ac84-f568508ad651.wav,coughvid_data/f584d14e-f641-4455-ac84-f568508ad651.wav,1.0
0ccdbd88-cc81-4178-8c97-3ccfa2752fcb,coughvid_data/0ccdbd88-cc81-4178-8c97-3ccfa2752fcb.wav,coughvid_data/0ccdbd88-cc81-4178-8c97-3ccfa2752fcb.wav,1.0
554c7a30-8f69-46a0-951b-fd2ba1cef0b7,coughvid_data/554c7a30-8f69-46a0-951b-fd2ba1cef0b7.wav,coughvid_data/554c7a30-8f69-46a0-951b-fd2ba1cef0b7.wav,1.0
032d8941-5802-4883-a8d0-789971c38062,coughvid_data/032d8941-5802-4883-a8d0-789971c38062.wav,coughvid_data/032d8941-5802-4883-a8d0-789971c38062.wav,0.0
6b2e2ebe-8775-4efc-9dac-fe1e4ceb0cea,coughvid_data/6b2e2ebe-8775-4efc-9dac-fe1e4ceb0cea.wav,coughvid_data/6b2e2ebe-8775-4efc-9dac-fe1e4ceb0cea.wav,0.0
d93b74aa-faed-4737-9d5e-540e0fbdb961,coughvid_data/d93b74aa-faed-4737-9d5e-540e0fbdb961.wav,coughvid_data/d93b74aa-faed-4737-9d5e-540e0fbdb961.wav,1.0
7ea60289-23f5-4a44-a581-cdfcee186f4f,coughvid_data/7ea60289-23f5-4a44-a581-cdfcee186f4f.wav,coughvid_data/7ea60289-23f5-4a44-a581-cdfcee186f4f.wav,1.0
6f524ad1-6f59-404c-9d55-b79ab0acbb5c,coughvid_data/6f524ad1-6f59-404c-9d55-b79ab0acbb5c.wav,coughvid_data/6f524ad1-6f59-404c-9d55-b79ab0acbb5c.wav,0.0
6a530462-0db4-46f5-95c9-115db1ec1cb5,coughvid_data/6a530462-0db4-46f5-95c9-115db1ec1cb5.wav,coughvid_data/6a530462-0db4-46f5-95c9-115db1ec1cb5.wav,1.0
26c4e8f1-c908-44a7-bd23-640c293f938a,coughvid_data/26c4e8f1-c908-44a7-bd23-640c293f938a.wav,coughvid_data/26c4e8f1-c908-44a7-bd23-640c293f938a.wav,1.0
2b38e003-b21e-4785-b968-8701906044a8,coughvid_data/2b38e003-b21e-4785-b968-8701906044a8.wav,coughvid_data/2b38e003-b21e-4785-b968-8701906044a8.wav,0.0
2a1cf069-7f78-4c41-96a0-3a786767ee7b,coughvid_data/2a1cf069-7f78-4c41-96a0-3a786767ee7b.wav,coughvid_data/2a1cf069-7f78-4c41-96a0-3a786767ee7b.wav,1.0
00ff3842-be25-4e29-8eb7-27793a5e9fa9,coughvid_data/00ff3842-be25-4e29-8eb7-27793a5e9fa9.wav,coughvid_data/00ff3842-be25-4e29-8eb7-27793a5e9fa9.wav,1.0
913565a2-76f3-4e5c-b8ab-e0f5a773e75e,coughvid_data/913565a2-76f3-4e5c-b8ab-e0f5a773e75e.wav,coughvid_data/913565a2-76f3-4e5c-b8ab-e0f5a773e75e.wav,1.0
a61a9968-9a40-4a96-9727-e9010bc71943,coughvid_data/a61a9968-9a40-4a96-9727-e9010bc71943.wav,coughvid_data/a61a9968-9a40-4a96-9727-e9010bc71943.wav,1.0
d7040aca-dc80-4ef3-8a64-f7f5850ff01b,coughvid_data/d7040aca-dc80-4ef3-8a64-f7f5850ff01b.wav,coughvid_data/d7040aca-dc80-4ef3-8a64-f7f5850ff01b.wav,0.0
e5710162-749a-43bc-a1de-d2cd496b431c,coughvid_data/e5710162-749a-43bc-a1de-d2cd496b431c.wav,coughvid_data/e5710162-749a-43bc-a1de-d2cd496b431c.wav,1.0
03b86090-0064-4138-96d9-6ef168586797,coughvid_data/03b86090-0064-4138-96d9-6ef168586797.wav,coughvid_data/03b86090-0064-4138-96d9-6ef168586797.wav,0.0
7872c598-46e9-4bc5-804b-47c71b4be1ac,coughvid_data/7872c598-46e9-4bc5-804b-47c71b4be1ac.wav,coughvid_data/7872c598-46e9-4bc5-804b-47c71b4be1ac.wav,1.0
a5a09cd0-1568-4800-be54-b68ff4d0a86a,coughvid_data/a5a09cd0-1568-4800-be54-b68ff4d0a86a.wav,coughvid_data/a5a09cd0-1568-4800-be54-b68ff4d0a86a.wav,1.0
5c89e62f-ae90-4650-a8a5-fde32d489f19,coughvid_data/5c89e62f-ae90-4650-a8a5-fde32d489f19.wav,coughvid_data/5c89e62f-ae90-4650-a8a5-fde32d489f19.wav,1.0
13a1835c-e7d7-475c-a2ee-835e8da4e3c5,coughvid_data/13a1835c-e7d7-475c-a2ee-835e8da4e3c5.wav,coughvid_data/13a1835c-e7d7-475c-a2ee-835e8da4e3c5.wav,0.0
57da4350-2051-4a79-983f-0b2792f4be04,coughvid_data/57da4350-2051-4a79-983f-0b2792f4be04.wav,coughvid_data/57da4350-2051-4a79-983f-0b2792f4be04.wav,0.0
acfed456-1a7b-467e-ab9c-d3e383c0ab7e,coughvid_data/acfed456-1a7b-467e-ab9c-d3e383c0ab7e.wav,coughvid_data/acfed456-1a7b-467e-ab9c-d3e383c0ab7e.wav,0.0
6c009121-923f-40eb-a184-30a1df271e16,coughvid_data/6c009121-923f-40eb-a184-30a1df271e16.wav,coughvid_data/6c009121-923f-40eb-a184-30a1df271e16.wav,0.0
e777e0d2-3800-465a-b1a1-2c1f481af170,coughvid_data/e777e0d2-3800-465a-b1a1-2c1f481af170.wav,coughvid_data/e777e0d2-3800-465a-b1a1-2c1f481af170.wav,0.0
422ce35c-4290-4422-bc82-93949a3eab25,coughvid_data/422ce35c-4290-4422-bc82-93949a3eab25.wav,coughvid_data/422ce35c-4290-4422-bc82-93949a3eab25.wav,1.0
0d4c02ca-0bd3-4c47-b017-b072f379cfdf,coughvid_data/0d4c02ca-0bd3-4c47-b017-b072f379cfdf.wav,coughvid_data/0d4c02ca-0bd3-4c47-b017-b072f379cfdf.wav,0.0
a84890cf-92cf-4adf-8920-c508435a0d02,coughvid_data/a84890cf-92cf-4adf-8920-c508435a0d02.wav,coughvid_data/a84890cf-92cf-4adf-8920-c508435a0d02.wav,1.0
a4c4dd74-4de6-4194-9c09-24ad4ae6cd10,coughvid_data/a4c4dd74-4de6-4194-9c09-24ad4ae6cd10.wav,coughvid_data/a4c4dd74-4de6-4194-9c09-24ad4ae6cd10.wav,1.0
2d3898ec-843b-4c45-ba0b-682a363af49b,coughvid_data/2d3898ec-843b-4c45-ba0b-682a363af49b.wav,coughvid_data/2d3898ec-843b-4c45-ba0b-682a363af49b.wav,0.0
0ae9bba8-22e1-4da7-b270-074bb767c84c,coughvid_data/0ae9bba8-22e1-4da7-b270-074bb767c84c.wav,coughvid_data/0ae9bba8-22e1-4da7-b270-074bb767c84c.wav,1.0
2dd5cb43-c229-48ef-a839-f6d8cd7a534e,coughvid_data/2dd5cb43-c229-48ef-a839-f6d8cd7a534e.wav,coughvid_data/2dd5cb43-c229-48ef-a839-f6d8cd7a534e.wav,1.0
9fbcfd6c-6dca-43b7-af69-91a07eaa3c3d,coughvid_data/9fbcfd6c-6dca-43b7-af69-91a07eaa3c3d.wav,coughvid_data/9fbcfd6c-6dca-43b7-af69-91a07eaa3c3d.wav,1.0
6a947df4-9307-4a06-9ca1-d52f968679fd,coughvid_data/6a947df4-9307-4a06-9ca1-d52f968679fd.wav,coughvid_data/6a947df4-9307-4a06-9ca1-d52f968679fd.wav,0.0
5264e9e0-9d20-4a63-99c4-8dbece972a53,coughvid_data/5264e9e0-9d20-4a63-99c4-8dbece972a53.wav,coughvid_data/5264e9e0-9d20-4a63-99c4-8dbece972a53.wav,1.0
14472094-e96b-4ca0-b2d3-0401577b0341,coughvid_data/14472094-e96b-4ca0-b2d3-0401577b0341.wav,coughvid_data/14472094-e96b-4ca0-b2d3-0401577b0341.wav,1.0
97ccba2e-8928-42f9-b318-7a8cfd524ce4,coughvid_data/97ccba2e-8928-42f9-b318-7a8cfd524ce4.wav,coughvid_data/97ccba2e-8928-42f9-b318-7a8cfd524ce4.wav,0.0
ec2290f9-026d-416f-8ac7-3105f2886473,coughvid_data/ec2290f9-026d-416f-8ac7-3105f2886473.wav,coughvid_data/ec2290f9-026d-416f-8ac7-3105f2886473.wav,1.0
ea2dcbb7-edd4-4713-8095-2b303341bb89,coughvid_data/ea2dcbb7-edd4-4713-8095-2b303341bb89.wav,coughvid_data/ea2dcbb7-edd4-4713-8095-2b303341bb89.wav,1.0
34b61b66-006f-4503-af84-c7d674aba0d0,coughvid_data/34b61b66-006f-4503-af84-c7d674aba0d0.wav,coughvid_data/34b61b66-006f-4503-af84-c7d674aba0d0.wav,1.0
a96a1dd4-d30d-455b-bfb6-aa775c9f8317,coughvid_data/a96a1dd4-d30d-455b-bfb6-aa775c9f8317.wav,coughvid_data/a96a1dd4-d30d-455b-bfb6-aa775c9f8317.wav,1.0
5993407b-34d1-41e7-85ae-66db599054fe,coughvid_data/5993407b-34d1-41e7-85ae-66db599054fe.wav,coughvid_data/5993407b-34d1-41e7-85ae-66db599054fe.wav,0.0
4c703c57-883e-4e9d-ac67-e4b1a12601d3,coughvid_data/4c703c57-883e-4e9d-ac67-e4b1a12601d3.wav,coughvid_data/4c703c57-883e-4e9d-ac67-e4b1a12601d3.wav,1.0
6ba1a892-e137-460d-b766-4c283bc08cf7,coughvid_data/6ba1a892-e137-460d-b766-4c283bc08cf7.wav,coughvid_data/6ba1a892-e137-460d-b766-4c283bc08cf7.wav,0.0
16ed8a37-ab9b-453c-8f5a-dbacfe68aa88,coughvid_data/16ed8a37-ab9b-453c-8f5a-dbacfe68aa88.wav,coughvid_data/16ed8a37-ab9b-453c-8f5a-dbacfe68aa88.wav,1.0
4b87819c-fde2-43ba-ab48-c539eb1b0a34,coughvid_data/4b87819c-fde2-43ba-ab48-c539eb1b0a34.wav,coughvid_data/4b87819c-fde2-43ba-ab48-c539eb1b0a34.wav,1.0
5a3e3243-b553-4fe4-8aa4-37f4c9b074e3,coughvid_data/5a3e3243-b553-4fe4-8aa4-37f4c9b074e3.wav,coughvid_data/5a3e3243-b553-4fe4-8aa4-37f4c9b074e3.wav,1.0
b295133b-75ba-489d-a117-947763a80480,coughvid_data/b295133b-75ba-489d-a117-947763a80480.wav,coughvid_data/b295133b-75ba-489d-a117-947763a80480.wav,1.0
6c8c25ff-eeea-4bd2-a487-f23a13526a8d,coughvid_data/6c8c25ff-eeea-4bd2-a487-f23a13526a8d.wav,coughvid_data/6c8c25ff-eeea-4bd2-a487-f23a13526a8d.wav,0.0
5defbb95-df43-44f4-9693-bce8330253d4,coughvid_data/5defbb95-df43-44f4-9693-bce8330253d4.wav,coughvid_data/5defbb95-df43-44f4-9693-bce8330253d4.wav,1.0
9bdbe6b0-c756-44cb-8995-c2823b3241cf,coughvid_data/9bdbe6b0-c756-44cb-8995-c2823b3241cf.wav,coughvid_data/9bdbe6b0-c756-44cb-8995-c2823b3241cf.wav,0.0
ec2cad5c-545f-4d93-ab13-82cd8929bd7c,coughvid_data/ec2cad5c-545f-4d93-ab13-82cd8929bd7c.wav,coughvid_data/ec2cad5c-545f-4d93-ab13-82cd8929bd7c.wav,1.0
059d7b66-b597-4662-90e5-3dcafad0efb0,coughvid_data/059d7b66-b597-4662-90e5-3dcafad0efb0.wav,coughvid_data/059d7b66-b597-4662-90e5-3dcafad0efb0.wav,1.0
c87fbc08-eddb-4ee7-8267-c3cc6c19b6d0,coughvid_data/c87fbc08-eddb-4ee7-8267-c3cc6c19b6d0.wav,coughvid_data/c87fbc08-eddb-4ee7-8267-c3cc6c19b6d0.wav,1.0
11a8a2a8-ea7c-4044-b04f-58341cc9974d,coughvid_data/11a8a2a8-ea7c-4044-b04f-58341cc9974d.wav,coughvid_data/11a8a2a8-ea7c-4044-b04f-58341cc9974d.wav,0.0
e1dcedbd-7cf6-4427-8639-837421e07e2b,coughvid_data/e1dcedbd-7cf6-4427-8639-837421e07e2b.wav,coughvid_data/e1dcedbd-7cf6-4427-8639-837421e07e2b.wav,1.0
6bff2f2f-61e8-4f1e-a3e4-48230852aec1,coughvid_data/6bff2f2f-61e8-4f1e-a3e4-48230852aec1.wav,coughvid_data/6bff2f2f-61e8-4f1e-a3e4-48230852aec1.wav,1.0
18ef6c46-a7b4-495d-afbf-5b4797e6d3d7,coughvid_data/18ef6c46-a7b4-495d-afbf-5b4797e6d3d7.wav,coughvid_data/18ef6c46-a7b4-495d-afbf-5b4797e6d3d7.wav,0.0
d00130c9-dbab-42ce-a553-b0058e6eecef,coughvid_data/d00130c9-dbab-42ce-a553-b0058e6eecef.wav,coughvid_data/d00130c9-dbab-42ce-a553-b0058e6eecef.wav,0.0
2daf5abe-5aa7-45ee-88c8-1c33c3f5394b,coughvid_data/2daf5abe-5aa7-45ee-88c8-1c33c3f5394b.wav,coughvid_data/2daf5abe-5aa7-45ee-88c8-1c33c3f5394b.wav,1.0
14a9162b-aacc-41e9-8440-be97f8fb9dca,coughvid_data/14a9162b-aacc-41e9-8440-be97f8fb9dca.wav,coughvid_data/14a9162b-aacc-41e9-8440-be97f8fb9dca.wav,1.0
e2a88586-af0a-4c93-be1a-3cf0c02704a9,coughvid_data/e2a88586-af0a-4c93-be1a-3cf0c02704a9.wav,coughvid_data/e2a88586-af0a-4c93-be1a-3cf0c02704a9.wav,1.0
e6650c67-4e1b-43fb-8de4-e04b0f9d3bb7,coughvid_data/e6650c67-4e1b-43fb-8de4-e04b0f9d3bb7.wav,coughvid_data/e6650c67-4e1b-43fb-8de4-e04b0f9d3bb7.wav,0.0
d489ca38-a466-4065-b342-54873d74da1c,coughvid_data/d489ca38-a466-4065-b342-54873d74da1c.wav,coughvid_data/d489ca38-a466-4065-b342-54873d74da1c.wav,0.0
e0ddb4b7-e124-491f-b049-04ab50f51b01,coughvid_data/e0ddb4b7-e124-491f-b049-04ab50f51b01.wav,coughvid_data/e0ddb4b7-e124-491f-b049-04ab50f51b01.wav,1.0
fc0f49fc-e960-4dd7-a304-ec447a539685,coughvid_data/fc0f49fc-e960-4dd7-a304-ec447a539685.wav,coughvid_data/fc0f49fc-e960-4dd7-a304-ec447a539685.wav,0.0
63c6a237-0340-40b6-ad91-9554667d1247,coughvid_data/63c6a237-0340-40b6-ad91-9554667d1247.wav,coughvid_data/63c6a237-0340-40b6-ad91-9554667d1247.wav,1.0
7cfa3e71-d471-4948-bc86-58f01c1d1ace,coughvid_data/7cfa3e71-d471-4948-bc86-58f01c1d1ace.wav,coughvid_data/7cfa3e71-d471-4948-bc86-58f01c1d1ace.wav,0.0
e4acaef7-61e6-415f-b902-219c0d99f418,coughvid_data/e4acaef7-61e6-415f-b902-219c0d99f418.wav,coughvid_data/e4acaef7-61e6-415f-b902-219c0d99f418.wav,1.0
15a9deb7-9fe4-405e-9ab9-e37cfde20fc9,coughvid_data/15a9deb7-9fe4-405e-9ab9-e37cfde20fc9.wav,coughvid_data/15a9deb7-9fe4-405e-9ab9-e37cfde20fc9.wav,0.0
5e18b8c6-38b1-4e81-9a54-9b7af5199588,coughvid_data/5e18b8c6-38b1-4e81-9a54-9b7af5199588.wav,coughvid_data/5e18b8c6-38b1-4e81-9a54-9b7af5199588.wav,0.0
9f1c2640-dd41-4e3b-a75b-8ced9976a761,coughvid_data/9f1c2640-dd41-4e3b-a75b-8ced9976a761.wav,coughvid_data/9f1c2640-dd41-4e3b-a75b-8ced9976a761.wav,1.0
a6c21710-377b-40b7-8c2e-e98349ef9041,coughvid_data/a6c21710-377b-40b7-8c2e-e98349ef9041.wav,coughvid_data/a6c21710-377b-40b7-8c2e-e98349ef9041.wav,0.0
3f778078-6c26-4f3a-b0c4-19671c4bd1ae,coughvid_data/3f778078-6c26-4f3a-b0c4-19671c4bd1ae.wav,coughvid_data/3f778078-6c26-4f3a-b0c4-19671c4bd1ae.wav,0.0
6721d4a6-5d93-4acc-8fed-8b04e0b14e71,coughvid_data/6721d4a6-5d93-4acc-8fed-8b04e0b14e71.wav,coughvid_data/6721d4a6-5d93-4acc-8fed-8b04e0b14e71.wav,1.0
81751cbe-2e21-489b-8683-326877f8f74b,coughvid_data/81751cbe-2e21-489b-8683-326877f8f74b.wav,coughvid_data/81751cbe-2e21-489b-8683-326877f8f74b.wav,0.0
64baf19f-42cb-4db0-8686-38db15092d01,coughvid_data/64baf19f-42cb-4db0-8686-38db15092d01.wav,coughvid_data/64baf19f-42cb-4db0-8686-38db15092d01.wav,1.0
30fe1c44-edc4-457d-ba96-92802ef7511c,coughvid_data/30fe1c44-edc4-457d-ba96-92802ef7511c.wav,coughvid_data/30fe1c44-edc4-457d-ba96-92802ef7511c.wav,0.0
0b618a49-9562-4fa5-afb7-fce583b5a444,coughvid_data/0b618a49-9562-4fa5-afb7-fce583b5a444.wav,coughvid_data/0b618a49-9562-4fa5-afb7-fce583b5a444.wav,1.0
6ecbdea5-6b3e-48b4-bbf8-53dde4c29302,coughvid_data/6ecbdea5-6b3e-48b4-bbf8-53dde4c29302.wav,coughvid_data/6ecbdea5-6b3e-48b4-bbf8-53dde4c29302.wav,0.0
a0b4dea5-f13a-4f4d-849d-322a48d47684,coughvid_data/a0b4dea5-f13a-4f4d-849d-322a48d47684.wav,coughvid_data/a0b4dea5-f13a-4f4d-849d-322a48d47684.wav,0.0
822a95b1-e69c-4e3d-9e30-5b2c93363cf9,coughvid_data/822a95b1-e69c-4e3d-9e30-5b2c93363cf9.wav,coughvid_data/822a95b1-e69c-4e3d-9e30-5b2c93363cf9.wav,0.0
e87a1ccf-f432-45eb-9b9c-26ae81db7784,coughvid_data/e87a1ccf-f432-45eb-9b9c-26ae81db7784.wav,coughvid_data/e87a1ccf-f432-45eb-9b9c-26ae81db7784.wav,0.0
cab3fcff-7d53-4f0e-8e81-5b537b268657,coughvid_data/cab3fcff-7d53-4f0e-8e81-5b537b268657.wav,coughvid_data/cab3fcff-7d53-4f0e-8e81-5b537b268657.wav,1.0
274a9505-c434-4ee6-94d1-7b64568cd0cd,coughvid_data/274a9505-c434-4ee6-94d1-7b64568cd0cd.wav,coughvid_data/274a9505-c434-4ee6-94d1-7b64568cd0cd.wav,0.0
879b6267-3ea5-4eb1-8f99-b24b46095d52,coughvid_data/879b6267-3ea5-4eb1-8f99-b24b46095d52.wav,coughvid_data/879b6267-3ea5-4eb1-8f99-b24b46095d52.wav,0.0
6cf6ff1e-c88d-4f5f-9d62-b1cbd3749313,coughvid_data/6cf6ff1e-c88d-4f5f-9d62-b1cbd3749313.wav,coughvid_data/6cf6ff1e-c88d-4f5f-9d62-b1cbd3749313.wav,1.0
ba3eb2c5-cafd-4a00-8bf1-b43e81027547,coughvid_data/ba3eb2c5-cafd-4a00-8bf1-b43e81027547.wav,coughvid_data/ba3eb2c5-cafd-4a00-8bf1-b43e81027547.wav,0.0
c055531e-cb23-42a9-af89-e0b517682a4c,coughvid_data/c055531e-cb23-42a9-af89-e0b517682a4c.wav,coughvid_data/c055531e-cb23-42a9-af89-e0b517682a4c.wav,0.0
8a8c2f70-571b-4e61-8f5d-357289d48aaf,coughvid_data/8a8c2f70-571b-4e61-8f5d-357289d48aaf.wav,coughvid_data/8a8c2f70-571b-4e61-8f5d-357289d48aaf.wav,1.0
76536f1c-678e-43dc-888b-eb17ee97df20,coughvid_data/76536f1c-678e-43dc-888b-eb17ee97df20.wav,coughvid_data/76536f1c-678e-43dc-888b-eb17ee97df20.wav,0.0
1a3b328d-e21a-400c-88c5-5670b2b32712,coughvid_data/1a3b328d-e21a-400c-88c5-5670b2b32712.wav,coughvid_data/1a3b328d-e21a-400c-88c5-5670b2b32712.wav,1.0
9feaa48c-8ea7-40c9-a472-e759f1003711,coughvid_data/9feaa48c-8ea7-40c9-a472-e759f1003711.wav,coughvid_data/9feaa48c-8ea7-40c9-a472-e759f1003711.wav,0.0
6752ac49-1c88-40d6-af9d-e16dfb81bf51,coughvid_data/6752ac49-1c88-40d6-af9d-e16dfb81bf51.wav,coughvid_data/6752ac49-1c88-40d6-af9d-e16dfb81bf51.wav,1.0
0264d1e9-43b5-4fc5-a8e4-115868a924f8,coughvid_data/0264d1e9-43b5-4fc5-a8e4-115868a924f8.wav,coughvid_data/0264d1e9-43b5-4fc5-a8e4-115868a924f8.wav,0.0
23599a7f-ec31-42d8-a141-0f6c41655d61,coughvid_data/23599a7f-ec31-42d8-a141-0f6c41655d61.wav,coughvid_data/23599a7f-ec31-42d8-a141-0f6c41655d61.wav,0.0
ed79f34d-6ddf-45aa-a73f-dd5a7f030a82,coughvid_data/ed79f34d-6ddf-45aa-a73f-dd5a7f030a82.wav,coughvid_data/ed79f34d-6ddf-45aa-a73f-dd5a7f030a82.wav,1.0
0ed0f24e-8e57-4183-9b9f-837a701f87df,coughvid_data/0ed0f24e-8e57-4183-9b9f-837a701f87df.wav,coughvid_data/0ed0f24e-8e57-4183-9b9f-837a701f87df.wav,1.0
7097b585-7133-41d4-a491-e02bbf701159,coughvid_data/7097b585-7133-41d4-a491-e02bbf701159.wav,coughvid_data/7097b585-7133-41d4-a491-e02bbf701159.wav,1.0
cc4b248c-508f-4ff8-8fa6-8264c5b32570,coughvid_data/cc4b248c-508f-4ff8-8fa6-8264c5b32570.wav,coughvid_data/cc4b248c-508f-4ff8-8fa6-8264c5b32570.wav,1.0
5489e6ac-cd8e-405d-a29a-52a50f6bfa9c,coughvid_data/5489e6ac-cd8e-405d-a29a-52a50f6bfa9c.wav,coughvid_data/5489e6ac-cd8e-405d-a29a-52a50f6bfa9c.wav,1.0
60997e7a-3017-44c2-82b4-c43398bb7c02,coughvid_data/60997e7a-3017-44c2-82b4-c43398bb7c02.wav,coughvid_data/60997e7a-3017-44c2-82b4-c43398bb7c02.wav,0.0
f7415cfe-2d39-42ea-938d-b9bd6aaafe13,coughvid_data/f7415cfe-2d39-42ea-938d-b9bd6aaafe13.wav,coughvid_data/f7415cfe-2d39-42ea-938d-b9bd6aaafe13.wav,0.0
8240346f-d182-4f22-ac06-6e3aa7a50c65,coughvid_data/8240346f-d182-4f22-ac06-6e3aa7a50c65.wav,coughvid_data/8240346f-d182-4f22-ac06-6e3aa7a50c65.wav,0.0
3a82c1dc-3c19-4b7d-8f03-629e45cbbe76,coughvid_data/3a82c1dc-3c19-4b7d-8f03-629e45cbbe76.wav,coughvid_data/3a82c1dc-3c19-4b7d-8f03-629e45cbbe76.wav,0.0
8f721c87-1701-4830-aa29-bab1c4003d9c,coughvid_data/8f721c87-1701-4830-aa29-bab1c4003d9c.wav,coughvid_data/8f721c87-1701-4830-aa29-bab1c4003d9c.wav,1.0
a2a2840e-4e45-4aa8-a9d2-0febcd3c37cb,coughvid_data/a2a2840e-4e45-4aa8-a9d2-0febcd3c37cb.wav,coughvid_data/a2a2840e-4e45-4aa8-a9d2-0febcd3c37cb.wav,1.0
cd777894-a8f2-4987-8702-06cb70b56bd1,coughvid_data/cd777894-a8f2-4987-8702-06cb70b56bd1.wav,coughvid_data/cd777894-a8f2-4987-8702-06cb70b56bd1.wav,1.0
851b4e5c-0ebc-4fe8-9633-2fe1844951d2,coughvid_data/851b4e5c-0ebc-4fe8-9633-2fe1844951d2.wav,coughvid_data/851b4e5c-0ebc-4fe8-9633-2fe1844951d2.wav,0.0
3c0fc132-ddae-4211-9d02-b3b1a655e674,coughvid_data/3c0fc132-ddae-4211-9d02-b3b1a655e674.wav,coughvid_data/3c0fc132-ddae-4211-9d02-b3b1a655e674.wav,1.0
fa9f0ded-b67b-4c83-8e51-171a1478dd89,coughvid_data/fa9f0ded-b67b-4c83-8e51-171a1478dd89.wav,coughvid_data/fa9f0ded-b67b-4c83-8e51-171a1478dd89.wav,1.0
5891ad9c-6f93-4a1f-8d78-e259a9409e78,coughvid_data/5891ad9c-6f93-4a1f-8d78-e259a9409e78.wav,coughvid_data/5891ad9c-6f93-4a1f-8d78-e259a9409e78.wav,1.0
c3e7800a-d297-4a75-aaec-9ccdd703c557,coughvid_data/c3e7800a-d297-4a75-aaec-9ccdd703c557.wav,coughvid_data/c3e7800a-d297-4a75-aaec-9ccdd703c557.wav,0.0
9f3f6969-3c73-4444-8288-f35edcbac045,coughvid_data/9f3f6969-3c73-4444-8288-f35edcbac045.wav,coughvid_data/9f3f6969-3c73-4444-8288-f35edcbac045.wav,0.0
29bccf42-80f6-429f-a98b-005534564813,coughvid_data/29bccf42-80f6-429f-a98b-005534564813.wav,coughvid_data/29bccf42-80f6-429f-a98b-005534564813.wav,1.0
9113155b-56ad-4614-abac-35e31be38b7e,coughvid_data/9113155b-56ad-4614-abac-35e31be38b7e.wav,coughvid_data/9113155b-56ad-4614-abac-35e31be38b7e.wav,0.0
8f4a6055-bce7-4930-ac9b-4412293f470a,coughvid_data/8f4a6055-bce7-4930-ac9b-4412293f470a.wav,coughvid_data/8f4a6055-bce7-4930-ac9b-4412293f470a.wav,0.0
c3cb913c-674b-421c-96bb-f6d4be3ce5a8,coughvid_data/c3cb913c-674b-421c-96bb-f6d4be3ce5a8.wav,coughvid_data/c3cb913c-674b-421c-96bb-f6d4be3ce5a8.wav,0.0
a4d24478-c705-4c40-82bf-715b4867063f,coughvid_data/a4d24478-c705-4c40-82bf-715b4867063f.wav,coughvid_data/a4d24478-c705-4c40-82bf-715b4867063f.wav,0.0
c26da5e0-2e89-43d4-80d7-efe5af6bc26b,coughvid_data/c26da5e0-2e89-43d4-80d7-efe5af6bc26b.wav,coughvid_data/c26da5e0-2e89-43d4-80d7-efe5af6bc26b.wav,0.0
05688744-5e34-43b5-9bcc-ced86fb0fc68,coughvid_data/05688744-5e34-43b5-9bcc-ced86fb0fc68.wav,coughvid_data/05688744-5e34-43b5-9bcc-ced86fb0fc68.wav,1.0
1ea80a3b-83f4-4aea-bc0a-2330c5e711f7,coughvid_data/1ea80a3b-83f4-4aea-bc0a-2330c5e711f7.wav,coughvid_data/1ea80a3b-83f4-4aea-bc0a-2330c5e711f7.wav,1.0
76312f74-2d0f-4739-96e9-f33369076b94,coughvid_data/76312f74-2d0f-4739-96e9-f33369076b94.wav,coughvid_data/76312f74-2d0f-4739-96e9-f33369076b94.wav,1.0
7b4ae728-0786-40a0-8ee7-e50847cbe336,coughvid_data/7b4ae728-0786-40a0-8ee7-e50847cbe336.wav,coughvid_data/7b4ae728-0786-40a0-8ee7-e50847cbe336.wav,0.0
b8c204eb-0e27-40c7-b3ec-31e9c3ffe6d9,coughvid_data/b8c204eb-0e27-40c7-b3ec-31e9c3ffe6d9.wav,coughvid_data/b8c204eb-0e27-40c7-b3ec-31e9c3ffe6d9.wav,1.0
11371e2c-f0df-4805-baf5-0753ade8261c,coughvid_data/11371e2c-f0df-4805-baf5-0753ade8261c.wav,coughvid_data/11371e2c-f0df-4805-baf5-0753ade8261c.wav,0.0
340a96e5-3a68-4ca3-b519-11266779f604,coughvid_data/340a96e5-3a68-4ca3-b519-11266779f604.wav,coughvid_data/340a96e5-3a68-4ca3-b519-11266779f604.wav,0.0
835a9109-7938-40bd-addd-f076c97974f9,coughvid_data/835a9109-7938-40bd-addd-f076c97974f9.wav,coughvid_data/835a9109-7938-40bd-addd-f076c97974f9.wav,0.0
a0b0d0bf-51cc-4238-bad5-1b70c6edf438,coughvid_data/a0b0d0bf-51cc-4238-bad5-1b70c6edf438.wav,coughvid_data/a0b0d0bf-51cc-4238-bad5-1b70c6edf438.wav,1.0
9934d1fe-f3a1-4246-a8b2-d0d61e003ddc,coughvid_data/9934d1fe-f3a1-4246-a8b2-d0d61e003ddc.wav,coughvid_data/9934d1fe-f3a1-4246-a8b2-d0d61e003ddc.wav,1.0
f3d3e1ac-e7ee-4ba2-926f-1077264677fe,coughvid_data/f3d3e1ac-e7ee-4ba2-926f-1077264677fe.wav,coughvid_data/f3d3e1ac-e7ee-4ba2-926f-1077264677fe.wav,0.0
c1fdcd84-1440-40ef-8161-c12283432055,coughvid_data/c1fdcd84-1440-40ef-8161-c12283432055.wav,coughvid_data/c1fdcd84-1440-40ef-8161-c12283432055.wav,0.0
1775bc95-146f-45bf-b824-7fb912b6410b,coughvid_data/1775bc95-146f-45bf-b824-7fb912b6410b.wav,coughvid_data/1775bc95-146f-45bf-b824-7fb912b6410b.wav,1.0
b38e6b52-1d30-4931-abbc-c64c4c1d556a,coughvid_data/b38e6b52-1d30-4931-abbc-c64c4c1d556a.wav,coughvid_data/b38e6b52-1d30-4931-abbc-c64c4c1d556a.wav,0.0
c921b0d3-ea86-4dc8-9f20-3e2a81bf3a30,coughvid_data/c921b0d3-ea86-4dc8-9f20-3e2a81bf3a30.wav,coughvid_data/c921b0d3-ea86-4dc8-9f20-3e2a81bf3a30.wav,1.0
5929941d-16bc-40e4-8eec-9f30d7c50152,coughvid_data/5929941d-16bc-40e4-8eec-9f30d7c50152.wav,coughvid_data/5929941d-16bc-40e4-8eec-9f30d7c50152.wav,1.0
5b09adc0-a6f2-4585-ae15-deff9ec872aa,coughvid_data/5b09adc0-a6f2-4585-ae15-deff9ec872aa.wav,coughvid_data/5b09adc0-a6f2-4585-ae15-deff9ec872aa.wav,1.0
15fd23f4-8db4-41c4-91c1-cea7d24cb40f,coughvid_data/15fd23f4-8db4-41c4-91c1-cea7d24cb40f.wav,coughvid_data/15fd23f4-8db4-41c4-91c1-cea7d24cb40f.wav,0.0
2e2f0d38-956f-43ad-8411-70a1b2a8f83a,coughvid_data/2e2f0d38-956f-43ad-8411-70a1b2a8f83a.wav,coughvid_data/2e2f0d38-956f-43ad-8411-70a1b2a8f83a.wav,1.0
fd0d470a-6153-45fd-9f10-804245974c63,coughvid_data/fd0d470a-6153-45fd-9f10-804245974c63.wav,coughvid_data/fd0d470a-6153-45fd-9f10-804245974c63.wav,1.0
75d5fbd3-4c03-4d4c-8904-e600243d2705,coughvid_data/75d5fbd3-4c03-4d4c-8904-e600243d2705.wav,coughvid_data/75d5fbd3-4c03-4d4c-8904-e600243d2705.wav,0.0
cd5d376d-61ad-42e9-a58b-323813df8f82,coughvid_data/cd5d376d-61ad-42e9-a58b-323813df8f82.wav,coughvid_data/cd5d376d-61ad-42e9-a58b-323813df8f82.wav,0.0
fb55bf77-b11b-496e-9cde-1ed5c67e3ebc,coughvid_data/fb55bf77-b11b-496e-9cde-1ed5c67e3ebc.wav,coughvid_data/fb55bf77-b11b-496e-9cde-1ed5c67e3ebc.wav,1.0
f2d857e3-0863-4235-930c-2ef9d8cd8210,coughvid_data/f2d857e3-0863-4235-930c-2ef9d8cd8210.wav,coughvid_data/f2d857e3-0863-4235-930c-2ef9d8cd8210.wav,0.0
ce7edc59-863a-4a77-8835-60e07c61bb99,coughvid_data/ce7edc59-863a-4a77-8835-60e07c61bb99.wav,coughvid_data/ce7edc59-863a-4a77-8835-60e07c61bb99.wav,1.0
477dab84-bea0-4939-ad87-978db8662d25,coughvid_data/477dab84-bea0-4939-ad87-978db8662d25.wav,coughvid_data/477dab84-bea0-4939-ad87-978db8662d25.wav,0.0
df81a146-c5d9-44ec-a108-66b1fe630c99,coughvid_data/df81a146-c5d9-44ec-a108-66b1fe630c99.wav,coughvid_data/df81a146-c5d9-44ec-a108-66b1fe630c99.wav,0.0
be299e07-a91f-4b3a-a7d9-cb2a94418270,coughvid_data/be299e07-a91f-4b3a-a7d9-cb2a94418270.wav,coughvid_data/be299e07-a91f-4b3a-a7d9-cb2a94418270.wav,1.0
4b0fc186-1ca6-4267-81b9-66d4d6d55d09,coughvid_data/4b0fc186-1ca6-4267-81b9-66d4d6d55d09.wav,coughvid_data/4b0fc186-1ca6-4267-81b9-66d4d6d55d09.wav,1.0
226b9ea8-f100-4ba1-8bb7-9a177879c93f,coughvid_data/226b9ea8-f100-4ba1-8bb7-9a177879c93f.wav,coughvid_data/226b9ea8-f100-4ba1-8bb7-9a177879c93f.wav,1.0
4b4c34b2-a01b-4141-828f-fa5835f146d8,coughvid_data/4b4c34b2-a01b-4141-828f-fa5835f146d8.wav,coughvid_data/4b4c34b2-a01b-4141-828f-fa5835f146d8.wav,0.0
5a76c02a-52a4-4a8c-9bb8-6f997d59bb4b,coughvid_data/5a76c02a-52a4-4a8c-9bb8-6f997d59bb4b.wav,coughvid_data/5a76c02a-52a4-4a8c-9bb8-6f997d59bb4b.wav,1.0
9d724d78-f03e-4aa0-8f47-b9e89b73c9ea,coughvid_data/9d724d78-f03e-4aa0-8f47-b9e89b73c9ea.wav,coughvid_data/9d724d78-f03e-4aa0-8f47-b9e89b73c9ea.wav,1.0
005eb1ff-e7be-49b9-81ac-6b8636558a71,coughvid_data/005eb1ff-e7be-49b9-81ac-6b8636558a71.wav,coughvid_data/005eb1ff-e7be-49b9-81ac-6b8636558a71.wav,0.0
19d257b0-d874-41f5-844c-9f61e07946b2,coughvid_data/19d257b0-d874-41f5-844c-9f61e07946b2.wav,coughvid_data/19d257b0-d874-41f5-844c-9f61e07946b2.wav,0.0
3f9b298f-f5bc-4bf2-80cc-748cb1e81393,coughvid_data/3f9b298f-f5bc-4bf2-80cc-748cb1e81393.wav,coughvid_data/3f9b298f-f5bc-4bf2-80cc-748cb1e81393.wav,0.0
95d528de-4870-4359-8c93-ee201987a66c,coughvid_data/95d528de-4870-4359-8c93-ee201987a66c.wav,coughvid_data/95d528de-4870-4359-8c93-ee201987a66c.wav,0.0
cf7f0bf5-0f0a-4351-946d-ae97bccf1ae2,coughvid_data/cf7f0bf5-0f0a-4351-946d-ae97bccf1ae2.wav,coughvid_data/cf7f0bf5-0f0a-4351-946d-ae97bccf1ae2.wav,1.0
c198c931-77b9-4b75-a41f-50624544f573,coughvid_data/c198c931-77b9-4b75-a41f-50624544f573.wav,coughvid_data/c198c931-77b9-4b75-a41f-50624544f573.wav,0.0
bf06a3a9-9ea0-4386-b48f-f710fe9088b2,coughvid_data/bf06a3a9-9ea0-4386-b48f-f710fe9088b2.wav,coughvid_data/bf06a3a9-9ea0-4386-b48f-f710fe9088b2.wav,1.0
bc420b28-1763-429f-8b03-9318611aaa8a,coughvid_data/bc420b28-1763-429f-8b03-9318611aaa8a.wav,coughvid_data/bc420b28-1763-429f-8b03-9318611aaa8a.wav,0.0
ba8fabc5-d9fa-4ed4-9c6c-2da4c0d9663c,coughvid_data/ba8fabc5-d9fa-4ed4-9c6c-2da4c0d9663c.wav,coughvid_data/ba8fabc5-d9fa-4ed4-9c6c-2da4c0d9663c.wav,0.0
0dd9ac34-73ce-4656-8fd3-e10ff0f70d69,coughvid_data/0dd9ac34-73ce-4656-8fd3-e10ff0f70d69.wav,coughvid_data/0dd9ac34-73ce-4656-8fd3-e10ff0f70d69.wav,0.0
13458e74-99e8-4548-ad5e-83ac02d363d7,coughvid_data/13458e74-99e8-4548-ad5e-83ac02d363d7.wav,coughvid_data/13458e74-99e8-4548-ad5e-83ac02d363d7.wav,0.0
390dc540-551d-40a5-8b73-c9178734e27c,coughvid_data/390dc540-551d-40a5-8b73-c9178734e27c.wav,coughvid_data/390dc540-551d-40a5-8b73-c9178734e27c.wav,1.0
a98de6af-71df-45a5-a3ad-d4f0fae339ee,coughvid_data/a98de6af-71df-45a5-a3ad-d4f0fae339ee.wav,coughvid_data/a98de6af-71df-45a5-a3ad-d4f0fae339ee.wav,0.0
e25b6895-c98f-42bd-aa13-b2eaf1e5e6e9,coughvid_data/e25b6895-c98f-42bd-aa13-b2eaf1e5e6e9.wav,coughvid_data/e25b6895-c98f-42bd-aa13-b2eaf1e5e6e9.wav,1.0
125bd8d2-4c1b-4f26-bef1-9d374f8377e9,coughvid_data/125bd8d2-4c1b-4f26-bef1-9d374f8377e9.wav,coughvid_data/125bd8d2-4c1b-4f26-bef1-9d374f8377e9.wav,0.0
5b033608-4ece-410d-a614-f62cc512bdfc,coughvid_data/5b033608-4ece-410d-a614-f62cc512bdfc.wav,coughvid_data/5b033608-4ece-410d-a614-f62cc512bdfc.wav,1.0
98242141-413e-4f8e-933a-a72fc545c031,coughvid_data/98242141-413e-4f8e-933a-a72fc545c031.wav,coughvid_data/98242141-413e-4f8e-933a-a72fc545c031.wav,0.0
98dc33d3-3340-4179-a703-e8158df62bd4,coughvid_data/98dc33d3-3340-4179-a703-e8158df62bd4.wav,coughvid_data/98dc33d3-3340-4179-a703-e8158df62bd4.wav,0.0
430e178f-e22f-4d17-8c2b-df8671add04f,coughvid_data/430e178f-e22f-4d17-8c2b-df8671add04f.wav,coughvid_data/430e178f-e22f-4d17-8c2b-df8671add04f.wav,1.0
5c4da86e-a7b4-4eb3-a893-0e54014a298c,coughvid_data/5c4da86e-a7b4-4eb3-a893-0e54014a298c.wav,coughvid_data/5c4da86e-a7b4-4eb3-a893-0e54014a298c.wav,0.0
244b07f5-2bff-449c-b8b1-a01e4ea9c83a,coughvid_data/244b07f5-2bff-449c-b8b1-a01e4ea9c83a.wav,coughvid_data/244b07f5-2bff-449c-b8b1-a01e4ea9c83a.wav,0.0
abf8d97b-782f-47c8-b785-1786843760f7,coughvid_data/abf8d97b-782f-47c8-b785-1786843760f7.wav,coughvid_data/abf8d97b-782f-47c8-b785-1786843760f7.wav,0.0
d4eb7923-bad0-484f-a7d4-75ba1f23be2a,coughvid_data/d4eb7923-bad0-484f-a7d4-75ba1f23be2a.wav,coughvid_data/d4eb7923-bad0-484f-a7d4-75ba1f23be2a.wav,1.0
53353691-0d5c-4b68-8ddc-11997afe6478,coughvid_data/53353691-0d5c-4b68-8ddc-11997afe6478.wav,coughvid_data/53353691-0d5c-4b68-8ddc-11997afe6478.wav,1.0
14b2acd6-b82f-47c6-ab5e-b53664394d2e,coughvid_data/14b2acd6-b82f-47c6-ab5e-b53664394d2e.wav,coughvid_data/14b2acd6-b82f-47c6-ab5e-b53664394d2e.wav,0.0
2132cfc5-2910-4014-bd51-e60183d1b167,coughvid_data/2132cfc5-2910-4014-bd51-e60183d1b167.wav,coughvid_data/2132cfc5-2910-4014-bd51-e60183d1b167.wav,1.0
ff2ee956-1354-4876-a169-34e4d648c4a4,coughvid_data/ff2ee956-1354-4876-a169-34e4d648c4a4.wav,coughvid_data/ff2ee956-1354-4876-a169-34e4d648c4a4.wav,0.0
0067d0d5-9a24-401c-b0eb-a56c010580ce,coughvid_data/0067d0d5-9a24-401c-b0eb-a56c010580ce.wav,coughvid_data/0067d0d5-9a24-401c-b0eb-a56c010580ce.wav,0.0
789d5eac-4f1c-4193-b3f2-6a5a371433f8,coughvid_data/789d5eac-4f1c-4193-b3f2-6a5a371433f8.wav,coughvid_data/789d5eac-4f1c-4193-b3f2-6a5a371433f8.wav,0.0
d8549458-a0ff-430a-9079-794e6ea769c4,coughvid_data/d8549458-a0ff-430a-9079-794e6ea769c4.wav,coughvid_data/d8549458-a0ff-430a-9079-794e6ea769c4.wav,1.0
44f977e2-9c98-49d5-823d-309c8cd79cb2,coughvid_data/44f977e2-9c98-49d5-823d-309c8cd79cb2.wav,coughvid_data/44f977e2-9c98-49d5-823d-309c8cd79cb2.wav,1.0
ab2a4159-5a4f-4e49-b902-3beb090dba97,coughvid_data/ab2a4159-5a4f-4e49-b902-3beb090dba97.wav,coughvid_data/ab2a4159-5a4f-4e49-b902-3beb090dba97.wav,1.0
dcb7cded-c3bf-4835-9f1f-efac118a40c1,coughvid_data/dcb7cded-c3bf-4835-9f1f-efac118a40c1.wav,coughvid_data/dcb7cded-c3bf-4835-9f1f-efac118a40c1.wav,1.0
59ce4d68-d3d6-48c8-9df7-fcd6621899d6,coughvid_data/59ce4d68-d3d6-48c8-9df7-fcd6621899d6.wav,coughvid_data/59ce4d68-d3d6-48c8-9df7-fcd6621899d6.wav,1.0
7db0a24e-d388-4937-8591-91ca98ee43aa,coughvid_data/7db0a24e-d388-4937-8591-91ca98ee43aa.wav,coughvid_data/7db0a24e-d388-4937-8591-91ca98ee43aa.wav,0.0
2a617b58-0a0c-438f-890a-bbb72707965c,coughvid_data/2a617b58-0a0c-438f-890a-bbb72707965c.wav,coughvid_data/2a617b58-0a0c-438f-890a-bbb72707965c.wav,1.0
11caadaf-54d9-4873-b62e-5097db0dc11b,coughvid_data/11caadaf-54d9-4873-b62e-5097db0dc11b.wav,coughvid_data/11caadaf-54d9-4873-b62e-5097db0dc11b.wav,1.0
2382229f-766e-4cd3-8bcc-98166dac98e6,coughvid_data/2382229f-766e-4cd3-8bcc-98166dac98e6.wav,coughvid_data/2382229f-766e-4cd3-8bcc-98166dac98e6.wav,0.0
5d601baf-662b-4ead-9697-687ed695d843,coughvid_data/5d601baf-662b-4ead-9697-687ed695d843.wav,coughvid_data/5d601baf-662b-4ead-9697-687ed695d843.wav,1.0
841a21e0-bcc1-46eb-9a8d-5bdb9003cd5d,coughvid_data/841a21e0-bcc1-46eb-9a8d-5bdb9003cd5d.wav,coughvid_data/841a21e0-bcc1-46eb-9a8d-5bdb9003cd5d.wav,0.0
fb76b02a-f914-4e05-a2cb-c0c0f33b1fee,coughvid_data/fb76b02a-f914-4e05-a2cb-c0c0f33b1fee.wav,coughvid_data/fb76b02a-f914-4e05-a2cb-c0c0f33b1fee.wav,0.0
42752827-ff60-47f3-8faf-c71aaffbb2af,coughvid_data/42752827-ff60-47f3-8faf-c71aaffbb2af.wav,coughvid_data/42752827-ff60-47f3-8faf-c71aaffbb2af.wav,1.0
e4bbd7fa-3767-48e3-97cf-c5e14881314f,coughvid_data/e4bbd7fa-3767-48e3-97cf-c5e14881314f.wav,coughvid_data/e4bbd7fa-3767-48e3-97cf-c5e14881314f.wav,1.0
82d64831-f4fc-4436-9537-c3bcc3167bbc,coughvid_data/82d64831-f4fc-4436-9537-c3bcc3167bbc.wav,coughvid_data/82d64831-f4fc-4436-9537-c3bcc3167bbc.wav,0.0
5a21c02c-7db8-43e5-8806-f5dfbf9f0989,coughvid_data/5a21c02c-7db8-43e5-8806-f5dfbf9f0989.wav,coughvid_data/5a21c02c-7db8-43e5-8806-f5dfbf9f0989.wav,0.0
3ae2999f-8485-46ab-8bc0-ac411b124c45,coughvid_data/3ae2999f-8485-46ab-8bc0-ac411b124c45.wav,coughvid_data/3ae2999f-8485-46ab-8bc0-ac411b124c45.wav,0.0
a104baad-c79a-44d3-9b0d-026af32daf6a,coughvid_data/a104baad-c79a-44d3-9b0d-026af32daf6a.wav,coughvid_data/a104baad-c79a-44d3-9b0d-026af32daf6a.wav,1.0
0970fdfe-ba41-4ada-bb5b-c4cb0c92b9fd,coughvid_data/0970fdfe-ba41-4ada-bb5b-c4cb0c92b9fd.wav,coughvid_data/0970fdfe-ba41-4ada-bb5b-c4cb0c92b9fd.wav,0.0
fbf25722-22a3-4157-ae39-d7ef30dee5bc,coughvid_data/fbf25722-22a3-4157-ae39-d7ef30dee5bc.wav,coughvid_data/fbf25722-22a3-4157-ae39-d7ef30dee5bc.wav,1.0
4a98104d-b5b0-4a89-be8b-b5396e053bf0,coughvid_data/4a98104d-b5b0-4a89-be8b-b5396e053bf0.wav,coughvid_data/4a98104d-b5b0-4a89-be8b-b5396e053bf0.wav,0.0
0b6c6e9b-7c10-4977-a281-f809b939c2e7,coughvid_data/0b6c6e9b-7c10-4977-a281-f809b939c2e7.wav,coughvid_data/0b6c6e9b-7c10-4977-a281-f809b939c2e7.wav,1.0
6d17e862-8ab4-48d4-9b3a-ecf6af5dcb59,coughvid_data/6d17e862-8ab4-48d4-9b3a-ecf6af5dcb59.wav,coughvid_data/6d17e862-8ab4-48d4-9b3a-ecf6af5dcb59.wav,1.0
d385a54d-31bb-433f-b1cf-f78f155b00fc,coughvid_data/d385a54d-31bb-433f-b1cf-f78f155b00fc.wav,coughvid_data/d385a54d-31bb-433f-b1cf-f78f155b00fc.wav,0.0
662f7acd-9eeb-4d84-bf5a-887e69cde588,coughvid_data/662f7acd-9eeb-4d84-bf5a-887e69cde588.wav,coughvid_data/662f7acd-9eeb-4d84-bf5a-887e69cde588.wav,1.0
b0355d1c-e83c-48e8-853c-aeec479656f1,coughvid_data/b0355d1c-e83c-48e8-853c-aeec479656f1.wav,coughvid_data/b0355d1c-e83c-48e8-853c-aeec479656f1.wav,0.0
f0cae4f6-b97c-4286-b5aa-ba05534084e6,coughvid_data/f0cae4f6-b97c-4286-b5aa-ba05534084e6.wav,coughvid_data/f0cae4f6-b97c-4286-b5aa-ba05534084e6.wav,1.0
70b50a8a-5267-4d61-97b0-4e2964c1a5ad,coughvid_data/70b50a8a-5267-4d61-97b0-4e2964c1a5ad.wav,coughvid_data/70b50a8a-5267-4d61-97b0-4e2964c1a5ad.wav,0.0
765685eb-8c4c-42a2-a1a8-0f4c2be4c80a,coughvid_data/765685eb-8c4c-42a2-a1a8-0f4c2be4c80a.wav,coughvid_data/765685eb-8c4c-42a2-a1a8-0f4c2be4c80a.wav,0.0
13660c2b-dcc0-4428-a67a-6c70091f7b72,coughvid_data/13660c2b-dcc0-4428-a67a-6c70091f7b72.wav,coughvid_data/13660c2b-dcc0-4428-a67a-6c70091f7b72.wav,0.0
d3ef5187-df66-4d75-b9b1-048802411770,coughvid_data/d3ef5187-df66-4d75-b9b1-048802411770.wav,coughvid_data/d3ef5187-df66-4d75-b9b1-048802411770.wav,1.0
e232d0a6-4822-45cd-a0c1-9588da7e8057,coughvid_data/e232d0a6-4822-45cd-a0c1-9588da7e8057.wav,coughvid_data/e232d0a6-4822-45cd-a0c1-9588da7e8057.wav,1.0
93d0808a-5b57-4d36-b107-a1212e0b42d6,coughvid_data/93d0808a-5b57-4d36-b107-a1212e0b42d6.wav,coughvid_data/93d0808a-5b57-4d36-b107-a1212e0b42d6.wav,0.0
2531b2ae-83bb-4764-bef3-141ec5decf19,coughvid_data/2531b2ae-83bb-4764-bef3-141ec5decf19.wav,coughvid_data/2531b2ae-83bb-4764-bef3-141ec5decf19.wav,1.0
9f0284bc-1db8-4e2b-a91d-99357b6e6f4c,coughvid_data/9f0284bc-1db8-4e2b-a91d-99357b6e6f4c.wav,coughvid_data/9f0284bc-1db8-4e2b-a91d-99357b6e6f4c.wav,0.0
29c9948b-c301-46b2-b4de-24e47bf5915c,coughvid_data/29c9948b-c301-46b2-b4de-24e47bf5915c.wav,coughvid_data/29c9948b-c301-46b2-b4de-24e47bf5915c.wav,1.0
43428a56-a70e-4113-8a50-5bc7038c6d68,coughvid_data/43428a56-a70e-4113-8a50-5bc7038c6d68.wav,coughvid_data/43428a56-a70e-4113-8a50-5bc7038c6d68.wav,0.0
72242b12-c80d-42af-b973-ec7e1989e66f,coughvid_data/72242b12-c80d-42af-b973-ec7e1989e66f.wav,coughvid_data/72242b12-c80d-42af-b973-ec7e1989e66f.wav,1.0
9349b18e-5295-4092-9893-a98bf8554c1f,coughvid_data/9349b18e-5295-4092-9893-a98bf8554c1f.wav,coughvid_data/9349b18e-5295-4092-9893-a98bf8554c1f.wav,1.0
229874c1-0040-49bb-8c02-60474514e698,coughvid_data/229874c1-0040-49bb-8c02-60474514e698.wav,coughvid_data/229874c1-0040-49bb-8c02-60474514e698.wav,1.0
0512e4fa-684b-4d81-8dda-a38ffd0b67a9,coughvid_data/0512e4fa-684b-4d81-8dda-a38ffd0b67a9.wav,coughvid_data/0512e4fa-684b-4d81-8dda-a38ffd0b67a9.wav,1.0
0fecd661-e735-426b-a647-614082ac311b,coughvid_data/0fecd661-e735-426b-a647-614082ac311b.wav,coughvid_data/0fecd661-e735-426b-a647-614082ac311b.wav,0.0
66a3eccc-82ac-4f69-9ede-c786f6a1384b,coughvid_data/66a3eccc-82ac-4f69-9ede-c786f6a1384b.wav,coughvid_data/66a3eccc-82ac-4f69-9ede-c786f6a1384b.wav,1.0
036d875c-d39b-45f1-a17f-7f7badf0aa42,coughvid_data/036d875c-d39b-45f1-a17f-7f7badf0aa42.wav,coughvid_data/036d875c-d39b-45f1-a17f-7f7badf0aa42.wav,1.0
5f536b76-caa2-4b7e-b403-a963f8267b93,coughvid_data/5f536b76-caa2-4b7e-b403-a963f8267b93.wav,coughvid_data/5f536b76-caa2-4b7e-b403-a963f8267b93.wav,1.0
f93a56a6-f5c1-4fc0-bfea-906b9d9f501a,coughvid_data/f93a56a6-f5c1-4fc0-bfea-906b9d9f501a.wav,coughvid_data/f93a56a6-f5c1-4fc0-bfea-906b9d9f501a.wav,0.0
5fbbe232-cf06-44ec-8c4f-e4613eece79a,coughvid_data/5fbbe232-cf06-44ec-8c4f-e4613eece79a.wav,coughvid_data/5fbbe232-cf06-44ec-8c4f-e4613eece79a.wav,0.0
2ba720d4-4331-461e-9997-4baa6aebf28e,coughvid_data/2ba720d4-4331-461e-9997-4baa6aebf28e.wav,coughvid_data/2ba720d4-4331-461e-9997-4baa6aebf28e.wav,0.0
bf12e154-2373-40c5-9d70-9af08928ee53,coughvid_data/bf12e154-2373-40c5-9d70-9af08928ee53.wav,coughvid_data/bf12e154-2373-40c5-9d70-9af08928ee53.wav,1.0
cfcf1166-77f3-40e5-b7f8-5cf237a7df22,coughvid_data/cfcf1166-77f3-40e5-b7f8-5cf237a7df22.wav,coughvid_data/cfcf1166-77f3-40e5-b7f8-5cf237a7df22.wav,1.0
b9529f97-7079-494d-a069-1c3ab4eb81b4,coughvid_data/b9529f97-7079-494d-a069-1c3ab4eb81b4.wav,coughvid_data/b9529f97-7079-494d-a069-1c3ab4eb81b4.wav,0.0
8574d267-01dd-4fd3-97bf-3ba9fd5421fd,coughvid_data/8574d267-01dd-4fd3-97bf-3ba9fd5421fd.wav,coughvid_data/8574d267-01dd-4fd3-97bf-3ba9fd5421fd.wav,1.0
619197c9-f890-40d2-bc67-2cecc97bfb09,coughvid_data/619197c9-f890-40d2-bc67-2cecc97bfb09.wav,coughvid_data/619197c9-f890-40d2-bc67-2cecc97bfb09.wav,1.0
d6ee9da5-ff1d-4677-9ab2-da397e3267c4,coughvid_data/d6ee9da5-ff1d-4677-9ab2-da397e3267c4.wav,coughvid_data/d6ee9da5-ff1d-4677-9ab2-da397e3267c4.wav,1.0
96476480-4241-4a6f-b56a-c78c0dcf7fdf,coughvid_data/96476480-4241-4a6f-b56a-c78c0dcf7fdf.wav,coughvid_data/96476480-4241-4a6f-b56a-c78c0dcf7fdf.wav,0.0
bb875add-8180-4f85-89ba-cd2ff13b7ad5,coughvid_data/bb875add-8180-4f85-89ba-cd2ff13b7ad5.wav,coughvid_data/bb875add-8180-4f85-89ba-cd2ff13b7ad5.wav,0.0
d0b2e5da-5a35-4704-8563-0a2d03f27f8b,coughvid_data/d0b2e5da-5a35-4704-8563-0a2d03f27f8b.wav,coughvid_data/d0b2e5da-5a35-4704-8563-0a2d03f27f8b.wav,0.0
71c1a6f1-cf65-485a-9257-6294d823e7ba,coughvid_data/71c1a6f1-cf65-485a-9257-6294d823e7ba.wav,coughvid_data/71c1a6f1-cf65-485a-9257-6294d823e7ba.wav,0.0
771f364b-8a64-48da-b1cb-ae0f79c97202,coughvid_data/771f364b-8a64-48da-b1cb-ae0f79c97202.wav,coughvid_data/771f364b-8a64-48da-b1cb-ae0f79c97202.wav,0.0
cf8ac43f-e127-4d9e-9204-f76902a7e394,coughvid_data/cf8ac43f-e127-4d9e-9204-f76902a7e394.wav,coughvid_data/cf8ac43f-e127-4d9e-9204-f76902a7e394.wav,0.0
474f8a11-2569-47fc-a639-fd03d303a418,coughvid_data/474f8a11-2569-47fc-a639-fd03d303a418.wav,coughvid_data/474f8a11-2569-47fc-a639-fd03d303a418.wav,0.0
70d95525-2fd8-4e5a-b19b-6524546c3c52,coughvid_data/70d95525-2fd8-4e5a-b19b-6524546c3c52.wav,coughvid_data/70d95525-2fd8-4e5a-b19b-6524546c3c52.wav,1.0
5729ad12-0130-4b4f-8865-159fbf93018a,coughvid_data/5729ad12-0130-4b4f-8865-159fbf93018a.wav,coughvid_data/5729ad12-0130-4b4f-8865-159fbf93018a.wav,1.0
dc72eeb3-b1ec-4b57-a5e6-8df8a0b9f128,coughvid_data/dc72eeb3-b1ec-4b57-a5e6-8df8a0b9f128.wav,coughvid_data/dc72eeb3-b1ec-4b57-a5e6-8df8a0b9f128.wav,1.0
3c18c1aa-d1dd-4946-ba9a-6c207f9094e7,coughvid_data/3c18c1aa-d1dd-4946-ba9a-6c207f9094e7.wav,coughvid_data/3c18c1aa-d1dd-4946-ba9a-6c207f9094e7.wav,0.0
0a690b1f-9064-4493-b786-39e88c49a71b,coughvid_data/0a690b1f-9064-4493-b786-39e88c49a71b.wav,coughvid_data/0a690b1f-9064-4493-b786-39e88c49a71b.wav,0.0
63ae8910-d824-4d3c-b6ec-7473239b9bca,coughvid_data/63ae8910-d824-4d3c-b6ec-7473239b9bca.wav,coughvid_data/63ae8910-d824-4d3c-b6ec-7473239b9bca.wav,1.0
ed6d5e4e-d08e-4fe6-96ca-550435611eec,coughvid_data/ed6d5e4e-d08e-4fe6-96ca-550435611eec.wav,coughvid_data/ed6d5e4e-d08e-4fe6-96ca-550435611eec.wav,0.0
aa9cd713-89d7-4cc5-8bd7-ca7b264c941b,coughvid_data/aa9cd713-89d7-4cc5-8bd7-ca7b264c941b.wav,coughvid_data/aa9cd713-89d7-4cc5-8bd7-ca7b264c941b.wav,0.0
9038bd97-1b69-4cae-a503-d9e6544ba64c,coughvid_data/9038bd97-1b69-4cae-a503-d9e6544ba64c.wav,coughvid_data/9038bd97-1b69-4cae-a503-d9e6544ba64c.wav,1.0
8cf26fff-e923-4c8c-8877-daafc8e736e3,coughvid_data/8cf26fff-e923-4c8c-8877-daafc8e736e3.wav,coughvid_data/8cf26fff-e923-4c8c-8877-daafc8e736e3.wav,0.0
a5d475cd-89ff-4f8c-a104-3f4bb13b87f8,coughvid_data/a5d475cd-89ff-4f8c-a104-3f4bb13b87f8.wav,coughvid_data/a5d475cd-89ff-4f8c-a104-3f4bb13b87f8.wav,0.0
c9cc04a1-62dc-466a-8856-f96adbb0eadf,coughvid_data/c9cc04a1-62dc-466a-8856-f96adbb0eadf.wav,coughvid_data/c9cc04a1-62dc-466a-8856-f96adbb0eadf.wav,0.0
9d4865fb-fb52-469a-a2fa-f32d6d885c0d,coughvid_data/9d4865fb-fb52-469a-a2fa-f32d6d885c0d.wav,coughvid_data/9d4865fb-fb52-469a-a2fa-f32d6d885c0d.wav,0.0
e416e51b-9c29-4671-a0db-920a0b1c64cb,coughvid_data/e416e51b-9c29-4671-a0db-920a0b1c64cb.wav,coughvid_data/e416e51b-9c29-4671-a0db-920a0b1c64cb.wav,0.0
1035815e-1841-4ce1-a5ae-2ccd314ae54d,coughvid_data/1035815e-1841-4ce1-a5ae-2ccd314ae54d.wav,coughvid_data/1035815e-1841-4ce1-a5ae-2ccd314ae54d.wav,0.0
b3640884-e8e6-46b1-8ca5-9ba5a88a3317,coughvid_data/b3640884-e8e6-46b1-8ca5-9ba5a88a3317.wav,coughvid_data/b3640884-e8e6-46b1-8ca5-9ba5a88a3317.wav,0.0
8bd0f937-8f46-4e1e-813d-d57e0fe4418a,coughvid_data/8bd0f937-8f46-4e1e-813d-d57e0fe4418a.wav,coughvid_data/8bd0f937-8f46-4e1e-813d-d57e0fe4418a.wav,0.0
1e735e8b-12cf-4de9-98fb-7b31bde226e7,coughvid_data/1e735e8b-12cf-4de9-98fb-7b31bde226e7.wav,coughvid_data/1e735e8b-12cf-4de9-98fb-7b31bde226e7.wav,0.0
85135750-b1d7-494b-9935-2b5993ba833e,coughvid_data/85135750-b1d7-494b-9935-2b5993ba833e.wav,coughvid_data/85135750-b1d7-494b-9935-2b5993ba833e.wav,1.0
2d2ca80e-9eae-4cc0-96d0-668b54b95b75,coughvid_data/2d2ca80e-9eae-4cc0-96d0-668b54b95b75.wav,coughvid_data/2d2ca80e-9eae-4cc0-96d0-668b54b95b75.wav,0.0
24a91f1e-ae77-4d2e-877f-b9195bf38e3b,coughvid_data/24a91f1e-ae77-4d2e-877f-b9195bf38e3b.wav,coughvid_data/24a91f1e-ae77-4d2e-877f-b9195bf38e3b.wav,1.0
f6ac4f05-5566-4a13-8b3d-728032cf10b9,coughvid_data/f6ac4f05-5566-4a13-8b3d-728032cf10b9.wav,coughvid_data/f6ac4f05-5566-4a13-8b3d-728032cf10b9.wav,1.0
c5eed519-02b7-4ee1-a1bf-c9cab70d2fe7,coughvid_data/c5eed519-02b7-4ee1-a1bf-c9cab70d2fe7.wav,coughvid_data/c5eed519-02b7-4ee1-a1bf-c9cab70d2fe7.wav,0.0
4bbb375d-73b9-4d7c-9d26-0a6fb2e691c0,coughvid_data/4bbb375d-73b9-4d7c-9d26-0a6fb2e691c0.wav,coughvid_data/4bbb375d-73b9-4d7c-9d26-0a6fb2e691c0.wav,1.0
f2c87e3d-6554-4c1b-90bc-9df4fe3d02c2,coughvid_data/f2c87e3d-6554-4c1b-90bc-9df4fe3d02c2.wav,coughvid_data/f2c87e3d-6554-4c1b-90bc-9df4fe3d02c2.wav,1.0
a830734d-657c-4b3f-9967-81f4d9932a60,coughvid_data/a830734d-657c-4b3f-9967-81f4d9932a60.wav,coughvid_data/a830734d-657c-4b3f-9967-81f4d9932a60.wav,0.0
07b12dc7-a138-458a-b1df-d321600ff929,coughvid_data/07b12dc7-a138-458a-b1df-d321600ff929.wav,coughvid_data/07b12dc7-a138-458a-b1df-d321600ff929.wav,1.0
8666f4cf-3e69-401b-b344-4142f65df77c,coughvid_data/8666f4cf-3e69-401b-b344-4142f65df77c.wav,coughvid_data/8666f4cf-3e69-401b-b344-4142f65df77c.wav,1.0
1f7beda3-1c7d-47c1-9e68-885e81420cd3,coughvid_data/1f7beda3-1c7d-47c1-9e68-885e81420cd3.wav,coughvid_data/1f7beda3-1c7d-47c1-9e68-885e81420cd3.wav,1.0
2b4ccc2d-e9d4-454d-a25f-b2d79729a4ab,coughvid_data/2b4ccc2d-e9d4-454d-a25f-b2d79729a4ab.wav,coughvid_data/2b4ccc2d-e9d4-454d-a25f-b2d79729a4ab.wav,1.0
3aa36f4e-2aa2-42b5-b3cb-a28a6c41af9e,coughvid_data/3aa36f4e-2aa2-42b5-b3cb-a28a6c41af9e.wav,coughvid_data/3aa36f4e-2aa2-42b5-b3cb-a28a6c41af9e.wav,0.0
86fa7d0b-a282-46c4-a65a-73c7ba141625,coughvid_data/86fa7d0b-a282-46c4-a65a-73c7ba141625.wav,coughvid_data/86fa7d0b-a282-46c4-a65a-73c7ba141625.wav,0.0
6dd32f22-0662-41b5-9c04-cd2b9619d5cb,coughvid_data/6dd32f22-0662-41b5-9c04-cd2b9619d5cb.wav,coughvid_data/6dd32f22-0662-41b5-9c04-cd2b9619d5cb.wav,1.0
e11a0b7b-44b4-4b9d-8b9a-1d1ba760dfed,coughvid_data/e11a0b7b-44b4-4b9d-8b9a-1d1ba760dfed.wav,coughvid_data/e11a0b7b-44b4-4b9d-8b9a-1d1ba760dfed.wav,0.0
8c5a38aa-1b2c-4e27-ba1e-5bebece1fec2,coughvid_data/8c5a38aa-1b2c-4e27-ba1e-5bebece1fec2.wav,coughvid_data/8c5a38aa-1b2c-4e27-ba1e-5bebece1fec2.wav,0.0
db06590e-4ae6-4f4f-8157-485a67efda3c,coughvid_data/db06590e-4ae6-4f4f-8157-485a67efda3c.wav,coughvid_data/db06590e-4ae6-4f4f-8157-485a67efda3c.wav,0.0
20b4b997-353f-45fb-af45-a6b8b02070d6,coughvid_data/20b4b997-353f-45fb-af45-a6b8b02070d6.wav,coughvid_data/20b4b997-353f-45fb-af45-a6b8b02070d6.wav,1.0
58d9e384-9201-49ca-9273-d98b5f96aef3,coughvid_data/58d9e384-9201-49ca-9273-d98b5f96aef3.wav,coughvid_data/58d9e384-9201-49ca-9273-d98b5f96aef3.wav,1.0
0d3311dd-dda0-450b-b80d-7b4a71edcb70,coughvid_data/0d3311dd-dda0-450b-b80d-7b4a71edcb70.wav,coughvid_data/0d3311dd-dda0-450b-b80d-7b4a71edcb70.wav,0.0
695c085f-a11f-4180-9c9d-7cec980fced9,coughvid_data/695c085f-a11f-4180-9c9d-7cec980fced9.wav,coughvid_data/695c085f-a11f-4180-9c9d-7cec980fced9.wav,1.0
3b1352c1-c8d0-4b93-b997-efc518c3b278,coughvid_data/3b1352c1-c8d0-4b93-b997-efc518c3b278.wav,coughvid_data/3b1352c1-c8d0-4b93-b997-efc518c3b278.wav,0.0
e804a68f-0030-4b55-b452-a2fa4f6211ed,coughvid_data/e804a68f-0030-4b55-b452-a2fa4f6211ed.wav,coughvid_data/e804a68f-0030-4b55-b452-a2fa4f6211ed.wav,1.0
80166534-5c4f-456d-b24d-f5bbcc4a8c7b,coughvid_data/80166534-5c4f-456d-b24d-f5bbcc4a8c7b.wav,coughvid_data/80166534-5c4f-456d-b24d-f5bbcc4a8c7b.wav,0.0
ca7f4bdc-866a-41ba-8e3b-22d3bd7fb711,coughvid_data/ca7f4bdc-866a-41ba-8e3b-22d3bd7fb711.wav,coughvid_data/ca7f4bdc-866a-41ba-8e3b-22d3bd7fb711.wav,0.0
873b83fe-9f60-4322-8fb2-065c9fce556c,coughvid_data/873b83fe-9f60-4322-8fb2-065c9fce556c.wav,coughvid_data/873b83fe-9f60-4322-8fb2-065c9fce556c.wav,0.0
76504a27-ed6d-40d1-bd91-fa652ddba9a5,coughvid_data/76504a27-ed6d-40d1-bd91-fa652ddba9a5.wav,coughvid_data/76504a27-ed6d-40d1-bd91-fa652ddba9a5.wav,1.0
55c414d7-8495-4f28-b507-d1bc91bd0cf9,coughvid_data/55c414d7-8495-4f28-b507-d1bc91bd0cf9.wav,coughvid_data/55c414d7-8495-4f28-b507-d1bc91bd0cf9.wav,1.0
3b62a6d5-b7f3-4cf3-9e61-c2de85aacc7e,coughvid_data/3b62a6d5-b7f3-4cf3-9e61-c2de85aacc7e.wav,coughvid_data/3b62a6d5-b7f3-4cf3-9e61-c2de85aacc7e.wav,0.0
17758907-c5f2-488e-9b47-10a0e4c88359,coughvid_data/17758907-c5f2-488e-9b47-10a0e4c88359.wav,coughvid_data/17758907-c5f2-488e-9b47-10a0e4c88359.wav,1.0
fcc3203a-cc1f-4eb8-a652-39a43311f598,coughvid_data/fcc3203a-cc1f-4eb8-a652-39a43311f598.wav,coughvid_data/fcc3203a-cc1f-4eb8-a652-39a43311f598.wav,1.0
f4cc3d47-6bfe-4f10-b93a-dfd76133db7f,coughvid_data/f4cc3d47-6bfe-4f10-b93a-dfd76133db7f.wav,coughvid_data/f4cc3d47-6bfe-4f10-b93a-dfd76133db7f.wav,0.0
a3e9b476-1f00-41ec-859e-2ff6cd9bb9de,coughvid_data/a3e9b476-1f00-41ec-859e-2ff6cd9bb9de.wav,coughvid_data/a3e9b476-1f00-41ec-859e-2ff6cd9bb9de.wav,0.0
07155b87-4529-4237-808a-2648e9e94b7a,coughvid_data/07155b87-4529-4237-808a-2648e9e94b7a.wav,coughvid_data/07155b87-4529-4237-808a-2648e9e94b7a.wav,0.0
57049b92-68b3-4e25-9bad-ed4257ed7a2e,coughvid_data/57049b92-68b3-4e25-9bad-ed4257ed7a2e.wav,coughvid_data/57049b92-68b3-4e25-9bad-ed4257ed7a2e.wav,0.0
fb3e67fd-8b81-49f0-b6fb-178903f2c79a,coughvid_data/fb3e67fd-8b81-49f0-b6fb-178903f2c79a.wav,coughvid_data/fb3e67fd-8b81-49f0-b6fb-178903f2c79a.wav,1.0
6b0dca77-00af-44a6-b53e-ac0922980af7,coughvid_data/6b0dca77-00af-44a6-b53e-ac0922980af7.wav,coughvid_data/6b0dca77-00af-44a6-b53e-ac0922980af7.wav,1.0
ccb284b2-013a-4f33-8d8e-5815060ad1d4,coughvid_data/ccb284b2-013a-4f33-8d8e-5815060ad1d4.wav,coughvid_data/ccb284b2-013a-4f33-8d8e-5815060ad1d4.wav,0.0
bf988745-0b5a-413e-8b57-18e76e8b2b43,coughvid_data/bf988745-0b5a-413e-8b57-18e76e8b2b43.wav,coughvid_data/bf988745-0b5a-413e-8b57-18e76e8b2b43.wav,0.0
f92883b2-0450-4569-a8cb-085a1bed88f0,coughvid_data/f92883b2-0450-4569-a8cb-085a1bed88f0.wav,coughvid_data/f92883b2-0450-4569-a8cb-085a1bed88f0.wav,0.0
1863c552-45be-42e5-8f04-9b75e0cae378,coughvid_data/1863c552-45be-42e5-8f04-9b75e0cae378.wav,coughvid_data/1863c552-45be-42e5-8f04-9b75e0cae378.wav,1.0
5e50d9a3-a874-4c08-938d-073a3458d267,coughvid_data/5e50d9a3-a874-4c08-938d-073a3458d267.wav,coughvid_data/5e50d9a3-a874-4c08-938d-073a3458d267.wav,0.0
61735423-b384-40d5-a2d9-ee646f24e869,coughvid_data/61735423-b384-40d5-a2d9-ee646f24e869.wav,coughvid_data/61735423-b384-40d5-a2d9-ee646f24e869.wav,0.0
189ed688-3210-4e3c-9013-9b0fd98aef4b,coughvid_data/189ed688-3210-4e3c-9013-9b0fd98aef4b.wav,coughvid_data/189ed688-3210-4e3c-9013-9b0fd98aef4b.wav,1.0
95a41dd8-e74f-4ff5-9de1-c47c4a75fc77,coughvid_data/95a41dd8-e74f-4ff5-9de1-c47c4a75fc77.wav,coughvid_data/95a41dd8-e74f-4ff5-9de1-c47c4a75fc77.wav,0.0
68c747d5-f364-4ec2-b696-176bdf6066d3,coughvid_data/68c747d5-f364-4ec2-b696-176bdf6066d3.wav,coughvid_data/68c747d5-f364-4ec2-b696-176bdf6066d3.wav,1.0
197d867b-2074-491c-8231-ed2c84433d59,coughvid_data/197d867b-2074-491c-8231-ed2c84433d59.wav,coughvid_data/197d867b-2074-491c-8231-ed2c84433d59.wav,0.0
a4743a0e-dd75-4b4b-9c0a-9f624ab48163,coughvid_data/a4743a0e-dd75-4b4b-9c0a-9f624ab48163.wav,coughvid_data/a4743a0e-dd75-4b4b-9c0a-9f624ab48163.wav,0.0
a28776b5-b876-47ac-8973-9ca280156608,coughvid_data/a28776b5-b876-47ac-8973-9ca280156608.wav,coughvid_data/a28776b5-b876-47ac-8973-9ca280156608.wav,1.0
da9f9373-a204-4fec-b9ae-451fd83e516e,coughvid_data/da9f9373-a204-4fec-b9ae-451fd83e516e.wav,coughvid_data/da9f9373-a204-4fec-b9ae-451fd83e516e.wav,1.0
95bd0b28-94b1-4207-bf5e-0a9724c8aa8d,coughvid_data/95bd0b28-94b1-4207-bf5e-0a9724c8aa8d.wav,coughvid_data/95bd0b28-94b1-4207-bf5e-0a9724c8aa8d.wav,0.0
4d9c5783-ea85-4c03-9a0b-35a0fd794151,coughvid_data/4d9c5783-ea85-4c03-9a0b-35a0fd794151.wav,coughvid_data/4d9c5783-ea85-4c03-9a0b-35a0fd794151.wav,1.0
1afceeed-3030-4598-b7d4-355f733f8a3b,coughvid_data/1afceeed-3030-4598-b7d4-355f733f8a3b.wav,coughvid_data/1afceeed-3030-4598-b7d4-355f733f8a3b.wav,0.0
a4e40d3d-4c11-4ac1-bb0b-e07f8c9822e8,coughvid_data/a4e40d3d-4c11-4ac1-bb0b-e07f8c9822e8.wav,coughvid_data/a4e40d3d-4c11-4ac1-bb0b-e07f8c9822e8.wav,0.0
4734866b-06eb-4e29-92a0-a0ef04b03f24,coughvid_data/4734866b-06eb-4e29-92a0-a0ef04b03f24.wav,coughvid_data/4734866b-06eb-4e29-92a0-a0ef04b03f24.wav,0.0
8f786cdf-36ca-45f3-9a94-33ec19f10c9b,coughvid_data/8f786cdf-36ca-45f3-9a94-33ec19f10c9b.wav,coughvid_data/8f786cdf-36ca-45f3-9a94-33ec19f10c9b.wav,0.0
4d3438c2-7e1a-4b2e-960a-ddf98a5b0403,coughvid_data/4d3438c2-7e1a-4b2e-960a-ddf98a5b0403.wav,coughvid_data/4d3438c2-7e1a-4b2e-960a-ddf98a5b0403.wav,0.0
c0603763-b1ac-422d-bd99-8b6b90ca5fcc,coughvid_data/c0603763-b1ac-422d-bd99-8b6b90ca5fcc.wav,coughvid_data/c0603763-b1ac-422d-bd99-8b6b90ca5fcc.wav,1.0
3a44fbdf-74ca-4c05-be38-3b703ab00884,coughvid_data/3a44fbdf-74ca-4c05-be38-3b703ab00884.wav,coughvid_data/3a44fbdf-74ca-4c05-be38-3b703ab00884.wav,1.0
dbbcdd61-47bd-460c-ade5-afad45f955f5,coughvid_data/dbbcdd61-47bd-460c-ade5-afad45f955f5.wav,coughvid_data/dbbcdd61-47bd-460c-ade5-afad45f955f5.wav,1.0
dce6a003-c9bb-4980-830a-f08938b0d921,coughvid_data/dce6a003-c9bb-4980-830a-f08938b0d921.wav,coughvid_data/dce6a003-c9bb-4980-830a-f08938b0d921.wav,0.0
a248f3f0-9d03-4495-b05c-319d761459c9,coughvid_data/a248f3f0-9d03-4495-b05c-319d761459c9.wav,coughvid_data/a248f3f0-9d03-4495-b05c-319d761459c9.wav,1.0
038592cb-c8db-4f55-8052-e20059146cb5,coughvid_data/038592cb-c8db-4f55-8052-e20059146cb5.wav,coughvid_data/038592cb-c8db-4f55-8052-e20059146cb5.wav,1.0
30ad25b8-a735-4b0e-839c-235fb6ab93c1,coughvid_data/30ad25b8-a735-4b0e-839c-235fb6ab93c1.wav,coughvid_data/30ad25b8-a735-4b0e-839c-235fb6ab93c1.wav,0.0
07eaad4b-d65e-439d-b146-6eb28aa6585a,coughvid_data/07eaad4b-d65e-439d-b146-6eb28aa6585a.wav,coughvid_data/07eaad4b-d65e-439d-b146-6eb28aa6585a.wav,1.0
f511722a-62ef-4c74-a18c-b076a37aa59e,coughvid_data/f511722a-62ef-4c74-a18c-b076a37aa59e.wav,coughvid_data/f511722a-62ef-4c74-a18c-b076a37aa59e.wav,1.0
c40d9556-8537-4588-8645-b5afdf63ba85,coughvid_data/c40d9556-8537-4588-8645-b5afdf63ba85.wav,coughvid_data/c40d9556-8537-4588-8645-b5afdf63ba85.wav,1.0
b64268eb-bac6-47d4-8b21-9953c45e315d,coughvid_data/b64268eb-bac6-47d4-8b21-9953c45e315d.wav,coughvid_data/b64268eb-bac6-47d4-8b21-9953c45e315d.wav,1.0
57cc083f-ba22-4a41-8b41-27a7367877fe,coughvid_data/57cc083f-ba22-4a41-8b41-27a7367877fe.wav,coughvid_data/57cc083f-ba22-4a41-8b41-27a7367877fe.wav,0.0
506d3835-1f55-487d-8cf6-d233d1d5aee0,coughvid_data/506d3835-1f55-487d-8cf6-d233d1d5aee0.wav,coughvid_data/506d3835-1f55-487d-8cf6-d233d1d5aee0.wav,1.0
63d8bff9-fa89-44ac-bbe6-3918e4177f86,coughvid_data/63d8bff9-fa89-44ac-bbe6-3918e4177f86.wav,coughvid_data/63d8bff9-fa89-44ac-bbe6-3918e4177f86.wav,1.0
e143cc44-a2ad-4eb3-9cc9-893f2c772bcd,coughvid_data/e143cc44-a2ad-4eb3-9cc9-893f2c772bcd.wav,coughvid_data/e143cc44-a2ad-4eb3-9cc9-893f2c772bcd.wav,0.0
8128d11d-1166-49aa-9a4d-362f94b7ba5c,coughvid_data/8128d11d-1166-49aa-9a4d-362f94b7ba5c.wav,coughvid_data/8128d11d-1166-49aa-9a4d-362f94b7ba5c.wav,1.0
68fe3da2-ecb9-42b1-afb2-2d25f54639e0,coughvid_data/68fe3da2-ecb9-42b1-afb2-2d25f54639e0.wav,coughvid_data/68fe3da2-ecb9-42b1-afb2-2d25f54639e0.wav,0.0
5317a42c-f01b-4e5d-8da2-57a2d84424ad,coughvid_data/5317a42c-f01b-4e5d-8da2-57a2d84424ad.wav,coughvid_data/5317a42c-f01b-4e5d-8da2-57a2d84424ad.wav,0.0
d050cd03-4e66-4fef-b24d-cf3dde81ed33,coughvid_data/d050cd03-4e66-4fef-b24d-cf3dde81ed33.wav,coughvid_data/d050cd03-4e66-4fef-b24d-cf3dde81ed33.wav,1.0
1be0706d-fe6b-458f-9f56-a35eee978430,coughvid_data/1be0706d-fe6b-458f-9f56-a35eee978430.wav,coughvid_data/1be0706d-fe6b-458f-9f56-a35eee978430.wav,1.0
a36739a9-66e9-4f66-8cc6-f2e20192f43b,coughvid_data/a36739a9-66e9-4f66-8cc6-f2e20192f43b.wav,coughvid_data/a36739a9-66e9-4f66-8cc6-f2e20192f43b.wav,1.0
5fedcb53-80c0-4622-883a-f6a8d6221008,coughvid_data/5fedcb53-80c0-4622-883a-f6a8d6221008.wav,coughvid_data/5fedcb53-80c0-4622-883a-f6a8d6221008.wav,1.0
c9151baa-2ef1-40fb-b232-81d50a5ca263,coughvid_data/c9151baa-2ef1-40fb-b232-81d50a5ca263.wav,coughvid_data/c9151baa-2ef1-40fb-b232-81d50a5ca263.wav,1.0
a51e7328-e9ee-4d59-847d-f96c6422c636,coughvid_data/a51e7328-e9ee-4d59-847d-f96c6422c636.wav,coughvid_data/a51e7328-e9ee-4d59-847d-f96c6422c636.wav,0.0
94f69a81-c9cd-43d5-9db2-86b81f265471,coughvid_data/94f69a81-c9cd-43d5-9db2-86b81f265471.wav,coughvid_data/94f69a81-c9cd-43d5-9db2-86b81f265471.wav,1.0
b799f519-cea3-42ae-9a28-87167a9b2952,coughvid_data/b799f519-cea3-42ae-9a28-87167a9b2952.wav,coughvid_data/b799f519-cea3-42ae-9a28-87167a9b2952.wav,0.0
695056b5-f5c2-4a3a-9027-296b0e9d9868,coughvid_data/695056b5-f5c2-4a3a-9027-296b0e9d9868.wav,coughvid_data/695056b5-f5c2-4a3a-9027-296b0e9d9868.wav,0.0
724c919a-ad12-4d7e-adb3-6278a9efb8f7,coughvid_data/724c919a-ad12-4d7e-adb3-6278a9efb8f7.wav,coughvid_data/724c919a-ad12-4d7e-adb3-6278a9efb8f7.wav,0.0
8919b79b-7dfe-472e-8092-7f357bfe4570,coughvid_data/8919b79b-7dfe-472e-8092-7f357bfe4570.wav,coughvid_data/8919b79b-7dfe-472e-8092-7f357bfe4570.wav,0.0
b51de9bb-8925-4d28-9136-843869cf0fc6,coughvid_data/b51de9bb-8925-4d28-9136-843869cf0fc6.wav,coughvid_data/b51de9bb-8925-4d28-9136-843869cf0fc6.wav,1.0
5b22bcf8-6541-4b1c-9b9f-ca5f70c9608a,coughvid_data/5b22bcf8-6541-4b1c-9b9f-ca5f70c9608a.wav,coughvid_data/5b22bcf8-6541-4b1c-9b9f-ca5f70c9608a.wav,0.0
2e3d0870-42d4-403a-b6b5-41f224a34f42,coughvid_data/2e3d0870-42d4-403a-b6b5-41f224a34f42.wav,coughvid_data/2e3d0870-42d4-403a-b6b5-41f224a34f42.wav,0.0
92b65489-6ae0-4075-a1d6-60cc11118cf5,coughvid_data/92b65489-6ae0-4075-a1d6-60cc11118cf5.wav,coughvid_data/92b65489-6ae0-4075-a1d6-60cc11118cf5.wav,0.0
3a6d3883-0642-4ae3-8c49-cf1e6247889a,coughvid_data/3a6d3883-0642-4ae3-8c49-cf1e6247889a.wav,coughvid_data/3a6d3883-0642-4ae3-8c49-cf1e6247889a.wav,0.0
b810fa48-e8e4-4d90-b824-1c1eb8cd99b6,coughvid_data/b810fa48-e8e4-4d90-b824-1c1eb8cd99b6.wav,coughvid_data/b810fa48-e8e4-4d90-b824-1c1eb8cd99b6.wav,0.0
189d7f55-ab75-4507-82c9-0baa1df1a7d2,coughvid_data/189d7f55-ab75-4507-82c9-0baa1df1a7d2.wav,coughvid_data/189d7f55-ab75-4507-82c9-0baa1df1a7d2.wav,0.0
312b694a-b184-414b-a5b4-9bb8d3840e56,coughvid_data/312b694a-b184-414b-a5b4-9bb8d3840e56.wav,coughvid_data/312b694a-b184-414b-a5b4-9bb8d3840e56.wav,1.0
a69e4009-e192-4b41-89d3-c65524739384,coughvid_data/a69e4009-e192-4b41-89d3-c65524739384.wav,coughvid_data/a69e4009-e192-4b41-89d3-c65524739384.wav,0.0
7d9121c8-bc35-4896-9ab7-4d1d939fd717,coughvid_data/7d9121c8-bc35-4896-9ab7-4d1d939fd717.wav,coughvid_data/7d9121c8-bc35-4896-9ab7-4d1d939fd717.wav,1.0
c0561609-e43b-4879-8ae0-276985dd8430,coughvid_data/c0561609-e43b-4879-8ae0-276985dd8430.wav,coughvid_data/c0561609-e43b-4879-8ae0-276985dd8430.wav,0.0
b93e9734-46e0-432b-8890-f82167dcf2a9,coughvid_data/b93e9734-46e0-432b-8890-f82167dcf2a9.wav,coughvid_data/b93e9734-46e0-432b-8890-f82167dcf2a9.wav,0.0
27a4ab7a-38ee-41c6-8c14-a856ffe25816,coughvid_data/27a4ab7a-38ee-41c6-8c14-a856ffe25816.wav,coughvid_data/27a4ab7a-38ee-41c6-8c14-a856ffe25816.wav,0.0
5ddd40cf-1b81-47a8-bebd-7fc7cd11a529,coughvid_data/5ddd40cf-1b81-47a8-bebd-7fc7cd11a529.wav,coughvid_data/5ddd40cf-1b81-47a8-bebd-7fc7cd11a529.wav,1.0
1105270d-bc12-44ba-ab0a-218ef3041e8f,coughvid_data/1105270d-bc12-44ba-ab0a-218ef3041e8f.wav,coughvid_data/1105270d-bc12-44ba-ab0a-218ef3041e8f.wav,1.0
dec13926-4045-4e6d-83de-fcf9abf33a86,coughvid_data/dec13926-4045-4e6d-83de-fcf9abf33a86.wav,coughvid_data/dec13926-4045-4e6d-83de-fcf9abf33a86.wav,0.0
e58d45f3-7d6e-48e6-801b-eafc15f1ec85,coughvid_data/e58d45f3-7d6e-48e6-801b-eafc15f1ec85.wav,coughvid_data/e58d45f3-7d6e-48e6-801b-eafc15f1ec85.wav,1.0
ee3d2d24-57f3-498d-8f36-9cbd5718a22f,coughvid_data/ee3d2d24-57f3-498d-8f36-9cbd5718a22f.wav,coughvid_data/ee3d2d24-57f3-498d-8f36-9cbd5718a22f.wav,1.0
1fd4bd15-88c4-47ae-bbe3-2434af431df5,coughvid_data/1fd4bd15-88c4-47ae-bbe3-2434af431df5.wav,coughvid_data/1fd4bd15-88c4-47ae-bbe3-2434af431df5.wav,1.0
c7146da1-d5f0-4841-8c88-541011f837ac,coughvid_data/c7146da1-d5f0-4841-8c88-541011f837ac.wav,coughvid_data/c7146da1-d5f0-4841-8c88-541011f837ac.wav,1.0
21db4857-5e59-44c8-8959-90b64921507a,coughvid_data/21db4857-5e59-44c8-8959-90b64921507a.wav,coughvid_data/21db4857-5e59-44c8-8959-90b64921507a.wav,0.0
a2e18173-a42a-4e08-8c4f-69ff7b27d097,coughvid_data/a2e18173-a42a-4e08-8c4f-69ff7b27d097.wav,coughvid_data/a2e18173-a42a-4e08-8c4f-69ff7b27d097.wav,0.0
94b37d31-3a1a-47d3-863d-eb20e6856897,coughvid_data/94b37d31-3a1a-47d3-863d-eb20e6856897.wav,coughvid_data/94b37d31-3a1a-47d3-863d-eb20e6856897.wav,1.0
559625c1-c5d6-4c0d-8e98-5e2a35a9f16e,coughvid_data/559625c1-c5d6-4c0d-8e98-5e2a35a9f16e.wav,coughvid_data/559625c1-c5d6-4c0d-8e98-5e2a35a9f16e.wav,1.0
7d2e208f-4b40-43c8-8f85-e05f9671db2c,coughvid_data/7d2e208f-4b40-43c8-8f85-e05f9671db2c.wav,coughvid_data/7d2e208f-4b40-43c8-8f85-e05f9671db2c.wav,1.0
9b3245c8-96d9-4a44-b6ca-68559d0c77ed,coughvid_data/9b3245c8-96d9-4a44-b6ca-68559d0c77ed.wav,coughvid_data/9b3245c8-96d9-4a44-b6ca-68559d0c77ed.wav,1.0
62208fb3-adf3-4380-9ea8-fa75a762a009,coughvid_data/62208fb3-adf3-4380-9ea8-fa75a762a009.wav,coughvid_data/62208fb3-adf3-4380-9ea8-fa75a762a009.wav,1.0
e8d8960c-c726-4f62-83b7-6fb0f1fbfe63,coughvid_data/e8d8960c-c726-4f62-83b7-6fb0f1fbfe63.wav,coughvid_data/e8d8960c-c726-4f62-83b7-6fb0f1fbfe63.wav,1.0
0914796f-46f1-4652-91b4-5896fc76320d,coughvid_data/0914796f-46f1-4652-91b4-5896fc76320d.wav,coughvid_data/0914796f-46f1-4652-91b4-5896fc76320d.wav,0.0
a20511d7-10cc-45c2-85a6-391fa2cde9dc,coughvid_data/a20511d7-10cc-45c2-85a6-391fa2cde9dc.wav,coughvid_data/a20511d7-10cc-45c2-85a6-391fa2cde9dc.wav,1.0
08007ddf-d099-48ad-b8fb-7a469d3e0d9a,coughvid_data/08007ddf-d099-48ad-b8fb-7a469d3e0d9a.wav,coughvid_data/08007ddf-d099-48ad-b8fb-7a469d3e0d9a.wav,0.0
849a9b9f-4679-42ad-a919-8477b0f25d5e,coughvid_data/849a9b9f-4679-42ad-a919-8477b0f25d5e.wav,coughvid_data/849a9b9f-4679-42ad-a919-8477b0f25d5e.wav,1.0
7b962d6a-50fa-48ef-80f0-9d8b23747e90,coughvid_data/7b962d6a-50fa-48ef-80f0-9d8b23747e90.wav,coughvid_data/7b962d6a-50fa-48ef-80f0-9d8b23747e90.wav,1.0
77f93a39-e2b4-4670-9e1f-a4caf2352be7,coughvid_data/77f93a39-e2b4-4670-9e1f-a4caf2352be7.wav,coughvid_data/77f93a39-e2b4-4670-9e1f-a4caf2352be7.wav,0.0
de8c4a22-61e3-402d-a2b7-ab5d3c01f4c6,coughvid_data/de8c4a22-61e3-402d-a2b7-ab5d3c01f4c6.wav,coughvid_data/de8c4a22-61e3-402d-a2b7-ab5d3c01f4c6.wav,1.0
3a1d2e8f-ec39-4fa1-b238-136660950282,coughvid_data/3a1d2e8f-ec39-4fa1-b238-136660950282.wav,coughvid_data/3a1d2e8f-ec39-4fa1-b238-136660950282.wav,1.0
2ea9448a-d45a-4a52-84a2-e6cf46bda0e1,coughvid_data/2ea9448a-d45a-4a52-84a2-e6cf46bda0e1.wav,coughvid_data/2ea9448a-d45a-4a52-84a2-e6cf46bda0e1.wav,0.0
e369583f-61ce-4a0d-b010-f88c3fc862b2,coughvid_data/e369583f-61ce-4a0d-b010-f88c3fc862b2.wav,coughvid_data/e369583f-61ce-4a0d-b010-f88c3fc862b2.wav,1.0
933941b9-a3ec-470a-b9b1-a76c5287d7e2,coughvid_data/933941b9-a3ec-470a-b9b1-a76c5287d7e2.wav,coughvid_data/933941b9-a3ec-470a-b9b1-a76c5287d7e2.wav,1.0
dfe7b783-c80f-4357-b72e-63e875bf9ec3,coughvid_data/dfe7b783-c80f-4357-b72e-63e875bf9ec3.wav,coughvid_data/dfe7b783-c80f-4357-b72e-63e875bf9ec3.wav,1.0
eb2b3b23-e755-4dd9-bf74-c7e4bcbae629,coughvid_data/eb2b3b23-e755-4dd9-bf74-c7e4bcbae629.wav,coughvid_data/eb2b3b23-e755-4dd9-bf74-c7e4bcbae629.wav,1.0
a80eca36-7a17-4557-8af2-2440a16248ac,coughvid_data/a80eca36-7a17-4557-8af2-2440a16248ac.wav,coughvid_data/a80eca36-7a17-4557-8af2-2440a16248ac.wav,0.0
724502d2-b36d-4566-a31a-2325a48bbf23,coughvid_data/724502d2-b36d-4566-a31a-2325a48bbf23.wav,coughvid_data/724502d2-b36d-4566-a31a-2325a48bbf23.wav,1.0
dc2d0ff1-8f06-4deb-a95f-bdac66488319,coughvid_data/dc2d0ff1-8f06-4deb-a95f-bdac66488319.wav,coughvid_data/dc2d0ff1-8f06-4deb-a95f-bdac66488319.wav,1.0
deff7fa6-af66-4d6f-8075-6ac63de3c347,coughvid_data/deff7fa6-af66-4d6f-8075-6ac63de3c347.wav,coughvid_data/deff7fa6-af66-4d6f-8075-6ac63de3c347.wav,0.0
0f1e8c41-7d6d-4ae3-a156-da222b248997,coughvid_data/0f1e8c41-7d6d-4ae3-a156-da222b248997.wav,coughvid_data/0f1e8c41-7d6d-4ae3-a156-da222b248997.wav,0.0
3eee0f42-66e0-4b7e-82c4-9f4def7f0ad4,coughvid_data/3eee0f42-66e0-4b7e-82c4-9f4def7f0ad4.wav,coughvid_data/3eee0f42-66e0-4b7e-82c4-9f4def7f0ad4.wav,1.0
653ede37-955a-40a0-a68d-b78746997864,coughvid_data/653ede37-955a-40a0-a68d-b78746997864.wav,coughvid_data/653ede37-955a-40a0-a68d-b78746997864.wav,0.0
66ab8a4c-3a13-44f1-bf10-f70a3f2037a5,coughvid_data/66ab8a4c-3a13-44f1-bf10-f70a3f2037a5.wav,coughvid_data/66ab8a4c-3a13-44f1-bf10-f70a3f2037a5.wav,1.0
d0671a8a-c8b3-4c43-9812-445de0bdf612,coughvid_data/d0671a8a-c8b3-4c43-9812-445de0bdf612.wav,coughvid_data/d0671a8a-c8b3-4c43-9812-445de0bdf612.wav,0.0
d9f27afd-30be-4fce-bbe3-8b1f0b3a415a,coughvid_data/d9f27afd-30be-4fce-bbe3-8b1f0b3a415a.wav,coughvid_data/d9f27afd-30be-4fce-bbe3-8b1f0b3a415a.wav,0.0
f3074b91-4859-4fa1-988d-e8104b3ff4f3,coughvid_data/f3074b91-4859-4fa1-988d-e8104b3ff4f3.wav,coughvid_data/f3074b91-4859-4fa1-988d-e8104b3ff4f3.wav,1.0
a60b08fa-ad29-4931-98d5-edc7ae0fb723,coughvid_data/a60b08fa-ad29-4931-98d5-edc7ae0fb723.wav,coughvid_data/a60b08fa-ad29-4931-98d5-edc7ae0fb723.wav,1.0
e6f0c3f5-8504-40d8-ab15-475d72dc9211,coughvid_data/e6f0c3f5-8504-40d8-ab15-475d72dc9211.wav,coughvid_data/e6f0c3f5-8504-40d8-ab15-475d72dc9211.wav,0.0
bad6ea5c-b9ec-45fe-9ba2-222535334d21,coughvid_data/bad6ea5c-b9ec-45fe-9ba2-222535334d21.wav,coughvid_data/bad6ea5c-b9ec-45fe-9ba2-222535334d21.wav,0.0
8cb1cfc0-3b14-424e-ab72-a74999bd2e91,coughvid_data/8cb1cfc0-3b14-424e-ab72-a74999bd2e91.wav,coughvid_data/8cb1cfc0-3b14-424e-ab72-a74999bd2e91.wav,0.0
6abd8af6-ad38-494f-ab9b-a501472ebc77,coughvid_data/6abd8af6-ad38-494f-ab9b-a501472ebc77.wav,coughvid_data/6abd8af6-ad38-494f-ab9b-a501472ebc77.wav,0.0
729115da-1305-4b37-8d07-4c4cb2b53c39,coughvid_data/729115da-1305-4b37-8d07-4c4cb2b53c39.wav,coughvid_data/729115da-1305-4b37-8d07-4c4cb2b53c39.wav,0.0
9904980d-c4e5-4856-a544-90f84302bf07,coughvid_data/9904980d-c4e5-4856-a544-90f84302bf07.wav,coughvid_data/9904980d-c4e5-4856-a544-90f84302bf07.wav,0.0
d5c58c5e-eab8-45de-bb2b-b4b57d6836a8,coughvid_data/d5c58c5e-eab8-45de-bb2b-b4b57d6836a8.wav,coughvid_data/d5c58c5e-eab8-45de-bb2b-b4b57d6836a8.wav,1.0
611b855c-8522-4b58-bfb3-7e4b0e850bdd,coughvid_data/611b855c-8522-4b58-bfb3-7e4b0e850bdd.wav,coughvid_data/611b855c-8522-4b58-bfb3-7e4b0e850bdd.wav,1.0
6c007eb5-597e-4e81-8c35-ec22fd6a7c68,coughvid_data/6c007eb5-597e-4e81-8c35-ec22fd6a7c68.wav,coughvid_data/6c007eb5-597e-4e81-8c35-ec22fd6a7c68.wav,0.0
79c336bc-6ab4-495f-82fe-42e4b0ce502a,coughvid_data/79c336bc-6ab4-495f-82fe-42e4b0ce502a.wav,coughvid_data/79c336bc-6ab4-495f-82fe-42e4b0ce502a.wav,0.0
fbcd0f5a-5778-43a2-ac82-52e2077f5e9b,coughvid_data/fbcd0f5a-5778-43a2-ac82-52e2077f5e9b.wav,coughvid_data/fbcd0f5a-5778-43a2-ac82-52e2077f5e9b.wav,1.0
feabf097-bb15-4fdf-85ac-a9babbaf5d9e,coughvid_data/feabf097-bb15-4fdf-85ac-a9babbaf5d9e.wav,coughvid_data/feabf097-bb15-4fdf-85ac-a9babbaf5d9e.wav,1.0
fd4bd071-3d1d-4e89-9b08-942ad79956b9,coughvid_data/fd4bd071-3d1d-4e89-9b08-942ad79956b9.wav,coughvid_data/fd4bd071-3d1d-4e89-9b08-942ad79956b9.wav,0.0
35811251-f9e5-49e9-8ee9-d4ca1afa08f8,coughvid_data/35811251-f9e5-49e9-8ee9-d4ca1afa08f8.wav,coughvid_data/35811251-f9e5-49e9-8ee9-d4ca1afa08f8.wav,1.0
4ac02917-ffa4-491f-9a1b-6287a7a6663a,coughvid_data/4ac02917-ffa4-491f-9a1b-6287a7a6663a.wav,coughvid_data/4ac02917-ffa4-491f-9a1b-6287a7a6663a.wav,0.0
6e677af2-0c28-4410-945e-1173ce0cec11,coughvid_data/6e677af2-0c28-4410-945e-1173ce0cec11.wav,coughvid_data/6e677af2-0c28-4410-945e-1173ce0cec11.wav,0.0
a5dde503-8497-4bc5-abdd-9b3f499b3d44,coughvid_data/a5dde503-8497-4bc5-abdd-9b3f499b3d44.wav,coughvid_data/a5dde503-8497-4bc5-abdd-9b3f499b3d44.wav,0.0
0e49edae-b47c-4d2b-af52-beb5a49cc050,coughvid_data/0e49edae-b47c-4d2b-af52-beb5a49cc050.wav,coughvid_data/0e49edae-b47c-4d2b-af52-beb5a49cc050.wav,0.0
9cf4a0c9-ab4b-4e1a-af3b-d1ebe24e083f,coughvid_data/9cf4a0c9-ab4b-4e1a-af3b-d1ebe24e083f.wav,coughvid_data/9cf4a0c9-ab4b-4e1a-af3b-d1ebe24e083f.wav,1.0
ea88ce44-33e6-47bd-96e0-662b712a45f8,coughvid_data/ea88ce44-33e6-47bd-96e0-662b712a45f8.wav,coughvid_data/ea88ce44-33e6-47bd-96e0-662b712a45f8.wav,1.0
3f6f51e2-f2d1-43fd-819b-16e311095ebb,coughvid_data/3f6f51e2-f2d1-43fd-819b-16e311095ebb.wav,coughvid_data/3f6f51e2-f2d1-43fd-819b-16e311095ebb.wav,0.0
af233870-b29f-4c89-9eb6-0b73c8a460ca,coughvid_data/af233870-b29f-4c89-9eb6-0b73c8a460ca.wav,coughvid_data/af233870-b29f-4c89-9eb6-0b73c8a460ca.wav,1.0
62400475-6a7b-415a-9bfb-06fc3bfd3476,coughvid_data/62400475-6a7b-415a-9bfb-06fc3bfd3476.wav,coughvid_data/62400475-6a7b-415a-9bfb-06fc3bfd3476.wav,0.0
16b1365c-880c-4b3a-8f04-fbbd3d4bd5e7,coughvid_data/16b1365c-880c-4b3a-8f04-fbbd3d4bd5e7.wav,coughvid_data/16b1365c-880c-4b3a-8f04-fbbd3d4bd5e7.wav,1.0
befbdc08-ee9b-48c8-b82a-69ad4bf70fde,coughvid_data/befbdc08-ee9b-48c8-b82a-69ad4bf70fde.wav,coughvid_data/befbdc08-ee9b-48c8-b82a-69ad4bf70fde.wav,1.0
a9102e89-0c58-44ca-bf83-45f8bc03c003,coughvid_data/a9102e89-0c58-44ca-bf83-45f8bc03c003.wav,coughvid_data/a9102e89-0c58-44ca-bf83-45f8bc03c003.wav,1.0
a4f1291c-25e0-4541-9311-37a6ad80a411,coughvid_data/a4f1291c-25e0-4541-9311-37a6ad80a411.wav,coughvid_data/a4f1291c-25e0-4541-9311-37a6ad80a411.wav,1.0
5e2d2f65-86ff-4fdc-b011-8df9e4d2d990,coughvid_data/5e2d2f65-86ff-4fdc-b011-8df9e4d2d990.wav,coughvid_data/5e2d2f65-86ff-4fdc-b011-8df9e4d2d990.wav,1.0
c27472b1-3b8d-45b0-a537-c7c635908015,coughvid_data/c27472b1-3b8d-45b0-a537-c7c635908015.wav,coughvid_data/c27472b1-3b8d-45b0-a537-c7c635908015.wav,0.0
bf88113e-57bb-40b7-9ee1-2b38c9ffa8e7,coughvid_data/bf88113e-57bb-40b7-9ee1-2b38c9ffa8e7.wav,coughvid_data/bf88113e-57bb-40b7-9ee1-2b38c9ffa8e7.wav,0.0
06f98cf6-69ec-415c-baa9-016349efdb25,coughvid_data/06f98cf6-69ec-415c-baa9-016349efdb25.wav,coughvid_data/06f98cf6-69ec-415c-baa9-016349efdb25.wav,0.0
35244796-18c5-4825-ac49-90235ff885fc,coughvid_data/35244796-18c5-4825-ac49-90235ff885fc.wav,coughvid_data/35244796-18c5-4825-ac49-90235ff885fc.wav,1.0
f2a6ab9a-fce1-4de4-929c-0f78d24becf3,coughvid_data/f2a6ab9a-fce1-4de4-929c-0f78d24becf3.wav,coughvid_data/f2a6ab9a-fce1-4de4-929c-0f78d24becf3.wav,0.0
93496ba7-a9ac-46fd-aa9c-67ff87897050,coughvid_data/93496ba7-a9ac-46fd-aa9c-67ff87897050.wav,coughvid_data/93496ba7-a9ac-46fd-aa9c-67ff87897050.wav,1.0
36a2b8e1-1621-4126-94ee-bbe07e0d9913,coughvid_data/36a2b8e1-1621-4126-94ee-bbe07e0d9913.wav,coughvid_data/36a2b8e1-1621-4126-94ee-bbe07e0d9913.wav,1.0
f0001156-ba36-4a53-9ddf-670ba092c001,coughvid_data/f0001156-ba36-4a53-9ddf-670ba092c001.wav,coughvid_data/f0001156-ba36-4a53-9ddf-670ba092c001.wav,1.0
21c38583-5d7a-40ff-bfee-9a7a1116788f,coughvid_data/21c38583-5d7a-40ff-bfee-9a7a1116788f.wav,coughvid_data/21c38583-5d7a-40ff-bfee-9a7a1116788f.wav,0.0
8156da3f-3e96-43aa-a913-55a8ad87b7cb,coughvid_data/8156da3f-3e96-43aa-a913-55a8ad87b7cb.wav,coughvid_data/8156da3f-3e96-43aa-a913-55a8ad87b7cb.wav,0.0
494f9956-42e9-4cbf-803a-796e3bff2844,coughvid_data/494f9956-42e9-4cbf-803a-796e3bff2844.wav,coughvid_data/494f9956-42e9-4cbf-803a-796e3bff2844.wav,1.0
43d6034a-6751-4023-9ee7-6510dd3e157d,coughvid_data/43d6034a-6751-4023-9ee7-6510dd3e157d.wav,coughvid_data/43d6034a-6751-4023-9ee7-6510dd3e157d.wav,1.0
a550816c-3acf-46b8-a9cb-20c474336922,coughvid_data/a550816c-3acf-46b8-a9cb-20c474336922.wav,coughvid_data/a550816c-3acf-46b8-a9cb-20c474336922.wav,0.0
7dc5b3de-2746-46b1-80c4-a73288f37773,coughvid_data/7dc5b3de-2746-46b1-80c4-a73288f37773.wav,coughvid_data/7dc5b3de-2746-46b1-80c4-a73288f37773.wav,1.0
afcd8d2f-54be-4743-bcee-03f9f2a33c36,coughvid_data/afcd8d2f-54be-4743-bcee-03f9f2a33c36.wav,coughvid_data/afcd8d2f-54be-4743-bcee-03f9f2a33c36.wav,1.0
55c6615c-f507-4f96-99e5-127f19e96ddd,coughvid_data/55c6615c-f507-4f96-99e5-127f19e96ddd.wav,coughvid_data/55c6615c-f507-4f96-99e5-127f19e96ddd.wav,1.0
134e5ac2-706b-4098-969e-18c24f0f0002,coughvid_data/134e5ac2-706b-4098-969e-18c24f0f0002.wav,coughvid_data/134e5ac2-706b-4098-969e-18c24f0f0002.wav,1.0
ae336095-7089-41ec-956f-a5787948e012,coughvid_data/ae336095-7089-41ec-956f-a5787948e012.wav,coughvid_data/ae336095-7089-41ec-956f-a5787948e012.wav,0.0
adda9fe5-c0cd-4fa1-a8e9-8ae03e8772f7,coughvid_data/adda9fe5-c0cd-4fa1-a8e9-8ae03e8772f7.wav,coughvid_data/adda9fe5-c0cd-4fa1-a8e9-8ae03e8772f7.wav,1.0
4352b65d-25f3-4ebe-b1d2-516a8a0127c6,coughvid_data/4352b65d-25f3-4ebe-b1d2-516a8a0127c6.wav,coughvid_data/4352b65d-25f3-4ebe-b1d2-516a8a0127c6.wav,0.0
60863217-1ccc-4f28-b979-326564051da2,coughvid_data/60863217-1ccc-4f28-b979-326564051da2.wav,coughvid_data/60863217-1ccc-4f28-b979-326564051da2.wav,0.0
65ecd7f5-e416-4f66-a023-d367ed7a015d,coughvid_data/65ecd7f5-e416-4f66-a023-d367ed7a015d.wav,coughvid_data/65ecd7f5-e416-4f66-a023-d367ed7a015d.wav,0.0
508530cf-f788-49f9-9a31-943ea7fcf7b7,coughvid_data/508530cf-f788-49f9-9a31-943ea7fcf7b7.wav,coughvid_data/508530cf-f788-49f9-9a31-943ea7fcf7b7.wav,1.0
2b9a84b0-b534-43e4-a228-58d7afa76254,coughvid_data/2b9a84b0-b534-43e4-a228-58d7afa76254.wav,coughvid_data/2b9a84b0-b534-43e4-a228-58d7afa76254.wav,0.0
f25e185e-81a8-496d-a28c-b92e107c8dc0,coughvid_data/f25e185e-81a8-496d-a28c-b92e107c8dc0.wav,coughvid_data/f25e185e-81a8-496d-a28c-b92e107c8dc0.wav,1.0
263de8bb-fa34-4b7d-a7c9-f27d995b330a,coughvid_data/263de8bb-fa34-4b7d-a7c9-f27d995b330a.wav,coughvid_data/263de8bb-fa34-4b7d-a7c9-f27d995b330a.wav,1.0
98cf4fc3-ac20-4007-a227-3b89dc43a52c,coughvid_data/98cf4fc3-ac20-4007-a227-3b89dc43a52c.wav,coughvid_data/98cf4fc3-ac20-4007-a227-3b89dc43a52c.wav,1.0
3b6c99a8-7128-4c32-bdc7-cba21db1f29f,coughvid_data/3b6c99a8-7128-4c32-bdc7-cba21db1f29f.wav,coughvid_data/3b6c99a8-7128-4c32-bdc7-cba21db1f29f.wav,1.0
8573a02a-b21d-401f-ade2-0e708bc9c9c4,coughvid_data/8573a02a-b21d-401f-ade2-0e708bc9c9c4.wav,coughvid_data/8573a02a-b21d-401f-ade2-0e708bc9c9c4.wav,0.0
eb4321a3-5897-457f-8742-fbc365b4182f,coughvid_data/eb4321a3-5897-457f-8742-fbc365b4182f.wav,coughvid_data/eb4321a3-5897-457f-8742-fbc365b4182f.wav,0.0
62d2ee16-e54e-4dc7-bf66-97f1391f78f1,coughvid_data/62d2ee16-e54e-4dc7-bf66-97f1391f78f1.wav,coughvid_data/62d2ee16-e54e-4dc7-bf66-97f1391f78f1.wav,1.0
2d404e2c-fc45-41e2-9f09-3e77fd0a44c6,coughvid_data/2d404e2c-fc45-41e2-9f09-3e77fd0a44c6.wav,coughvid_data/2d404e2c-fc45-41e2-9f09-3e77fd0a44c6.wav,1.0
409ca4eb-e7db-4ebe-9ed5-7dcff0a60485,coughvid_data/409ca4eb-e7db-4ebe-9ed5-7dcff0a60485.wav,coughvid_data/409ca4eb-e7db-4ebe-9ed5-7dcff0a60485.wav,1.0
3256fd19-b49a-4299-a9ba-a37ffd020af2,coughvid_data/3256fd19-b49a-4299-a9ba-a37ffd020af2.wav,coughvid_data/3256fd19-b49a-4299-a9ba-a37ffd020af2.wav,0.0
1bcc4b6f-bf8b-4ad6-8ff4-a7c237d4a4fe,coughvid_data/1bcc4b6f-bf8b-4ad6-8ff4-a7c237d4a4fe.wav,coughvid_data/1bcc4b6f-bf8b-4ad6-8ff4-a7c237d4a4fe.wav,0.0
75c4837b-f63e-45cd-b0a2-b3c4f514e9ff,coughvid_data/75c4837b-f63e-45cd-b0a2-b3c4f514e9ff.wav,coughvid_data/75c4837b-f63e-45cd-b0a2-b3c4f514e9ff.wav,0.0
2843f022-a83e-4c22-82fb-bb78e6003c39,coughvid_data/2843f022-a83e-4c22-82fb-bb78e6003c39.wav,coughvid_data/2843f022-a83e-4c22-82fb-bb78e6003c39.wav,0.0
de4e8e74-430d-4d28-b551-e6b5a5988f71,coughvid_data/de4e8e74-430d-4d28-b551-e6b5a5988f71.wav,coughvid_data/de4e8e74-430d-4d28-b551-e6b5a5988f71.wav,1.0
2b476f97-da8b-4ffa-8acd-a43d10e4ea5c,coughvid_data/2b476f97-da8b-4ffa-8acd-a43d10e4ea5c.wav,coughvid_data/2b476f97-da8b-4ffa-8acd-a43d10e4ea5c.wav,0.0
b3915c5d-3d28-43b6-b806-9b52e2d18e9c,coughvid_data/b3915c5d-3d28-43b6-b806-9b52e2d18e9c.wav,coughvid_data/b3915c5d-3d28-43b6-b806-9b52e2d18e9c.wav,0.0
db14be49-4b08-4cdc-817f-c8bf87c4c899,coughvid_data/db14be49-4b08-4cdc-817f-c8bf87c4c899.wav,coughvid_data/db14be49-4b08-4cdc-817f-c8bf87c4c899.wav,0.0
d16b472c-5ba3-464e-a416-ae0db79faaea,coughvid_data/d16b472c-5ba3-464e-a416-ae0db79faaea.wav,coughvid_data/d16b472c-5ba3-464e-a416-ae0db79faaea.wav,1.0
1522f7a3-8aa6-41ba-82ae-01d5c0f62dd1,coughvid_data/1522f7a3-8aa6-41ba-82ae-01d5c0f62dd1.wav,coughvid_data/1522f7a3-8aa6-41ba-82ae-01d5c0f62dd1.wav,1.0
6a641bd4-4cfe-4327-9413-4dd7524c9cf2,coughvid_data/6a641bd4-4cfe-4327-9413-4dd7524c9cf2.wav,coughvid_data/6a641bd4-4cfe-4327-9413-4dd7524c9cf2.wav,0.0
4aa8d6ad-3f9e-4f97-b65f-fcbbe9fea1c6,coughvid_data/4aa8d6ad-3f9e-4f97-b65f-fcbbe9fea1c6.wav,coughvid_data/4aa8d6ad-3f9e-4f97-b65f-fcbbe9fea1c6.wav,1.0
20788152-3dff-4d8f-9ed0-23d8a18af600,coughvid_data/20788152-3dff-4d8f-9ed0-23d8a18af600.wav,coughvid_data/20788152-3dff-4d8f-9ed0-23d8a18af600.wav,0.0
f065cedb-a759-4f40-a756-c31c01e52683,coughvid_data/f065cedb-a759-4f40-a756-c31c01e52683.wav,coughvid_data/f065cedb-a759-4f40-a756-c31c01e52683.wav,0.0
5d9d1ddb-0330-41c1-b9d2-5e0c39414222,coughvid_data/5d9d1ddb-0330-41c1-b9d2-5e0c39414222.wav,coughvid_data/5d9d1ddb-0330-41c1-b9d2-5e0c39414222.wav,0.0
6d70ae29-7527-4ef2-80ab-14310f2a0925,coughvid_data/6d70ae29-7527-4ef2-80ab-14310f2a0925.wav,coughvid_data/6d70ae29-7527-4ef2-80ab-14310f2a0925.wav,0.0
6f4dde8b-0cfb-4746-8697-40cfaaacfa1f,coughvid_data/6f4dde8b-0cfb-4746-8697-40cfaaacfa1f.wav,coughvid_data/6f4dde8b-0cfb-4746-8697-40cfaaacfa1f.wav,0.0
5ecaa380-71b2-4e5a-afe9-61e6815f267a,coughvid_data/5ecaa380-71b2-4e5a-afe9-61e6815f267a.wav,coughvid_data/5ecaa380-71b2-4e5a-afe9-61e6815f267a.wav,0.0
616464a2-ee80-48e0-a96b-cd4464445162,coughvid_data/616464a2-ee80-48e0-a96b-cd4464445162.wav,coughvid_data/616464a2-ee80-48e0-a96b-cd4464445162.wav,1.0
20985c8b-856e-4987-bb74-514e20d9cad4,coughvid_data/20985c8b-856e-4987-bb74-514e20d9cad4.wav,coughvid_data/20985c8b-856e-4987-bb74-514e20d9cad4.wav,0.0
aa697a0c-34a2-4257-b1d8-1ebf5dee5be8,coughvid_data/aa697a0c-34a2-4257-b1d8-1ebf5dee5be8.wav,coughvid_data/aa697a0c-34a2-4257-b1d8-1ebf5dee5be8.wav,1.0
c59eda18-c7c6-4755-beb9-71910afe3380,coughvid_data/c59eda18-c7c6-4755-beb9-71910afe3380.wav,coughvid_data/c59eda18-c7c6-4755-beb9-71910afe3380.wav,1.0
d0942e00-e7e3-4f03-a8e4-1d5c8e591e92,coughvid_data/d0942e00-e7e3-4f03-a8e4-1d5c8e591e92.wav,coughvid_data/d0942e00-e7e3-4f03-a8e4-1d5c8e591e92.wav,1.0
9d9e0bd2-60f0-4279-b42b-67db6bb7730b,coughvid_data/9d9e0bd2-60f0-4279-b42b-67db6bb7730b.wav,coughvid_data/9d9e0bd2-60f0-4279-b42b-67db6bb7730b.wav,1.0
558e533c-5d4c-4d52-a2f6-a1aea68c488d,coughvid_data/558e533c-5d4c-4d52-a2f6-a1aea68c488d.wav,coughvid_data/558e533c-5d4c-4d52-a2f6-a1aea68c488d.wav,0.0
6c21b7c3-2d9a-452a-802f-09b3a2356399,coughvid_data/6c21b7c3-2d9a-452a-802f-09b3a2356399.wav,coughvid_data/6c21b7c3-2d9a-452a-802f-09b3a2356399.wav,1.0
224ee66d-7c74-474d-8123-360b75ed739c,coughvid_data/224ee66d-7c74-474d-8123-360b75ed739c.wav,coughvid_data/224ee66d-7c74-474d-8123-360b75ed739c.wav,1.0
8cfcf096-9771-4a8d-834d-18e82c13966f,coughvid_data/8cfcf096-9771-4a8d-834d-18e82c13966f.wav,coughvid_data/8cfcf096-9771-4a8d-834d-18e82c13966f.wav,1.0
bfeb3880-a9bc-438e-b171-f467ba93087d,coughvid_data/bfeb3880-a9bc-438e-b171-f467ba93087d.wav,coughvid_data/bfeb3880-a9bc-438e-b171-f467ba93087d.wav,1.0
136f309b-8c1d-465f-962f-0e73ec66f143,coughvid_data/136f309b-8c1d-465f-962f-0e73ec66f143.wav,coughvid_data/136f309b-8c1d-465f-962f-0e73ec66f143.wav,0.0
69745a8c-1f14-473c-9742-1c9190b47093,coughvid_data/69745a8c-1f14-473c-9742-1c9190b47093.wav,coughvid_data/69745a8c-1f14-473c-9742-1c9190b47093.wav,1.0
70c4a394-bee0-40ea-9ee5-dc5d853806e8,coughvid_data/70c4a394-bee0-40ea-9ee5-dc5d853806e8.wav,coughvid_data/70c4a394-bee0-40ea-9ee5-dc5d853806e8.wav,0.0
184b635d-9216-4eff-b94e-b3793b61ea1f,coughvid_data/184b635d-9216-4eff-b94e-b3793b61ea1f.wav,coughvid_data/184b635d-9216-4eff-b94e-b3793b61ea1f.wav,0.0
4a1b1bbc-7e8c-41ae-98ea-183ddca76cfb,coughvid_data/4a1b1bbc-7e8c-41ae-98ea-183ddca76cfb.wav,coughvid_data/4a1b1bbc-7e8c-41ae-98ea-183ddca76cfb.wav,1.0
6b336d23-d101-49b3-913e-05746e16b0ec,coughvid_data/6b336d23-d101-49b3-913e-05746e16b0ec.wav,coughvid_data/6b336d23-d101-49b3-913e-05746e16b0ec.wav,0.0
0b60a771-1dde-49b8-a46d-d049b1791ca4,coughvid_data/0b60a771-1dde-49b8-a46d-d049b1791ca4.wav,coughvid_data/0b60a771-1dde-49b8-a46d-d049b1791ca4.wav,1.0
07e2ab52-5dc3-456e-a89c-5761c5d74e6a,coughvid_data/07e2ab52-5dc3-456e-a89c-5761c5d74e6a.wav,coughvid_data/07e2ab52-5dc3-456e-a89c-5761c5d74e6a.wav,0.0
281cfd78-b23d-4204-ac4a-7e65b35528fe,coughvid_data/281cfd78-b23d-4204-ac4a-7e65b35528fe.wav,coughvid_data/281cfd78-b23d-4204-ac4a-7e65b35528fe.wav,1.0
0add5e55-136a-4eaa-98db-3495635cbb56,coughvid_data/0add5e55-136a-4eaa-98db-3495635cbb56.wav,coughvid_data/0add5e55-136a-4eaa-98db-3495635cbb56.wav,1.0
9f125584-7f5d-4442-860f-4ea865775338,coughvid_data/9f125584-7f5d-4442-860f-4ea865775338.wav,coughvid_data/9f125584-7f5d-4442-860f-4ea865775338.wav,0.0
45725288-1dcd-44c9-9f0a-a9affb27d1b4,coughvid_data/45725288-1dcd-44c9-9f0a-a9affb27d1b4.wav,coughvid_data/45725288-1dcd-44c9-9f0a-a9affb27d1b4.wav,0.0
ba11cabd-ff98-4638-85cc-3def3d49d359,coughvid_data/ba11cabd-ff98-4638-85cc-3def3d49d359.wav,coughvid_data/ba11cabd-ff98-4638-85cc-3def3d49d359.wav,1.0
1fcd577a-af2b-4352-a735-a1d1a7e7d0b1,coughvid_data/1fcd577a-af2b-4352-a735-a1d1a7e7d0b1.wav,coughvid_data/1fcd577a-af2b-4352-a735-a1d1a7e7d0b1.wav,1.0
6e647640-a9d9-4708-a3ca-a8ea42a0f4ee,coughvid_data/6e647640-a9d9-4708-a3ca-a8ea42a0f4ee.wav,coughvid_data/6e647640-a9d9-4708-a3ca-a8ea42a0f4ee.wav,0.0
be8b3d0d-3dd9-42c0-925a-879372be62c5,coughvid_data/be8b3d0d-3dd9-42c0-925a-879372be62c5.wav,coughvid_data/be8b3d0d-3dd9-42c0-925a-879372be62c5.wav,1.0
cd788cc7-62f9-408a-a569-0324eaa4f05a,coughvid_data/cd788cc7-62f9-408a-a569-0324eaa4f05a.wav,coughvid_data/cd788cc7-62f9-408a-a569-0324eaa4f05a.wav,0.0
f902e674-da85-4314-94f8-27ebd37f8ac5,coughvid_data/f902e674-da85-4314-94f8-27ebd37f8ac5.wav,coughvid_data/f902e674-da85-4314-94f8-27ebd37f8ac5.wav,0.0
4f7e21ef-53cd-440f-bcb5-8790db8d5f0b,coughvid_data/4f7e21ef-53cd-440f-bcb5-8790db8d5f0b.wav,coughvid_data/4f7e21ef-53cd-440f-bcb5-8790db8d5f0b.wav,1.0
dfd4b14f-44ff-4d78-b00a-4a07c4b5d4fa,coughvid_data/dfd4b14f-44ff-4d78-b00a-4a07c4b5d4fa.wav,coughvid_data/dfd4b14f-44ff-4d78-b00a-4a07c4b5d4fa.wav,1.0
eb15b482-65d5-40d4-8dda-cec9d8586893,coughvid_data/eb15b482-65d5-40d4-8dda-cec9d8586893.wav,coughvid_data/eb15b482-65d5-40d4-8dda-cec9d8586893.wav,0.0
dc4a8a17-8244-41fc-ade8-8a4ee5451134,coughvid_data/dc4a8a17-8244-41fc-ade8-8a4ee5451134.wav,coughvid_data/dc4a8a17-8244-41fc-ade8-8a4ee5451134.wav,0.0
66a6b144-4257-4757-bb18-bd6960d5209a,coughvid_data/66a6b144-4257-4757-bb18-bd6960d5209a.wav,coughvid_data/66a6b144-4257-4757-bb18-bd6960d5209a.wav,1.0
3b2839ac-e763-4c21-af2f-00d111afbaa2,coughvid_data/3b2839ac-e763-4c21-af2f-00d111afbaa2.wav,coughvid_data/3b2839ac-e763-4c21-af2f-00d111afbaa2.wav,1.0
195aa96c-f8e3-4ba5-b180-73dab4c35584,coughvid_data/195aa96c-f8e3-4ba5-b180-73dab4c35584.wav,coughvid_data/195aa96c-f8e3-4ba5-b180-73dab4c35584.wav,0.0
8a589af7-d8bb-429b-938a-d863da32be70,coughvid_data/8a589af7-d8bb-429b-938a-d863da32be70.wav,coughvid_data/8a589af7-d8bb-429b-938a-d863da32be70.wav,0.0
7cfabefb-0fc3-41a4-99b6-5dfa8fb52ce3,coughvid_data/7cfabefb-0fc3-41a4-99b6-5dfa8fb52ce3.wav,coughvid_data/7cfabefb-0fc3-41a4-99b6-5dfa8fb52ce3.wav,1.0
69890b82-6f6a-4d7b-bad5-c36fb66bdd7d,coughvid_data/69890b82-6f6a-4d7b-bad5-c36fb66bdd7d.wav,coughvid_data/69890b82-6f6a-4d7b-bad5-c36fb66bdd7d.wav,0.0
76f16fea-9c3d-4c22-8f43-02ca4eb5d3eb,coughvid_data/76f16fea-9c3d-4c22-8f43-02ca4eb5d3eb.wav,coughvid_data/76f16fea-9c3d-4c22-8f43-02ca4eb5d3eb.wav,1.0
7424ca16-67e7-4a1d-8b7d-4e98dc4d9060,coughvid_data/7424ca16-67e7-4a1d-8b7d-4e98dc4d9060.wav,coughvid_data/7424ca16-67e7-4a1d-8b7d-4e98dc4d9060.wav,1.0
a7a5c702-df32-41e5-a129-a43ec576a480,coughvid_data/a7a5c702-df32-41e5-a129-a43ec576a480.wav,coughvid_data/a7a5c702-df32-41e5-a129-a43ec576a480.wav,1.0
2522d4f5-5991-476a-b0b5-b7021467b96a,coughvid_data/2522d4f5-5991-476a-b0b5-b7021467b96a.wav,coughvid_data/2522d4f5-5991-476a-b0b5-b7021467b96a.wav,1.0
29ccdd0b-23f5-417e-814a-5623a3f5bb79,coughvid_data/29ccdd0b-23f5-417e-814a-5623a3f5bb79.wav,coughvid_data/29ccdd0b-23f5-417e-814a-5623a3f5bb79.wav,0.0
0200e61f-0937-4044-a7d5-53d5855ae29e,coughvid_data/0200e61f-0937-4044-a7d5-53d5855ae29e.wav,coughvid_data/0200e61f-0937-4044-a7d5-53d5855ae29e.wav,1.0
b8b7da44-705e-4cd8-910a-1f3be4c4588f,coughvid_data/b8b7da44-705e-4cd8-910a-1f3be4c4588f.wav,coughvid_data/b8b7da44-705e-4cd8-910a-1f3be4c4588f.wav,1.0
6c646b4f-462d-4f88-b9fa-d23cd1fc711f,coughvid_data/6c646b4f-462d-4f88-b9fa-d23cd1fc711f.wav,coughvid_data/6c646b4f-462d-4f88-b9fa-d23cd1fc711f.wav,1.0
3fdb7ef1-ec6d-4483-93dd-73bcdacd2701,coughvid_data/3fdb7ef1-ec6d-4483-93dd-73bcdacd2701.wav,coughvid_data/3fdb7ef1-ec6d-4483-93dd-73bcdacd2701.wav,0.0
cfcd9520-693f-4f6e-88e5-d1d25faeefa3,coughvid_data/cfcd9520-693f-4f6e-88e5-d1d25faeefa3.wav,coughvid_data/cfcd9520-693f-4f6e-88e5-d1d25faeefa3.wav,1.0
e2eaab46-dc22-4d44-b271-73e7878b757c,coughvid_data/e2eaab46-dc22-4d44-b271-73e7878b757c.wav,coughvid_data/e2eaab46-dc22-4d44-b271-73e7878b757c.wav,0.0
be391049-2614-4abe-9853-d0919c2bf03b,coughvid_data/be391049-2614-4abe-9853-d0919c2bf03b.wav,coughvid_data/be391049-2614-4abe-9853-d0919c2bf03b.wav,0.0
47e43746-9b7a-4830-baae-232ef9a685d7,coughvid_data/47e43746-9b7a-4830-baae-232ef9a685d7.wav,coughvid_data/47e43746-9b7a-4830-baae-232ef9a685d7.wav,1.0
38a131d1-dd63-4be7-a342-a10bb905d4b0,coughvid_data/38a131d1-dd63-4be7-a342-a10bb905d4b0.wav,coughvid_data/38a131d1-dd63-4be7-a342-a10bb905d4b0.wav,1.0
29166933-c7bc-465d-a027-3546fad33565,coughvid_data/29166933-c7bc-465d-a027-3546fad33565.wav,coughvid_data/29166933-c7bc-465d-a027-3546fad33565.wav,0.0
ebfbbde9-fed6-4816-9985-80a305d37d5f,coughvid_data/ebfbbde9-fed6-4816-9985-80a305d37d5f.wav,coughvid_data/ebfbbde9-fed6-4816-9985-80a305d37d5f.wav,0.0
0de5e44e-ebbb-4fb8-8538-99179205d35e,coughvid_data/0de5e44e-ebbb-4fb8-8538-99179205d35e.wav,coughvid_data/0de5e44e-ebbb-4fb8-8538-99179205d35e.wav,0.0
d3c60fde-0bbf-4bd5-84c7-765ada42831b,coughvid_data/d3c60fde-0bbf-4bd5-84c7-765ada42831b.wav,coughvid_data/d3c60fde-0bbf-4bd5-84c7-765ada42831b.wav,0.0
c6d2eece-2c2b-4192-939e-0096ad9e3332,coughvid_data/c6d2eece-2c2b-4192-939e-0096ad9e3332.wav,coughvid_data/c6d2eece-2c2b-4192-939e-0096ad9e3332.wav,1.0
086fc6aa-cd6b-4cc1-8f90-b9aef3542361,coughvid_data/086fc6aa-cd6b-4cc1-8f90-b9aef3542361.wav,coughvid_data/086fc6aa-cd6b-4cc1-8f90-b9aef3542361.wav,0.0
a33b3c0b-64d2-4774-ae8b-dfa9827e5f47,coughvid_data/a33b3c0b-64d2-4774-ae8b-dfa9827e5f47.wav,coughvid_data/a33b3c0b-64d2-4774-ae8b-dfa9827e5f47.wav,0.0
7c3bbc39-116b-428a-be8a-e3f9db182baa,coughvid_data/7c3bbc39-116b-428a-be8a-e3f9db182baa.wav,coughvid_data/7c3bbc39-116b-428a-be8a-e3f9db182baa.wav,1.0
9784d1a9-0bf7-4655-9108-7cae227dba2d,coughvid_data/9784d1a9-0bf7-4655-9108-7cae227dba2d.wav,coughvid_data/9784d1a9-0bf7-4655-9108-7cae227dba2d.wav,1.0
0fe88dd7-2a12-4655-b970-1cf01471e609,coughvid_data/0fe88dd7-2a12-4655-b970-1cf01471e609.wav,coughvid_data/0fe88dd7-2a12-4655-b970-1cf01471e609.wav,0.0
439cfb08-40d5-4dbd-ab87-27900768ddce,coughvid_data/439cfb08-40d5-4dbd-ab87-27900768ddce.wav,coughvid_data/439cfb08-40d5-4dbd-ab87-27900768ddce.wav,1.0
fc09bf22-b83e-4f75-9db0-0d1180019ac2,coughvid_data/fc09bf22-b83e-4f75-9db0-0d1180019ac2.wav,coughvid_data/fc09bf22-b83e-4f75-9db0-0d1180019ac2.wav,1.0
26d8a9f4-2615-4e8c-bfec-6a7f5d9b829d,coughvid_data/26d8a9f4-2615-4e8c-bfec-6a7f5d9b829d.wav,coughvid_data/26d8a9f4-2615-4e8c-bfec-6a7f5d9b829d.wav,0.0
348ff399-d9c1-445e-aeac-15595e688346,coughvid_data/348ff399-d9c1-445e-aeac-15595e688346.wav,coughvid_data/348ff399-d9c1-445e-aeac-15595e688346.wav,1.0
69053fb3-86cc-41b6-8fa1-c8411cc3e67e,coughvid_data/69053fb3-86cc-41b6-8fa1-c8411cc3e67e.wav,coughvid_data/69053fb3-86cc-41b6-8fa1-c8411cc3e67e.wav,1.0
807218b0-58d6-4d3c-8414-f555b37791f5,coughvid_data/807218b0-58d6-4d3c-8414-f555b37791f5.wav,coughvid_data/807218b0-58d6-4d3c-8414-f555b37791f5.wav,1.0
e0066600-e417-487d-8ea9-a63790ecf643,coughvid_data/e0066600-e417-487d-8ea9-a63790ecf643.wav,coughvid_data/e0066600-e417-487d-8ea9-a63790ecf643.wav,0.0
bf8934a6-bd6d-4a67-ba6d-ff8ab5835d2a,coughvid_data/bf8934a6-bd6d-4a67-ba6d-ff8ab5835d2a.wav,coughvid_data/bf8934a6-bd6d-4a67-ba6d-ff8ab5835d2a.wav,1.0
4a13e2ab-8bc2-49cc-8a8d-10efad8d2d33,coughvid_data/4a13e2ab-8bc2-49cc-8a8d-10efad8d2d33.wav,coughvid_data/4a13e2ab-8bc2-49cc-8a8d-10efad8d2d33.wav,0.0
014a2053-5475-4136-9176-471949da8561,coughvid_data/014a2053-5475-4136-9176-471949da8561.wav,coughvid_data/014a2053-5475-4136-9176-471949da8561.wav,1.0
ef060ff6-7775-4b6b-937c-7121a0fd672e,coughvid_data/ef060ff6-7775-4b6b-937c-7121a0fd672e.wav,coughvid_data/ef060ff6-7775-4b6b-937c-7121a0fd672e.wav,0.0
6164a8dc-fdc9-4b1e-9d48-997e13913aaf,coughvid_data/6164a8dc-fdc9-4b1e-9d48-997e13913aaf.wav,coughvid_data/6164a8dc-fdc9-4b1e-9d48-997e13913aaf.wav,1.0
db1c6bee-ba09-4b49-8054-458048f83b00,coughvid_data/db1c6bee-ba09-4b49-8054-458048f83b00.wav,coughvid_data/db1c6bee-ba09-4b49-8054-458048f83b00.wav,0.0
7154aaeb-c038-42da-b984-d776788f8f47,coughvid_data/7154aaeb-c038-42da-b984-d776788f8f47.wav,coughvid_data/7154aaeb-c038-42da-b984-d776788f8f47.wav,0.0
08b26e0c-92fa-4e25-a94a-4d1ef1054890,coughvid_data/08b26e0c-92fa-4e25-a94a-4d1ef1054890.wav,coughvid_data/08b26e0c-92fa-4e25-a94a-4d1ef1054890.wav,1.0
f99d9bbb-e00e-4150-83ed-e3537d7b865d,coughvid_data/f99d9bbb-e00e-4150-83ed-e3537d7b865d.wav,coughvid_data/f99d9bbb-e00e-4150-83ed-e3537d7b865d.wav,1.0
c4598e9f-2a81-42f8-86c7-c4bf644f3827,coughvid_data/c4598e9f-2a81-42f8-86c7-c4bf644f3827.wav,coughvid_data/c4598e9f-2a81-42f8-86c7-c4bf644f3827.wav,0.0
402d5315-9b83-40d5-95e5-9ab9a76659b9,coughvid_data/402d5315-9b83-40d5-95e5-9ab9a76659b9.wav,coughvid_data/402d5315-9b83-40d5-95e5-9ab9a76659b9.wav,0.0
3ee4b4f8-9244-488f-bc1a-cfb1994fab27,coughvid_data/3ee4b4f8-9244-488f-bc1a-cfb1994fab27.wav,coughvid_data/3ee4b4f8-9244-488f-bc1a-cfb1994fab27.wav,0.0
5598bb27-ea8b-478e-acc7-ab40f250cf78,coughvid_data/5598bb27-ea8b-478e-acc7-ab40f250cf78.wav,coughvid_data/5598bb27-ea8b-478e-acc7-ab40f250cf78.wav,1.0
26b6548f-3c25-4d35-a060-01dccbafdedb,coughvid_data/26b6548f-3c25-4d35-a060-01dccbafdedb.wav,coughvid_data/26b6548f-3c25-4d35-a060-01dccbafdedb.wav,0.0
20b87466-665e-4875-8582-35b1fdfc78ed,coughvid_data/20b87466-665e-4875-8582-35b1fdfc78ed.wav,coughvid_data/20b87466-665e-4875-8582-35b1fdfc78ed.wav,1.0
7a936017-c525-4b9f-ae51-9ce01633f1d9,coughvid_data/7a936017-c525-4b9f-ae51-9ce01633f1d9.wav,coughvid_data/7a936017-c525-4b9f-ae51-9ce01633f1d9.wav,0.0
9a9d23cc-2626-43c4-852b-9d4582a8d94c,coughvid_data/9a9d23cc-2626-43c4-852b-9d4582a8d94c.wav,coughvid_data/9a9d23cc-2626-43c4-852b-9d4582a8d94c.wav,0.0
e36c0dda-a5cb-4398-ae8f-235320a729e4,coughvid_data/e36c0dda-a5cb-4398-ae8f-235320a729e4.wav,coughvid_data/e36c0dda-a5cb-4398-ae8f-235320a729e4.wav,1.0
f2b8d4c0-b7ba-49a6-8e91-9f20be33520a,coughvid_data/f2b8d4c0-b7ba-49a6-8e91-9f20be33520a.wav,coughvid_data/f2b8d4c0-b7ba-49a6-8e91-9f20be33520a.wav,1.0
d648d489-4207-4eb1-afdb-a860dd7b56c3,coughvid_data/d648d489-4207-4eb1-afdb-a860dd7b56c3.wav,coughvid_data/d648d489-4207-4eb1-afdb-a860dd7b56c3.wav,1.0
898cc2d9-e81d-4f63-a109-6f14e56388d9,coughvid_data/898cc2d9-e81d-4f63-a109-6f14e56388d9.wav,coughvid_data/898cc2d9-e81d-4f63-a109-6f14e56388d9.wav,0.0
56a4e179-3a06-42f2-b029-1924db43d049,coughvid_data/56a4e179-3a06-42f2-b029-1924db43d049.wav,coughvid_data/56a4e179-3a06-42f2-b029-1924db43d049.wav,0.0
34c04cc6-35f8-4d88-951e-cfcd573c1418,coughvid_data/34c04cc6-35f8-4d88-951e-cfcd573c1418.wav,coughvid_data/34c04cc6-35f8-4d88-951e-cfcd573c1418.wav,1.0
0ac95e31-3962-40b1-8229-00ba5ecb1202,coughvid_data/0ac95e31-3962-40b1-8229-00ba5ecb1202.wav,coughvid_data/0ac95e31-3962-40b1-8229-00ba5ecb1202.wav,0.0
79e7d63c-cadb-4e1d-b09c-0ceb608e44d8,coughvid_data/79e7d63c-cadb-4e1d-b09c-0ceb608e44d8.wav,coughvid_data/79e7d63c-cadb-4e1d-b09c-0ceb608e44d8.wav,0.0
99eb28b8-51e8-435f-b21b-f30ff53fc124,coughvid_data/99eb28b8-51e8-435f-b21b-f30ff53fc124.wav,coughvid_data/99eb28b8-51e8-435f-b21b-f30ff53fc124.wav,1.0
052e2fea-d565-434f-bb1f-0ef315248a04,coughvid_data/052e2fea-d565-434f-bb1f-0ef315248a04.wav,coughvid_data/052e2fea-d565-434f-bb1f-0ef315248a04.wav,0.0
6166e0b2-f7ac-4839-9075-91d5bbefe82f,coughvid_data/6166e0b2-f7ac-4839-9075-91d5bbefe82f.wav,coughvid_data/6166e0b2-f7ac-4839-9075-91d5bbefe82f.wav,0.0
ccbb5d7d-49e6-4434-ab42-aca61faf9e60,coughvid_data/ccbb5d7d-49e6-4434-ab42-aca61faf9e60.wav,coughvid_data/ccbb5d7d-49e6-4434-ab42-aca61faf9e60.wav,0.0
e163dcd2-32c6-4767-ad10-5a65e2ad0239,coughvid_data/e163dcd2-32c6-4767-ad10-5a65e2ad0239.wav,coughvid_data/e163dcd2-32c6-4767-ad10-5a65e2ad0239.wav,0.0
16a4d7cc-abef-485d-b475-5b8dbb23c9e2,coughvid_data/16a4d7cc-abef-485d-b475-5b8dbb23c9e2.wav,coughvid_data/16a4d7cc-abef-485d-b475-5b8dbb23c9e2.wav,1.0
c70e5c21-fd7b-4d37-bfb8-8f2739bc2772,coughvid_data/c70e5c21-fd7b-4d37-bfb8-8f2739bc2772.wav,coughvid_data/c70e5c21-fd7b-4d37-bfb8-8f2739bc2772.wav,1.0
f0f130a9-959c-4b05-863f-21a01273b51b,coughvid_data/f0f130a9-959c-4b05-863f-21a01273b51b.wav,coughvid_data/f0f130a9-959c-4b05-863f-21a01273b51b.wav,0.0
68d68fb5-1782-4733-90aa-696781208f23,coughvid_data/68d68fb5-1782-4733-90aa-696781208f23.wav,coughvid_data/68d68fb5-1782-4733-90aa-696781208f23.wav,0.0
7b8d4b2a-cfb1-4f21-b4e4-5b73e2577324,coughvid_data/7b8d4b2a-cfb1-4f21-b4e4-5b73e2577324.wav,coughvid_data/7b8d4b2a-cfb1-4f21-b4e4-5b73e2577324.wav,0.0
e3a495e7-1c76-427c-b90a-c3ae493b13ae,coughvid_data/e3a495e7-1c76-427c-b90a-c3ae493b13ae.wav,coughvid_data/e3a495e7-1c76-427c-b90a-c3ae493b13ae.wav,0.0
4dbe6ede-40ec-4a4a-9be8-b39de76b8068,coughvid_data/4dbe6ede-40ec-4a4a-9be8-b39de76b8068.wav,coughvid_data/4dbe6ede-40ec-4a4a-9be8-b39de76b8068.wav,0.0
fc2f3890-68fb-4389-a0fd-c1e69ab708bf,coughvid_data/fc2f3890-68fb-4389-a0fd-c1e69ab708bf.wav,coughvid_data/fc2f3890-68fb-4389-a0fd-c1e69ab708bf.wav,0.0
bc3b7de4-5888-4343-9d5a-727536422999,coughvid_data/bc3b7de4-5888-4343-9d5a-727536422999.wav,coughvid_data/bc3b7de4-5888-4343-9d5a-727536422999.wav,0.0
7288ad05-549c-4cba-b2c2-1c3ee850e750,coughvid_data/7288ad05-549c-4cba-b2c2-1c3ee850e750.wav,coughvid_data/7288ad05-549c-4cba-b2c2-1c3ee850e750.wav,0.0
090cfba6-7f0a-44f0-8d77-b0613ab34f94,coughvid_data/090cfba6-7f0a-44f0-8d77-b0613ab34f94.wav,coughvid_data/090cfba6-7f0a-44f0-8d77-b0613ab34f94.wav,0.0
9904eb8b-f14b-467a-932d-92142f817abc,coughvid_data/9904eb8b-f14b-467a-932d-92142f817abc.wav,coughvid_data/9904eb8b-f14b-467a-932d-92142f817abc.wav,1.0
716360d6-6758-48ed-b8c7-a7f646ad870a,coughvid_data/716360d6-6758-48ed-b8c7-a7f646ad870a.wav,coughvid_data/716360d6-6758-48ed-b8c7-a7f646ad870a.wav,1.0
91c59a04-aeda-4233-adce-ac2f3d2212df,coughvid_data/91c59a04-aeda-4233-adce-ac2f3d2212df.wav,coughvid_data/91c59a04-aeda-4233-adce-ac2f3d2212df.wav,1.0
041b02e6-2228-47df-9e5a-11898dd78b4b,coughvid_data/041b02e6-2228-47df-9e5a-11898dd78b4b.wav,coughvid_data/041b02e6-2228-47df-9e5a-11898dd78b4b.wav,1.0
5ff1afa8-c3d7-4c6e-a888-0e99948deeea,coughvid_data/5ff1afa8-c3d7-4c6e-a888-0e99948deeea.wav,coughvid_data/5ff1afa8-c3d7-4c6e-a888-0e99948deeea.wav,0.0
a1b7d500-5120-46b9-80e9-33c9196197f9,coughvid_data/a1b7d500-5120-46b9-80e9-33c9196197f9.wav,coughvid_data/a1b7d500-5120-46b9-80e9-33c9196197f9.wav,0.0
cf59244a-576d-471e-b853-9871be627fa8,coughvid_data/cf59244a-576d-471e-b853-9871be627fa8.wav,coughvid_data/cf59244a-576d-471e-b853-9871be627fa8.wav,1.0
83443b73-5740-4b3e-85ba-77e372fea63d,coughvid_data/83443b73-5740-4b3e-85ba-77e372fea63d.wav,coughvid_data/83443b73-5740-4b3e-85ba-77e372fea63d.wav,1.0
9de87976-0594-4251-99a7-5dfbd6da22f9,coughvid_data/9de87976-0594-4251-99a7-5dfbd6da22f9.wav,coughvid_data/9de87976-0594-4251-99a7-5dfbd6da22f9.wav,1.0
0f1ad549-742e-46ab-b971-041db7ce7e78,coughvid_data/0f1ad549-742e-46ab-b971-041db7ce7e78.wav,coughvid_data/0f1ad549-742e-46ab-b971-041db7ce7e78.wav,1.0
131b91e8-7d1d-4fff-b733-e7f6e066558e,coughvid_data/131b91e8-7d1d-4fff-b733-e7f6e066558e.wav,coughvid_data/131b91e8-7d1d-4fff-b733-e7f6e066558e.wav,1.0
99cbed89-16c3-4ad7-bdd3-64b44faad3b9,coughvid_data/99cbed89-16c3-4ad7-bdd3-64b44faad3b9.wav,coughvid_data/99cbed89-16c3-4ad7-bdd3-64b44faad3b9.wav,1.0
b6957f39-3c24-4f48-b3ac-e865eb29c81f,coughvid_data/b6957f39-3c24-4f48-b3ac-e865eb29c81f.wav,coughvid_data/b6957f39-3c24-4f48-b3ac-e865eb29c81f.wav,1.0
cfe289a7-472c-4922-8a12-461257c030d7,coughvid_data/cfe289a7-472c-4922-8a12-461257c030d7.wav,coughvid_data/cfe289a7-472c-4922-8a12-461257c030d7.wav,0.0
bdf94aef-71d5-4fe5-b0d9-89b83f16637a,coughvid_data/bdf94aef-71d5-4fe5-b0d9-89b83f16637a.wav,coughvid_data/bdf94aef-71d5-4fe5-b0d9-89b83f16637a.wav,1.0
2959b4c4-4fe0-44fe-a537-b3972e0c0a19,coughvid_data/2959b4c4-4fe0-44fe-a537-b3972e0c0a19.wav,coughvid_data/2959b4c4-4fe0-44fe-a537-b3972e0c0a19.wav,0.0
2a9b4fb5-9073-4695-a812-20bce3bb40e1,coughvid_data/2a9b4fb5-9073-4695-a812-20bce3bb40e1.wav,coughvid_data/2a9b4fb5-9073-4695-a812-20bce3bb40e1.wav,0.0
166cf5f4-8366-41a8-8957-c38f816b33cf,coughvid_data/166cf5f4-8366-41a8-8957-c38f816b33cf.wav,coughvid_data/166cf5f4-8366-41a8-8957-c38f816b33cf.wav,0.0
d46a8b93-3dd3-47eb-b300-53225a11e0cc,coughvid_data/d46a8b93-3dd3-47eb-b300-53225a11e0cc.wav,coughvid_data/d46a8b93-3dd3-47eb-b300-53225a11e0cc.wav,0.0
7729ca77-b492-4b36-ba89-288e73c7dd30,coughvid_data/7729ca77-b492-4b36-ba89-288e73c7dd30.wav,coughvid_data/7729ca77-b492-4b36-ba89-288e73c7dd30.wav,0.0
5d4e1ed6-6c46-4dec-a474-8b3e900b66c6,coughvid_data/5d4e1ed6-6c46-4dec-a474-8b3e900b66c6.wav,coughvid_data/5d4e1ed6-6c46-4dec-a474-8b3e900b66c6.wav,1.0
c9a95e39-db51-4f04-bfce-b011cb445059,coughvid_data/c9a95e39-db51-4f04-bfce-b011cb445059.wav,coughvid_data/c9a95e39-db51-4f04-bfce-b011cb445059.wav,0.0
74d00b7b-3e72-4237-b53f-6a002fb2d0f5,coughvid_data/74d00b7b-3e72-4237-b53f-6a002fb2d0f5.wav,coughvid_data/74d00b7b-3e72-4237-b53f-6a002fb2d0f5.wav,1.0
abde560c-2ce1-41fc-a87f-50c5e437f635,coughvid_data/abde560c-2ce1-41fc-a87f-50c5e437f635.wav,coughvid_data/abde560c-2ce1-41fc-a87f-50c5e437f635.wav,0.0
84f7f9eb-ce07-4ace-8c02-d83360a25db4,coughvid_data/84f7f9eb-ce07-4ace-8c02-d83360a25db4.wav,coughvid_data/84f7f9eb-ce07-4ace-8c02-d83360a25db4.wav,1.0
9759a189-abc8-44b0-be62-64cbaf71bedb,coughvid_data/9759a189-abc8-44b0-be62-64cbaf71bedb.wav,coughvid_data/9759a189-abc8-44b0-be62-64cbaf71bedb.wav,1.0
fc176213-aaca-4dc6-9235-d4911a99c6db,coughvid_data/fc176213-aaca-4dc6-9235-d4911a99c6db.wav,coughvid_data/fc176213-aaca-4dc6-9235-d4911a99c6db.wav,1.0
478d726a-ad0a-487c-b2af-5ba544cb2b78,coughvid_data/478d726a-ad0a-487c-b2af-5ba544cb2b78.wav,coughvid_data/478d726a-ad0a-487c-b2af-5ba544cb2b78.wav,0.0
e1617838-cbdd-42a9-8574-3739a2350cf7,coughvid_data/e1617838-cbdd-42a9-8574-3739a2350cf7.wav,coughvid_data/e1617838-cbdd-42a9-8574-3739a2350cf7.wav,1.0
75967a7c-4027-434b-ba34-f97c2244a29f,coughvid_data/75967a7c-4027-434b-ba34-f97c2244a29f.wav,coughvid_data/75967a7c-4027-434b-ba34-f97c2244a29f.wav,1.0
167b1c65-40e6-4330-8dc7-d51d735ccdab,coughvid_data/167b1c65-40e6-4330-8dc7-d51d735ccdab.wav,coughvid_data/167b1c65-40e6-4330-8dc7-d51d735ccdab.wav,1.0
68a0d908-9c19-4e3b-b795-693da008af49,coughvid_data/68a0d908-9c19-4e3b-b795-693da008af49.wav,coughvid_data/68a0d908-9c19-4e3b-b795-693da008af49.wav,0.0
cd8ba72f-70da-4dcb-bd2d-f968d162d024,coughvid_data/cd8ba72f-70da-4dcb-bd2d-f968d162d024.wav,coughvid_data/cd8ba72f-70da-4dcb-bd2d-f968d162d024.wav,1.0
df01fbb2-d8de-4155-9626-478cd3a8e319,coughvid_data/df01fbb2-d8de-4155-9626-478cd3a8e319.wav,coughvid_data/df01fbb2-d8de-4155-9626-478cd3a8e319.wav,1.0
ad734fa5-79fa-4f4e-bf34-af979d6bc1c6,coughvid_data/ad734fa5-79fa-4f4e-bf34-af979d6bc1c6.wav,coughvid_data/ad734fa5-79fa-4f4e-bf34-af979d6bc1c6.wav,1.0
67e56318-af3f-4881-b8b7-1d81d20fd3cb,coughvid_data/67e56318-af3f-4881-b8b7-1d81d20fd3cb.wav,coughvid_data/67e56318-af3f-4881-b8b7-1d81d20fd3cb.wav,0.0
9da59c66-79ba-4555-9523-88416eebc134,coughvid_data/9da59c66-79ba-4555-9523-88416eebc134.wav,coughvid_data/9da59c66-79ba-4555-9523-88416eebc134.wav,1.0
c931ab73-6536-4d2d-af9a-22a77f0a0f9d,coughvid_data/c931ab73-6536-4d2d-af9a-22a77f0a0f9d.wav,coughvid_data/c931ab73-6536-4d2d-af9a-22a77f0a0f9d.wav,0.0
d1b40b86-2ba2-4a52-8635-370e32915f68,coughvid_data/d1b40b86-2ba2-4a52-8635-370e32915f68.wav,coughvid_data/d1b40b86-2ba2-4a52-8635-370e32915f68.wav,0.0
045364d1-30c3-4784-a51f-48f791b913a1,coughvid_data/045364d1-30c3-4784-a51f-48f791b913a1.wav,coughvid_data/045364d1-30c3-4784-a51f-48f791b913a1.wav,1.0
849187fd-c5cc-4d1e-a0c6-7ef8ba75eda3,coughvid_data/849187fd-c5cc-4d1e-a0c6-7ef8ba75eda3.wav,coughvid_data/849187fd-c5cc-4d1e-a0c6-7ef8ba75eda3.wav,1.0
ee74923c-d1f9-4ee4-8f03-ef479571d97e,coughvid_data/ee74923c-d1f9-4ee4-8f03-ef479571d97e.wav,coughvid_data/ee74923c-d1f9-4ee4-8f03-ef479571d97e.wav,1.0
aaa71956-1ca7-4306-8db5-546c87059208,coughvid_data/aaa71956-1ca7-4306-8db5-546c87059208.wav,coughvid_data/aaa71956-1ca7-4306-8db5-546c87059208.wav,1.0
cbfd3865-b0fe-4f54-86ba-d93c47feeb2f,coughvid_data/cbfd3865-b0fe-4f54-86ba-d93c47feeb2f.wav,coughvid_data/cbfd3865-b0fe-4f54-86ba-d93c47feeb2f.wav,1.0
6fd8a8a8-cc36-4823-b2b0-39a37673baf9,coughvid_data/6fd8a8a8-cc36-4823-b2b0-39a37673baf9.wav,coughvid_data/6fd8a8a8-cc36-4823-b2b0-39a37673baf9.wav,1.0
fecd838b-05aa-4d08-b610-d97779682f46,coughvid_data/fecd838b-05aa-4d08-b610-d97779682f46.wav,coughvid_data/fecd838b-05aa-4d08-b610-d97779682f46.wav,1.0
12251d02-a52c-4ece-bd03-aff93d9b417e,coughvid_data/12251d02-a52c-4ece-bd03-aff93d9b417e.wav,coughvid_data/12251d02-a52c-4ece-bd03-aff93d9b417e.wav,1.0
ccdb32af-58f4-4718-9f6e-eec7e0020382,coughvid_data/ccdb32af-58f4-4718-9f6e-eec7e0020382.wav,coughvid_data/ccdb32af-58f4-4718-9f6e-eec7e0020382.wav,1.0
d9672456-70fe-4211-892a-ac6276b33e2a,coughvid_data/d9672456-70fe-4211-892a-ac6276b33e2a.wav,coughvid_data/d9672456-70fe-4211-892a-ac6276b33e2a.wav,1.0
2c14ae15-fe02-4cc9-9c6d-2852d6e7ad9b,coughvid_data/2c14ae15-fe02-4cc9-9c6d-2852d6e7ad9b.wav,coughvid_data/2c14ae15-fe02-4cc9-9c6d-2852d6e7ad9b.wav,1.0
61764b5f-2763-45bf-82f9-c1c564c9b2b8,coughvid_data/61764b5f-2763-45bf-82f9-c1c564c9b2b8.wav,coughvid_data/61764b5f-2763-45bf-82f9-c1c564c9b2b8.wav,0.0
94c7849b-022d-4bb2-877b-d357b5a3a5d8,coughvid_data/94c7849b-022d-4bb2-877b-d357b5a3a5d8.wav,coughvid_data/94c7849b-022d-4bb2-877b-d357b5a3a5d8.wav,1.0
f4bcb5ec-d166-4914-bac9-f4c3f3a6bb53,coughvid_data/f4bcb5ec-d166-4914-bac9-f4c3f3a6bb53.wav,coughvid_data/f4bcb5ec-d166-4914-bac9-f4c3f3a6bb53.wav,1.0
777be5ac-6bf3-4e5c-a16c-fa0a3a5b02a3,coughvid_data/777be5ac-6bf3-4e5c-a16c-fa0a3a5b02a3.wav,coughvid_data/777be5ac-6bf3-4e5c-a16c-fa0a3a5b02a3.wav,0.0
b6f51e48-7f2a-49d4-9ee9-296740a8e1c9,coughvid_data/b6f51e48-7f2a-49d4-9ee9-296740a8e1c9.wav,coughvid_data/b6f51e48-7f2a-49d4-9ee9-296740a8e1c9.wav,1.0
d3eea3e0-5395-4b9f-91c2-fe9043d6f216,coughvid_data/d3eea3e0-5395-4b9f-91c2-fe9043d6f216.wav,coughvid_data/d3eea3e0-5395-4b9f-91c2-fe9043d6f216.wav,1.0
a6b7aeb5-6b58-4bea-9e2d-6ee573cd1aab,coughvid_data/a6b7aeb5-6b58-4bea-9e2d-6ee573cd1aab.wav,coughvid_data/a6b7aeb5-6b58-4bea-9e2d-6ee573cd1aab.wav,1.0
88eaefa5-f608-4517-b081-d7c713e269ca,coughvid_data/88eaefa5-f608-4517-b081-d7c713e269ca.wav,coughvid_data/88eaefa5-f608-4517-b081-d7c713e269ca.wav,1.0
59b5455e-1cf8-4f03-83dc-03a28cb0ad3f,coughvid_data/59b5455e-1cf8-4f03-83dc-03a28cb0ad3f.wav,coughvid_data/59b5455e-1cf8-4f03-83dc-03a28cb0ad3f.wav,1.0
b5d05d34-008d-4ed0-be02-8b4059106d23,coughvid_data/b5d05d34-008d-4ed0-be02-8b4059106d23.wav,coughvid_data/b5d05d34-008d-4ed0-be02-8b4059106d23.wav,0.0
fb4ce047-c106-442b-b864-37a2d634c51f,coughvid_data/fb4ce047-c106-442b-b864-37a2d634c51f.wav,coughvid_data/fb4ce047-c106-442b-b864-37a2d634c51f.wav,0.0
41de20a5-793c-4450-a578-cafd0c06457d,coughvid_data/41de20a5-793c-4450-a578-cafd0c06457d.wav,coughvid_data/41de20a5-793c-4450-a578-cafd0c06457d.wav,1.0
a2d71fd0-d3ba-4b48-a2e9-12f594c5dd9c,coughvid_data/a2d71fd0-d3ba-4b48-a2e9-12f594c5dd9c.wav,coughvid_data/a2d71fd0-d3ba-4b48-a2e9-12f594c5dd9c.wav,0.0
d294e06c-dea3-4cf8-8660-0ec017a003ec,coughvid_data/d294e06c-dea3-4cf8-8660-0ec017a003ec.wav,coughvid_data/d294e06c-dea3-4cf8-8660-0ec017a003ec.wav,1.0
1579b93d-0ee3-4484-975c-a8777c0b6739,coughvid_data/1579b93d-0ee3-4484-975c-a8777c0b6739.wav,coughvid_data/1579b93d-0ee3-4484-975c-a8777c0b6739.wav,1.0
a5316249-91e4-47ae-918a-87ce8808dd45,coughvid_data/a5316249-91e4-47ae-918a-87ce8808dd45.wav,coughvid_data/a5316249-91e4-47ae-918a-87ce8808dd45.wav,0.0
5272842e-11d3-4d27-952d-91e8003acb6f,coughvid_data/5272842e-11d3-4d27-952d-91e8003acb6f.wav,coughvid_data/5272842e-11d3-4d27-952d-91e8003acb6f.wav,0.0
573e3228-0df6-43f1-8cc7-037a51be49c6,coughvid_data/573e3228-0df6-43f1-8cc7-037a51be49c6.wav,coughvid_data/573e3228-0df6-43f1-8cc7-037a51be49c6.wav,1.0
5ae80dca-4954-43b6-b3dc-6bcd043a278f,coughvid_data/5ae80dca-4954-43b6-b3dc-6bcd043a278f.wav,coughvid_data/5ae80dca-4954-43b6-b3dc-6bcd043a278f.wav,0.0
f6d94e3a-3038-411b-aeb4-f3297a412c18,coughvid_data/f6d94e3a-3038-411b-aeb4-f3297a412c18.wav,coughvid_data/f6d94e3a-3038-411b-aeb4-f3297a412c18.wav,1.0
7386f75d-b7ab-41d5-a5ab-4761935213ad,coughvid_data/7386f75d-b7ab-41d5-a5ab-4761935213ad.wav,coughvid_data/7386f75d-b7ab-41d5-a5ab-4761935213ad.wav,1.0
bc9e38fc-ba11-430c-a66b-915eab646a87,coughvid_data/bc9e38fc-ba11-430c-a66b-915eab646a87.wav,coughvid_data/bc9e38fc-ba11-430c-a66b-915eab646a87.wav,1.0
f32146e3-cbbe-4b3b-94a1-5c928c19c503,coughvid_data/f32146e3-cbbe-4b3b-94a1-5c928c19c503.wav,coughvid_data/f32146e3-cbbe-4b3b-94a1-5c928c19c503.wav,0.0
54abf545-540f-4e99-a97a-a45a2ce15362,coughvid_data/54abf545-540f-4e99-a97a-a45a2ce15362.wav,coughvid_data/54abf545-540f-4e99-a97a-a45a2ce15362.wav,0.0
1067c678-fe8b-4fc4-bc78-379ad8abf8d9,coughvid_data/1067c678-fe8b-4fc4-bc78-379ad8abf8d9.wav,coughvid_data/1067c678-fe8b-4fc4-bc78-379ad8abf8d9.wav,0.0
7c7b2f85-a559-4c13-8ea0-f3c19de9f101,coughvid_data/7c7b2f85-a559-4c13-8ea0-f3c19de9f101.wav,coughvid_data/7c7b2f85-a559-4c13-8ea0-f3c19de9f101.wav,0.0
17c2e5aa-000c-4efe-aa47-c0a7229cd222,coughvid_data/17c2e5aa-000c-4efe-aa47-c0a7229cd222.wav,coughvid_data/17c2e5aa-000c-4efe-aa47-c0a7229cd222.wav,1.0
935ddbaf-39fc-4f19-a9da-158d0e571e03,coughvid_data/935ddbaf-39fc-4f19-a9da-158d0e571e03.wav,coughvid_data/935ddbaf-39fc-4f19-a9da-158d0e571e03.wav,0.0
d6efdca9-8ade-4782-b276-578e597b525a,coughvid_data/d6efdca9-8ade-4782-b276-578e597b525a.wav,coughvid_data/d6efdca9-8ade-4782-b276-578e597b525a.wav,0.0
9a9b40d2-343e-4e04-85e2-1dfd99644ed7,coughvid_data/9a9b40d2-343e-4e04-85e2-1dfd99644ed7.wav,coughvid_data/9a9b40d2-343e-4e04-85e2-1dfd99644ed7.wav,0.0
0c674610-c846-49b1-8a6d-20e63936f655,coughvid_data/0c674610-c846-49b1-8a6d-20e63936f655.wav,coughvid_data/0c674610-c846-49b1-8a6d-20e63936f655.wav,0.0
442799be-40f2-4361-8695-05dc9750e128,coughvid_data/442799be-40f2-4361-8695-05dc9750e128.wav,coughvid_data/442799be-40f2-4361-8695-05dc9750e128.wav,1.0
df392615-fab3-406b-a9c9-e6fecf8d6296,coughvid_data/df392615-fab3-406b-a9c9-e6fecf8d6296.wav,coughvid_data/df392615-fab3-406b-a9c9-e6fecf8d6296.wav,1.0
c36d2d17-bd68-48c0-b015-4f2468977060,coughvid_data/c36d2d17-bd68-48c0-b015-4f2468977060.wav,coughvid_data/c36d2d17-bd68-48c0-b015-4f2468977060.wav,1.0
ccdf7b8c-3965-443d-b14a-b4d8d7c95e7e,coughvid_data/ccdf7b8c-3965-443d-b14a-b4d8d7c95e7e.wav,coughvid_data/ccdf7b8c-3965-443d-b14a-b4d8d7c95e7e.wav,0.0
e230f0d3-81f1-405e-b03b-6f2ee70b40ae,coughvid_data/e230f0d3-81f1-405e-b03b-6f2ee70b40ae.wav,coughvid_data/e230f0d3-81f1-405e-b03b-6f2ee70b40ae.wav,0.0
d43cb0c8-f2f5-43eb-b329-c6b5c8abb3b7,coughvid_data/d43cb0c8-f2f5-43eb-b329-c6b5c8abb3b7.wav,coughvid_data/d43cb0c8-f2f5-43eb-b329-c6b5c8abb3b7.wav,0.0
df4389eb-41d8-42d1-a2af-510d7f2a619e,coughvid_data/df4389eb-41d8-42d1-a2af-510d7f2a619e.wav,coughvid_data/df4389eb-41d8-42d1-a2af-510d7f2a619e.wav,0.0
1e0249c4-b555-4aaa-9270-b16cd1606a41,coughvid_data/1e0249c4-b555-4aaa-9270-b16cd1606a41.wav,coughvid_data/1e0249c4-b555-4aaa-9270-b16cd1606a41.wav,1.0
3231319b-975e-4f4a-867c-b8024487f900,coughvid_data/3231319b-975e-4f4a-867c-b8024487f900.wav,coughvid_data/3231319b-975e-4f4a-867c-b8024487f900.wav,1.0
2fef0828-f477-45d5-8b71-1c6b91e712bb,coughvid_data/2fef0828-f477-45d5-8b71-1c6b91e712bb.wav,coughvid_data/2fef0828-f477-45d5-8b71-1c6b91e712bb.wav,0.0
35f547c5-c85f-4deb-a3c2-9a89ecd893d8,coughvid_data/35f547c5-c85f-4deb-a3c2-9a89ecd893d8.wav,coughvid_data/35f547c5-c85f-4deb-a3c2-9a89ecd893d8.wav,0.0
3cacd9ac-d078-4a35-92cc-876e3da99399,coughvid_data/3cacd9ac-d078-4a35-92cc-876e3da99399.wav,coughvid_data/3cacd9ac-d078-4a35-92cc-876e3da99399.wav,1.0
bc36aed7-62e4-403d-992d-eb186cf2ccc1,coughvid_data/bc36aed7-62e4-403d-992d-eb186cf2ccc1.wav,coughvid_data/bc36aed7-62e4-403d-992d-eb186cf2ccc1.wav,0.0
24a5142d-49e6-4747-9772-dc88606cae60,coughvid_data/24a5142d-49e6-4747-9772-dc88606cae60.wav,coughvid_data/24a5142d-49e6-4747-9772-dc88606cae60.wav,1.0
d310a21f-6c94-40fd-a34f-af757cbeb30e,coughvid_data/d310a21f-6c94-40fd-a34f-af757cbeb30e.wav,coughvid_data/d310a21f-6c94-40fd-a34f-af757cbeb30e.wav,1.0
43e48031-e0db-441d-9b18-dc882cc99867,coughvid_data/43e48031-e0db-441d-9b18-dc882cc99867.wav,coughvid_data/43e48031-e0db-441d-9b18-dc882cc99867.wav,1.0
121616a3-a5df-4aaf-844b-0f3ab6f74ea3,coughvid_data/121616a3-a5df-4aaf-844b-0f3ab6f74ea3.wav,coughvid_data/121616a3-a5df-4aaf-844b-0f3ab6f74ea3.wav,0.0
6a7788a4-74d4-4493-b703-f73ff5447b0d,coughvid_data/6a7788a4-74d4-4493-b703-f73ff5447b0d.wav,coughvid_data/6a7788a4-74d4-4493-b703-f73ff5447b0d.wav,0.0
e8cf7993-964c-4949-8aaa-ae973eafd7fa,coughvid_data/e8cf7993-964c-4949-8aaa-ae973eafd7fa.wav,coughvid_data/e8cf7993-964c-4949-8aaa-ae973eafd7fa.wav,1.0
e444741a-7992-481e-b5cb-2ef3bcf3e837,coughvid_data/e444741a-7992-481e-b5cb-2ef3bcf3e837.wav,coughvid_data/e444741a-7992-481e-b5cb-2ef3bcf3e837.wav,1.0
d1129121-8c1d-4fee-9422-c470911338f2,coughvid_data/d1129121-8c1d-4fee-9422-c470911338f2.wav,coughvid_data/d1129121-8c1d-4fee-9422-c470911338f2.wav,0.0
0b619d23-21c1-41ff-98f0-bee0b7852497,coughvid_data/0b619d23-21c1-41ff-98f0-bee0b7852497.wav,coughvid_data/0b619d23-21c1-41ff-98f0-bee0b7852497.wav,1.0
bc88171e-c3c9-4058-b3a1-9dab853baa84,coughvid_data/bc88171e-c3c9-4058-b3a1-9dab853baa84.wav,coughvid_data/bc88171e-c3c9-4058-b3a1-9dab853baa84.wav,1.0
4ebe9082-4ffc-4347-952f-107b9940bb53,coughvid_data/4ebe9082-4ffc-4347-952f-107b9940bb53.wav,coughvid_data/4ebe9082-4ffc-4347-952f-107b9940bb53.wav,0.0
13fe4bb6-1313-406d-a2af-002ba59d3cc6,coughvid_data/13fe4bb6-1313-406d-a2af-002ba59d3cc6.wav,coughvid_data/13fe4bb6-1313-406d-a2af-002ba59d3cc6.wav,1.0
59b90d35-42cf-4210-b517-3cdd5e4c2ae8,coughvid_data/59b90d35-42cf-4210-b517-3cdd5e4c2ae8.wav,coughvid_data/59b90d35-42cf-4210-b517-3cdd5e4c2ae8.wav,1.0
656d111d-a046-4f51-8b0f-ab2ff4ee3a2f,coughvid_data/656d111d-a046-4f51-8b0f-ab2ff4ee3a2f.wav,coughvid_data/656d111d-a046-4f51-8b0f-ab2ff4ee3a2f.wav,1.0
0a9694b5-eccb-45a6-8377-72b4788d6e88,coughvid_data/0a9694b5-eccb-45a6-8377-72b4788d6e88.wav,coughvid_data/0a9694b5-eccb-45a6-8377-72b4788d6e88.wav,0.0
9e2a1ddc-35bc-42df-8fac-3afa75a69258,coughvid_data/9e2a1ddc-35bc-42df-8fac-3afa75a69258.wav,coughvid_data/9e2a1ddc-35bc-42df-8fac-3afa75a69258.wav,1.0
196229a3-c5c1-4c71-b096-eed8a6eb6296,coughvid_data/196229a3-c5c1-4c71-b096-eed8a6eb6296.wav,coughvid_data/196229a3-c5c1-4c71-b096-eed8a6eb6296.wav,0.0
5995e6bb-abf9-430a-8f57-0f6425eb4b14,coughvid_data/5995e6bb-abf9-430a-8f57-0f6425eb4b14.wav,coughvid_data/5995e6bb-abf9-430a-8f57-0f6425eb4b14.wav,1.0
7db26b06-2de0-4cc6-8ff3-ca72ea40d751,coughvid_data/7db26b06-2de0-4cc6-8ff3-ca72ea40d751.wav,coughvid_data/7db26b06-2de0-4cc6-8ff3-ca72ea40d751.wav,0.0
5b5fb2f4-900a-4023-b4fd-c55b66dc065b,coughvid_data/5b5fb2f4-900a-4023-b4fd-c55b66dc065b.wav,coughvid_data/5b5fb2f4-900a-4023-b4fd-c55b66dc065b.wav,1.0
e6b9b37d-a9d0-46f0-84a3-7aa7c5a56df7,coughvid_data/e6b9b37d-a9d0-46f0-84a3-7aa7c5a56df7.wav,coughvid_data/e6b9b37d-a9d0-46f0-84a3-7aa7c5a56df7.wav,0.0
5ff28ce0-d716-4d9d-9e68-1d9cb5f21a84,coughvid_data/5ff28ce0-d716-4d9d-9e68-1d9cb5f21a84.wav,coughvid_data/5ff28ce0-d716-4d9d-9e68-1d9cb5f21a84.wav,1.0
f340ff17-62d0-4b50-8173-ffc42642e4e5,coughvid_data/f340ff17-62d0-4b50-8173-ffc42642e4e5.wav,coughvid_data/f340ff17-62d0-4b50-8173-ffc42642e4e5.wav,0.0
d9ee7940-ced8-44d2-96c6-608de7612684,coughvid_data/d9ee7940-ced8-44d2-96c6-608de7612684.wav,coughvid_data/d9ee7940-ced8-44d2-96c6-608de7612684.wav,0.0
952eafc4-38d9-468b-b46d-c9a5f6b3d620,coughvid_data/952eafc4-38d9-468b-b46d-c9a5f6b3d620.wav,coughvid_data/952eafc4-38d9-468b-b46d-c9a5f6b3d620.wav,1.0
d9c90aa6-53cd-4753-a9e0-f835691b84b4,coughvid_data/d9c90aa6-53cd-4753-a9e0-f835691b84b4.wav,coughvid_data/d9c90aa6-53cd-4753-a9e0-f835691b84b4.wav,0.0
aeafedf5-694a-495a-bcb3-c6444d255289,coughvid_data/aeafedf5-694a-495a-bcb3-c6444d255289.wav,coughvid_data/aeafedf5-694a-495a-bcb3-c6444d255289.wav,0.0
3bade0ed-6b23-4f46-8c6c-b8ff8ce7ff2b,coughvid_data/3bade0ed-6b23-4f46-8c6c-b8ff8ce7ff2b.wav,coughvid_data/3bade0ed-6b23-4f46-8c6c-b8ff8ce7ff2b.wav,1.0
e1d3af7d-f24d-4ff9-8a6b-e35cd34e9867,coughvid_data/e1d3af7d-f24d-4ff9-8a6b-e35cd34e9867.wav,coughvid_data/e1d3af7d-f24d-4ff9-8a6b-e35cd34e9867.wav,0.0
f12bb794-7a35-4943-a1a1-3b1881d10c9d,coughvid_data/f12bb794-7a35-4943-a1a1-3b1881d10c9d.wav,coughvid_data/f12bb794-7a35-4943-a1a1-3b1881d10c9d.wav,0.0
5460afb5-729e-4e7a-a948-c4808c14194b,coughvid_data/5460afb5-729e-4e7a-a948-c4808c14194b.wav,coughvid_data/5460afb5-729e-4e7a-a948-c4808c14194b.wav,1.0
d71b589c-f4e5-493c-9c54-eb0106b5ea95,coughvid_data/d71b589c-f4e5-493c-9c54-eb0106b5ea95.wav,coughvid_data/d71b589c-f4e5-493c-9c54-eb0106b5ea95.wav,0.0
d715fef1-cbc4-4914-a101-4cd6e3c9bd92,coughvid_data/d715fef1-cbc4-4914-a101-4cd6e3c9bd92.wav,coughvid_data/d715fef1-cbc4-4914-a101-4cd6e3c9bd92.wav,0.0
9411c896-735c-4f5c-a1bc-dcb48de80824,coughvid_data/9411c896-735c-4f5c-a1bc-dcb48de80824.wav,coughvid_data/9411c896-735c-4f5c-a1bc-dcb48de80824.wav,0.0
a4c22313-1b0b-4e35-96cc-0373780c2297,coughvid_data/a4c22313-1b0b-4e35-96cc-0373780c2297.wav,coughvid_data/a4c22313-1b0b-4e35-96cc-0373780c2297.wav,0.0
cd8316ba-f940-41c1-b4a8-8b36da03039b,coughvid_data/cd8316ba-f940-41c1-b4a8-8b36da03039b.wav,coughvid_data/cd8316ba-f940-41c1-b4a8-8b36da03039b.wav,0.0
e5c5b9ea-a3ee-445d-b776-944d4faab279,coughvid_data/e5c5b9ea-a3ee-445d-b776-944d4faab279.wav,coughvid_data/e5c5b9ea-a3ee-445d-b776-944d4faab279.wav,0.0
7637922d-3cda-4d8c-96dc-5a4881d6d584,coughvid_data/7637922d-3cda-4d8c-96dc-5a4881d6d584.wav,coughvid_data/7637922d-3cda-4d8c-96dc-5a4881d6d584.wav,0.0
273ed2b1-9ca1-4a35-b90c-e7ce394f97eb,coughvid_data/273ed2b1-9ca1-4a35-b90c-e7ce394f97eb.wav,coughvid_data/273ed2b1-9ca1-4a35-b90c-e7ce394f97eb.wav,1.0
1d73ed6a-999b-4d1d-a8ff-e02dc45c1d22,coughvid_data/1d73ed6a-999b-4d1d-a8ff-e02dc45c1d22.wav,coughvid_data/1d73ed6a-999b-4d1d-a8ff-e02dc45c1d22.wav,1.0
3e847b4b-c528-480f-aa7a-058c3f48803c,coughvid_data/3e847b4b-c528-480f-aa7a-058c3f48803c.wav,coughvid_data/3e847b4b-c528-480f-aa7a-058c3f48803c.wav,0.0
72821e95-f3a6-4a61-a8d9-6bd7f0a85530,coughvid_data/72821e95-f3a6-4a61-a8d9-6bd7f0a85530.wav,coughvid_data/72821e95-f3a6-4a61-a8d9-6bd7f0a85530.wav,0.0
44e5ffbb-ebae-494d-89bd-93bf713a9224,coughvid_data/44e5ffbb-ebae-494d-89bd-93bf713a9224.wav,coughvid_data/44e5ffbb-ebae-494d-89bd-93bf713a9224.wav,1.0
529f1c7d-88f6-45a5-b868-19a00dd318ea,coughvid_data/529f1c7d-88f6-45a5-b868-19a00dd318ea.wav,coughvid_data/529f1c7d-88f6-45a5-b868-19a00dd318ea.wav,0.0
535d4cfe-6daf-4d52-ae08-18c385701e98,coughvid_data/535d4cfe-6daf-4d52-ae08-18c385701e98.wav,coughvid_data/535d4cfe-6daf-4d52-ae08-18c385701e98.wav,0.0
5ce53bf4-9573-4e6d-9716-02f9e557575e,coughvid_data/5ce53bf4-9573-4e6d-9716-02f9e557575e.wav,coughvid_data/5ce53bf4-9573-4e6d-9716-02f9e557575e.wav,0.0
8591760d-4f61-4c80-beef-da079353abf3,coughvid_data/8591760d-4f61-4c80-beef-da079353abf3.wav,coughvid_data/8591760d-4f61-4c80-beef-da079353abf3.wav,1.0
3ec292ae-e93b-4e18-a625-59f3a3510961,coughvid_data/3ec292ae-e93b-4e18-a625-59f3a3510961.wav,coughvid_data/3ec292ae-e93b-4e18-a625-59f3a3510961.wav,0.0
59efaff8-1df6-4d68-807e-63ff8a257f22,coughvid_data/59efaff8-1df6-4d68-807e-63ff8a257f22.wav,coughvid_data/59efaff8-1df6-4d68-807e-63ff8a257f22.wav,1.0
336a4a1e-317f-4609-b968-54df913e06fb,coughvid_data/336a4a1e-317f-4609-b968-54df913e06fb.wav,coughvid_data/336a4a1e-317f-4609-b968-54df913e06fb.wav,0.0
6bc43a66-1652-4152-bda9-efa4bb0dfe94,coughvid_data/6bc43a66-1652-4152-bda9-efa4bb0dfe94.wav,coughvid_data/6bc43a66-1652-4152-bda9-efa4bb0dfe94.wav,1.0
95a19686-4491-43d2-bab6-1f213427fee9,coughvid_data/95a19686-4491-43d2-bab6-1f213427fee9.wav,coughvid_data/95a19686-4491-43d2-bab6-1f213427fee9.wav,1.0
211a8ca5-3270-49bf-b830-4f47ce1857cf,coughvid_data/211a8ca5-3270-49bf-b830-4f47ce1857cf.wav,coughvid_data/211a8ca5-3270-49bf-b830-4f47ce1857cf.wav,1.0
bec9d252-71b9-46f9-863e-32d244b2b57e,coughvid_data/bec9d252-71b9-46f9-863e-32d244b2b57e.wav,coughvid_data/bec9d252-71b9-46f9-863e-32d244b2b57e.wav,1.0
fdd7d593-3364-4b4a-8b62-b8895fe55320,coughvid_data/fdd7d593-3364-4b4a-8b62-b8895fe55320.wav,coughvid_data/fdd7d593-3364-4b4a-8b62-b8895fe55320.wav,0.0
9d8f7b07-e371-48c1-97f1-6b73ad1496b3,coughvid_data/9d8f7b07-e371-48c1-97f1-6b73ad1496b3.wav,coughvid_data/9d8f7b07-e371-48c1-97f1-6b73ad1496b3.wav,0.0
858f2309-0c32-451c-b97f-70c16c1ad1c9,coughvid_data/858f2309-0c32-451c-b97f-70c16c1ad1c9.wav,coughvid_data/858f2309-0c32-451c-b97f-70c16c1ad1c9.wav,0.0
3d03712a-926c-48c1-a04c-0c1a31c142fe,coughvid_data/3d03712a-926c-48c1-a04c-0c1a31c142fe.wav,coughvid_data/3d03712a-926c-48c1-a04c-0c1a31c142fe.wav,1.0
12c7a788-c145-4ce3-a175-a1c79df7acb5,coughvid_data/12c7a788-c145-4ce3-a175-a1c79df7acb5.wav,coughvid_data/12c7a788-c145-4ce3-a175-a1c79df7acb5.wav,0.0
b997dae1-4c89-47d1-827d-39f358a2fbfa,coughvid_data/b997dae1-4c89-47d1-827d-39f358a2fbfa.wav,coughvid_data/b997dae1-4c89-47d1-827d-39f358a2fbfa.wav,0.0
bbeec452-613c-4a5f-ad12-291482eed0c4,coughvid_data/bbeec452-613c-4a5f-ad12-291482eed0c4.wav,coughvid_data/bbeec452-613c-4a5f-ad12-291482eed0c4.wav,1.0
c8a8c2a4-4b6a-45dd-920d-84f421f5a7d9,coughvid_data/c8a8c2a4-4b6a-45dd-920d-84f421f5a7d9.wav,coughvid_data/c8a8c2a4-4b6a-45dd-920d-84f421f5a7d9.wav,1.0
3bcadc37-ebf2-40f2-b7ac-07fbe7784927,coughvid_data/3bcadc37-ebf2-40f2-b7ac-07fbe7784927.wav,coughvid_data/3bcadc37-ebf2-40f2-b7ac-07fbe7784927.wav,0.0
5b3ae3ab-45e2-44b8-94ba-b8a2deed1d1b,coughvid_data/5b3ae3ab-45e2-44b8-94ba-b8a2deed1d1b.wav,coughvid_data/5b3ae3ab-45e2-44b8-94ba-b8a2deed1d1b.wav,1.0
391391ea-9cbf-4a6b-b550-038ab28f391a,coughvid_data/391391ea-9cbf-4a6b-b550-038ab28f391a.wav,coughvid_data/391391ea-9cbf-4a6b-b550-038ab28f391a.wav,1.0
fa0192ea-bad1-45a7-957d-c17e534f868e,coughvid_data/fa0192ea-bad1-45a7-957d-c17e534f868e.wav,coughvid_data/fa0192ea-bad1-45a7-957d-c17e534f868e.wav,1.0
9cb78c5b-fc08-48f4-83e9-fdeae7ca86e5,coughvid_data/9cb78c5b-fc08-48f4-83e9-fdeae7ca86e5.wav,coughvid_data/9cb78c5b-fc08-48f4-83e9-fdeae7ca86e5.wav,0.0
8f2f7778-e5f8-485a-a84e-e9779987fc23,coughvid_data/8f2f7778-e5f8-485a-a84e-e9779987fc23.wav,coughvid_data/8f2f7778-e5f8-485a-a84e-e9779987fc23.wav,0.0
b3edbf0f-5003-4a67-a68b-0e9a2eb65be4,coughvid_data/b3edbf0f-5003-4a67-a68b-0e9a2eb65be4.wav,coughvid_data/b3edbf0f-5003-4a67-a68b-0e9a2eb65be4.wav,0.0
1abdf6cf-c060-4baf-95ac-3f5f103a66b8,coughvid_data/1abdf6cf-c060-4baf-95ac-3f5f103a66b8.wav,coughvid_data/1abdf6cf-c060-4baf-95ac-3f5f103a66b8.wav,0.0
bade6e83-f5b6-4b57-901a-574827826020,coughvid_data/bade6e83-f5b6-4b57-901a-574827826020.wav,coughvid_data/bade6e83-f5b6-4b57-901a-574827826020.wav,0.0
a67ca13d-dc6a-44b1-a80c-b63de6fc3bc8,coughvid_data/a67ca13d-dc6a-44b1-a80c-b63de6fc3bc8.wav,coughvid_data/a67ca13d-dc6a-44b1-a80c-b63de6fc3bc8.wav,1.0
e3c10f4c-73c1-4e9e-88c7-5052e418c100,coughvid_data/e3c10f4c-73c1-4e9e-88c7-5052e418c100.wav,coughvid_data/e3c10f4c-73c1-4e9e-88c7-5052e418c100.wav,1.0
a19a4b61-f87c-4f5c-a8d9-5d7032c0eba9,coughvid_data/a19a4b61-f87c-4f5c-a8d9-5d7032c0eba9.wav,coughvid_data/a19a4b61-f87c-4f5c-a8d9-5d7032c0eba9.wav,1.0
09ef22ac-58b8-4f3b-b00a-94f926298dae,coughvid_data/09ef22ac-58b8-4f3b-b00a-94f926298dae.wav,coughvid_data/09ef22ac-58b8-4f3b-b00a-94f926298dae.wav,1.0
39404163-472f-4ed2-a30e-726dd721bb31,coughvid_data/39404163-472f-4ed2-a30e-726dd721bb31.wav,coughvid_data/39404163-472f-4ed2-a30e-726dd721bb31.wav,0.0
a80f3b78-4059-46a3-91c5-1f5896360938,coughvid_data/a80f3b78-4059-46a3-91c5-1f5896360938.wav,coughvid_data/a80f3b78-4059-46a3-91c5-1f5896360938.wav,1.0
ebfc7dbc-220c-48d9-ac07-61c3083464b8,coughvid_data/ebfc7dbc-220c-48d9-ac07-61c3083464b8.wav,coughvid_data/ebfc7dbc-220c-48d9-ac07-61c3083464b8.wav,1.0
47c3881d-a965-43ba-94a7-897a44495ac6,coughvid_data/47c3881d-a965-43ba-94a7-897a44495ac6.wav,coughvid_data/47c3881d-a965-43ba-94a7-897a44495ac6.wav,0.0
ce054f1e-3baa-4ecd-aa84-d9151041de25,coughvid_data/ce054f1e-3baa-4ecd-aa84-d9151041de25.wav,coughvid_data/ce054f1e-3baa-4ecd-aa84-d9151041de25.wav,1.0
c1cdf019-dbed-45a5-b5ad-d7812184c153,coughvid_data/c1cdf019-dbed-45a5-b5ad-d7812184c153.wav,coughvid_data/c1cdf019-dbed-45a5-b5ad-d7812184c153.wav,0.0
e4870882-5d88-4fb3-a403-9d4cf76e11fe,coughvid_data/e4870882-5d88-4fb3-a403-9d4cf76e11fe.wav,coughvid_data/e4870882-5d88-4fb3-a403-9d4cf76e11fe.wav,1.0
87a970a1-e17c-4ebf-9f96-a3aa3749b2de,coughvid_data/87a970a1-e17c-4ebf-9f96-a3aa3749b2de.wav,coughvid_data/87a970a1-e17c-4ebf-9f96-a3aa3749b2de.wav,0.0
ebcb16f1-4c59-4b78-8c06-ded3d498c112,coughvid_data/ebcb16f1-4c59-4b78-8c06-ded3d498c112.wav,coughvid_data/ebcb16f1-4c59-4b78-8c06-ded3d498c112.wav,0.0
b2c1d6e5-37e4-45c9-95bd-109c519ebe2f,coughvid_data/b2c1d6e5-37e4-45c9-95bd-109c519ebe2f.wav,coughvid_data/b2c1d6e5-37e4-45c9-95bd-109c519ebe2f.wav,1.0
d069fba1-17dc-4665-9afb-120395866e4e,coughvid_data/d069fba1-17dc-4665-9afb-120395866e4e.wav,coughvid_data/d069fba1-17dc-4665-9afb-120395866e4e.wav,0.0
5bbd361a-f7ab-4397-9eec-e76a4758489d,coughvid_data/5bbd361a-f7ab-4397-9eec-e76a4758489d.wav,coughvid_data/5bbd361a-f7ab-4397-9eec-e76a4758489d.wav,1.0
3feed3e9-634e-4ff2-9a6a-79a0f86ce388,coughvid_data/3feed3e9-634e-4ff2-9a6a-79a0f86ce388.wav,coughvid_data/3feed3e9-634e-4ff2-9a6a-79a0f86ce388.wav,1.0
52047339-5625-493f-903a-e0c1950353b3,coughvid_data/52047339-5625-493f-903a-e0c1950353b3.wav,coughvid_data/52047339-5625-493f-903a-e0c1950353b3.wav,1.0
e0d47b6f-305e-4de8-82c7-7593a29f52f6,coughvid_data/e0d47b6f-305e-4de8-82c7-7593a29f52f6.wav,coughvid_data/e0d47b6f-305e-4de8-82c7-7593a29f52f6.wav,0.0
1e46afae-60e6-41e0-93bb-3b35392aea78,coughvid_data/1e46afae-60e6-41e0-93bb-3b35392aea78.wav,coughvid_data/1e46afae-60e6-41e0-93bb-3b35392aea78.wav,0.0
673aa1fe-a2bd-47a2-ba0e-51b4da607f33,coughvid_data/673aa1fe-a2bd-47a2-ba0e-51b4da607f33.wav,coughvid_data/673aa1fe-a2bd-47a2-ba0e-51b4da607f33.wav,1.0
0b11a8d8-29d5-4133-bc92-edd442330fb1,coughvid_data/0b11a8d8-29d5-4133-bc92-edd442330fb1.wav,coughvid_data/0b11a8d8-29d5-4133-bc92-edd442330fb1.wav,1.0
f6f87792-9e59-4dfd-a523-417242d4aa74,coughvid_data/f6f87792-9e59-4dfd-a523-417242d4aa74.wav,coughvid_data/f6f87792-9e59-4dfd-a523-417242d4aa74.wav,1.0
df625a24-8b5f-4078-acfe-ad9d2df40aa5,coughvid_data/df625a24-8b5f-4078-acfe-ad9d2df40aa5.wav,coughvid_data/df625a24-8b5f-4078-acfe-ad9d2df40aa5.wav,0.0
f381ec8a-e9eb-4808-9dfe-2c5ab5e9ad96,coughvid_data/f381ec8a-e9eb-4808-9dfe-2c5ab5e9ad96.wav,coughvid_data/f381ec8a-e9eb-4808-9dfe-2c5ab5e9ad96.wav,0.0
fce64026-a2bd-4eac-8102-5dad1dea65cf,coughvid_data/fce64026-a2bd-4eac-8102-5dad1dea65cf.wav,coughvid_data/fce64026-a2bd-4eac-8102-5dad1dea65cf.wav,0.0
13315a8c-e6d1-405f-a7db-b7637a1dd247,coughvid_data/13315a8c-e6d1-405f-a7db-b7637a1dd247.wav,coughvid_data/13315a8c-e6d1-405f-a7db-b7637a1dd247.wav,1.0
2184c33b-12e9-48ab-b20a-6a490cc09a7e,coughvid_data/2184c33b-12e9-48ab-b20a-6a490cc09a7e.wav,coughvid_data/2184c33b-12e9-48ab-b20a-6a490cc09a7e.wav,1.0
b24dd331-10e6-48a9-bfb7-4f6c20a3446b,coughvid_data/b24dd331-10e6-48a9-bfb7-4f6c20a3446b.wav,coughvid_data/b24dd331-10e6-48a9-bfb7-4f6c20a3446b.wav,0.0
2b13e65a-fa43-490d-b831-3c9e6a745f13,coughvid_data/2b13e65a-fa43-490d-b831-3c9e6a745f13.wav,coughvid_data/2b13e65a-fa43-490d-b831-3c9e6a745f13.wav,0.0
ad4f33b3-7bc5-4fb6-b240-c7e8f55a9fc7,coughvid_data/ad4f33b3-7bc5-4fb6-b240-c7e8f55a9fc7.wav,coughvid_data/ad4f33b3-7bc5-4fb6-b240-c7e8f55a9fc7.wav,1.0
a882059f-03c2-4aa5-ac61-ca5ee05a9ace,coughvid_data/a882059f-03c2-4aa5-ac61-ca5ee05a9ace.wav,coughvid_data/a882059f-03c2-4aa5-ac61-ca5ee05a9ace.wav,0.0
220ee992-c9d0-43e6-b709-3e5884f914f2,coughvid_data/220ee992-c9d0-43e6-b709-3e5884f914f2.wav,coughvid_data/220ee992-c9d0-43e6-b709-3e5884f914f2.wav,1.0
e7708f3f-22ac-4f15-b6f1-84bdf64a094f,coughvid_data/e7708f3f-22ac-4f15-b6f1-84bdf64a094f.wav,coughvid_data/e7708f3f-22ac-4f15-b6f1-84bdf64a094f.wav,0.0
5c44094d-3296-45c0-8d75-4492fca73559,coughvid_data/5c44094d-3296-45c0-8d75-4492fca73559.wav,coughvid_data/5c44094d-3296-45c0-8d75-4492fca73559.wav,1.0
47edb277-7f3c-426d-8e14-a0385f3c1b77,coughvid_data/47edb277-7f3c-426d-8e14-a0385f3c1b77.wav,coughvid_data/47edb277-7f3c-426d-8e14-a0385f3c1b77.wav,1.0
c87acab4-a605-4d35-98dd-4f602906504b,coughvid_data/c87acab4-a605-4d35-98dd-4f602906504b.wav,coughvid_data/c87acab4-a605-4d35-98dd-4f602906504b.wav,0.0
90cb1f31-3553-4182-99ec-9f1465e3965f,coughvid_data/90cb1f31-3553-4182-99ec-9f1465e3965f.wav,coughvid_data/90cb1f31-3553-4182-99ec-9f1465e3965f.wav,1.0
e9e46a43-81d7-4f1b-891d-87d286f44d79,coughvid_data/e9e46a43-81d7-4f1b-891d-87d286f44d79.wav,coughvid_data/e9e46a43-81d7-4f1b-891d-87d286f44d79.wav,0.0
2b8c7ac8-2ccc-4be5-97ac-e909b04e5465,coughvid_data/2b8c7ac8-2ccc-4be5-97ac-e909b04e5465.wav,coughvid_data/2b8c7ac8-2ccc-4be5-97ac-e909b04e5465.wav,1.0
20d03f98-41f9-414d-a6e0-980dd3703536,coughvid_data/20d03f98-41f9-414d-a6e0-980dd3703536.wav,coughvid_data/20d03f98-41f9-414d-a6e0-980dd3703536.wav,0.0
3655ef5a-6e99-4f77-a65b-2b38ecf5a48e,coughvid_data/3655ef5a-6e99-4f77-a65b-2b38ecf5a48e.wav,coughvid_data/3655ef5a-6e99-4f77-a65b-2b38ecf5a48e.wav,0.0
fc5aeff7-22e6-47b0-a4ad-940c3fe11fe0,coughvid_data/fc5aeff7-22e6-47b0-a4ad-940c3fe11fe0.wav,coughvid_data/fc5aeff7-22e6-47b0-a4ad-940c3fe11fe0.wav,0.0
2f49ad28-d8d7-46aa-9206-ce9a21862216,coughvid_data/2f49ad28-d8d7-46aa-9206-ce9a21862216.wav,coughvid_data/2f49ad28-d8d7-46aa-9206-ce9a21862216.wav,1.0
2af1682a-5c69-465b-a9c8-b2bb3db580fe,coughvid_data/2af1682a-5c69-465b-a9c8-b2bb3db580fe.wav,coughvid_data/2af1682a-5c69-465b-a9c8-b2bb3db580fe.wav,0.0
d55807ab-91fc-436d-b754-0eba7fb7f702,coughvid_data/d55807ab-91fc-436d-b754-0eba7fb7f702.wav,coughvid_data/d55807ab-91fc-436d-b754-0eba7fb7f702.wav,1.0
b8f4124b-cb42-4e23-acd6-64f65481998e,coughvid_data/b8f4124b-cb42-4e23-acd6-64f65481998e.wav,coughvid_data/b8f4124b-cb42-4e23-acd6-64f65481998e.wav,0.0
34e9e7f5-759e-48de-b6da-610dae1692d7,coughvid_data/34e9e7f5-759e-48de-b6da-610dae1692d7.wav,coughvid_data/34e9e7f5-759e-48de-b6da-610dae1692d7.wav,0.0
16a97bf1-e0dc-4b30-af80-efe06419300a,coughvid_data/16a97bf1-e0dc-4b30-af80-efe06419300a.wav,coughvid_data/16a97bf1-e0dc-4b30-af80-efe06419300a.wav,1.0
c0266e88-8a5d-4dae-a5f0-b1e159229eb4,coughvid_data/c0266e88-8a5d-4dae-a5f0-b1e159229eb4.wav,coughvid_data/c0266e88-8a5d-4dae-a5f0-b1e159229eb4.wav,0.0
be429536-a586-4501-a403-8b6580c396df,coughvid_data/be429536-a586-4501-a403-8b6580c396df.wav,coughvid_data/be429536-a586-4501-a403-8b6580c396df.wav,0.0
3a8d612c-a8b7-4cb0-9e69-545c375462a4,coughvid_data/3a8d612c-a8b7-4cb0-9e69-545c375462a4.wav,coughvid_data/3a8d612c-a8b7-4cb0-9e69-545c375462a4.wav,0.0
8bd3f001-43be-48f5-83d0-b233597c0916,coughvid_data/8bd3f001-43be-48f5-83d0-b233597c0916.wav,coughvid_data/8bd3f001-43be-48f5-83d0-b233597c0916.wav,1.0
15831e1b-7728-4010-b7e8-bbbf14509f64,coughvid_data/15831e1b-7728-4010-b7e8-bbbf14509f64.wav,coughvid_data/15831e1b-7728-4010-b7e8-bbbf14509f64.wav,0.0
30777e90-1882-40b1-9daf-254317428582,coughvid_data/30777e90-1882-40b1-9daf-254317428582.wav,coughvid_data/30777e90-1882-40b1-9daf-254317428582.wav,1.0
0b43fe9d-c9d6-4d0d-abf9-52f6b3712325,coughvid_data/0b43fe9d-c9d6-4d0d-abf9-52f6b3712325.wav,coughvid_data/0b43fe9d-c9d6-4d0d-abf9-52f6b3712325.wav,1.0
fb5c21ff-f1c0-490c-b342-4b0018b5b3f7,coughvid_data/fb5c21ff-f1c0-490c-b342-4b0018b5b3f7.wav,coughvid_data/fb5c21ff-f1c0-490c-b342-4b0018b5b3f7.wav,1.0
20d83e25-7065-4a60-8afa-400e0d6cfcf7,coughvid_data/20d83e25-7065-4a60-8afa-400e0d6cfcf7.wav,coughvid_data/20d83e25-7065-4a60-8afa-400e0d6cfcf7.wav,0.0
fe0f5bc4-066b-4c7a-96f2-5335b1ec7ccc,coughvid_data/fe0f5bc4-066b-4c7a-96f2-5335b1ec7ccc.wav,coughvid_data/fe0f5bc4-066b-4c7a-96f2-5335b1ec7ccc.wav,0.0
38d80a0c-b550-4788-a3ae-5ecd792c64a6,coughvid_data/38d80a0c-b550-4788-a3ae-5ecd792c64a6.wav,coughvid_data/38d80a0c-b550-4788-a3ae-5ecd792c64a6.wav,1.0
80f75b6a-9f4f-4fc3-b39d-beb68b0e0e45,coughvid_data/80f75b6a-9f4f-4fc3-b39d-beb68b0e0e45.wav,coughvid_data/80f75b6a-9f4f-4fc3-b39d-beb68b0e0e45.wav,0.0
89385120-2b52-4c61-9e36-05e5b032a8ce,coughvid_data/89385120-2b52-4c61-9e36-05e5b032a8ce.wav,coughvid_data/89385120-2b52-4c61-9e36-05e5b032a8ce.wav,1.0
ec22f559-c9bc-479f-9d63-fccbf5b7cec1,coughvid_data/ec22f559-c9bc-479f-9d63-fccbf5b7cec1.wav,coughvid_data/ec22f559-c9bc-479f-9d63-fccbf5b7cec1.wav,1.0
13847a38-ecd7-44a8-b37d-1784270f6c55,coughvid_data/13847a38-ecd7-44a8-b37d-1784270f6c55.wav,coughvid_data/13847a38-ecd7-44a8-b37d-1784270f6c55.wav,1.0
e2f29d28-ca2e-474a-9c89-e8bc9d2a2e40,coughvid_data/e2f29d28-ca2e-474a-9c89-e8bc9d2a2e40.wav,coughvid_data/e2f29d28-ca2e-474a-9c89-e8bc9d2a2e40.wav,0.0
8d8531e7-2aec-449e-9b05-377d1b517fd0,coughvid_data/8d8531e7-2aec-449e-9b05-377d1b517fd0.wav,coughvid_data/8d8531e7-2aec-449e-9b05-377d1b517fd0.wav,0.0
28123a17-8684-4cdb-8a82-04bf1bf7f608,coughvid_data/28123a17-8684-4cdb-8a82-04bf1bf7f608.wav,coughvid_data/28123a17-8684-4cdb-8a82-04bf1bf7f608.wav,1.0
e007e1ce-15cb-4824-8dc3-16fa105e32a3,coughvid_data/e007e1ce-15cb-4824-8dc3-16fa105e32a3.wav,coughvid_data/e007e1ce-15cb-4824-8dc3-16fa105e32a3.wav,1.0
dc4a3767-891e-46d5-b67e-8f3c77f72407,coughvid_data/dc4a3767-891e-46d5-b67e-8f3c77f72407.wav,coughvid_data/dc4a3767-891e-46d5-b67e-8f3c77f72407.wav,0.0
17ea8d65-913f-4604-b982-630f9bc089f9,coughvid_data/17ea8d65-913f-4604-b982-630f9bc089f9.wav,coughvid_data/17ea8d65-913f-4604-b982-630f9bc089f9.wav,1.0
7d345a5b-7739-439f-aa2e-7c2b23d952cd,coughvid_data/7d345a5b-7739-439f-aa2e-7c2b23d952cd.wav,coughvid_data/7d345a5b-7739-439f-aa2e-7c2b23d952cd.wav,0.0
88c113f3-e220-48bc-a3bc-3b8a5288d76d,coughvid_data/88c113f3-e220-48bc-a3bc-3b8a5288d76d.wav,coughvid_data/88c113f3-e220-48bc-a3bc-3b8a5288d76d.wav,1.0
cc96a3e7-d493-4482-bf5e-6622d294f750,coughvid_data/cc96a3e7-d493-4482-bf5e-6622d294f750.wav,coughvid_data/cc96a3e7-d493-4482-bf5e-6622d294f750.wav,1.0
28fa1041-224a-4799-9d80-61dc64730f33,coughvid_data/28fa1041-224a-4799-9d80-61dc64730f33.wav,coughvid_data/28fa1041-224a-4799-9d80-61dc64730f33.wav,0.0
565a6667-77c4-4c0b-9e1d-3629826b3f77,coughvid_data/565a6667-77c4-4c0b-9e1d-3629826b3f77.wav,coughvid_data/565a6667-77c4-4c0b-9e1d-3629826b3f77.wav,1.0
88ca8fbd-c316-426c-8e5c-fb18dd6e39e5,coughvid_data/88ca8fbd-c316-426c-8e5c-fb18dd6e39e5.wav,coughvid_data/88ca8fbd-c316-426c-8e5c-fb18dd6e39e5.wav,0.0
7415a0c2-547b-4c6a-9cbc-6b803d721041,coughvid_data/7415a0c2-547b-4c6a-9cbc-6b803d721041.wav,coughvid_data/7415a0c2-547b-4c6a-9cbc-6b803d721041.wav,1.0
fdbea893-36fe-4773-abc2-b1ff456ec925,coughvid_data/fdbea893-36fe-4773-abc2-b1ff456ec925.wav,coughvid_data/fdbea893-36fe-4773-abc2-b1ff456ec925.wav,1.0
5796ecb0-93f7-4003-a014-64341ec25181,coughvid_data/5796ecb0-93f7-4003-a014-64341ec25181.wav,coughvid_data/5796ecb0-93f7-4003-a014-64341ec25181.wav,0.0
3278e364-afdd-4c39-9126-b8b4a4caf1c5,coughvid_data/3278e364-afdd-4c39-9126-b8b4a4caf1c5.wav,coughvid_data/3278e364-afdd-4c39-9126-b8b4a4caf1c5.wav,1.0
4efe7b78-68a8-44e8-8c64-84f5d96db817,coughvid_data/4efe7b78-68a8-44e8-8c64-84f5d96db817.wav,coughvid_data/4efe7b78-68a8-44e8-8c64-84f5d96db817.wav,1.0
c0733e2e-8c94-492a-8256-33b3c640e7ce,coughvid_data/c0733e2e-8c94-492a-8256-33b3c640e7ce.wav,coughvid_data/c0733e2e-8c94-492a-8256-33b3c640e7ce.wav,0.0
2f6588f7-0498-42a7-adea-01ff839c8a1a,coughvid_data/2f6588f7-0498-42a7-adea-01ff839c8a1a.wav,coughvid_data/2f6588f7-0498-42a7-adea-01ff839c8a1a.wav,1.0
605f30d9-db74-4889-bc98-44392e122b09,coughvid_data/605f30d9-db74-4889-bc98-44392e122b09.wav,coughvid_data/605f30d9-db74-4889-bc98-44392e122b09.wav,0.0
0b712cd5-7df0-475a-b108-f6f5b0df4994,coughvid_data/0b712cd5-7df0-475a-b108-f6f5b0df4994.wav,coughvid_data/0b712cd5-7df0-475a-b108-f6f5b0df4994.wav,0.0
ee8088bb-a086-4515-88ea-196425375202,coughvid_data/ee8088bb-a086-4515-88ea-196425375202.wav,coughvid_data/ee8088bb-a086-4515-88ea-196425375202.wav,1.0
9a903da7-a885-4300-9706-d5053387d84d,coughvid_data/9a903da7-a885-4300-9706-d5053387d84d.wav,coughvid_data/9a903da7-a885-4300-9706-d5053387d84d.wav,1.0
48964e54-3465-421a-8d09-db656421d72a,coughvid_data/48964e54-3465-421a-8d09-db656421d72a.wav,coughvid_data/48964e54-3465-421a-8d09-db656421d72a.wav,0.0
8e1f237c-967c-485b-8397-6b44a5eebe16,coughvid_data/8e1f237c-967c-485b-8397-6b44a5eebe16.wav,coughvid_data/8e1f237c-967c-485b-8397-6b44a5eebe16.wav,0.0
d4890463-faf6-4ea4-9a07-5dd01b0a4837,coughvid_data/d4890463-faf6-4ea4-9a07-5dd01b0a4837.wav,coughvid_data/d4890463-faf6-4ea4-9a07-5dd01b0a4837.wav,0.0
9c88a65a-cf28-4bee-a26d-0c350b11b90b,coughvid_data/9c88a65a-cf28-4bee-a26d-0c350b11b90b.wav,coughvid_data/9c88a65a-cf28-4bee-a26d-0c350b11b90b.wav,0.0
72863bef-2073-4e5a-b289-0954a977d25e,coughvid_data/72863bef-2073-4e5a-b289-0954a977d25e.wav,coughvid_data/72863bef-2073-4e5a-b289-0954a977d25e.wav,1.0
e089a8bc-c1ea-4e81-8c9c-1099e13d5c5a,coughvid_data/e089a8bc-c1ea-4e81-8c9c-1099e13d5c5a.wav,coughvid_data/e089a8bc-c1ea-4e81-8c9c-1099e13d5c5a.wav,1.0
3c61ff39-391b-4b3d-8489-f25c94089fea,coughvid_data/3c61ff39-391b-4b3d-8489-f25c94089fea.wav,coughvid_data/3c61ff39-391b-4b3d-8489-f25c94089fea.wav,1.0
6f83456d-5bdf-49cd-abdd-30086dc6cdf7,coughvid_data/6f83456d-5bdf-49cd-abdd-30086dc6cdf7.wav,coughvid_data/6f83456d-5bdf-49cd-abdd-30086dc6cdf7.wav,1.0
84e6fe0b-ac43-4947-b47c-0c49c89c3595,coughvid_data/84e6fe0b-ac43-4947-b47c-0c49c89c3595.wav,coughvid_data/84e6fe0b-ac43-4947-b47c-0c49c89c3595.wav,0.0
e9ecdce3-bde9-4202-acdb-adb81e421b07,coughvid_data/e9ecdce3-bde9-4202-acdb-adb81e421b07.wav,coughvid_data/e9ecdce3-bde9-4202-acdb-adb81e421b07.wav,1.0
b47ee91d-5497-4820-b1e5-8b682ba83af0,coughvid_data/b47ee91d-5497-4820-b1e5-8b682ba83af0.wav,coughvid_data/b47ee91d-5497-4820-b1e5-8b682ba83af0.wav,1.0
9dc463e5-8b7c-4cec-92fc-e03eb5f196f8,coughvid_data/9dc463e5-8b7c-4cec-92fc-e03eb5f196f8.wav,coughvid_data/9dc463e5-8b7c-4cec-92fc-e03eb5f196f8.wav,1.0
aa35d384-b0a4-4bf8-ab25-0622f4abcfc3,coughvid_data/aa35d384-b0a4-4bf8-ab25-0622f4abcfc3.wav,coughvid_data/aa35d384-b0a4-4bf8-ab25-0622f4abcfc3.wav,0.0
b81a5168-9886-40d5-9fd3-a11ce28bee1b,coughvid_data/b81a5168-9886-40d5-9fd3-a11ce28bee1b.wav,coughvid_data/b81a5168-9886-40d5-9fd3-a11ce28bee1b.wav,1.0
625e274e-feba-4139-a35f-7bedb1467cb8,coughvid_data/625e274e-feba-4139-a35f-7bedb1467cb8.wav,coughvid_data/625e274e-feba-4139-a35f-7bedb1467cb8.wav,0.0
79329e4b-7a17-4790-b86d-695ecaccedba,coughvid_data/79329e4b-7a17-4790-b86d-695ecaccedba.wav,coughvid_data/79329e4b-7a17-4790-b86d-695ecaccedba.wav,1.0
3ef8a638-8f4c-4018-8e25-dfd817979599,coughvid_data/3ef8a638-8f4c-4018-8e25-dfd817979599.wav,coughvid_data/3ef8a638-8f4c-4018-8e25-dfd817979599.wav,1.0
6bf850d6-e06f-47ec-af5e-dac2313b45c0,coughvid_data/6bf850d6-e06f-47ec-af5e-dac2313b45c0.wav,coughvid_data/6bf850d6-e06f-47ec-af5e-dac2313b45c0.wav,0.0
c07264af-0bcb-41b6-9322-cdd1fb2d654f,coughvid_data/c07264af-0bcb-41b6-9322-cdd1fb2d654f.wav,coughvid_data/c07264af-0bcb-41b6-9322-cdd1fb2d654f.wav,1.0
fe7e5735-f882-4df0-9015-d5433207f98f,coughvid_data/fe7e5735-f882-4df0-9015-d5433207f98f.wav,coughvid_data/fe7e5735-f882-4df0-9015-d5433207f98f.wav,1.0
bf990e0e-bbf6-4233-8578-e77aea74a3b1,coughvid_data/bf990e0e-bbf6-4233-8578-e77aea74a3b1.wav,coughvid_data/bf990e0e-bbf6-4233-8578-e77aea74a3b1.wav,1.0
fd59bf10-ea8f-4401-a6d9-a9cce4e8303f,coughvid_data/fd59bf10-ea8f-4401-a6d9-a9cce4e8303f.wav,coughvid_data/fd59bf10-ea8f-4401-a6d9-a9cce4e8303f.wav,1.0
f1df26d8-4dff-4984-966d-84b5cf1fe00b,coughvid_data/f1df26d8-4dff-4984-966d-84b5cf1fe00b.wav,coughvid_data/f1df26d8-4dff-4984-966d-84b5cf1fe00b.wav,1.0
176f9d90-2f05-4179-b06d-1b45e992ae31,coughvid_data/176f9d90-2f05-4179-b06d-1b45e992ae31.wav,coughvid_data/176f9d90-2f05-4179-b06d-1b45e992ae31.wav,0.0
8f2f577c-c575-48f3-abd3-cb0f37b18422,coughvid_data/8f2f577c-c575-48f3-abd3-cb0f37b18422.wav,coughvid_data/8f2f577c-c575-48f3-abd3-cb0f37b18422.wav,0.0
6308bd06-1617-4524-8fc3-b388c2d52499,coughvid_data/6308bd06-1617-4524-8fc3-b388c2d52499.wav,coughvid_data/6308bd06-1617-4524-8fc3-b388c2d52499.wav,1.0
974ac084-efa7-4b1f-a55a-d3bddcb87a81,coughvid_data/974ac084-efa7-4b1f-a55a-d3bddcb87a81.wav,coughvid_data/974ac084-efa7-4b1f-a55a-d3bddcb87a81.wav,0.0
7a855240-0954-4585-a205-d0f2d732b418,coughvid_data/7a855240-0954-4585-a205-d0f2d732b418.wav,coughvid_data/7a855240-0954-4585-a205-d0f2d732b418.wav,0.0
5e064274-9b13-4c68-a358-b18f7f3e1534,coughvid_data/5e064274-9b13-4c68-a358-b18f7f3e1534.wav,coughvid_data/5e064274-9b13-4c68-a358-b18f7f3e1534.wav,0.0
4934dd77-80e0-42b9-bfc4-995b03b76450,coughvid_data/4934dd77-80e0-42b9-bfc4-995b03b76450.wav,coughvid_data/4934dd77-80e0-42b9-bfc4-995b03b76450.wav,1.0
700ed18e-587e-46e0-abec-8a7c4964b4f4,coughvid_data/700ed18e-587e-46e0-abec-8a7c4964b4f4.wav,coughvid_data/700ed18e-587e-46e0-abec-8a7c4964b4f4.wav,0.0
2ba179dc-cb5e-4ea1-8c86-0a55caf82dd4,coughvid_data/2ba179dc-cb5e-4ea1-8c86-0a55caf82dd4.wav,coughvid_data/2ba179dc-cb5e-4ea1-8c86-0a55caf82dd4.wav,1.0
fdb1bd5f-f86b-458f-a5c9-ab1c4232521b,coughvid_data/fdb1bd5f-f86b-458f-a5c9-ab1c4232521b.wav,coughvid_data/fdb1bd5f-f86b-458f-a5c9-ab1c4232521b.wav,0.0
140a28f5-d427-4563-848d-73e522762ad2,coughvid_data/140a28f5-d427-4563-848d-73e522762ad2.wav,coughvid_data/140a28f5-d427-4563-848d-73e522762ad2.wav,1.0
30a70db8-01c9-4de3-92dc-c61e988b4a9d,coughvid_data/30a70db8-01c9-4de3-92dc-c61e988b4a9d.wav,coughvid_data/30a70db8-01c9-4de3-92dc-c61e988b4a9d.wav,1.0
ab7bb9c4-9a64-4b5f-b3d5-d4e110d1318a,coughvid_data/ab7bb9c4-9a64-4b5f-b3d5-d4e110d1318a.wav,coughvid_data/ab7bb9c4-9a64-4b5f-b3d5-d4e110d1318a.wav,0.0
d531dc4c-f8df-4c2d-83f1-8c69ba0f5858,coughvid_data/d531dc4c-f8df-4c2d-83f1-8c69ba0f5858.wav,coughvid_data/d531dc4c-f8df-4c2d-83f1-8c69ba0f5858.wav,1.0
5557f2d3-acf7-4974-a78f-a7ae2b2c43e1,coughvid_data/5557f2d3-acf7-4974-a78f-a7ae2b2c43e1.wav,coughvid_data/5557f2d3-acf7-4974-a78f-a7ae2b2c43e1.wav,1.0
e306dd9f-3412-4a21-8bd3-e516e3bf9167,coughvid_data/e306dd9f-3412-4a21-8bd3-e516e3bf9167.wav,coughvid_data/e306dd9f-3412-4a21-8bd3-e516e3bf9167.wav,1.0
356cafc9-898d-46cc-ba26-6ccd0a78c1ad,coughvid_data/356cafc9-898d-46cc-ba26-6ccd0a78c1ad.wav,coughvid_data/356cafc9-898d-46cc-ba26-6ccd0a78c1ad.wav,1.0
6164730d-e55d-426f-a251-0f97c50ca0a9,coughvid_data/6164730d-e55d-426f-a251-0f97c50ca0a9.wav,coughvid_data/6164730d-e55d-426f-a251-0f97c50ca0a9.wav,1.0
4081eab1-71e1-4405-9712-c6169ba0bfe5,coughvid_data/4081eab1-71e1-4405-9712-c6169ba0bfe5.wav,coughvid_data/4081eab1-71e1-4405-9712-c6169ba0bfe5.wav,1.0
f76de2eb-f92d-43c8-861d-2bde8180fbe4,coughvid_data/f76de2eb-f92d-43c8-861d-2bde8180fbe4.wav,coughvid_data/f76de2eb-f92d-43c8-861d-2bde8180fbe4.wav,0.0
e0e4b206-6395-4c4e-a8f9-f346fd3a653e,coughvid_data/e0e4b206-6395-4c4e-a8f9-f346fd3a653e.wav,coughvid_data/e0e4b206-6395-4c4e-a8f9-f346fd3a653e.wav,1.0
fc95a55d-4784-49ef-9c31-852f77e72190,coughvid_data/fc95a55d-4784-49ef-9c31-852f77e72190.wav,coughvid_data/fc95a55d-4784-49ef-9c31-852f77e72190.wav,1.0
47637405-d7a8-4a62-bc12-81e57d92fa54,coughvid_data/47637405-d7a8-4a62-bc12-81e57d92fa54.wav,coughvid_data/47637405-d7a8-4a62-bc12-81e57d92fa54.wav,0.0
f899f06a-f050-4878-8907-a5cb7ebb6d3f,coughvid_data/f899f06a-f050-4878-8907-a5cb7ebb6d3f.wav,coughvid_data/f899f06a-f050-4878-8907-a5cb7ebb6d3f.wav,0.0
ab27fdf8-5891-49e1-8881-286562165216,coughvid_data/ab27fdf8-5891-49e1-8881-286562165216.wav,coughvid_data/ab27fdf8-5891-49e1-8881-286562165216.wav,0.0
53cfbe35-aab0-446f-91ae-c7bfd89e5e46,coughvid_data/53cfbe35-aab0-446f-91ae-c7bfd89e5e46.wav,coughvid_data/53cfbe35-aab0-446f-91ae-c7bfd89e5e46.wav,0.0
6cd708ed-1797-44d1-9739-cb756a4e8825,coughvid_data/6cd708ed-1797-44d1-9739-cb756a4e8825.wav,coughvid_data/6cd708ed-1797-44d1-9739-cb756a4e8825.wav,1.0
0df8ea3b-4eef-4a74-a0cd-389e6fe5dfa1,coughvid_data/0df8ea3b-4eef-4a74-a0cd-389e6fe5dfa1.wav,coughvid_data/0df8ea3b-4eef-4a74-a0cd-389e6fe5dfa1.wav,1.0
83722bb3-bfb2-42eb-ad56-06a9ed31c690,coughvid_data/83722bb3-bfb2-42eb-ad56-06a9ed31c690.wav,coughvid_data/83722bb3-bfb2-42eb-ad56-06a9ed31c690.wav,0.0
a585b3e3-6ec2-4cbe-8e51-f6f585e9d39b,coughvid_data/a585b3e3-6ec2-4cbe-8e51-f6f585e9d39b.wav,coughvid_data/a585b3e3-6ec2-4cbe-8e51-f6f585e9d39b.wav,0.0
bd64a8e8-ad6e-4062-8e99-99ef5caab05b,coughvid_data/bd64a8e8-ad6e-4062-8e99-99ef5caab05b.wav,coughvid_data/bd64a8e8-ad6e-4062-8e99-99ef5caab05b.wav,1.0
d773a3b1-f479-4a69-8dc0-41fb8bdbc77f,coughvid_data/d773a3b1-f479-4a69-8dc0-41fb8bdbc77f.wav,coughvid_data/d773a3b1-f479-4a69-8dc0-41fb8bdbc77f.wav,1.0
478bbc9b-a838-48aa-95b9-17f90d79c30b,coughvid_data/478bbc9b-a838-48aa-95b9-17f90d79c30b.wav,coughvid_data/478bbc9b-a838-48aa-95b9-17f90d79c30b.wav,1.0
73f27939-75dd-44b7-a4cf-e0b2c9e8963d,coughvid_data/73f27939-75dd-44b7-a4cf-e0b2c9e8963d.wav,coughvid_data/73f27939-75dd-44b7-a4cf-e0b2c9e8963d.wav,1.0
dacc51e7-099f-48b3-9462-d9ef5c8c9d3d,coughvid_data/dacc51e7-099f-48b3-9462-d9ef5c8c9d3d.wav,coughvid_data/dacc51e7-099f-48b3-9462-d9ef5c8c9d3d.wav,1.0
c6a880c6-7c90-414c-b4c0-5cee35a425f5,coughvid_data/c6a880c6-7c90-414c-b4c0-5cee35a425f5.wav,coughvid_data/c6a880c6-7c90-414c-b4c0-5cee35a425f5.wav,0.0
369f7c6f-5dcd-4cb4-9713-638135f44f07,coughvid_data/369f7c6f-5dcd-4cb4-9713-638135f44f07.wav,coughvid_data/369f7c6f-5dcd-4cb4-9713-638135f44f07.wav,1.0
f9c950cd-6d37-4598-bf31-bd47cdf1a720,coughvid_data/f9c950cd-6d37-4598-bf31-bd47cdf1a720.wav,coughvid_data/f9c950cd-6d37-4598-bf31-bd47cdf1a720.wav,1.0
5c4d833f-64ac-4ec0-82d9-3327020c870f,coughvid_data/5c4d833f-64ac-4ec0-82d9-3327020c870f.wav,coughvid_data/5c4d833f-64ac-4ec0-82d9-3327020c870f.wav,1.0
2a273566-b7df-4771-8190-3fed01636bec,coughvid_data/2a273566-b7df-4771-8190-3fed01636bec.wav,coughvid_data/2a273566-b7df-4771-8190-3fed01636bec.wav,1.0
ef9ba040-f1a2-4f6e-bcbb-0f3487c5cbf7,coughvid_data/ef9ba040-f1a2-4f6e-bcbb-0f3487c5cbf7.wav,coughvid_data/ef9ba040-f1a2-4f6e-bcbb-0f3487c5cbf7.wav,1.0
159016a2-931c-4ed4-a8aa-101566e0c0d9,coughvid_data/159016a2-931c-4ed4-a8aa-101566e0c0d9.wav,coughvid_data/159016a2-931c-4ed4-a8aa-101566e0c0d9.wav,0.0
09aaa59d-0263-4475-ab15-3bf00a32c0ef,coughvid_data/09aaa59d-0263-4475-ab15-3bf00a32c0ef.wav,coughvid_data/09aaa59d-0263-4475-ab15-3bf00a32c0ef.wav,1.0
dda9bbd8-ba0b-47be-8e1a-754b3013d2f3,coughvid_data/dda9bbd8-ba0b-47be-8e1a-754b3013d2f3.wav,coughvid_data/dda9bbd8-ba0b-47be-8e1a-754b3013d2f3.wav,1.0
7421e710-822b-4308-87b4-a8a172c452df,coughvid_data/7421e710-822b-4308-87b4-a8a172c452df.wav,coughvid_data/7421e710-822b-4308-87b4-a8a172c452df.wav,1.0
bc1e4f5f-97c1-4289-8dfa-cdd7364cfa4f,coughvid_data/bc1e4f5f-97c1-4289-8dfa-cdd7364cfa4f.wav,coughvid_data/bc1e4f5f-97c1-4289-8dfa-cdd7364cfa4f.wav,0.0
b30535b5-b08e-4698-b4e4-a10f9886756a,coughvid_data/b30535b5-b08e-4698-b4e4-a10f9886756a.wav,coughvid_data/b30535b5-b08e-4698-b4e4-a10f9886756a.wav,1.0
e018b4c0-53fa-477e-a974-6b33c71149a2,coughvid_data/e018b4c0-53fa-477e-a974-6b33c71149a2.wav,coughvid_data/e018b4c0-53fa-477e-a974-6b33c71149a2.wav,1.0
593a4545-2ac2-4a5f-8dd5-2fbdc076dbf8,coughvid_data/593a4545-2ac2-4a5f-8dd5-2fbdc076dbf8.wav,coughvid_data/593a4545-2ac2-4a5f-8dd5-2fbdc076dbf8.wav,0.0
c8203c30-f4ce-457e-afe5-817af10316ae,coughvid_data/c8203c30-f4ce-457e-afe5-817af10316ae.wav,coughvid_data/c8203c30-f4ce-457e-afe5-817af10316ae.wav,0.0
2d50673d-e942-4c05-a8c9-054a8e53198b,coughvid_data/2d50673d-e942-4c05-a8c9-054a8e53198b.wav,coughvid_data/2d50673d-e942-4c05-a8c9-054a8e53198b.wav,0.0
549a6b2f-6ac9-4a4c-abba-97e29751a874,coughvid_data/549a6b2f-6ac9-4a4c-abba-97e29751a874.wav,coughvid_data/549a6b2f-6ac9-4a4c-abba-97e29751a874.wav,1.0
88cc79ec-372d-4016-aa47-304855eec7a9,coughvid_data/88cc79ec-372d-4016-aa47-304855eec7a9.wav,coughvid_data/88cc79ec-372d-4016-aa47-304855eec7a9.wav,1.0
95e5cf13-7aae-4e42-afb8-d11f984f67a4,coughvid_data/95e5cf13-7aae-4e42-afb8-d11f984f67a4.wav,coughvid_data/95e5cf13-7aae-4e42-afb8-d11f984f67a4.wav,0.0
f2e44f09-1dd5-4651-8185-f96ccf6f9c60,coughvid_data/f2e44f09-1dd5-4651-8185-f96ccf6f9c60.wav,coughvid_data/f2e44f09-1dd5-4651-8185-f96ccf6f9c60.wav,0.0
90337be7-2150-4480-ac82-395fcab102cb,coughvid_data/90337be7-2150-4480-ac82-395fcab102cb.wav,coughvid_data/90337be7-2150-4480-ac82-395fcab102cb.wav,0.0
7ccb8a57-2089-49f6-b6f9-be0ffe6977e9,coughvid_data/7ccb8a57-2089-49f6-b6f9-be0ffe6977e9.wav,coughvid_data/7ccb8a57-2089-49f6-b6f9-be0ffe6977e9.wav,1.0
af9d23a6-9f72-450a-be52-a33e14cfd2a9,coughvid_data/af9d23a6-9f72-450a-be52-a33e14cfd2a9.wav,coughvid_data/af9d23a6-9f72-450a-be52-a33e14cfd2a9.wav,1.0
8dbd3d94-1abe-4fd4-a957-906cc2d3ac63,coughvid_data/8dbd3d94-1abe-4fd4-a957-906cc2d3ac63.wav,coughvid_data/8dbd3d94-1abe-4fd4-a957-906cc2d3ac63.wav,0.0
9964f608-98be-4c38-a1fd-bb8cba1829db,coughvid_data/9964f608-98be-4c38-a1fd-bb8cba1829db.wav,coughvid_data/9964f608-98be-4c38-a1fd-bb8cba1829db.wav,0.0
eda06401-ab7a-4d4e-aa56-1d91dae84f27,coughvid_data/eda06401-ab7a-4d4e-aa56-1d91dae84f27.wav,coughvid_data/eda06401-ab7a-4d4e-aa56-1d91dae84f27.wav,0.0
59fd5d27-ce8c-4875-a351-a1c1a0b340d5,coughvid_data/59fd5d27-ce8c-4875-a351-a1c1a0b340d5.wav,coughvid_data/59fd5d27-ce8c-4875-a351-a1c1a0b340d5.wav,0.0
062fa5d6-9a7c-4679-86f1-ebb1998352f9,coughvid_data/062fa5d6-9a7c-4679-86f1-ebb1998352f9.wav,coughvid_data/062fa5d6-9a7c-4679-86f1-ebb1998352f9.wav,0.0
ca154ee5-f14e-4671-b366-0d3dcc860009,coughvid_data/ca154ee5-f14e-4671-b366-0d3dcc860009.wav,coughvid_data/ca154ee5-f14e-4671-b366-0d3dcc860009.wav,0.0
67188a48-c8ee-4ed2-9686-5b994de4b8bf,coughvid_data/67188a48-c8ee-4ed2-9686-5b994de4b8bf.wav,coughvid_data/67188a48-c8ee-4ed2-9686-5b994de4b8bf.wav,1.0
09af186a-ae6a-45d3-a1be-bf0c97feeab4,coughvid_data/09af186a-ae6a-45d3-a1be-bf0c97feeab4.wav,coughvid_data/09af186a-ae6a-45d3-a1be-bf0c97feeab4.wav,0.0
a2fb7889-eef9-4e9c-a1e4-7dd8875247f2,coughvid_data/a2fb7889-eef9-4e9c-a1e4-7dd8875247f2.wav,coughvid_data/a2fb7889-eef9-4e9c-a1e4-7dd8875247f2.wav,0.0
74fcd44d-4a11-464c-9c51-5b037d30e5b7,coughvid_data/74fcd44d-4a11-464c-9c51-5b037d30e5b7.wav,coughvid_data/74fcd44d-4a11-464c-9c51-5b037d30e5b7.wav,0.0
8d8d1546-7156-4b74-8f46-4f4760ae096d,coughvid_data/8d8d1546-7156-4b74-8f46-4f4760ae096d.wav,coughvid_data/8d8d1546-7156-4b74-8f46-4f4760ae096d.wav,1.0
9d80a7bc-df9e-4aec-a96d-acdcba302843,coughvid_data/9d80a7bc-df9e-4aec-a96d-acdcba302843.wav,coughvid_data/9d80a7bc-df9e-4aec-a96d-acdcba302843.wav,1.0
8a16457c-a047-4427-89c8-f08fbbc178fe,coughvid_data/8a16457c-a047-4427-89c8-f08fbbc178fe.wav,coughvid_data/8a16457c-a047-4427-89c8-f08fbbc178fe.wav,1.0
e446352d-1c68-4388-801c-b81e179403c0,coughvid_data/e446352d-1c68-4388-801c-b81e179403c0.wav,coughvid_data/e446352d-1c68-4388-801c-b81e179403c0.wav,1.0
012e7e33-e961-471b-9b5e-2ca1bf59a1a5,coughvid_data/012e7e33-e961-471b-9b5e-2ca1bf59a1a5.wav,coughvid_data/012e7e33-e961-471b-9b5e-2ca1bf59a1a5.wav,0.0
80b745b4-4170-4291-baa7-4727b56b8503,coughvid_data/80b745b4-4170-4291-baa7-4727b56b8503.wav,coughvid_data/80b745b4-4170-4291-baa7-4727b56b8503.wav,0.0
7023c40f-d331-412c-9d7b-a6eea353ffb3,coughvid_data/7023c40f-d331-412c-9d7b-a6eea353ffb3.wav,coughvid_data/7023c40f-d331-412c-9d7b-a6eea353ffb3.wav,1.0
22953e1d-f73b-4ae4-8048-b5ef6a39020e,coughvid_data/22953e1d-f73b-4ae4-8048-b5ef6a39020e.wav,coughvid_data/22953e1d-f73b-4ae4-8048-b5ef6a39020e.wav,0.0
9ad8cc85-70d2-424c-ac25-a1140ed1ccaa,coughvid_data/9ad8cc85-70d2-424c-ac25-a1140ed1ccaa.wav,coughvid_data/9ad8cc85-70d2-424c-ac25-a1140ed1ccaa.wav,0.0
d4fa07e6-4881-49f1-a1a8-e9279cec446f,coughvid_data/d4fa07e6-4881-49f1-a1a8-e9279cec446f.wav,coughvid_data/d4fa07e6-4881-49f1-a1a8-e9279cec446f.wav,0.0
11c0a722-2242-4b57-b8db-287b2aef3ee7,coughvid_data/11c0a722-2242-4b57-b8db-287b2aef3ee7.wav,coughvid_data/11c0a722-2242-4b57-b8db-287b2aef3ee7.wav,1.0
ba519ee6-a9e4-4589-85bb-8d808ffd5d3c,coughvid_data/ba519ee6-a9e4-4589-85bb-8d808ffd5d3c.wav,coughvid_data/ba519ee6-a9e4-4589-85bb-8d808ffd5d3c.wav,0.0
53cf05c7-d834-4ab4-8bb0-d9bccc87619c,coughvid_data/53cf05c7-d834-4ab4-8bb0-d9bccc87619c.wav,coughvid_data/53cf05c7-d834-4ab4-8bb0-d9bccc87619c.wav,0.0
e088f3ff-e07a-40bb-a384-7a894ed163d6,coughvid_data/e088f3ff-e07a-40bb-a384-7a894ed163d6.wav,coughvid_data/e088f3ff-e07a-40bb-a384-7a894ed163d6.wav,0.0
3bf9e347-e4a3-4dff-a9fe-1b893647da0a,coughvid_data/3bf9e347-e4a3-4dff-a9fe-1b893647da0a.wav,coughvid_data/3bf9e347-e4a3-4dff-a9fe-1b893647da0a.wav,1.0
8e263626-40e2-4932-905a-71a424d6a71e,coughvid_data/8e263626-40e2-4932-905a-71a424d6a71e.wav,coughvid_data/8e263626-40e2-4932-905a-71a424d6a71e.wav,0.0
08b42c4a-cb53-4e97-b49e-21727aefaabd,coughvid_data/08b42c4a-cb53-4e97-b49e-21727aefaabd.wav,coughvid_data/08b42c4a-cb53-4e97-b49e-21727aefaabd.wav,0.0
6d0de94b-7f62-43e5-94e9-2d924394c9fc,coughvid_data/6d0de94b-7f62-43e5-94e9-2d924394c9fc.wav,coughvid_data/6d0de94b-7f62-43e5-94e9-2d924394c9fc.wav,1.0
d9f3707e-536a-4eb8-ba04-7f0fa5108389,coughvid_data/d9f3707e-536a-4eb8-ba04-7f0fa5108389.wav,coughvid_data/d9f3707e-536a-4eb8-ba04-7f0fa5108389.wav,1.0
72178bae-e26f-4721-a907-cc17069013cd,coughvid_data/72178bae-e26f-4721-a907-cc17069013cd.wav,coughvid_data/72178bae-e26f-4721-a907-cc17069013cd.wav,0.0
caf4e7ea-513a-4f81-941a-56e28c49fb6d,coughvid_data/caf4e7ea-513a-4f81-941a-56e28c49fb6d.wav,coughvid_data/caf4e7ea-513a-4f81-941a-56e28c49fb6d.wav,1.0
1d2ce304-4594-474a-9709-dedacaff4c8e,coughvid_data/1d2ce304-4594-474a-9709-dedacaff4c8e.wav,coughvid_data/1d2ce304-4594-474a-9709-dedacaff4c8e.wav,0.0
ca9616f6-654b-480e-872d-08724ab2ffd0,coughvid_data/ca9616f6-654b-480e-872d-08724ab2ffd0.wav,coughvid_data/ca9616f6-654b-480e-872d-08724ab2ffd0.wav,0.0
4912b417-3ac2-4807-b35c-3dc285424068,coughvid_data/4912b417-3ac2-4807-b35c-3dc285424068.wav,coughvid_data/4912b417-3ac2-4807-b35c-3dc285424068.wav,0.0
8e57b000-404c-4d26-b44b-89f06873f0d6,coughvid_data/8e57b000-404c-4d26-b44b-89f06873f0d6.wav,coughvid_data/8e57b000-404c-4d26-b44b-89f06873f0d6.wav,1.0
4946b452-47b1-46d2-b787-07c859bfaa91,coughvid_data/4946b452-47b1-46d2-b787-07c859bfaa91.wav,coughvid_data/4946b452-47b1-46d2-b787-07c859bfaa91.wav,1.0
2dc9ffdf-3dda-4e42-90c1-edc537dff27f,coughvid_data/2dc9ffdf-3dda-4e42-90c1-edc537dff27f.wav,coughvid_data/2dc9ffdf-3dda-4e42-90c1-edc537dff27f.wav,0.0
a701ff1f-2f22-4f12-8337-260477ef8bf6,coughvid_data/a701ff1f-2f22-4f12-8337-260477ef8bf6.wav,coughvid_data/a701ff1f-2f22-4f12-8337-260477ef8bf6.wav,0.0
936318d3-4c0f-4fad-9aa6-ffad11019dd5,coughvid_data/936318d3-4c0f-4fad-9aa6-ffad11019dd5.wav,coughvid_data/936318d3-4c0f-4fad-9aa6-ffad11019dd5.wav,1.0
145ecdb4-01d0-4750-a719-61b3c40e9132,coughvid_data/145ecdb4-01d0-4750-a719-61b3c40e9132.wav,coughvid_data/145ecdb4-01d0-4750-a719-61b3c40e9132.wav,0.0
ed0e3f7c-dd97-44ba-9e38-d7b1cf724546,coughvid_data/ed0e3f7c-dd97-44ba-9e38-d7b1cf724546.wav,coughvid_data/ed0e3f7c-dd97-44ba-9e38-d7b1cf724546.wav,1.0
35e4725d-fc45-4f45-8082-28fbd60a377d,coughvid_data/35e4725d-fc45-4f45-8082-28fbd60a377d.wav,coughvid_data/35e4725d-fc45-4f45-8082-28fbd60a377d.wav,1.0
d17521ce-1b0c-4472-8317-12a4bf6e2567,coughvid_data/d17521ce-1b0c-4472-8317-12a4bf6e2567.wav,coughvid_data/d17521ce-1b0c-4472-8317-12a4bf6e2567.wav,0.0
fb0ca6e4-431b-449c-a968-f6b80f57ed56,coughvid_data/fb0ca6e4-431b-449c-a968-f6b80f57ed56.wav,coughvid_data/fb0ca6e4-431b-449c-a968-f6b80f57ed56.wav,0.0
88e2495c-bdc4-4c4f-8e60-bdcac4d7804e,coughvid_data/88e2495c-bdc4-4c4f-8e60-bdcac4d7804e.wav,coughvid_data/88e2495c-bdc4-4c4f-8e60-bdcac4d7804e.wav,0.0
28648464-a8cd-4d33-b861-9c592154a844,coughvid_data/28648464-a8cd-4d33-b861-9c592154a844.wav,coughvid_data/28648464-a8cd-4d33-b861-9c592154a844.wav,1.0
b6e01dc6-68cd-45cb-9a37-4abb792e3af4,coughvid_data/b6e01dc6-68cd-45cb-9a37-4abb792e3af4.wav,coughvid_data/b6e01dc6-68cd-45cb-9a37-4abb792e3af4.wav,1.0
123e6c0d-3d35-4978-b1b9-24b849888f7c,coughvid_data/123e6c0d-3d35-4978-b1b9-24b849888f7c.wav,coughvid_data/123e6c0d-3d35-4978-b1b9-24b849888f7c.wav,0.0
bad91907-7528-4436-8b55-d08ede15e2f8,coughvid_data/bad91907-7528-4436-8b55-d08ede15e2f8.wav,coughvid_data/bad91907-7528-4436-8b55-d08ede15e2f8.wav,0.0
4cb6921c-f396-4bf3-92c4-9f422f16b300,coughvid_data/4cb6921c-f396-4bf3-92c4-9f422f16b300.wav,coughvid_data/4cb6921c-f396-4bf3-92c4-9f422f16b300.wav,0.0
a21a6466-1030-4b7c-89a8-4e05c5a45eb9,coughvid_data/a21a6466-1030-4b7c-89a8-4e05c5a45eb9.wav,coughvid_data/a21a6466-1030-4b7c-89a8-4e05c5a45eb9.wav,1.0
9a9febd8-8b2e-4acd-87a6-23b6e73e9745,coughvid_data/9a9febd8-8b2e-4acd-87a6-23b6e73e9745.wav,coughvid_data/9a9febd8-8b2e-4acd-87a6-23b6e73e9745.wav,0.0
1a60336f-287a-4634-9687-ee985adab057,coughvid_data/1a60336f-287a-4634-9687-ee985adab057.wav,coughvid_data/1a60336f-287a-4634-9687-ee985adab057.wav,1.0
8963c057-d27a-48d6-b9af-d70ba41dbea5,coughvid_data/8963c057-d27a-48d6-b9af-d70ba41dbea5.wav,coughvid_data/8963c057-d27a-48d6-b9af-d70ba41dbea5.wav,0.0
aa8c2b50-e258-412f-adea-b510d4113cc6,coughvid_data/aa8c2b50-e258-412f-adea-b510d4113cc6.wav,coughvid_data/aa8c2b50-e258-412f-adea-b510d4113cc6.wav,0.0
ef4824e2-03c5-4c72-bc4a-0f45b71eb155,coughvid_data/ef4824e2-03c5-4c72-bc4a-0f45b71eb155.wav,coughvid_data/ef4824e2-03c5-4c72-bc4a-0f45b71eb155.wav,1.0
29e19ddc-7095-445e-bd25-9524745f49b7,coughvid_data/29e19ddc-7095-445e-bd25-9524745f49b7.wav,coughvid_data/29e19ddc-7095-445e-bd25-9524745f49b7.wav,0.0
9042448a-6562-4536-b854-f4e0291d4f14,coughvid_data/9042448a-6562-4536-b854-f4e0291d4f14.wav,coughvid_data/9042448a-6562-4536-b854-f4e0291d4f14.wav,1.0
df614150-4e3d-495b-af02-663cefa4d3e6,coughvid_data/df614150-4e3d-495b-af02-663cefa4d3e6.wav,coughvid_data/df614150-4e3d-495b-af02-663cefa4d3e6.wav,1.0
4488bcb2-3cf1-43bc-a690-589fc33eeb70,coughvid_data/4488bcb2-3cf1-43bc-a690-589fc33eeb70.wav,coughvid_data/4488bcb2-3cf1-43bc-a690-589fc33eeb70.wav,1.0
f52abf8f-41f2-484a-aa53-53c0b98cef16,coughvid_data/f52abf8f-41f2-484a-aa53-53c0b98cef16.wav,coughvid_data/f52abf8f-41f2-484a-aa53-53c0b98cef16.wav,1.0
4daaec62-3a59-4290-99fc-0c6d363dc1cc,coughvid_data/4daaec62-3a59-4290-99fc-0c6d363dc1cc.wav,coughvid_data/4daaec62-3a59-4290-99fc-0c6d363dc1cc.wav,1.0
2c88a248-13a5-4c5f-b115-5e8857156e30,coughvid_data/2c88a248-13a5-4c5f-b115-5e8857156e30.wav,coughvid_data/2c88a248-13a5-4c5f-b115-5e8857156e30.wav,1.0
9f1bf09d-9004-4992-925e-1ab686a29c86,coughvid_data/9f1bf09d-9004-4992-925e-1ab686a29c86.wav,coughvid_data/9f1bf09d-9004-4992-925e-1ab686a29c86.wav,0.0
5abe08ce-78bc-4cbe-a59a-7c48aa151f99,coughvid_data/5abe08ce-78bc-4cbe-a59a-7c48aa151f99.wav,coughvid_data/5abe08ce-78bc-4cbe-a59a-7c48aa151f99.wav,1.0
4c559012-1de3-452b-b981-660cfc030961,coughvid_data/4c559012-1de3-452b-b981-660cfc030961.wav,coughvid_data/4c559012-1de3-452b-b981-660cfc030961.wav,0.0
b7704823-8dc2-4c47-9520-3a4198fe798a,coughvid_data/b7704823-8dc2-4c47-9520-3a4198fe798a.wav,coughvid_data/b7704823-8dc2-4c47-9520-3a4198fe798a.wav,0.0
6143ff46-84f9-44e4-a865-40861d6630a4,coughvid_data/6143ff46-84f9-44e4-a865-40861d6630a4.wav,coughvid_data/6143ff46-84f9-44e4-a865-40861d6630a4.wav,1.0
0272a923-9d72-4566-abfa-9cfb23be2b4a,coughvid_data/0272a923-9d72-4566-abfa-9cfb23be2b4a.wav,coughvid_data/0272a923-9d72-4566-abfa-9cfb23be2b4a.wav,1.0
1cdc0a4b-9521-4b2d-a8b7-ee708232f594,coughvid_data/1cdc0a4b-9521-4b2d-a8b7-ee708232f594.wav,coughvid_data/1cdc0a4b-9521-4b2d-a8b7-ee708232f594.wav,0.0
bdd02639-cab4-4933-8ab8-48ac6c4e5477,coughvid_data/bdd02639-cab4-4933-8ab8-48ac6c4e5477.wav,coughvid_data/bdd02639-cab4-4933-8ab8-48ac6c4e5477.wav,0.0
257c54fd-45a5-430c-8c8a-63c7d8d5d74a,coughvid_data/257c54fd-45a5-430c-8c8a-63c7d8d5d74a.wav,coughvid_data/257c54fd-45a5-430c-8c8a-63c7d8d5d74a.wav,0.0
7d4263a0-687a-4a88-a377-9c1dfd548377,coughvid_data/7d4263a0-687a-4a88-a377-9c1dfd548377.wav,coughvid_data/7d4263a0-687a-4a88-a377-9c1dfd548377.wav,0.0
060ed3ba-522c-424a-8660-40a19c7963e6,coughvid_data/060ed3ba-522c-424a-8660-40a19c7963e6.wav,coughvid_data/060ed3ba-522c-424a-8660-40a19c7963e6.wav,0.0
e50cf68e-4c8c-4c35-b356-79cdde178da7,coughvid_data/e50cf68e-4c8c-4c35-b356-79cdde178da7.wav,coughvid_data/e50cf68e-4c8c-4c35-b356-79cdde178da7.wav,0.0
9bd358f4-3d20-41fb-a532-3f392330bb21,coughvid_data/9bd358f4-3d20-41fb-a532-3f392330bb21.wav,coughvid_data/9bd358f4-3d20-41fb-a532-3f392330bb21.wav,1.0
1a388b3f-ec04-4ba7-b475-c6555bc733d3,coughvid_data/1a388b3f-ec04-4ba7-b475-c6555bc733d3.wav,coughvid_data/1a388b3f-ec04-4ba7-b475-c6555bc733d3.wav,0.0
de6f2606-89ae-4bdf-bcc9-6f6c6cb945d3,coughvid_data/de6f2606-89ae-4bdf-bcc9-6f6c6cb945d3.wav,coughvid_data/de6f2606-89ae-4bdf-bcc9-6f6c6cb945d3.wav,1.0
8714fa79-5321-432d-9dba-cd3c2fd2d402,coughvid_data/8714fa79-5321-432d-9dba-cd3c2fd2d402.wav,coughvid_data/8714fa79-5321-432d-9dba-cd3c2fd2d402.wav,0.0
8a37392b-f2b0-482a-b3e6-5f3564b9f585,coughvid_data/8a37392b-f2b0-482a-b3e6-5f3564b9f585.wav,coughvid_data/8a37392b-f2b0-482a-b3e6-5f3564b9f585.wav,0.0
8e381f25-6bc9-4b5e-b221-f92e340e71b9,coughvid_data/8e381f25-6bc9-4b5e-b221-f92e340e71b9.wav,coughvid_data/8e381f25-6bc9-4b5e-b221-f92e340e71b9.wav,1.0
9967e02f-d582-41bc-bfe3-45622bb52f07,coughvid_data/9967e02f-d582-41bc-bfe3-45622bb52f07.wav,coughvid_data/9967e02f-d582-41bc-bfe3-45622bb52f07.wav,0.0
a989cba6-251d-4791-b6aa-0f4d10ea51a7,coughvid_data/a989cba6-251d-4791-b6aa-0f4d10ea51a7.wav,coughvid_data/a989cba6-251d-4791-b6aa-0f4d10ea51a7.wav,0.0
a88ba51c-d14f-49f1-9a2e-813efd3935e0,coughvid_data/a88ba51c-d14f-49f1-9a2e-813efd3935e0.wav,coughvid_data/a88ba51c-d14f-49f1-9a2e-813efd3935e0.wav,1.0
701e094e-363b-4d6d-8188-0798740306b1,coughvid_data/701e094e-363b-4d6d-8188-0798740306b1.wav,coughvid_data/701e094e-363b-4d6d-8188-0798740306b1.wav,1.0
a7e8a883-e52c-4112-889b-87f5ed4c6663,coughvid_data/a7e8a883-e52c-4112-889b-87f5ed4c6663.wav,coughvid_data/a7e8a883-e52c-4112-889b-87f5ed4c6663.wav,1.0
8cafa39d-2026-4e74-a83e-c055fe11a894,coughvid_data/8cafa39d-2026-4e74-a83e-c055fe11a894.wav,coughvid_data/8cafa39d-2026-4e74-a83e-c055fe11a894.wav,1.0
baf961a6-bfbf-486b-adb7-28fdd3cb6912,coughvid_data/baf961a6-bfbf-486b-adb7-28fdd3cb6912.wav,coughvid_data/baf961a6-bfbf-486b-adb7-28fdd3cb6912.wav,0.0
339bc9e1-90e3-42c6-9f9f-55684375143f,coughvid_data/339bc9e1-90e3-42c6-9f9f-55684375143f.wav,coughvid_data/339bc9e1-90e3-42c6-9f9f-55684375143f.wav,1.0
e102bdb5-36a8-4a0b-b15f-f1d89df7c1e8,coughvid_data/e102bdb5-36a8-4a0b-b15f-f1d89df7c1e8.wav,coughvid_data/e102bdb5-36a8-4a0b-b15f-f1d89df7c1e8.wav,0.0
b20f13de-0965-470b-81b9-ed7c7afe67fc,coughvid_data/b20f13de-0965-470b-81b9-ed7c7afe67fc.wav,coughvid_data/b20f13de-0965-470b-81b9-ed7c7afe67fc.wav,1.0
2c63609f-ee48-43d0-a477-678a808f403b,coughvid_data/2c63609f-ee48-43d0-a477-678a808f403b.wav,coughvid_data/2c63609f-ee48-43d0-a477-678a808f403b.wav,0.0
1be1bafc-336e-4544-aeb0-7f0b0f388e38,coughvid_data/1be1bafc-336e-4544-aeb0-7f0b0f388e38.wav,coughvid_data/1be1bafc-336e-4544-aeb0-7f0b0f388e38.wav,1.0
41d9c55a-a867-40c1-a573-9e553a1e33d6,coughvid_data/41d9c55a-a867-40c1-a573-9e553a1e33d6.wav,coughvid_data/41d9c55a-a867-40c1-a573-9e553a1e33d6.wav,0.0
35538180-95e9-4782-bad3-584a436ddc41,coughvid_data/35538180-95e9-4782-bad3-584a436ddc41.wav,coughvid_data/35538180-95e9-4782-bad3-584a436ddc41.wav,1.0
e901921c-b97f-49df-95ce-d44fad6e57b6,coughvid_data/e901921c-b97f-49df-95ce-d44fad6e57b6.wav,coughvid_data/e901921c-b97f-49df-95ce-d44fad6e57b6.wav,0.0
6ce853c8-5222-4a63-a902-4217ac858ec4,coughvid_data/6ce853c8-5222-4a63-a902-4217ac858ec4.wav,coughvid_data/6ce853c8-5222-4a63-a902-4217ac858ec4.wav,1.0
2827e89c-e3d4-438a-bfb3-f680cdec6672,coughvid_data/2827e89c-e3d4-438a-bfb3-f680cdec6672.wav,coughvid_data/2827e89c-e3d4-438a-bfb3-f680cdec6672.wav,1.0
fe33f20a-4da4-4d1d-a28f-c3cf11928372,coughvid_data/fe33f20a-4da4-4d1d-a28f-c3cf11928372.wav,coughvid_data/fe33f20a-4da4-4d1d-a28f-c3cf11928372.wav,0.0
54b2e44b-bfaf-43d8-b9aa-7bf5ee6b1a52,coughvid_data/54b2e44b-bfaf-43d8-b9aa-7bf5ee6b1a52.wav,coughvid_data/54b2e44b-bfaf-43d8-b9aa-7bf5ee6b1a52.wav,1.0
a3ec31d2-5de0-4a84-8da3-c366ff82815b,coughvid_data/a3ec31d2-5de0-4a84-8da3-c366ff82815b.wav,coughvid_data/a3ec31d2-5de0-4a84-8da3-c366ff82815b.wav,1.0
1f338e16-6a0f-4454-8a59-6282c3b53d13,coughvid_data/1f338e16-6a0f-4454-8a59-6282c3b53d13.wav,coughvid_data/1f338e16-6a0f-4454-8a59-6282c3b53d13.wav,1.0
d2bb0bdc-84ac-4ed7-a9ff-0e1c22a82ab1,coughvid_data/d2bb0bdc-84ac-4ed7-a9ff-0e1c22a82ab1.wav,coughvid_data/d2bb0bdc-84ac-4ed7-a9ff-0e1c22a82ab1.wav,1.0
2cc589e3-af55-4624-a53f-e545c300239d,coughvid_data/2cc589e3-af55-4624-a53f-e545c300239d.wav,coughvid_data/2cc589e3-af55-4624-a53f-e545c300239d.wav,1.0
be99fd1e-f8a7-45aa-a528-cce0000b774e,coughvid_data/be99fd1e-f8a7-45aa-a528-cce0000b774e.wav,coughvid_data/be99fd1e-f8a7-45aa-a528-cce0000b774e.wav,0.0
a20c7e61-024c-491f-807c-fd01dc856bbd,coughvid_data/a20c7e61-024c-491f-807c-fd01dc856bbd.wav,coughvid_data/a20c7e61-024c-491f-807c-fd01dc856bbd.wav,1.0
0755730a-3c52-4eeb-a66c-baeb83187827,coughvid_data/0755730a-3c52-4eeb-a66c-baeb83187827.wav,coughvid_data/0755730a-3c52-4eeb-a66c-baeb83187827.wav,1.0
3ac6ab90-ee6a-4456-981d-46c414c3f030,coughvid_data/3ac6ab90-ee6a-4456-981d-46c414c3f030.wav,coughvid_data/3ac6ab90-ee6a-4456-981d-46c414c3f030.wav,0.0
b74152a6-36be-4d08-93c6-be7e199d58f9,coughvid_data/b74152a6-36be-4d08-93c6-be7e199d58f9.wav,coughvid_data/b74152a6-36be-4d08-93c6-be7e199d58f9.wav,0.0
fba3d26f-e7b9-458a-9a01-0bfa196fbc43,coughvid_data/fba3d26f-e7b9-458a-9a01-0bfa196fbc43.wav,coughvid_data/fba3d26f-e7b9-458a-9a01-0bfa196fbc43.wav,0.0
82ae2a9a-6073-466d-a5a7-1fc37167730e,coughvid_data/82ae2a9a-6073-466d-a5a7-1fc37167730e.wav,coughvid_data/82ae2a9a-6073-466d-a5a7-1fc37167730e.wav,1.0
3790d330-0cb8-4be0-a5d5-a663d0333897,coughvid_data/3790d330-0cb8-4be0-a5d5-a663d0333897.wav,coughvid_data/3790d330-0cb8-4be0-a5d5-a663d0333897.wav,1.0
e366d6ce-c91a-4d2f-8d2a-0d67f0b136c4,coughvid_data/e366d6ce-c91a-4d2f-8d2a-0d67f0b136c4.wav,coughvid_data/e366d6ce-c91a-4d2f-8d2a-0d67f0b136c4.wav,0.0
a064f3ea-4777-48b7-8012-20db7b5c5eff,coughvid_data/a064f3ea-4777-48b7-8012-20db7b5c5eff.wav,coughvid_data/a064f3ea-4777-48b7-8012-20db7b5c5eff.wav,1.0
a13b9da9-a901-4622-9898-71f76097b98c,coughvid_data/a13b9da9-a901-4622-9898-71f76097b98c.wav,coughvid_data/a13b9da9-a901-4622-9898-71f76097b98c.wav,1.0
7e584e69-38de-4520-9c6b-456412273a7b,coughvid_data/7e584e69-38de-4520-9c6b-456412273a7b.wav,coughvid_data/7e584e69-38de-4520-9c6b-456412273a7b.wav,0.0
cb0e8396-2f6b-49ce-99f3-daa471aaba98,coughvid_data/cb0e8396-2f6b-49ce-99f3-daa471aaba98.wav,coughvid_data/cb0e8396-2f6b-49ce-99f3-daa471aaba98.wav,0.0
09b8581e-a366-4f7e-b387-c89345b9f57c,coughvid_data/09b8581e-a366-4f7e-b387-c89345b9f57c.wav,coughvid_data/09b8581e-a366-4f7e-b387-c89345b9f57c.wav,0.0
027a2c6c-067e-426f-9b5c-c3352a27c549,coughvid_data/027a2c6c-067e-426f-9b5c-c3352a27c549.wav,coughvid_data/027a2c6c-067e-426f-9b5c-c3352a27c549.wav,1.0
35fed946-aea5-4538-9b2b-ed1adecf7e0a,coughvid_data/35fed946-aea5-4538-9b2b-ed1adecf7e0a.wav,coughvid_data/35fed946-aea5-4538-9b2b-ed1adecf7e0a.wav,0.0
0b14b4fa-edf0-4595-89af-d4a69208205b,coughvid_data/0b14b4fa-edf0-4595-89af-d4a69208205b.wav,coughvid_data/0b14b4fa-edf0-4595-89af-d4a69208205b.wav,1.0
2251289d-63ae-4085-97c5-1b3203846bd6,coughvid_data/2251289d-63ae-4085-97c5-1b3203846bd6.wav,coughvid_data/2251289d-63ae-4085-97c5-1b3203846bd6.wav,0.0
fd0f92d7-8ea0-4e1e-8374-ece838ac6446,coughvid_data/fd0f92d7-8ea0-4e1e-8374-ece838ac6446.wav,coughvid_data/fd0f92d7-8ea0-4e1e-8374-ece838ac6446.wav,1.0
df646ff5-6719-4f39-af4c-d6a3ee272c7b,coughvid_data/df646ff5-6719-4f39-af4c-d6a3ee272c7b.wav,coughvid_data/df646ff5-6719-4f39-af4c-d6a3ee272c7b.wav,0.0
40eb8781-0351-4eab-ac8f-3036986e5b37,coughvid_data/40eb8781-0351-4eab-ac8f-3036986e5b37.wav,coughvid_data/40eb8781-0351-4eab-ac8f-3036986e5b37.wav,1.0
40746d01-7e0c-48a7-80c9-e080723abe81,coughvid_data/40746d01-7e0c-48a7-80c9-e080723abe81.wav,coughvid_data/40746d01-7e0c-48a7-80c9-e080723abe81.wav,0.0
01695001-bbab-4bf4-b88f-7372c0b64bb2,coughvid_data/01695001-bbab-4bf4-b88f-7372c0b64bb2.wav,coughvid_data/01695001-bbab-4bf4-b88f-7372c0b64bb2.wav,1.0
fe9f443e-1a2e-4d29-9fbe-5feb243c3795,coughvid_data/fe9f443e-1a2e-4d29-9fbe-5feb243c3795.wav,coughvid_data/fe9f443e-1a2e-4d29-9fbe-5feb243c3795.wav,0.0
72124975-ff71-4379-8f71-f6f8337b3fa7,coughvid_data/72124975-ff71-4379-8f71-f6f8337b3fa7.wav,coughvid_data/72124975-ff71-4379-8f71-f6f8337b3fa7.wav,1.0
d636f361-7528-43a9-ba25-e0db9b8ff97c,coughvid_data/d636f361-7528-43a9-ba25-e0db9b8ff97c.wav,coughvid_data/d636f361-7528-43a9-ba25-e0db9b8ff97c.wav,0.0
c3e94a0c-497b-42b9-91fb-5df081f7c1e7,coughvid_data/c3e94a0c-497b-42b9-91fb-5df081f7c1e7.wav,coughvid_data/c3e94a0c-497b-42b9-91fb-5df081f7c1e7.wav,0.0
f7b64976-cf1e-4179-ba38-5a6e0b417382,coughvid_data/f7b64976-cf1e-4179-ba38-5a6e0b417382.wav,coughvid_data/f7b64976-cf1e-4179-ba38-5a6e0b417382.wav,0.0
44e543cf-a35d-4f02-bac0-3439ae013b00,coughvid_data/44e543cf-a35d-4f02-bac0-3439ae013b00.wav,coughvid_data/44e543cf-a35d-4f02-bac0-3439ae013b00.wav,0.0
6f705dca-0b74-4933-a057-b6af89889bad,coughvid_data/6f705dca-0b74-4933-a057-b6af89889bad.wav,coughvid_data/6f705dca-0b74-4933-a057-b6af89889bad.wav,1.0
d7aa0b00-e7a9-4ab5-b0d8-f7bdc5941c19,coughvid_data/d7aa0b00-e7a9-4ab5-b0d8-f7bdc5941c19.wav,coughvid_data/d7aa0b00-e7a9-4ab5-b0d8-f7bdc5941c19.wav,1.0
478adaaa-cc6a-487d-a842-a30af37aa4d0,coughvid_data/478adaaa-cc6a-487d-a842-a30af37aa4d0.wav,coughvid_data/478adaaa-cc6a-487d-a842-a30af37aa4d0.wav,1.0
8ef99d86-0d80-4a0f-98f8-d0f77345eef7,coughvid_data/8ef99d86-0d80-4a0f-98f8-d0f77345eef7.wav,coughvid_data/8ef99d86-0d80-4a0f-98f8-d0f77345eef7.wav,0.0
d444772f-c67a-4d5b-b223-d76cf5a2efe4,coughvid_data/d444772f-c67a-4d5b-b223-d76cf5a2efe4.wav,coughvid_data/d444772f-c67a-4d5b-b223-d76cf5a2efe4.wav,0.0
695ad34d-f9e1-40c6-b430-fbf3fe6f2517,coughvid_data/695ad34d-f9e1-40c6-b430-fbf3fe6f2517.wav,coughvid_data/695ad34d-f9e1-40c6-b430-fbf3fe6f2517.wav,1.0
f1128452-2715-497a-987e-e6d915fab41b,coughvid_data/f1128452-2715-497a-987e-e6d915fab41b.wav,coughvid_data/f1128452-2715-497a-987e-e6d915fab41b.wav,0.0
851bdb9b-4b67-44de-ae85-ab2c47151778,coughvid_data/851bdb9b-4b67-44de-ae85-ab2c47151778.wav,coughvid_data/851bdb9b-4b67-44de-ae85-ab2c47151778.wav,0.0
60ee4996-b9db-45fa-9b00-de0b33e120c4,coughvid_data/60ee4996-b9db-45fa-9b00-de0b33e120c4.wav,coughvid_data/60ee4996-b9db-45fa-9b00-de0b33e120c4.wav,0.0
cbb0041a-922b-4014-95aa-09030e5d1372,coughvid_data/cbb0041a-922b-4014-95aa-09030e5d1372.wav,coughvid_data/cbb0041a-922b-4014-95aa-09030e5d1372.wav,1.0
70455078-db3a-4d5e-a4b7-1de451fb66f5,coughvid_data/70455078-db3a-4d5e-a4b7-1de451fb66f5.wav,coughvid_data/70455078-db3a-4d5e-a4b7-1de451fb66f5.wav,1.0
30c97116-bc73-40a4-8074-72e4b7f3e9dc,coughvid_data/30c97116-bc73-40a4-8074-72e4b7f3e9dc.wav,coughvid_data/30c97116-bc73-40a4-8074-72e4b7f3e9dc.wav,1.0
1136361e-279c-430f-9340-39e5ed34be0b,coughvid_data/1136361e-279c-430f-9340-39e5ed34be0b.wav,coughvid_data/1136361e-279c-430f-9340-39e5ed34be0b.wav,0.0
ffc4f2e1-ff4f-422b-9a04-f9858d4967fb,coughvid_data/ffc4f2e1-ff4f-422b-9a04-f9858d4967fb.wav,coughvid_data/ffc4f2e1-ff4f-422b-9a04-f9858d4967fb.wav,0.0
c1f19027-5269-492f-9aab-d3f578de5710,coughvid_data/c1f19027-5269-492f-9aab-d3f578de5710.wav,coughvid_data/c1f19027-5269-492f-9aab-d3f578de5710.wav,0.0
2d0a9275-e4fb-4785-b738-949acb4bd217,coughvid_data/2d0a9275-e4fb-4785-b738-949acb4bd217.wav,coughvid_data/2d0a9275-e4fb-4785-b738-949acb4bd217.wav,0.0
9473884c-842c-4314-888a-66e8ab3b2844,coughvid_data/9473884c-842c-4314-888a-66e8ab3b2844.wav,coughvid_data/9473884c-842c-4314-888a-66e8ab3b2844.wav,1.0
995ee5f1-06e9-4934-bbb9-f70484b640ae,coughvid_data/995ee5f1-06e9-4934-bbb9-f70484b640ae.wav,coughvid_data/995ee5f1-06e9-4934-bbb9-f70484b640ae.wav,0.0
abc2bbbd-d7eb-49c0-9c86-ea88b1ebe0e9,coughvid_data/abc2bbbd-d7eb-49c0-9c86-ea88b1ebe0e9.wav,coughvid_data/abc2bbbd-d7eb-49c0-9c86-ea88b1ebe0e9.wav,0.0
d73851f4-02e4-4386-a712-b074f3ed0a29,coughvid_data/d73851f4-02e4-4386-a712-b074f3ed0a29.wav,coughvid_data/d73851f4-02e4-4386-a712-b074f3ed0a29.wav,0.0
40b53ca1-9dd3-4698-a29f-dbfda460d141,coughvid_data/40b53ca1-9dd3-4698-a29f-dbfda460d141.wav,coughvid_data/40b53ca1-9dd3-4698-a29f-dbfda460d141.wav,0.0
7e04d088-a642-4e2e-a59b-c18ab1f6e023,coughvid_data/7e04d088-a642-4e2e-a59b-c18ab1f6e023.wav,coughvid_data/7e04d088-a642-4e2e-a59b-c18ab1f6e023.wav,0.0
ec76aea2-d883-412a-882e-8228d3e04ae4,coughvid_data/ec76aea2-d883-412a-882e-8228d3e04ae4.wav,coughvid_data/ec76aea2-d883-412a-882e-8228d3e04ae4.wav,0.0
5fa5fdc3-5af6-4150-b568-ea89bdfc7e0e,coughvid_data/5fa5fdc3-5af6-4150-b568-ea89bdfc7e0e.wav,coughvid_data/5fa5fdc3-5af6-4150-b568-ea89bdfc7e0e.wav,1.0
e8759970-c5b4-4d2a-a71c-d08ee83f482a,coughvid_data/e8759970-c5b4-4d2a-a71c-d08ee83f482a.wav,coughvid_data/e8759970-c5b4-4d2a-a71c-d08ee83f482a.wav,1.0
8c1ba49d-efb8-4f0f-8a75-e22807752818,coughvid_data/8c1ba49d-efb8-4f0f-8a75-e22807752818.wav,coughvid_data/8c1ba49d-efb8-4f0f-8a75-e22807752818.wav,1.0
8156068d-6e3b-4d82-b198-605092aa9c8d,coughvid_data/8156068d-6e3b-4d82-b198-605092aa9c8d.wav,coughvid_data/8156068d-6e3b-4d82-b198-605092aa9c8d.wav,0.0
c80bd536-b57e-4747-a166-ed670d89cdc2,coughvid_data/c80bd536-b57e-4747-a166-ed670d89cdc2.wav,coughvid_data/c80bd536-b57e-4747-a166-ed670d89cdc2.wav,0.0
772db15f-ae5c-43e5-87c4-1e6be37f14d0,coughvid_data/772db15f-ae5c-43e5-87c4-1e6be37f14d0.wav,coughvid_data/772db15f-ae5c-43e5-87c4-1e6be37f14d0.wav,1.0
a77cb8b4-9908-4ed4-97dc-9597e830c2ce,coughvid_data/a77cb8b4-9908-4ed4-97dc-9597e830c2ce.wav,coughvid_data/a77cb8b4-9908-4ed4-97dc-9597e830c2ce.wav,0.0
0e63bc06-37a4-4746-a85d-3344e11412e5,coughvid_data/0e63bc06-37a4-4746-a85d-3344e11412e5.wav,coughvid_data/0e63bc06-37a4-4746-a85d-3344e11412e5.wav,0.0
3238c874-9f19-4d2f-9ad2-78c407bb1d4f,coughvid_data/3238c874-9f19-4d2f-9ad2-78c407bb1d4f.wav,coughvid_data/3238c874-9f19-4d2f-9ad2-78c407bb1d4f.wav,1.0
9668aedd-1d7b-48e7-86d1-7c00c67211ae,coughvid_data/9668aedd-1d7b-48e7-86d1-7c00c67211ae.wav,coughvid_data/9668aedd-1d7b-48e7-86d1-7c00c67211ae.wav,1.0
dd04bc2f-439f-44f3-b516-937e5e396171,coughvid_data/dd04bc2f-439f-44f3-b516-937e5e396171.wav,coughvid_data/dd04bc2f-439f-44f3-b516-937e5e396171.wav,0.0
020158eb-9cb5-4977-8131-840cdaf199b4,coughvid_data/020158eb-9cb5-4977-8131-840cdaf199b4.wav,coughvid_data/020158eb-9cb5-4977-8131-840cdaf199b4.wav,1.0
b5a10c5d-7143-4c28-a703-1422fbbcc7a6,coughvid_data/b5a10c5d-7143-4c28-a703-1422fbbcc7a6.wav,coughvid_data/b5a10c5d-7143-4c28-a703-1422fbbcc7a6.wav,0.0
b0b2c948-e52e-4c11-83aa-c74853ac6f6d,coughvid_data/b0b2c948-e52e-4c11-83aa-c74853ac6f6d.wav,coughvid_data/b0b2c948-e52e-4c11-83aa-c74853ac6f6d.wav,1.0
bb9270ca-109d-4b8c-a8eb-e2d6c07177fa,coughvid_data/bb9270ca-109d-4b8c-a8eb-e2d6c07177fa.wav,coughvid_data/bb9270ca-109d-4b8c-a8eb-e2d6c07177fa.wav,0.0
6898ae4e-a450-4c98-ab8f-42f85f1e601a,coughvid_data/6898ae4e-a450-4c98-ab8f-42f85f1e601a.wav,coughvid_data/6898ae4e-a450-4c98-ab8f-42f85f1e601a.wav,1.0
f884a192-fd2a-4e08-a084-c7f6c04c3167,coughvid_data/f884a192-fd2a-4e08-a084-c7f6c04c3167.wav,coughvid_data/f884a192-fd2a-4e08-a084-c7f6c04c3167.wav,0.0
57d314ee-7fd8-4b7c-b70d-0d57c952d953,coughvid_data/57d314ee-7fd8-4b7c-b70d-0d57c952d953.wav,coughvid_data/57d314ee-7fd8-4b7c-b70d-0d57c952d953.wav,1.0
743e3025-0f64-4c6b-83ef-517ce494026c,coughvid_data/743e3025-0f64-4c6b-83ef-517ce494026c.wav,coughvid_data/743e3025-0f64-4c6b-83ef-517ce494026c.wav,0.0
2c52f0e7-bcc4-45bf-b335-0bcf11464cd0,coughvid_data/2c52f0e7-bcc4-45bf-b335-0bcf11464cd0.wav,coughvid_data/2c52f0e7-bcc4-45bf-b335-0bcf11464cd0.wav,0.0
d8bb54bc-68e8-4251-abe2-631c66126c33,coughvid_data/d8bb54bc-68e8-4251-abe2-631c66126c33.wav,coughvid_data/d8bb54bc-68e8-4251-abe2-631c66126c33.wav,0.0
01743507-7a29-431a-9708-d9ec83385ccd,coughvid_data/01743507-7a29-431a-9708-d9ec83385ccd.wav,coughvid_data/01743507-7a29-431a-9708-d9ec83385ccd.wav,1.0
ab05ffea-3c68-4811-bdb3-7cdfaaaf8406,coughvid_data/ab05ffea-3c68-4811-bdb3-7cdfaaaf8406.wav,coughvid_data/ab05ffea-3c68-4811-bdb3-7cdfaaaf8406.wav,1.0
f20383dc-c622-40d2-8969-676f887b3099,coughvid_data/f20383dc-c622-40d2-8969-676f887b3099.wav,coughvid_data/f20383dc-c622-40d2-8969-676f887b3099.wav,0.0
cbf77704-3087-4752-9ee1-fd5d6762b8a1,coughvid_data/cbf77704-3087-4752-9ee1-fd5d6762b8a1.wav,coughvid_data/cbf77704-3087-4752-9ee1-fd5d6762b8a1.wav,0.0
4c5fb9da-f324-4132-9ff2-c8bd7fec27e8,coughvid_data/4c5fb9da-f324-4132-9ff2-c8bd7fec27e8.wav,coughvid_data/4c5fb9da-f324-4132-9ff2-c8bd7fec27e8.wav,1.0
432da123-a2c3-4c90-860e-fb0c7fb701db,coughvid_data/432da123-a2c3-4c90-860e-fb0c7fb701db.wav,coughvid_data/432da123-a2c3-4c90-860e-fb0c7fb701db.wav,0.0
2509a127-bc1d-48b4-a322-466a4e52ab41,coughvid_data/2509a127-bc1d-48b4-a322-466a4e52ab41.wav,coughvid_data/2509a127-bc1d-48b4-a322-466a4e52ab41.wav,1.0
c806eb70-b851-4edb-aefd-0451bf4863c9,coughvid_data/c806eb70-b851-4edb-aefd-0451bf4863c9.wav,coughvid_data/c806eb70-b851-4edb-aefd-0451bf4863c9.wav,0.0
b6589fee-434e-4d2b-9234-f94545322f47,coughvid_data/b6589fee-434e-4d2b-9234-f94545322f47.wav,coughvid_data/b6589fee-434e-4d2b-9234-f94545322f47.wav,1.0
13119a3b-c102-45a7-a8cf-505458f26b1d,coughvid_data/13119a3b-c102-45a7-a8cf-505458f26b1d.wav,coughvid_data/13119a3b-c102-45a7-a8cf-505458f26b1d.wav,0.0
f63ec31b-3e3b-4efb-bb90-adb9f66fdf99,coughvid_data/f63ec31b-3e3b-4efb-bb90-adb9f66fdf99.wav,coughvid_data/f63ec31b-3e3b-4efb-bb90-adb9f66fdf99.wav,0.0
16a0e6ab-6062-4b56-965b-711e0f308c59,coughvid_data/16a0e6ab-6062-4b56-965b-711e0f308c59.wav,coughvid_data/16a0e6ab-6062-4b56-965b-711e0f308c59.wav,1.0
f8134472-e8d9-4ec9-b41a-c663fff9ce68,coughvid_data/f8134472-e8d9-4ec9-b41a-c663fff9ce68.wav,coughvid_data/f8134472-e8d9-4ec9-b41a-c663fff9ce68.wav,1.0
9c715c46-235d-4d9e-bc8e-b915e35a57be,coughvid_data/9c715c46-235d-4d9e-bc8e-b915e35a57be.wav,coughvid_data/9c715c46-235d-4d9e-bc8e-b915e35a57be.wav,1.0
676b074c-9bf6-4c6c-afba-f9f52d03a519,coughvid_data/676b074c-9bf6-4c6c-afba-f9f52d03a519.wav,coughvid_data/676b074c-9bf6-4c6c-afba-f9f52d03a519.wav,0.0
2e11b8d0-75bf-4106-9667-b8293316a465,coughvid_data/2e11b8d0-75bf-4106-9667-b8293316a465.wav,coughvid_data/2e11b8d0-75bf-4106-9667-b8293316a465.wav,0.0
524ff25c-273f-4378-ac2b-e566c03a9f97,coughvid_data/524ff25c-273f-4378-ac2b-e566c03a9f97.wav,coughvid_data/524ff25c-273f-4378-ac2b-e566c03a9f97.wav,0.0
913750df-3865-4ff7-a09e-15e112bf8114,coughvid_data/913750df-3865-4ff7-a09e-15e112bf8114.wav,coughvid_data/913750df-3865-4ff7-a09e-15e112bf8114.wav,1.0
c4a0fa78-e10b-43bc-896a-329bc997ffe8,coughvid_data/c4a0fa78-e10b-43bc-896a-329bc997ffe8.wav,coughvid_data/c4a0fa78-e10b-43bc-896a-329bc997ffe8.wav,1.0
a7ca3804-88d3-4aa2-a95c-8be3e276eff0,coughvid_data/a7ca3804-88d3-4aa2-a95c-8be3e276eff0.wav,coughvid_data/a7ca3804-88d3-4aa2-a95c-8be3e276eff0.wav,0.0
0bc87d42-317d-42c3-a9c9-29ae18b63375,coughvid_data/0bc87d42-317d-42c3-a9c9-29ae18b63375.wav,coughvid_data/0bc87d42-317d-42c3-a9c9-29ae18b63375.wav,0.0
21eb6160-4c68-4e28-9153-69dc36b46852,coughvid_data/21eb6160-4c68-4e28-9153-69dc36b46852.wav,coughvid_data/21eb6160-4c68-4e28-9153-69dc36b46852.wav,0.0
6f4e05e7-6922-4870-b5d2-98ed5809fbfc,coughvid_data/6f4e05e7-6922-4870-b5d2-98ed5809fbfc.wav,coughvid_data/6f4e05e7-6922-4870-b5d2-98ed5809fbfc.wav,0.0
0f465c6b-e016-46bb-a956-b5050de90d76,coughvid_data/0f465c6b-e016-46bb-a956-b5050de90d76.wav,coughvid_data/0f465c6b-e016-46bb-a956-b5050de90d76.wav,1.0
1364afb0-3ec8-4cb9-90b5-cd20df929348,coughvid_data/1364afb0-3ec8-4cb9-90b5-cd20df929348.wav,coughvid_data/1364afb0-3ec8-4cb9-90b5-cd20df929348.wav,0.0
bc57e871-7953-40e7-a5bf-2959249840b0,coughvid_data/bc57e871-7953-40e7-a5bf-2959249840b0.wav,coughvid_data/bc57e871-7953-40e7-a5bf-2959249840b0.wav,1.0
76e73a51-873d-4be7-8e01-b2dc738a835c,coughvid_data/76e73a51-873d-4be7-8e01-b2dc738a835c.wav,coughvid_data/76e73a51-873d-4be7-8e01-b2dc738a835c.wav,1.0
ad15d23d-9aca-48f1-8ca4-d9f08afd368c,coughvid_data/ad15d23d-9aca-48f1-8ca4-d9f08afd368c.wav,coughvid_data/ad15d23d-9aca-48f1-8ca4-d9f08afd368c.wav,0.0
69e8888d-b818-499f-8958-4fb4fdeb0f5b,coughvid_data/69e8888d-b818-499f-8958-4fb4fdeb0f5b.wav,coughvid_data/69e8888d-b818-499f-8958-4fb4fdeb0f5b.wav,1.0
e4111ce3-3056-4d12-b5ce-96978e4bd4d8,coughvid_data/e4111ce3-3056-4d12-b5ce-96978e4bd4d8.wav,coughvid_data/e4111ce3-3056-4d12-b5ce-96978e4bd4d8.wav,1.0
b645c722-8739-4df7-afc6-09a664bdabd5,coughvid_data/b645c722-8739-4df7-afc6-09a664bdabd5.wav,coughvid_data/b645c722-8739-4df7-afc6-09a664bdabd5.wav,1.0
5de48bb3-d83b-462e-b0f5-d96d7393f256,coughvid_data/5de48bb3-d83b-462e-b0f5-d96d7393f256.wav,coughvid_data/5de48bb3-d83b-462e-b0f5-d96d7393f256.wav,1.0
ce2a2597-94b6-4e20-a853-27af4242e05c,coughvid_data/ce2a2597-94b6-4e20-a853-27af4242e05c.wav,coughvid_data/ce2a2597-94b6-4e20-a853-27af4242e05c.wav,1.0
9c922b44-8f4c-4ca2-b5be-fa0be6319c6e,coughvid_data/9c922b44-8f4c-4ca2-b5be-fa0be6319c6e.wav,coughvid_data/9c922b44-8f4c-4ca2-b5be-fa0be6319c6e.wav,1.0
34f41783-318b-4c8f-a929-b1bba3fdc64e,coughvid_data/34f41783-318b-4c8f-a929-b1bba3fdc64e.wav,coughvid_data/34f41783-318b-4c8f-a929-b1bba3fdc64e.wav,0.0
2d09ff0e-277c-4c39-81e7-db128cb6007f,coughvid_data/2d09ff0e-277c-4c39-81e7-db128cb6007f.wav,coughvid_data/2d09ff0e-277c-4c39-81e7-db128cb6007f.wav,0.0
bcbd1772-a66c-4a58-a410-273950c04bf3,coughvid_data/bcbd1772-a66c-4a58-a410-273950c04bf3.wav,coughvid_data/bcbd1772-a66c-4a58-a410-273950c04bf3.wav,0.0
46e71883-e59f-402a-8cda-1b0abb61cfbc,coughvid_data/46e71883-e59f-402a-8cda-1b0abb61cfbc.wav,coughvid_data/46e71883-e59f-402a-8cda-1b0abb61cfbc.wav,1.0
86b1ac08-ce6d-4b7c-a727-e6194924c9a2,coughvid_data/86b1ac08-ce6d-4b7c-a727-e6194924c9a2.wav,coughvid_data/86b1ac08-ce6d-4b7c-a727-e6194924c9a2.wav,0.0
7c6d733b-90b9-48eb-b110-2a13f6374285,coughvid_data/7c6d733b-90b9-48eb-b110-2a13f6374285.wav,coughvid_data/7c6d733b-90b9-48eb-b110-2a13f6374285.wav,1.0
bf9b403c-21e0-480b-bcde-43e9f9dc62ef,coughvid_data/bf9b403c-21e0-480b-bcde-43e9f9dc62ef.wav,coughvid_data/bf9b403c-21e0-480b-bcde-43e9f9dc62ef.wav,0.0
1390c9f4-4ea8-4074-93e9-f12d5062cb45,coughvid_data/1390c9f4-4ea8-4074-93e9-f12d5062cb45.wav,coughvid_data/1390c9f4-4ea8-4074-93e9-f12d5062cb45.wav,1.0
7c314329-3ed3-4068-9b75-1403c886983c,coughvid_data/7c314329-3ed3-4068-9b75-1403c886983c.wav,coughvid_data/7c314329-3ed3-4068-9b75-1403c886983c.wav,1.0
488a34b3-d293-4d30-b302-5d3aa2636e52,coughvid_data/488a34b3-d293-4d30-b302-5d3aa2636e52.wav,coughvid_data/488a34b3-d293-4d30-b302-5d3aa2636e52.wav,0.0
9420ab0f-61bd-4567-a229-e93ff115785b,coughvid_data/9420ab0f-61bd-4567-a229-e93ff115785b.wav,coughvid_data/9420ab0f-61bd-4567-a229-e93ff115785b.wav,1.0
e7e15cef-04b7-4ad4-9b9b-ace264605090,coughvid_data/e7e15cef-04b7-4ad4-9b9b-ace264605090.wav,coughvid_data/e7e15cef-04b7-4ad4-9b9b-ace264605090.wav,0.0
e3f4fccb-e99d-4814-9716-bec784462e25,coughvid_data/e3f4fccb-e99d-4814-9716-bec784462e25.wav,coughvid_data/e3f4fccb-e99d-4814-9716-bec784462e25.wav,0.0
853f26e4-9bf1-483b-b48a-da1c27e527d4,coughvid_data/853f26e4-9bf1-483b-b48a-da1c27e527d4.wav,coughvid_data/853f26e4-9bf1-483b-b48a-da1c27e527d4.wav,0.0
e0ceec03-3206-4167-a723-32b6d0049867,coughvid_data/e0ceec03-3206-4167-a723-32b6d0049867.wav,coughvid_data/e0ceec03-3206-4167-a723-32b6d0049867.wav,1.0
8ac965a6-21be-4e71-8dd7-f855d8bf0845,coughvid_data/8ac965a6-21be-4e71-8dd7-f855d8bf0845.wav,coughvid_data/8ac965a6-21be-4e71-8dd7-f855d8bf0845.wav,1.0
bab03040-f63f-410c-a3d4-8b2bf194fa50,coughvid_data/bab03040-f63f-410c-a3d4-8b2bf194fa50.wav,coughvid_data/bab03040-f63f-410c-a3d4-8b2bf194fa50.wav,1.0
b858c74d-15c6-4498-a572-35f9b9fc32ad,coughvid_data/b858c74d-15c6-4498-a572-35f9b9fc32ad.wav,coughvid_data/b858c74d-15c6-4498-a572-35f9b9fc32ad.wav,1.0
373088ba-17d0-4190-bc20-61fd52d24342,coughvid_data/373088ba-17d0-4190-bc20-61fd52d24342.wav,coughvid_data/373088ba-17d0-4190-bc20-61fd52d24342.wav,1.0
b50f238c-3493-4782-b1e3-9c76f751d9e5,coughvid_data/b50f238c-3493-4782-b1e3-9c76f751d9e5.wav,coughvid_data/b50f238c-3493-4782-b1e3-9c76f751d9e5.wav,1.0
53669b74-d720-4d49-931c-14b5a89a420b,coughvid_data/53669b74-d720-4d49-931c-14b5a89a420b.wav,coughvid_data/53669b74-d720-4d49-931c-14b5a89a420b.wav,1.0
c9e75601-96b6-4a1f-85d4-b66e258a495d,coughvid_data/c9e75601-96b6-4a1f-85d4-b66e258a495d.wav,coughvid_data/c9e75601-96b6-4a1f-85d4-b66e258a495d.wav,1.0
28d4e487-0d9d-4911-951d-5de7fcb5c986,coughvid_data/28d4e487-0d9d-4911-951d-5de7fcb5c986.wav,coughvid_data/28d4e487-0d9d-4911-951d-5de7fcb5c986.wav,1.0
a60886d1-2065-4d73-bdf6-0198f47babc4,coughvid_data/a60886d1-2065-4d73-bdf6-0198f47babc4.wav,coughvid_data/a60886d1-2065-4d73-bdf6-0198f47babc4.wav,0.0
0221119b-39f3-468c-9868-2eba90876dc4,coughvid_data/0221119b-39f3-468c-9868-2eba90876dc4.wav,coughvid_data/0221119b-39f3-468c-9868-2eba90876dc4.wav,0.0
7bf9ca50-c492-4a3c-b05c-2031552771c5,coughvid_data/7bf9ca50-c492-4a3c-b05c-2031552771c5.wav,coughvid_data/7bf9ca50-c492-4a3c-b05c-2031552771c5.wav,1.0
71b8df97-1f6a-4b6a-b287-e1e8ce59c66f,coughvid_data/71b8df97-1f6a-4b6a-b287-e1e8ce59c66f.wav,coughvid_data/71b8df97-1f6a-4b6a-b287-e1e8ce59c66f.wav,1.0
dc12b624-aeea-47d3-988e-d875a14bdc34,coughvid_data/dc12b624-aeea-47d3-988e-d875a14bdc34.wav,coughvid_data/dc12b624-aeea-47d3-988e-d875a14bdc34.wav,1.0
0a84322e-b7a8-4e66-8fa0-7294eb14a2b6,coughvid_data/0a84322e-b7a8-4e66-8fa0-7294eb14a2b6.wav,coughvid_data/0a84322e-b7a8-4e66-8fa0-7294eb14a2b6.wav,0.0
7e4d25bb-043f-4314-81ce-c0108df735a1,coughvid_data/7e4d25bb-043f-4314-81ce-c0108df735a1.wav,coughvid_data/7e4d25bb-043f-4314-81ce-c0108df735a1.wav,1.0
d52fe2da-e65c-447c-8e78-ddfaba78aa90,coughvid_data/d52fe2da-e65c-447c-8e78-ddfaba78aa90.wav,coughvid_data/d52fe2da-e65c-447c-8e78-ddfaba78aa90.wav,1.0
db234c88-9a58-4947-a852-d7f2584128ef,coughvid_data/db234c88-9a58-4947-a852-d7f2584128ef.wav,coughvid_data/db234c88-9a58-4947-a852-d7f2584128ef.wav,1.0
5f02fa35-1778-42e0-b417-6935784cfe09,coughvid_data/5f02fa35-1778-42e0-b417-6935784cfe09.wav,coughvid_data/5f02fa35-1778-42e0-b417-6935784cfe09.wav,1.0
37325d60-43c0-4227-b55f-0bfe9998d3c2,coughvid_data/37325d60-43c0-4227-b55f-0bfe9998d3c2.wav,coughvid_data/37325d60-43c0-4227-b55f-0bfe9998d3c2.wav,1.0
2e573e29-ce28-4374-b079-5fec98e15b27,coughvid_data/2e573e29-ce28-4374-b079-5fec98e15b27.wav,coughvid_data/2e573e29-ce28-4374-b079-5fec98e15b27.wav,0.0
709f2f4e-c7bc-4c39-b1d2-856de797f05f,coughvid_data/709f2f4e-c7bc-4c39-b1d2-856de797f05f.wav,coughvid_data/709f2f4e-c7bc-4c39-b1d2-856de797f05f.wav,1.0
ea831109-dd33-4a70-b0fb-a07419494bf4,coughvid_data/ea831109-dd33-4a70-b0fb-a07419494bf4.wav,coughvid_data/ea831109-dd33-4a70-b0fb-a07419494bf4.wav,0.0
b0b3f4f4-b4c2-4d42-9e6b-03cdae606887,coughvid_data/b0b3f4f4-b4c2-4d42-9e6b-03cdae606887.wav,coughvid_data/b0b3f4f4-b4c2-4d42-9e6b-03cdae606887.wav,1.0
06a3ee3b-05c0-4f77-a669-0cbaffcdbdf0,coughvid_data/06a3ee3b-05c0-4f77-a669-0cbaffcdbdf0.wav,coughvid_data/06a3ee3b-05c0-4f77-a669-0cbaffcdbdf0.wav,1.0
d6f8521b-f2d5-42aa-a43b-591b5de0c196,coughvid_data/d6f8521b-f2d5-42aa-a43b-591b5de0c196.wav,coughvid_data/d6f8521b-f2d5-42aa-a43b-591b5de0c196.wav,1.0
0e994e22-f853-415f-916a-7ca578a45a33,coughvid_data/0e994e22-f853-415f-916a-7ca578a45a33.wav,coughvid_data/0e994e22-f853-415f-916a-7ca578a45a33.wav,0.0
0ce65906-6790-461e-a70f-3c953267d4cc,coughvid_data/0ce65906-6790-461e-a70f-3c953267d4cc.wav,coughvid_data/0ce65906-6790-461e-a70f-3c953267d4cc.wav,0.0
0dcc2093-7b1a-4db0-814e-324c4b1bfaa1,coughvid_data/0dcc2093-7b1a-4db0-814e-324c4b1bfaa1.wav,coughvid_data/0dcc2093-7b1a-4db0-814e-324c4b1bfaa1.wav,0.0
d13aff14-243d-4a62-9760-e2ead1478a86,coughvid_data/d13aff14-243d-4a62-9760-e2ead1478a86.wav,coughvid_data/d13aff14-243d-4a62-9760-e2ead1478a86.wav,1.0
5882c15e-4e11-4c3d-84e0-ce4ce2bfefbb,coughvid_data/5882c15e-4e11-4c3d-84e0-ce4ce2bfefbb.wav,coughvid_data/5882c15e-4e11-4c3d-84e0-ce4ce2bfefbb.wav,1.0
525391df-50d3-4dec-a271-27f0922ad107,coughvid_data/525391df-50d3-4dec-a271-27f0922ad107.wav,coughvid_data/525391df-50d3-4dec-a271-27f0922ad107.wav,0.0
9d72542d-65e3-430c-910b-fd34a2527812,coughvid_data/9d72542d-65e3-430c-910b-fd34a2527812.wav,coughvid_data/9d72542d-65e3-430c-910b-fd34a2527812.wav,1.0
e66a2d36-19f5-4c7b-919d-c4a30342ea46,coughvid_data/e66a2d36-19f5-4c7b-919d-c4a30342ea46.wav,coughvid_data/e66a2d36-19f5-4c7b-919d-c4a30342ea46.wav,0.0
b530f646-c344-4099-b9b4-d42ac1996401,coughvid_data/b530f646-c344-4099-b9b4-d42ac1996401.wav,coughvid_data/b530f646-c344-4099-b9b4-d42ac1996401.wav,1.0
73a8bb4a-4e0a-4a4e-872a-c43394694e5c,coughvid_data/73a8bb4a-4e0a-4a4e-872a-c43394694e5c.wav,coughvid_data/73a8bb4a-4e0a-4a4e-872a-c43394694e5c.wav,0.0
1192c83e-eb6c-4965-a504-ac827d4053f8,coughvid_data/1192c83e-eb6c-4965-a504-ac827d4053f8.wav,coughvid_data/1192c83e-eb6c-4965-a504-ac827d4053f8.wav,0.0
c9085f56-95ba-4aa9-8316-cdad8eccef0e,coughvid_data/c9085f56-95ba-4aa9-8316-cdad8eccef0e.wav,coughvid_data/c9085f56-95ba-4aa9-8316-cdad8eccef0e.wav,1.0
f64f33a5-b6e1-4d5c-ab1b-8d48dd826440,coughvid_data/f64f33a5-b6e1-4d5c-ab1b-8d48dd826440.wav,coughvid_data/f64f33a5-b6e1-4d5c-ab1b-8d48dd826440.wav,1.0
b0876225-48d0-4bd3-bcd3-8af11dfccd3c,coughvid_data/b0876225-48d0-4bd3-bcd3-8af11dfccd3c.wav,coughvid_data/b0876225-48d0-4bd3-bcd3-8af11dfccd3c.wav,0.0
d815317c-9da7-46d2-8e86-7bfc7d76d294,coughvid_data/d815317c-9da7-46d2-8e86-7bfc7d76d294.wav,coughvid_data/d815317c-9da7-46d2-8e86-7bfc7d76d294.wav,0.0
21faaaa1-2edf-49c6-bce0-72cfe57640a1,coughvid_data/21faaaa1-2edf-49c6-bce0-72cfe57640a1.wav,coughvid_data/21faaaa1-2edf-49c6-bce0-72cfe57640a1.wav,1.0
7104f578-b137-4512-87ec-25087490d590,coughvid_data/7104f578-b137-4512-87ec-25087490d590.wav,coughvid_data/7104f578-b137-4512-87ec-25087490d590.wav,0.0
6d714dc2-041f-4666-9266-735b7fb1aad8,coughvid_data/6d714dc2-041f-4666-9266-735b7fb1aad8.wav,coughvid_data/6d714dc2-041f-4666-9266-735b7fb1aad8.wav,0.0
2cea1e3b-74f4-430b-b722-75e489217c22,coughvid_data/2cea1e3b-74f4-430b-b722-75e489217c22.wav,coughvid_data/2cea1e3b-74f4-430b-b722-75e489217c22.wav,0.0
f2ade1a7-6e99-436f-946e-62216e5d0bfb,coughvid_data/f2ade1a7-6e99-436f-946e-62216e5d0bfb.wav,coughvid_data/f2ade1a7-6e99-436f-946e-62216e5d0bfb.wav,1.0
678befc1-6627-400a-b35e-2bb2dadee915,coughvid_data/678befc1-6627-400a-b35e-2bb2dadee915.wav,coughvid_data/678befc1-6627-400a-b35e-2bb2dadee915.wav,1.0
1cef13ee-037d-49cb-bbd3-bbb44328cd91,coughvid_data/1cef13ee-037d-49cb-bbd3-bbb44328cd91.wav,coughvid_data/1cef13ee-037d-49cb-bbd3-bbb44328cd91.wav,1.0
3ae8d185-1986-4105-9a0d-1f96c69fc5cc,coughvid_data/3ae8d185-1986-4105-9a0d-1f96c69fc5cc.wav,coughvid_data/3ae8d185-1986-4105-9a0d-1f96c69fc5cc.wav,0.0
f4bae0d4-1717-4987-a5fc-9eb3b3f362c8,coughvid_data/f4bae0d4-1717-4987-a5fc-9eb3b3f362c8.wav,coughvid_data/f4bae0d4-1717-4987-a5fc-9eb3b3f362c8.wav,1.0
42445cbb-fe51-473e-8f47-69bb501447a2,coughvid_data/42445cbb-fe51-473e-8f47-69bb501447a2.wav,coughvid_data/42445cbb-fe51-473e-8f47-69bb501447a2.wav,1.0
21265596-4298-436f-9ff8-41bc29be0914,coughvid_data/21265596-4298-436f-9ff8-41bc29be0914.wav,coughvid_data/21265596-4298-436f-9ff8-41bc29be0914.wav,0.0
8dd8b3be-0a01-487a-affa-098d5bc66b39,coughvid_data/8dd8b3be-0a01-487a-affa-098d5bc66b39.wav,coughvid_data/8dd8b3be-0a01-487a-affa-098d5bc66b39.wav,1.0
cc4c18f7-9986-4dc6-9994-8c78b430da3c,coughvid_data/cc4c18f7-9986-4dc6-9994-8c78b430da3c.wav,coughvid_data/cc4c18f7-9986-4dc6-9994-8c78b430da3c.wav,1.0
fd737a9d-0a57-484d-8873-c7fbe42cf615,coughvid_data/fd737a9d-0a57-484d-8873-c7fbe42cf615.wav,coughvid_data/fd737a9d-0a57-484d-8873-c7fbe42cf615.wav,1.0
9de7aa86-2a67-40e9-9c47-8487de5a3739,coughvid_data/9de7aa86-2a67-40e9-9c47-8487de5a3739.wav,coughvid_data/9de7aa86-2a67-40e9-9c47-8487de5a3739.wav,0.0
12f1c7bf-0c76-4e9e-be72-b39b4e868d92,coughvid_data/12f1c7bf-0c76-4e9e-be72-b39b4e868d92.wav,coughvid_data/12f1c7bf-0c76-4e9e-be72-b39b4e868d92.wav,0.0
c800b4ab-67d6-4d56-8578-3498e57b56ac,coughvid_data/c800b4ab-67d6-4d56-8578-3498e57b56ac.wav,coughvid_data/c800b4ab-67d6-4d56-8578-3498e57b56ac.wav,0.0
326ec52d-464a-4ace-8d38-1155828c0dcf,coughvid_data/326ec52d-464a-4ace-8d38-1155828c0dcf.wav,coughvid_data/326ec52d-464a-4ace-8d38-1155828c0dcf.wav,1.0
6fb97a20-536a-494a-93c9-61ac81cfcf7f,coughvid_data/6fb97a20-536a-494a-93c9-61ac81cfcf7f.wav,coughvid_data/6fb97a20-536a-494a-93c9-61ac81cfcf7f.wav,1.0
6394d9e4-7d1c-4792-ace7-a0ddeaa55606,coughvid_data/6394d9e4-7d1c-4792-ace7-a0ddeaa55606.wav,coughvid_data/6394d9e4-7d1c-4792-ace7-a0ddeaa55606.wav,0.0
3373c83b-eaaa-4490-a2e0-df626c7959c1,coughvid_data/3373c83b-eaaa-4490-a2e0-df626c7959c1.wav,coughvid_data/3373c83b-eaaa-4490-a2e0-df626c7959c1.wav,0.0
2a2b0ce3-f025-4692-a4f7-2d31b4305402,coughvid_data/2a2b0ce3-f025-4692-a4f7-2d31b4305402.wav,coughvid_data/2a2b0ce3-f025-4692-a4f7-2d31b4305402.wav,0.0
6f6520d9-37cf-4a18-a797-4aa645f28ad0,coughvid_data/6f6520d9-37cf-4a18-a797-4aa645f28ad0.wav,coughvid_data/6f6520d9-37cf-4a18-a797-4aa645f28ad0.wav,1.0
45018581-a5e8-442f-852b-5bd8f8bdf946,coughvid_data/45018581-a5e8-442f-852b-5bd8f8bdf946.wav,coughvid_data/45018581-a5e8-442f-852b-5bd8f8bdf946.wav,1.0
d10bccdb-8e8e-40a3-acd4-9594d307c15c,coughvid_data/d10bccdb-8e8e-40a3-acd4-9594d307c15c.wav,coughvid_data/d10bccdb-8e8e-40a3-acd4-9594d307c15c.wav,0.0
0c907751-b97d-420e-beed-ad1e09366204,coughvid_data/0c907751-b97d-420e-beed-ad1e09366204.wav,coughvid_data/0c907751-b97d-420e-beed-ad1e09366204.wav,1.0
786049c1-1b3b-4def-8c2b-eea58bbb2963,coughvid_data/786049c1-1b3b-4def-8c2b-eea58bbb2963.wav,coughvid_data/786049c1-1b3b-4def-8c2b-eea58bbb2963.wav,0.0
3824bfa6-f4ed-4b2b-8924-568e3dae4484,coughvid_data/3824bfa6-f4ed-4b2b-8924-568e3dae4484.wav,coughvid_data/3824bfa6-f4ed-4b2b-8924-568e3dae4484.wav,1.0
00989cdb-ba34-413f-9c0a-ffa6864bf54e,coughvid_data/00989cdb-ba34-413f-9c0a-ffa6864bf54e.wav,coughvid_data/00989cdb-ba34-413f-9c0a-ffa6864bf54e.wav,0.0
920e4140-2c5e-4374-8f86-9f81d309ee26,coughvid_data/920e4140-2c5e-4374-8f86-9f81d309ee26.wav,coughvid_data/920e4140-2c5e-4374-8f86-9f81d309ee26.wav,1.0
d6b8bb60-0e3f-42c6-b9b4-b39ae440c45f,coughvid_data/d6b8bb60-0e3f-42c6-b9b4-b39ae440c45f.wav,coughvid_data/d6b8bb60-0e3f-42c6-b9b4-b39ae440c45f.wav,0.0
2ace1ad5-14d9-4e38-be7c-331c25f4d05d,coughvid_data/2ace1ad5-14d9-4e38-be7c-331c25f4d05d.wav,coughvid_data/2ace1ad5-14d9-4e38-be7c-331c25f4d05d.wav,0.0
beaef8a3-79bd-4a9b-a6b9-120d90b574a7,coughvid_data/beaef8a3-79bd-4a9b-a6b9-120d90b574a7.wav,coughvid_data/beaef8a3-79bd-4a9b-a6b9-120d90b574a7.wav,0.0
e1880fef-e891-400b-ba81-2b8db0bc9cc6,coughvid_data/e1880fef-e891-400b-ba81-2b8db0bc9cc6.wav,coughvid_data/e1880fef-e891-400b-ba81-2b8db0bc9cc6.wav,0.0
2519f0bc-6606-4537-acc2-b8fdec0ee15c,coughvid_data/2519f0bc-6606-4537-acc2-b8fdec0ee15c.wav,coughvid_data/2519f0bc-6606-4537-acc2-b8fdec0ee15c.wav,1.0
950a6962-4e33-456c-96f6-16a952b78672,coughvid_data/950a6962-4e33-456c-96f6-16a952b78672.wav,coughvid_data/950a6962-4e33-456c-96f6-16a952b78672.wav,1.0
29ad5545-58db-4e0e-996b-b135ca3b2930,coughvid_data/29ad5545-58db-4e0e-996b-b135ca3b2930.wav,coughvid_data/29ad5545-58db-4e0e-996b-b135ca3b2930.wav,0.0
06e9197b-9b40-4bde-bde8-9e78242a60ac,coughvid_data/06e9197b-9b40-4bde-bde8-9e78242a60ac.wav,coughvid_data/06e9197b-9b40-4bde-bde8-9e78242a60ac.wav,1.0
9eccdc59-d860-4e63-8ea4-3673297af701,coughvid_data/9eccdc59-d860-4e63-8ea4-3673297af701.wav,coughvid_data/9eccdc59-d860-4e63-8ea4-3673297af701.wav,0.0
f18061ed-dc5a-4d84-b5d6-293b374792d0,coughvid_data/f18061ed-dc5a-4d84-b5d6-293b374792d0.wav,coughvid_data/f18061ed-dc5a-4d84-b5d6-293b374792d0.wav,0.0
87300d00-9d1f-4ecc-b5cf-acf39bf50ec7,coughvid_data/87300d00-9d1f-4ecc-b5cf-acf39bf50ec7.wav,coughvid_data/87300d00-9d1f-4ecc-b5cf-acf39bf50ec7.wav,0.0
9b1c4078-453a-42e9-8c5d-beae21d02fd8,coughvid_data/9b1c4078-453a-42e9-8c5d-beae21d02fd8.wav,coughvid_data/9b1c4078-453a-42e9-8c5d-beae21d02fd8.wav,0.0
96253d06-375b-4a63-a149-7190af9538f4,coughvid_data/96253d06-375b-4a63-a149-7190af9538f4.wav,coughvid_data/96253d06-375b-4a63-a149-7190af9538f4.wav,0.0
cbd36799-6ad7-4243-b1a6-7ea647de2362,coughvid_data/cbd36799-6ad7-4243-b1a6-7ea647de2362.wav,coughvid_data/cbd36799-6ad7-4243-b1a6-7ea647de2362.wav,1.0
801a4a3b-69df-4d96-87cb-9d9b9ff3e765,coughvid_data/801a4a3b-69df-4d96-87cb-9d9b9ff3e765.wav,coughvid_data/801a4a3b-69df-4d96-87cb-9d9b9ff3e765.wav,0.0
bcc5f3f1-37d7-42a5-ac80-1ca907612ae0,coughvid_data/bcc5f3f1-37d7-42a5-ac80-1ca907612ae0.wav,coughvid_data/bcc5f3f1-37d7-42a5-ac80-1ca907612ae0.wav,0.0
de195487-3863-4bd2-99aa-93178e4da6f0,coughvid_data/de195487-3863-4bd2-99aa-93178e4da6f0.wav,coughvid_data/de195487-3863-4bd2-99aa-93178e4da6f0.wav,0.0
0e1bee6c-4787-4847-87f3-8d7f8a76ce8a,coughvid_data/0e1bee6c-4787-4847-87f3-8d7f8a76ce8a.wav,coughvid_data/0e1bee6c-4787-4847-87f3-8d7f8a76ce8a.wav,0.0
2bfeaad8-8f36-42a4-8d79-75284196a758,coughvid_data/2bfeaad8-8f36-42a4-8d79-75284196a758.wav,coughvid_data/2bfeaad8-8f36-42a4-8d79-75284196a758.wav,0.0
a2286cac-653f-414d-9da6-e0734c7b5d54,coughvid_data/a2286cac-653f-414d-9da6-e0734c7b5d54.wav,coughvid_data/a2286cac-653f-414d-9da6-e0734c7b5d54.wav,0.0
bbb25e2f-8f40-420f-a2e5-fb2a24796481,coughvid_data/bbb25e2f-8f40-420f-a2e5-fb2a24796481.wav,coughvid_data/bbb25e2f-8f40-420f-a2e5-fb2a24796481.wav,1.0
c7f44f1f-09a4-4227-b6b8-6320c2b1c491,coughvid_data/c7f44f1f-09a4-4227-b6b8-6320c2b1c491.wav,coughvid_data/c7f44f1f-09a4-4227-b6b8-6320c2b1c491.wav,1.0
9eb78aa3-6833-4f0e-95c2-908512cacbbb,coughvid_data/9eb78aa3-6833-4f0e-95c2-908512cacbbb.wav,coughvid_data/9eb78aa3-6833-4f0e-95c2-908512cacbbb.wav,1.0
383a52c9-7c07-4c3a-8d6e-c29caf849508,coughvid_data/383a52c9-7c07-4c3a-8d6e-c29caf849508.wav,coughvid_data/383a52c9-7c07-4c3a-8d6e-c29caf849508.wav,0.0
cd18fec7-6d89-444c-9881-4de5e76340ea,coughvid_data/cd18fec7-6d89-444c-9881-4de5e76340ea.wav,coughvid_data/cd18fec7-6d89-444c-9881-4de5e76340ea.wav,1.0
7f44ccc6-9f7d-411c-a0e7-02864107e481,coughvid_data/7f44ccc6-9f7d-411c-a0e7-02864107e481.wav,coughvid_data/7f44ccc6-9f7d-411c-a0e7-02864107e481.wav,0.0
0b590d4e-484c-4379-83a7-535df2c16319,coughvid_data/0b590d4e-484c-4379-83a7-535df2c16319.wav,coughvid_data/0b590d4e-484c-4379-83a7-535df2c16319.wav,0.0
0b02e75b-91b9-4afc-bc5d-243b90c406d0,coughvid_data/0b02e75b-91b9-4afc-bc5d-243b90c406d0.wav,coughvid_data/0b02e75b-91b9-4afc-bc5d-243b90c406d0.wav,1.0
ae699cec-d7b8-467c-8dc7-a89fb7830384,coughvid_data/ae699cec-d7b8-467c-8dc7-a89fb7830384.wav,coughvid_data/ae699cec-d7b8-467c-8dc7-a89fb7830384.wav,0.0
745249f1-9500-45b5-be70-2f735087540e,coughvid_data/745249f1-9500-45b5-be70-2f735087540e.wav,coughvid_data/745249f1-9500-45b5-be70-2f735087540e.wav,1.0
84b39e54-1788-4b16-875f-6696701f13d8,coughvid_data/84b39e54-1788-4b16-875f-6696701f13d8.wav,coughvid_data/84b39e54-1788-4b16-875f-6696701f13d8.wav,1.0
028a85df-56dd-4a7d-a4fe-c137190f0eb1,coughvid_data/028a85df-56dd-4a7d-a4fe-c137190f0eb1.wav,coughvid_data/028a85df-56dd-4a7d-a4fe-c137190f0eb1.wav,1.0
a1adda03-c00e-48e3-9ec8-d5c5ca778cc2,coughvid_data/a1adda03-c00e-48e3-9ec8-d5c5ca778cc2.wav,coughvid_data/a1adda03-c00e-48e3-9ec8-d5c5ca778cc2.wav,1.0
9638ccab-8965-48e0-b472-31d2d19b604c,coughvid_data/9638ccab-8965-48e0-b472-31d2d19b604c.wav,coughvid_data/9638ccab-8965-48e0-b472-31d2d19b604c.wav,0.0
f8ec1064-b783-4d47-addb-675b17f7da50,coughvid_data/f8ec1064-b783-4d47-addb-675b17f7da50.wav,coughvid_data/f8ec1064-b783-4d47-addb-675b17f7da50.wav,0.0
d57a882e-39dd-4322-92a5-247b9b10314a,coughvid_data/d57a882e-39dd-4322-92a5-247b9b10314a.wav,coughvid_data/d57a882e-39dd-4322-92a5-247b9b10314a.wav,0.0
f2a36460-032b-4eb1-b7c2-d983593bca81,coughvid_data/f2a36460-032b-4eb1-b7c2-d983593bca81.wav,coughvid_data/f2a36460-032b-4eb1-b7c2-d983593bca81.wav,1.0
1d471862-8805-411b-bd10-2b8e9ffdf718,coughvid_data/1d471862-8805-411b-bd10-2b8e9ffdf718.wav,coughvid_data/1d471862-8805-411b-bd10-2b8e9ffdf718.wav,1.0
f0b733c3-b896-40ac-a703-3c1bc5bd8283,coughvid_data/f0b733c3-b896-40ac-a703-3c1bc5bd8283.wav,coughvid_data/f0b733c3-b896-40ac-a703-3c1bc5bd8283.wav,1.0
09d8968a-d7da-455c-a37d-6340f7d1e666,coughvid_data/09d8968a-d7da-455c-a37d-6340f7d1e666.wav,coughvid_data/09d8968a-d7da-455c-a37d-6340f7d1e666.wav,0.0
e0c17e25-b480-4350-ac1f-0b0c09c44a85,coughvid_data/e0c17e25-b480-4350-ac1f-0b0c09c44a85.wav,coughvid_data/e0c17e25-b480-4350-ac1f-0b0c09c44a85.wav,1.0
0fa593eb-28fb-41c9-bc29-9c765de48342,coughvid_data/0fa593eb-28fb-41c9-bc29-9c765de48342.wav,coughvid_data/0fa593eb-28fb-41c9-bc29-9c765de48342.wav,0.0
e47f6b52-afa4-4028-9efb-ac1690eec830,coughvid_data/e47f6b52-afa4-4028-9efb-ac1690eec830.wav,coughvid_data/e47f6b52-afa4-4028-9efb-ac1690eec830.wav,1.0
a68d7b37-9520-4b1b-b93d-ef99d794e551,coughvid_data/a68d7b37-9520-4b1b-b93d-ef99d794e551.wav,coughvid_data/a68d7b37-9520-4b1b-b93d-ef99d794e551.wav,1.0
1d120109-bee0-4597-8fc6-c8eaf97cab5c,coughvid_data/1d120109-bee0-4597-8fc6-c8eaf97cab5c.wav,coughvid_data/1d120109-bee0-4597-8fc6-c8eaf97cab5c.wav,1.0
edcaa176-0914-47b6-b503-6ef6b946bc6f,coughvid_data/edcaa176-0914-47b6-b503-6ef6b946bc6f.wav,coughvid_data/edcaa176-0914-47b6-b503-6ef6b946bc6f.wav,0.0
81825a50-89b0-4cb4-822d-0d15b9106abb,coughvid_data/81825a50-89b0-4cb4-822d-0d15b9106abb.wav,coughvid_data/81825a50-89b0-4cb4-822d-0d15b9106abb.wav,1.0
7ec0d4e7-c4e0-440f-b818-9dcdb6d3db9e,coughvid_data/7ec0d4e7-c4e0-440f-b818-9dcdb6d3db9e.wav,coughvid_data/7ec0d4e7-c4e0-440f-b818-9dcdb6d3db9e.wav,0.0
1a4668fe-d82d-47e8-bd2d-801dd0a68b44,coughvid_data/1a4668fe-d82d-47e8-bd2d-801dd0a68b44.wav,coughvid_data/1a4668fe-d82d-47e8-bd2d-801dd0a68b44.wav,1.0
31439a2c-fa4c-4370-95b5-0bbbc8d9b44b,coughvid_data/31439a2c-fa4c-4370-95b5-0bbbc8d9b44b.wav,coughvid_data/31439a2c-fa4c-4370-95b5-0bbbc8d9b44b.wav,1.0
77afe63c-2bb9-49c9-b17c-ce000ffc52df,coughvid_data/77afe63c-2bb9-49c9-b17c-ce000ffc52df.wav,coughvid_data/77afe63c-2bb9-49c9-b17c-ce000ffc52df.wav,1.0
2cf55988-cf02-4ef7-b129-5e52deb42793,coughvid_data/2cf55988-cf02-4ef7-b129-5e52deb42793.wav,coughvid_data/2cf55988-cf02-4ef7-b129-5e52deb42793.wav,0.0
92fdbe67-6e0d-4e1e-bdfd-8275b923ea4b,coughvid_data/92fdbe67-6e0d-4e1e-bdfd-8275b923ea4b.wav,coughvid_data/92fdbe67-6e0d-4e1e-bdfd-8275b923ea4b.wav,0.0
5e44d90f-6162-4205-9ef1-558dbe7eee5e,coughvid_data/5e44d90f-6162-4205-9ef1-558dbe7eee5e.wav,coughvid_data/5e44d90f-6162-4205-9ef1-558dbe7eee5e.wav,0.0
90b7a730-4682-4efe-9b6e-b477e519980d,coughvid_data/90b7a730-4682-4efe-9b6e-b477e519980d.wav,coughvid_data/90b7a730-4682-4efe-9b6e-b477e519980d.wav,1.0
a3ba2cbc-8acb-4105-bef6-7f9cd4b67ec9,coughvid_data/a3ba2cbc-8acb-4105-bef6-7f9cd4b67ec9.wav,coughvid_data/a3ba2cbc-8acb-4105-bef6-7f9cd4b67ec9.wav,0.0
20f1c5c5-e7c4-47ad-be46-a8c86237ad27,coughvid_data/20f1c5c5-e7c4-47ad-be46-a8c86237ad27.wav,coughvid_data/20f1c5c5-e7c4-47ad-be46-a8c86237ad27.wav,0.0
0b8e4b26-6b3b-4f54-8950-095ca688f61d,coughvid_data/0b8e4b26-6b3b-4f54-8950-095ca688f61d.wav,coughvid_data/0b8e4b26-6b3b-4f54-8950-095ca688f61d.wav,0.0
5511eca1-f71c-4ba7-90fe-c287a93e5e18,coughvid_data/5511eca1-f71c-4ba7-90fe-c287a93e5e18.wav,coughvid_data/5511eca1-f71c-4ba7-90fe-c287a93e5e18.wav,0.0
44e26aa2-c9bf-4063-8caa-262c77232007,coughvid_data/44e26aa2-c9bf-4063-8caa-262c77232007.wav,coughvid_data/44e26aa2-c9bf-4063-8caa-262c77232007.wav,0.0
ea783521-7fe9-4e65-9dd1-ba4d30126bae,coughvid_data/ea783521-7fe9-4e65-9dd1-ba4d30126bae.wav,coughvid_data/ea783521-7fe9-4e65-9dd1-ba4d30126bae.wav,1.0
2e8de829-c42b-40ad-94c2-4f9565ba6f0a,coughvid_data/2e8de829-c42b-40ad-94c2-4f9565ba6f0a.wav,coughvid_data/2e8de829-c42b-40ad-94c2-4f9565ba6f0a.wav,0.0
03c95fac-9565-4a1a-ada2-0bde9f9fc320,coughvid_data/03c95fac-9565-4a1a-ada2-0bde9f9fc320.wav,coughvid_data/03c95fac-9565-4a1a-ada2-0bde9f9fc320.wav,0.0
ed7551d7-13c4-46bc-a9b7-a04cf874593c,coughvid_data/ed7551d7-13c4-46bc-a9b7-a04cf874593c.wav,coughvid_data/ed7551d7-13c4-46bc-a9b7-a04cf874593c.wav,0.0
ab66dd31-eff5-4fff-85b2-621dcaa83a83,coughvid_data/ab66dd31-eff5-4fff-85b2-621dcaa83a83.wav,coughvid_data/ab66dd31-eff5-4fff-85b2-621dcaa83a83.wav,0.0
6167b7f0-ecf1-4e88-aa71-51f1b7885380,coughvid_data/6167b7f0-ecf1-4e88-aa71-51f1b7885380.wav,coughvid_data/6167b7f0-ecf1-4e88-aa71-51f1b7885380.wav,0.0
6d8aef6e-b844-4113-bffa-fdd19d085f13,coughvid_data/6d8aef6e-b844-4113-bffa-fdd19d085f13.wav,coughvid_data/6d8aef6e-b844-4113-bffa-fdd19d085f13.wav,0.0
5642c0d8-4dd3-4f8f-ac67-6fdae9d10dc0,coughvid_data/5642c0d8-4dd3-4f8f-ac67-6fdae9d10dc0.wav,coughvid_data/5642c0d8-4dd3-4f8f-ac67-6fdae9d10dc0.wav,1.0
4179eecf-249a-40f7-b364-12ce14362e3b,coughvid_data/4179eecf-249a-40f7-b364-12ce14362e3b.wav,coughvid_data/4179eecf-249a-40f7-b364-12ce14362e3b.wav,0.0
a2efff13-a8c2-4c3a-8ec4-31376780db01,coughvid_data/a2efff13-a8c2-4c3a-8ec4-31376780db01.wav,coughvid_data/a2efff13-a8c2-4c3a-8ec4-31376780db01.wav,1.0
533ee8dc-56b9-403e-95c8-0a95f8ddb31c,coughvid_data/533ee8dc-56b9-403e-95c8-0a95f8ddb31c.wav,coughvid_data/533ee8dc-56b9-403e-95c8-0a95f8ddb31c.wav,1.0
28c76cca-15d8-490a-a785-9bbb5c21fd26,coughvid_data/28c76cca-15d8-490a-a785-9bbb5c21fd26.wav,coughvid_data/28c76cca-15d8-490a-a785-9bbb5c21fd26.wav,1.0
c4fd1e4e-a3e0-48ae-b380-271cdbb53fd1,coughvid_data/c4fd1e4e-a3e0-48ae-b380-271cdbb53fd1.wav,coughvid_data/c4fd1e4e-a3e0-48ae-b380-271cdbb53fd1.wav,1.0
2fc77df4-3c1d-44e3-bba6-d160d086d5ae,coughvid_data/2fc77df4-3c1d-44e3-bba6-d160d086d5ae.wav,coughvid_data/2fc77df4-3c1d-44e3-bba6-d160d086d5ae.wav,0.0
861b8b14-ee7a-4ae7-aa0f-497709e70e8d,coughvid_data/861b8b14-ee7a-4ae7-aa0f-497709e70e8d.wav,coughvid_data/861b8b14-ee7a-4ae7-aa0f-497709e70e8d.wav,1.0
404833a5-7dce-41ef-a6fb-c3c82d620d2c,coughvid_data/404833a5-7dce-41ef-a6fb-c3c82d620d2c.wav,coughvid_data/404833a5-7dce-41ef-a6fb-c3c82d620d2c.wav,1.0
e92dbe53-38eb-4ff0-bf63-85ed6cf56a86,coughvid_data/e92dbe53-38eb-4ff0-bf63-85ed6cf56a86.wav,coughvid_data/e92dbe53-38eb-4ff0-bf63-85ed6cf56a86.wav,1.0
1705ab9a-a039-47f1-88c2-bff9911e3b02,coughvid_data/1705ab9a-a039-47f1-88c2-bff9911e3b02.wav,coughvid_data/1705ab9a-a039-47f1-88c2-bff9911e3b02.wav,1.0
a1d3bfcc-61dd-475b-bf26-8ef50be2109d,coughvid_data/a1d3bfcc-61dd-475b-bf26-8ef50be2109d.wav,coughvid_data/a1d3bfcc-61dd-475b-bf26-8ef50be2109d.wav,0.0
85eef4ec-c8e8-4635-a6c3-2d194057f7f2,coughvid_data/85eef4ec-c8e8-4635-a6c3-2d194057f7f2.wav,coughvid_data/85eef4ec-c8e8-4635-a6c3-2d194057f7f2.wav,1.0
844bf559-d161-49ae-99a7-4f65cc2dc60a,coughvid_data/844bf559-d161-49ae-99a7-4f65cc2dc60a.wav,coughvid_data/844bf559-d161-49ae-99a7-4f65cc2dc60a.wav,0.0
ac13c557-49a6-4ffb-baae-6c8e67c8de93,coughvid_data/ac13c557-49a6-4ffb-baae-6c8e67c8de93.wav,coughvid_data/ac13c557-49a6-4ffb-baae-6c8e67c8de93.wav,1.0
2067607b-b66d-45f8-bd99-73a0c146b910,coughvid_data/2067607b-b66d-45f8-bd99-73a0c146b910.wav,coughvid_data/2067607b-b66d-45f8-bd99-73a0c146b910.wav,0.0
b1f5c32e-25aa-4256-8349-e88db1ca3a65,coughvid_data/b1f5c32e-25aa-4256-8349-e88db1ca3a65.wav,coughvid_data/b1f5c32e-25aa-4256-8349-e88db1ca3a65.wav,0.0
5eda54ee-a3cb-4624-8f28-d2f04b51e374,coughvid_data/5eda54ee-a3cb-4624-8f28-d2f04b51e374.wav,coughvid_data/5eda54ee-a3cb-4624-8f28-d2f04b51e374.wav,1.0
38ee80a3-47a0-45ef-a600-d757d02dc6f9,coughvid_data/38ee80a3-47a0-45ef-a600-d757d02dc6f9.wav,coughvid_data/38ee80a3-47a0-45ef-a600-d757d02dc6f9.wav,0.0
5e46e799-fe1d-47ac-8038-98f38a0f14a1,coughvid_data/5e46e799-fe1d-47ac-8038-98f38a0f14a1.wav,coughvid_data/5e46e799-fe1d-47ac-8038-98f38a0f14a1.wav,1.0
4e50bdce-fc78-4e6f-adf7-34a684adb06f,coughvid_data/4e50bdce-fc78-4e6f-adf7-34a684adb06f.wav,coughvid_data/4e50bdce-fc78-4e6f-adf7-34a684adb06f.wav,1.0
dd67cd53-8c86-4e28-995e-e7f99618e44a,coughvid_data/dd67cd53-8c86-4e28-995e-e7f99618e44a.wav,coughvid_data/dd67cd53-8c86-4e28-995e-e7f99618e44a.wav,1.0
7cb538f3-3ba2-46ce-a52d-c29f63815697,coughvid_data/7cb538f3-3ba2-46ce-a52d-c29f63815697.wav,coughvid_data/7cb538f3-3ba2-46ce-a52d-c29f63815697.wav,1.0
8919109a-6d65-4505-8f48-9130a528f637,coughvid_data/8919109a-6d65-4505-8f48-9130a528f637.wav,coughvid_data/8919109a-6d65-4505-8f48-9130a528f637.wav,0.0
17d24069-d006-4a03-b217-c51884ff60a7,coughvid_data/17d24069-d006-4a03-b217-c51884ff60a7.wav,coughvid_data/17d24069-d006-4a03-b217-c51884ff60a7.wav,1.0
b45b254c-97f5-41d4-bcf8-0d974e8dac7b,coughvid_data/b45b254c-97f5-41d4-bcf8-0d974e8dac7b.wav,coughvid_data/b45b254c-97f5-41d4-bcf8-0d974e8dac7b.wav,1.0
2a7328f9-4c7b-461e-8975-0809d0c49de9,coughvid_data/2a7328f9-4c7b-461e-8975-0809d0c49de9.wav,coughvid_data/2a7328f9-4c7b-461e-8975-0809d0c49de9.wav,1.0
0b302155-515f-49b5-9aba-e08f20999f70,coughvid_data/0b302155-515f-49b5-9aba-e08f20999f70.wav,coughvid_data/0b302155-515f-49b5-9aba-e08f20999f70.wav,0.0
460a8717-0a50-4e1f-b399-86e27cc31579,coughvid_data/460a8717-0a50-4e1f-b399-86e27cc31579.wav,coughvid_data/460a8717-0a50-4e1f-b399-86e27cc31579.wav,1.0
6ac31f05-0765-425e-9aa0-21ecc8e3c773,coughvid_data/6ac31f05-0765-425e-9aa0-21ecc8e3c773.wav,coughvid_data/6ac31f05-0765-425e-9aa0-21ecc8e3c773.wav,1.0
bfe91e2a-deaa-4fef-9303-aad18078916b,coughvid_data/bfe91e2a-deaa-4fef-9303-aad18078916b.wav,coughvid_data/bfe91e2a-deaa-4fef-9303-aad18078916b.wav,0.0
ed7a1973-2d72-43a7-ac73-9d6a875a5023,coughvid_data/ed7a1973-2d72-43a7-ac73-9d6a875a5023.wav,coughvid_data/ed7a1973-2d72-43a7-ac73-9d6a875a5023.wav,0.0
15a4ecf2-1486-4cc3-b0b0-916bead6d62d,coughvid_data/15a4ecf2-1486-4cc3-b0b0-916bead6d62d.wav,coughvid_data/15a4ecf2-1486-4cc3-b0b0-916bead6d62d.wav,1.0
58fd3171-e65d-4d6e-9d53-0cfb142b1045,coughvid_data/58fd3171-e65d-4d6e-9d53-0cfb142b1045.wav,coughvid_data/58fd3171-e65d-4d6e-9d53-0cfb142b1045.wav,1.0
caa1ac2a-26b7-4e52-b98d-9e6b57dd5899,coughvid_data/caa1ac2a-26b7-4e52-b98d-9e6b57dd5899.wav,coughvid_data/caa1ac2a-26b7-4e52-b98d-9e6b57dd5899.wav,1.0
d6612b70-9fbc-455f-8e70-306b2b05dd19,coughvid_data/d6612b70-9fbc-455f-8e70-306b2b05dd19.wav,coughvid_data/d6612b70-9fbc-455f-8e70-306b2b05dd19.wav,1.0
69fa7776-b70f-4618-bb41-e09d3bf57d38,coughvid_data/69fa7776-b70f-4618-bb41-e09d3bf57d38.wav,coughvid_data/69fa7776-b70f-4618-bb41-e09d3bf57d38.wav,0.0
2489322b-0fbc-477d-81dd-2fd426524a1b,coughvid_data/2489322b-0fbc-477d-81dd-2fd426524a1b.wav,coughvid_data/2489322b-0fbc-477d-81dd-2fd426524a1b.wav,1.0
3b976209-e034-49d0-8f3f-f667e132e455,coughvid_data/3b976209-e034-49d0-8f3f-f667e132e455.wav,coughvid_data/3b976209-e034-49d0-8f3f-f667e132e455.wav,0.0
18caf96f-b426-4bd2-8f4d-98f35421465f,coughvid_data/18caf96f-b426-4bd2-8f4d-98f35421465f.wav,coughvid_data/18caf96f-b426-4bd2-8f4d-98f35421465f.wav,0.0
b4ffcb92-3c05-47a8-bf44-0a7dfd16fc63,coughvid_data/b4ffcb92-3c05-47a8-bf44-0a7dfd16fc63.wav,coughvid_data/b4ffcb92-3c05-47a8-bf44-0a7dfd16fc63.wav,1.0
e05db62f-a88f-4033-8d20-bf5528ac1360,coughvid_data/e05db62f-a88f-4033-8d20-bf5528ac1360.wav,coughvid_data/e05db62f-a88f-4033-8d20-bf5528ac1360.wav,0.0
b79371b1-c75e-4939-9221-6f463b834486,coughvid_data/b79371b1-c75e-4939-9221-6f463b834486.wav,coughvid_data/b79371b1-c75e-4939-9221-6f463b834486.wav,1.0
bc2f7789-e1d8-44d2-883c-3a315237642f,coughvid_data/bc2f7789-e1d8-44d2-883c-3a315237642f.wav,coughvid_data/bc2f7789-e1d8-44d2-883c-3a315237642f.wav,0.0
71c5c320-667d-462a-a7ca-7f60d062ab66,coughvid_data/71c5c320-667d-462a-a7ca-7f60d062ab66.wav,coughvid_data/71c5c320-667d-462a-a7ca-7f60d062ab66.wav,0.0
8697cd69-ad22-4518-97a2-b60e4df47b16,coughvid_data/8697cd69-ad22-4518-97a2-b60e4df47b16.wav,coughvid_data/8697cd69-ad22-4518-97a2-b60e4df47b16.wav,1.0
c7e30576-95f5-488d-b5ac-6682159baf0b,coughvid_data/c7e30576-95f5-488d-b5ac-6682159baf0b.wav,coughvid_data/c7e30576-95f5-488d-b5ac-6682159baf0b.wav,0.0
a60bf085-66db-4186-a1e5-5d1c15d0dec3,coughvid_data/a60bf085-66db-4186-a1e5-5d1c15d0dec3.wav,coughvid_data/a60bf085-66db-4186-a1e5-5d1c15d0dec3.wav,0.0
e2a202e2-0a01-4f6f-9e56-7b2092d5e85b,coughvid_data/e2a202e2-0a01-4f6f-9e56-7b2092d5e85b.wav,coughvid_data/e2a202e2-0a01-4f6f-9e56-7b2092d5e85b.wav,1.0
303af005-4a03-45e4-88bb-9005dfbcf3c3,coughvid_data/303af005-4a03-45e4-88bb-9005dfbcf3c3.wav,coughvid_data/303af005-4a03-45e4-88bb-9005dfbcf3c3.wav,0.0
d18517b4-8077-4e93-8389-98121da7d24e,coughvid_data/d18517b4-8077-4e93-8389-98121da7d24e.wav,coughvid_data/d18517b4-8077-4e93-8389-98121da7d24e.wav,1.0
135645f7-0fd0-4bc1-b84a-0da57a94f4fb,coughvid_data/135645f7-0fd0-4bc1-b84a-0da57a94f4fb.wav,coughvid_data/135645f7-0fd0-4bc1-b84a-0da57a94f4fb.wav,0.0
f5fd5084-8168-4d40-bb4a-6c913fa38c97,coughvid_data/f5fd5084-8168-4d40-bb4a-6c913fa38c97.wav,coughvid_data/f5fd5084-8168-4d40-bb4a-6c913fa38c97.wav,0.0
cbf3eac5-05af-4466-b608-c91fd8769c21,coughvid_data/cbf3eac5-05af-4466-b608-c91fd8769c21.wav,coughvid_data/cbf3eac5-05af-4466-b608-c91fd8769c21.wav,0.0
d1c5069b-7adb-4846-af40-c28988606384,coughvid_data/d1c5069b-7adb-4846-af40-c28988606384.wav,coughvid_data/d1c5069b-7adb-4846-af40-c28988606384.wav,1.0
f6e15a14-d4f8-4c2d-a5e4-fdc08133e8f0,coughvid_data/f6e15a14-d4f8-4c2d-a5e4-fdc08133e8f0.wav,coughvid_data/f6e15a14-d4f8-4c2d-a5e4-fdc08133e8f0.wav,0.0
4b738df0-e61c-4e11-abdd-b0f72b7069e4,coughvid_data/4b738df0-e61c-4e11-abdd-b0f72b7069e4.wav,coughvid_data/4b738df0-e61c-4e11-abdd-b0f72b7069e4.wav,1.0
d07e4f28-d901-4c74-a849-ccaa432173f8,coughvid_data/d07e4f28-d901-4c74-a849-ccaa432173f8.wav,coughvid_data/d07e4f28-d901-4c74-a849-ccaa432173f8.wav,1.0
e025e25c-be70-4d39-9431-f435be039ca2,coughvid_data/e025e25c-be70-4d39-9431-f435be039ca2.wav,coughvid_data/e025e25c-be70-4d39-9431-f435be039ca2.wav,1.0
59655502-7370-47fd-ada1-5424e973c89f,coughvid_data/59655502-7370-47fd-ada1-5424e973c89f.wav,coughvid_data/59655502-7370-47fd-ada1-5424e973c89f.wav,1.0
c9653a4d-32c2-484f-9589-53e2b9a0d04e,coughvid_data/c9653a4d-32c2-484f-9589-53e2b9a0d04e.wav,coughvid_data/c9653a4d-32c2-484f-9589-53e2b9a0d04e.wav,1.0
d630feb4-78c3-4eda-a6f0-117ca989b0fc,coughvid_data/d630feb4-78c3-4eda-a6f0-117ca989b0fc.wav,coughvid_data/d630feb4-78c3-4eda-a6f0-117ca989b0fc.wav,0.0
c4f90c6a-6f8a-4ce9-bbdd-ef457e294a29,coughvid_data/c4f90c6a-6f8a-4ce9-bbdd-ef457e294a29.wav,coughvid_data/c4f90c6a-6f8a-4ce9-bbdd-ef457e294a29.wav,0.0
78500f29-e9c1-4abf-ad29-fb279bf359f7,coughvid_data/78500f29-e9c1-4abf-ad29-fb279bf359f7.wav,coughvid_data/78500f29-e9c1-4abf-ad29-fb279bf359f7.wav,1.0
b47e0380-3177-440b-afe0-abfaf36d045a,coughvid_data/b47e0380-3177-440b-afe0-abfaf36d045a.wav,coughvid_data/b47e0380-3177-440b-afe0-abfaf36d045a.wav,1.0
ff3f5855-1c09-409d-9176-f8fe918186c5,coughvid_data/ff3f5855-1c09-409d-9176-f8fe918186c5.wav,coughvid_data/ff3f5855-1c09-409d-9176-f8fe918186c5.wav,1.0
8f506c87-f2b3-411f-82b7-5bcf75e7d2f2,coughvid_data/8f506c87-f2b3-411f-82b7-5bcf75e7d2f2.wav,coughvid_data/8f506c87-f2b3-411f-82b7-5bcf75e7d2f2.wav,1.0
c305c647-2fc6-4a9e-a9bf-aed33faf0719,coughvid_data/c305c647-2fc6-4a9e-a9bf-aed33faf0719.wav,coughvid_data/c305c647-2fc6-4a9e-a9bf-aed33faf0719.wav,1.0
99932734-baf1-45e4-994c-1675ffc56ed0,coughvid_data/99932734-baf1-45e4-994c-1675ffc56ed0.wav,coughvid_data/99932734-baf1-45e4-994c-1675ffc56ed0.wav,1.0
960336ac-2567-4136-8ee8-f8564d556822,coughvid_data/960336ac-2567-4136-8ee8-f8564d556822.wav,coughvid_data/960336ac-2567-4136-8ee8-f8564d556822.wav,1.0
67413757-4126-4d93-be62-b62c83775abb,coughvid_data/67413757-4126-4d93-be62-b62c83775abb.wav,coughvid_data/67413757-4126-4d93-be62-b62c83775abb.wav,1.0
fa81f7b1-e22b-449a-bef7-7f00cabf4b26,coughvid_data/fa81f7b1-e22b-449a-bef7-7f00cabf4b26.wav,coughvid_data/fa81f7b1-e22b-449a-bef7-7f00cabf4b26.wav,1.0
04cc2c07-2d87-46a8-a60a-27edf382b7ce,coughvid_data/04cc2c07-2d87-46a8-a60a-27edf382b7ce.wav,coughvid_data/04cc2c07-2d87-46a8-a60a-27edf382b7ce.wav,1.0
ed215bd4-39ce-4f25-bccc-883934dc7209,coughvid_data/ed215bd4-39ce-4f25-bccc-883934dc7209.wav,coughvid_data/ed215bd4-39ce-4f25-bccc-883934dc7209.wav,1.0
4df3114c-7e0e-45d7-824d-f3f75ba63bf2,coughvid_data/4df3114c-7e0e-45d7-824d-f3f75ba63bf2.wav,coughvid_data/4df3114c-7e0e-45d7-824d-f3f75ba63bf2.wav,0.0
dd784349-db61-413c-becd-df3725bde38a,coughvid_data/dd784349-db61-413c-becd-df3725bde38a.wav,coughvid_data/dd784349-db61-413c-becd-df3725bde38a.wav,0.0
8f1e1b50-1421-45b0-8cd3-22ce4b1b832f,coughvid_data/8f1e1b50-1421-45b0-8cd3-22ce4b1b832f.wav,coughvid_data/8f1e1b50-1421-45b0-8cd3-22ce4b1b832f.wav,0.0
a7a8b643-17cb-40bd-97cf-cb7003125c17,coughvid_data/a7a8b643-17cb-40bd-97cf-cb7003125c17.wav,coughvid_data/a7a8b643-17cb-40bd-97cf-cb7003125c17.wav,1.0
d0c8a249-99f8-4327-a486-16e75d2c2ab5,coughvid_data/d0c8a249-99f8-4327-a486-16e75d2c2ab5.wav,coughvid_data/d0c8a249-99f8-4327-a486-16e75d2c2ab5.wav,1.0
84a92a0f-8511-49a7-83e9-cc1193327408,coughvid_data/84a92a0f-8511-49a7-83e9-cc1193327408.wav,coughvid_data/84a92a0f-8511-49a7-83e9-cc1193327408.wav,1.0
b5963a81-38f7-4cc8-9b99-ed23b2c4e3f6,coughvid_data/b5963a81-38f7-4cc8-9b99-ed23b2c4e3f6.wav,coughvid_data/b5963a81-38f7-4cc8-9b99-ed23b2c4e3f6.wav,0.0
cd783d0b-502b-43db-a9d6-7c76af78f441,coughvid_data/cd783d0b-502b-43db-a9d6-7c76af78f441.wav,coughvid_data/cd783d0b-502b-43db-a9d6-7c76af78f441.wav,0.0
219fd505-5d9e-49ca-beef-e815feb78179,coughvid_data/219fd505-5d9e-49ca-beef-e815feb78179.wav,coughvid_data/219fd505-5d9e-49ca-beef-e815feb78179.wav,1.0
cfe3e055-ae8f-42c1-ab16-8a488183cbf0,coughvid_data/cfe3e055-ae8f-42c1-ab16-8a488183cbf0.wav,coughvid_data/cfe3e055-ae8f-42c1-ab16-8a488183cbf0.wav,1.0
6a9d6283-b5c8-4de1-a325-49c1166311ef,coughvid_data/6a9d6283-b5c8-4de1-a325-49c1166311ef.wav,coughvid_data/6a9d6283-b5c8-4de1-a325-49c1166311ef.wav,1.0
fea1b8bf-8a01-4030-a60f-4160193a83fc,coughvid_data/fea1b8bf-8a01-4030-a60f-4160193a83fc.wav,coughvid_data/fea1b8bf-8a01-4030-a60f-4160193a83fc.wav,0.0
040095eb-4103-49c6-95e0-d0182613a046,coughvid_data/040095eb-4103-49c6-95e0-d0182613a046.wav,coughvid_data/040095eb-4103-49c6-95e0-d0182613a046.wav,1.0
56b702d7-2d51-4ed3-b2de-327438d9bdc5,coughvid_data/56b702d7-2d51-4ed3-b2de-327438d9bdc5.wav,coughvid_data/56b702d7-2d51-4ed3-b2de-327438d9bdc5.wav,0.0
d2ed69e0-56d6-4c9c-a329-07511ce093b7,coughvid_data/d2ed69e0-56d6-4c9c-a329-07511ce093b7.wav,coughvid_data/d2ed69e0-56d6-4c9c-a329-07511ce093b7.wav,0.0
2b907f26-5522-4b7d-a5e1-60e2277f148b,coughvid_data/2b907f26-5522-4b7d-a5e1-60e2277f148b.wav,coughvid_data/2b907f26-5522-4b7d-a5e1-60e2277f148b.wav,1.0
0bd36cfe-4f9f-480e-8525-8553889b21b3,coughvid_data/0bd36cfe-4f9f-480e-8525-8553889b21b3.wav,coughvid_data/0bd36cfe-4f9f-480e-8525-8553889b21b3.wav,0.0
a6b121c6-a751-403e-9531-0ff7a544497b,coughvid_data/a6b121c6-a751-403e-9531-0ff7a544497b.wav,coughvid_data/a6b121c6-a751-403e-9531-0ff7a544497b.wav,1.0
9a531e80-a6dd-4359-b49f-0313dccbc1de,coughvid_data/9a531e80-a6dd-4359-b49f-0313dccbc1de.wav,coughvid_data/9a531e80-a6dd-4359-b49f-0313dccbc1de.wav,0.0
cf0e4148-cf5b-49af-b97e-0e9f91e25468,coughvid_data/cf0e4148-cf5b-49af-b97e-0e9f91e25468.wav,coughvid_data/cf0e4148-cf5b-49af-b97e-0e9f91e25468.wav,1.0
b97cb5a8-e327-4d61-9242-70b2407d7f6d,coughvid_data/b97cb5a8-e327-4d61-9242-70b2407d7f6d.wav,coughvid_data/b97cb5a8-e327-4d61-9242-70b2407d7f6d.wav,1.0
b65e27e3-2173-4916-92ac-b709096c376c,coughvid_data/b65e27e3-2173-4916-92ac-b709096c376c.wav,coughvid_data/b65e27e3-2173-4916-92ac-b709096c376c.wav,1.0
076f59de-0637-4ee1-951c-f2e0784e8a53,coughvid_data/076f59de-0637-4ee1-951c-f2e0784e8a53.wav,coughvid_data/076f59de-0637-4ee1-951c-f2e0784e8a53.wav,1.0
2e56a27f-bde9-413e-b534-8b8309906292,coughvid_data/2e56a27f-bde9-413e-b534-8b8309906292.wav,coughvid_data/2e56a27f-bde9-413e-b534-8b8309906292.wav,1.0
c1258979-ef7c-4bde-a8ec-d08242fbd1a5,coughvid_data/c1258979-ef7c-4bde-a8ec-d08242fbd1a5.wav,coughvid_data/c1258979-ef7c-4bde-a8ec-d08242fbd1a5.wav,0.0
e8326b4c-aa2c-4dc2-956c-9920a4cd12ca,coughvid_data/e8326b4c-aa2c-4dc2-956c-9920a4cd12ca.wav,coughvid_data/e8326b4c-aa2c-4dc2-956c-9920a4cd12ca.wav,1.0
66fb2214-2dee-412b-ab5a-782f781e443f,coughvid_data/66fb2214-2dee-412b-ab5a-782f781e443f.wav,coughvid_data/66fb2214-2dee-412b-ab5a-782f781e443f.wav,0.0
a3f69768-bd21-47cb-baa8-06bac6a8461e,coughvid_data/a3f69768-bd21-47cb-baa8-06bac6a8461e.wav,coughvid_data/a3f69768-bd21-47cb-baa8-06bac6a8461e.wav,1.0
c9d9952d-990b-4e8a-b34f-323d5b485fb3,coughvid_data/c9d9952d-990b-4e8a-b34f-323d5b485fb3.wav,coughvid_data/c9d9952d-990b-4e8a-b34f-323d5b485fb3.wav,1.0
e9bf0a5a-ff96-480b-a54a-f647143e1d6f,coughvid_data/e9bf0a5a-ff96-480b-a54a-f647143e1d6f.wav,coughvid_data/e9bf0a5a-ff96-480b-a54a-f647143e1d6f.wav,1.0
d57c341d-a375-40df-84a7-d8d828a9c774,coughvid_data/d57c341d-a375-40df-84a7-d8d828a9c774.wav,coughvid_data/d57c341d-a375-40df-84a7-d8d828a9c774.wav,0.0
54c1c58d-d4a1-4b1f-be46-18609f7de650,coughvid_data/54c1c58d-d4a1-4b1f-be46-18609f7de650.wav,coughvid_data/54c1c58d-d4a1-4b1f-be46-18609f7de650.wav,1.0
a9a3fc57-1c46-49b1-9075-602fec2f0650,coughvid_data/a9a3fc57-1c46-49b1-9075-602fec2f0650.wav,coughvid_data/a9a3fc57-1c46-49b1-9075-602fec2f0650.wav,0.0
8a03a752-1ec9-478e-a541-dedbfff95391,coughvid_data/8a03a752-1ec9-478e-a541-dedbfff95391.wav,coughvid_data/8a03a752-1ec9-478e-a541-dedbfff95391.wav,1.0
969bdb13-71e1-43c9-991a-b5d938c1b7f6,coughvid_data/969bdb13-71e1-43c9-991a-b5d938c1b7f6.wav,coughvid_data/969bdb13-71e1-43c9-991a-b5d938c1b7f6.wav,0.0
d4c13f89-891e-4c6b-b77f-133ab957adc0,coughvid_data/d4c13f89-891e-4c6b-b77f-133ab957adc0.wav,coughvid_data/d4c13f89-891e-4c6b-b77f-133ab957adc0.wav,0.0
4c8ab216-ed1c-40f8-9272-742f3f16efaa,coughvid_data/4c8ab216-ed1c-40f8-9272-742f3f16efaa.wav,coughvid_data/4c8ab216-ed1c-40f8-9272-742f3f16efaa.wav,0.0
8cb53fee-67d8-48f6-85eb-b74eab71d4bf,coughvid_data/8cb53fee-67d8-48f6-85eb-b74eab71d4bf.wav,coughvid_data/8cb53fee-67d8-48f6-85eb-b74eab71d4bf.wav,1.0
044bef15-95d2-4ce6-8feb-667d81868c74,coughvid_data/044bef15-95d2-4ce6-8feb-667d81868c74.wav,coughvid_data/044bef15-95d2-4ce6-8feb-667d81868c74.wav,1.0
68f9e00a-560c-456c-be91-6b733f3bfa8c,coughvid_data/68f9e00a-560c-456c-be91-6b733f3bfa8c.wav,coughvid_data/68f9e00a-560c-456c-be91-6b733f3bfa8c.wav,0.0
a2c4999f-df6f-42a7-b733-3d10536b6d03,coughvid_data/a2c4999f-df6f-42a7-b733-3d10536b6d03.wav,coughvid_data/a2c4999f-df6f-42a7-b733-3d10536b6d03.wav,1.0
2557e788-6b40-463f-abbd-dc56a49340b9,coughvid_data/2557e788-6b40-463f-abbd-dc56a49340b9.wav,coughvid_data/2557e788-6b40-463f-abbd-dc56a49340b9.wav,1.0
bfcc0909-53df-40de-a561-06ba09facbfc,coughvid_data/bfcc0909-53df-40de-a561-06ba09facbfc.wav,coughvid_data/bfcc0909-53df-40de-a561-06ba09facbfc.wav,1.0
ba5da266-13c3-49c2-8c3f-4eaed4bd3f1a,coughvid_data/ba5da266-13c3-49c2-8c3f-4eaed4bd3f1a.wav,coughvid_data/ba5da266-13c3-49c2-8c3f-4eaed4bd3f1a.wav,0.0
71bedd48-5ea9-422b-96d7-38929bc44595,coughvid_data/71bedd48-5ea9-422b-96d7-38929bc44595.wav,coughvid_data/71bedd48-5ea9-422b-96d7-38929bc44595.wav,0.0
cf701e11-d828-45d4-ad04-ceceb7920886,coughvid_data/cf701e11-d828-45d4-ad04-ceceb7920886.wav,coughvid_data/cf701e11-d828-45d4-ad04-ceceb7920886.wav,1.0
212cb0e5-d5db-444d-a4fb-d60113566be3,coughvid_data/212cb0e5-d5db-444d-a4fb-d60113566be3.wav,coughvid_data/212cb0e5-d5db-444d-a4fb-d60113566be3.wav,0.0
dd6ad745-f24b-4924-8b0d-c50e4c650b52,coughvid_data/dd6ad745-f24b-4924-8b0d-c50e4c650b52.wav,coughvid_data/dd6ad745-f24b-4924-8b0d-c50e4c650b52.wav,1.0
fbdc6329-8731-4c92-a5e1-b331b43758a2,coughvid_data/fbdc6329-8731-4c92-a5e1-b331b43758a2.wav,coughvid_data/fbdc6329-8731-4c92-a5e1-b331b43758a2.wav,0.0
7fe58bc1-6f08-4eee-801c-0c8bf9287fd5,coughvid_data/7fe58bc1-6f08-4eee-801c-0c8bf9287fd5.wav,coughvid_data/7fe58bc1-6f08-4eee-801c-0c8bf9287fd5.wav,1.0
b4cf842e-2b88-4625-80dc-0cf2fe5b0958,coughvid_data/b4cf842e-2b88-4625-80dc-0cf2fe5b0958.wav,coughvid_data/b4cf842e-2b88-4625-80dc-0cf2fe5b0958.wav,0.0
2177612b-2c6e-4812-8139-b5bd1c018526,coughvid_data/2177612b-2c6e-4812-8139-b5bd1c018526.wav,coughvid_data/2177612b-2c6e-4812-8139-b5bd1c018526.wav,1.0
8ebca537-22d5-45fd-9f1c-60a58622284d,coughvid_data/8ebca537-22d5-45fd-9f1c-60a58622284d.wav,coughvid_data/8ebca537-22d5-45fd-9f1c-60a58622284d.wav,1.0
b1e96e84-1c8d-4f95-b35e-c6ae3119f34c,coughvid_data/b1e96e84-1c8d-4f95-b35e-c6ae3119f34c.wav,coughvid_data/b1e96e84-1c8d-4f95-b35e-c6ae3119f34c.wav,1.0
e0b4c130-8d4d-4baa-b92c-f3e534602506,coughvid_data/e0b4c130-8d4d-4baa-b92c-f3e534602506.wav,coughvid_data/e0b4c130-8d4d-4baa-b92c-f3e534602506.wav,1.0
70e9456b-09bf-4699-af38-a14066dbade4,coughvid_data/70e9456b-09bf-4699-af38-a14066dbade4.wav,coughvid_data/70e9456b-09bf-4699-af38-a14066dbade4.wav,1.0
f6c16684-fb7b-4c06-9df5-704a76a4baa1,coughvid_data/f6c16684-fb7b-4c06-9df5-704a76a4baa1.wav,coughvid_data/f6c16684-fb7b-4c06-9df5-704a76a4baa1.wav,1.0
c64c354b-663e-43b7-943d-815dca82ae8b,coughvid_data/c64c354b-663e-43b7-943d-815dca82ae8b.wav,coughvid_data/c64c354b-663e-43b7-943d-815dca82ae8b.wav,0.0
e61586d9-2aab-4af7-a582-9dbec1ee1d38,coughvid_data/e61586d9-2aab-4af7-a582-9dbec1ee1d38.wav,coughvid_data/e61586d9-2aab-4af7-a582-9dbec1ee1d38.wav,1.0
adf09492-9624-4260-956e-94304ff5ca57,coughvid_data/adf09492-9624-4260-956e-94304ff5ca57.wav,coughvid_data/adf09492-9624-4260-956e-94304ff5ca57.wav,0.0
e9dc4885-def2-4685-903a-89d953b8288d,coughvid_data/e9dc4885-def2-4685-903a-89d953b8288d.wav,coughvid_data/e9dc4885-def2-4685-903a-89d953b8288d.wav,1.0
d8eecbf9-f0ca-4321-a1b7-9e8746ad4ed8,coughvid_data/d8eecbf9-f0ca-4321-a1b7-9e8746ad4ed8.wav,coughvid_data/d8eecbf9-f0ca-4321-a1b7-9e8746ad4ed8.wav,1.0
14c918f8-f3c3-4452-b3d0-382aac12b82b,coughvid_data/14c918f8-f3c3-4452-b3d0-382aac12b82b.wav,coughvid_data/14c918f8-f3c3-4452-b3d0-382aac12b82b.wav,1.0
08be37d7-f0d3-486a-bdc0-3da0173bbab2,coughvid_data/08be37d7-f0d3-486a-bdc0-3da0173bbab2.wav,coughvid_data/08be37d7-f0d3-486a-bdc0-3da0173bbab2.wav,1.0
88b51d0f-9bef-417e-8279-9155c2f2090a,coughvid_data/88b51d0f-9bef-417e-8279-9155c2f2090a.wav,coughvid_data/88b51d0f-9bef-417e-8279-9155c2f2090a.wav,1.0
2b4d4a2a-15d0-4eb5-be88-3ace68983962,coughvid_data/2b4d4a2a-15d0-4eb5-be88-3ace68983962.wav,coughvid_data/2b4d4a2a-15d0-4eb5-be88-3ace68983962.wav,0.0
051e4b7c-a3a2-49c3-b3e8-e31099e5a932,coughvid_data/051e4b7c-a3a2-49c3-b3e8-e31099e5a932.wav,coughvid_data/051e4b7c-a3a2-49c3-b3e8-e31099e5a932.wav,1.0
689c6e6e-c00e-440f-82c5-b385f1fe01e1,coughvid_data/689c6e6e-c00e-440f-82c5-b385f1fe01e1.wav,coughvid_data/689c6e6e-c00e-440f-82c5-b385f1fe01e1.wav,0.0
d198f229-bf67-4080-ba06-f480d323c7fb,coughvid_data/d198f229-bf67-4080-ba06-f480d323c7fb.wav,coughvid_data/d198f229-bf67-4080-ba06-f480d323c7fb.wav,1.0
179fdef4-4d4f-41f2-8047-8cf9b1d67a0d,coughvid_data/179fdef4-4d4f-41f2-8047-8cf9b1d67a0d.wav,coughvid_data/179fdef4-4d4f-41f2-8047-8cf9b1d67a0d.wav,1.0
0651b541-90ed-4575-a2d9-9c0b54646df5,coughvid_data/0651b541-90ed-4575-a2d9-9c0b54646df5.wav,coughvid_data/0651b541-90ed-4575-a2d9-9c0b54646df5.wav,1.0
c58588e3-6940-4c80-a715-20a9df4df5eb,coughvid_data/c58588e3-6940-4c80-a715-20a9df4df5eb.wav,coughvid_data/c58588e3-6940-4c80-a715-20a9df4df5eb.wav,0.0
60dd67f9-5336-46aa-8c94-3bf1ee7a4629,coughvid_data/60dd67f9-5336-46aa-8c94-3bf1ee7a4629.wav,coughvid_data/60dd67f9-5336-46aa-8c94-3bf1ee7a4629.wav,0.0
b58dc602-195c-4253-bb92-ef936b8770f9,coughvid_data/b58dc602-195c-4253-bb92-ef936b8770f9.wav,coughvid_data/b58dc602-195c-4253-bb92-ef936b8770f9.wav,0.0
c3d76e0d-92d6-40d8-bc32-e64aa147239e,coughvid_data/c3d76e0d-92d6-40d8-bc32-e64aa147239e.wav,coughvid_data/c3d76e0d-92d6-40d8-bc32-e64aa147239e.wav,1.0
c7a4fff7-bd40-49d1-8bce-ac5320fcca82,coughvid_data/c7a4fff7-bd40-49d1-8bce-ac5320fcca82.wav,coughvid_data/c7a4fff7-bd40-49d1-8bce-ac5320fcca82.wav,1.0
d0bfa5cf-81c6-4dda-9107-aeed731067ee,coughvid_data/d0bfa5cf-81c6-4dda-9107-aeed731067ee.wav,coughvid_data/d0bfa5cf-81c6-4dda-9107-aeed731067ee.wav,0.0
4c68c276-82fb-4baa-aa93-8a0394179b79,coughvid_data/4c68c276-82fb-4baa-aa93-8a0394179b79.wav,coughvid_data/4c68c276-82fb-4baa-aa93-8a0394179b79.wav,1.0
b6ad6b8e-d647-4a31-a414-3c79a1006e80,coughvid_data/b6ad6b8e-d647-4a31-a414-3c79a1006e80.wav,coughvid_data/b6ad6b8e-d647-4a31-a414-3c79a1006e80.wav,1.0
8e3e3af2-e6bb-44f1-8fa2-545e5951e0ed,coughvid_data/8e3e3af2-e6bb-44f1-8fa2-545e5951e0ed.wav,coughvid_data/8e3e3af2-e6bb-44f1-8fa2-545e5951e0ed.wav,1.0
f523fb13-a553-45ed-bc3d-1aa331ac228e,coughvid_data/f523fb13-a553-45ed-bc3d-1aa331ac228e.wav,coughvid_data/f523fb13-a553-45ed-bc3d-1aa331ac228e.wav,0.0
70e372cd-8a8b-4670-9363-ee183859aab7,coughvid_data/70e372cd-8a8b-4670-9363-ee183859aab7.wav,coughvid_data/70e372cd-8a8b-4670-9363-ee183859aab7.wav,1.0
7ad731ad-7876-4e6d-8f83-3a108051dddc,coughvid_data/7ad731ad-7876-4e6d-8f83-3a108051dddc.wav,coughvid_data/7ad731ad-7876-4e6d-8f83-3a108051dddc.wav,0.0
bddd3108-fec9-44eb-862b-68e9a9cdb7b3,coughvid_data/bddd3108-fec9-44eb-862b-68e9a9cdb7b3.wav,coughvid_data/bddd3108-fec9-44eb-862b-68e9a9cdb7b3.wav,1.0
dec14ae5-8c31-42d9-a915-015f907f1f8e,coughvid_data/dec14ae5-8c31-42d9-a915-015f907f1f8e.wav,coughvid_data/dec14ae5-8c31-42d9-a915-015f907f1f8e.wav,0.0
ceb41cab-bd03-4ce5-b6bf-7890667ee554,coughvid_data/ceb41cab-bd03-4ce5-b6bf-7890667ee554.wav,coughvid_data/ceb41cab-bd03-4ce5-b6bf-7890667ee554.wav,1.0
888b744a-d5ca-40dd-9074-b073cad7967a,coughvid_data/888b744a-d5ca-40dd-9074-b073cad7967a.wav,coughvid_data/888b744a-d5ca-40dd-9074-b073cad7967a.wav,1.0
8415865d-ad88-4f5d-825f-aa970dd6f523,coughvid_data/8415865d-ad88-4f5d-825f-aa970dd6f523.wav,coughvid_data/8415865d-ad88-4f5d-825f-aa970dd6f523.wav,1.0
e6d21be3-e101-41cc-bc17-f470d41fcdb9,coughvid_data/e6d21be3-e101-41cc-bc17-f470d41fcdb9.wav,coughvid_data/e6d21be3-e101-41cc-bc17-f470d41fcdb9.wav,1.0
6e29affb-7dac-4747-8200-760c5857fce6,coughvid_data/6e29affb-7dac-4747-8200-760c5857fce6.wav,coughvid_data/6e29affb-7dac-4747-8200-760c5857fce6.wav,1.0
c60a0d42-c153-480e-83f1-91f8ec2b5806,coughvid_data/c60a0d42-c153-480e-83f1-91f8ec2b5806.wav,coughvid_data/c60a0d42-c153-480e-83f1-91f8ec2b5806.wav,1.0
a0a4317d-b068-4b3f-969b-a7a655555740,coughvid_data/a0a4317d-b068-4b3f-969b-a7a655555740.wav,coughvid_data/a0a4317d-b068-4b3f-969b-a7a655555740.wav,0.0
550996d4-95c7-42cb-9d85-f43411d1377e,coughvid_data/550996d4-95c7-42cb-9d85-f43411d1377e.wav,coughvid_data/550996d4-95c7-42cb-9d85-f43411d1377e.wav,1.0
0cbb5c85-7512-4b59-b491-e01c23a7a8a5,coughvid_data/0cbb5c85-7512-4b59-b491-e01c23a7a8a5.wav,coughvid_data/0cbb5c85-7512-4b59-b491-e01c23a7a8a5.wav,1.0
129d3e36-713c-44af-b659-607791e6909a,coughvid_data/129d3e36-713c-44af-b659-607791e6909a.wav,coughvid_data/129d3e36-713c-44af-b659-607791e6909a.wav,1.0
3b922896-0a4c-4047-bcc1-c9db06f9f0b2,coughvid_data/3b922896-0a4c-4047-bcc1-c9db06f9f0b2.wav,coughvid_data/3b922896-0a4c-4047-bcc1-c9db06f9f0b2.wav,0.0
614ea639-235d-4181-b43f-caa64f732cc3,coughvid_data/614ea639-235d-4181-b43f-caa64f732cc3.wav,coughvid_data/614ea639-235d-4181-b43f-caa64f732cc3.wav,0.0
2c92cca2-4c5c-4c69-8a85-d48bcfc3f66a,coughvid_data/2c92cca2-4c5c-4c69-8a85-d48bcfc3f66a.wav,coughvid_data/2c92cca2-4c5c-4c69-8a85-d48bcfc3f66a.wav,1.0
f6f5e3d4-1ce1-4bdb-a37b-e38a12e83a02,coughvid_data/f6f5e3d4-1ce1-4bdb-a37b-e38a12e83a02.wav,coughvid_data/f6f5e3d4-1ce1-4bdb-a37b-e38a12e83a02.wav,0.0
4fea55e6-f324-4096-93b3-b258533842bf,coughvid_data/4fea55e6-f324-4096-93b3-b258533842bf.wav,coughvid_data/4fea55e6-f324-4096-93b3-b258533842bf.wav,0.0
ce9693c4-3f39-49d6-84a4-4fc7d7e77873,coughvid_data/ce9693c4-3f39-49d6-84a4-4fc7d7e77873.wav,coughvid_data/ce9693c4-3f39-49d6-84a4-4fc7d7e77873.wav,1.0
f5f0501a-f976-4bbc-8240-3e5fa7673856,coughvid_data/f5f0501a-f976-4bbc-8240-3e5fa7673856.wav,coughvid_data/f5f0501a-f976-4bbc-8240-3e5fa7673856.wav,1.0
9ea40a63-1d7b-49ee-a8f6-8f6665f3ab71,coughvid_data/9ea40a63-1d7b-49ee-a8f6-8f6665f3ab71.wav,coughvid_data/9ea40a63-1d7b-49ee-a8f6-8f6665f3ab71.wav,0.0
b13768b2-890c-47d8-bc35-2a402efcc1d0,coughvid_data/b13768b2-890c-47d8-bc35-2a402efcc1d0.wav,coughvid_data/b13768b2-890c-47d8-bc35-2a402efcc1d0.wav,0.0
111ccb19-92b9-43e2-b44a-38cde5bf0ca5,coughvid_data/111ccb19-92b9-43e2-b44a-38cde5bf0ca5.wav,coughvid_data/111ccb19-92b9-43e2-b44a-38cde5bf0ca5.wav,1.0
00e627a2-6da6-452f-bd92-fc8c8719cbbd,coughvid_data/00e627a2-6da6-452f-bd92-fc8c8719cbbd.wav,coughvid_data/00e627a2-6da6-452f-bd92-fc8c8719cbbd.wav,1.0
0cb8780c-7418-4033-880b-d90d73a4fa7a,coughvid_data/0cb8780c-7418-4033-880b-d90d73a4fa7a.wav,coughvid_data/0cb8780c-7418-4033-880b-d90d73a4fa7a.wav,1.0
12c9b9aa-b76d-4ef3-9388-af0525d04bb5,coughvid_data/12c9b9aa-b76d-4ef3-9388-af0525d04bb5.wav,coughvid_data/12c9b9aa-b76d-4ef3-9388-af0525d04bb5.wav,1.0
cacd20d5-4ca3-4765-9ada-6c28f98958c5,coughvid_data/cacd20d5-4ca3-4765-9ada-6c28f98958c5.wav,coughvid_data/cacd20d5-4ca3-4765-9ada-6c28f98958c5.wav,1.0
bddaae48-d818-4445-b5b7-90660dfa3238,coughvid_data/bddaae48-d818-4445-b5b7-90660dfa3238.wav,coughvid_data/bddaae48-d818-4445-b5b7-90660dfa3238.wav,0.0
f2996602-a4bc-4a82-9d93-04dbe583287f,coughvid_data/f2996602-a4bc-4a82-9d93-04dbe583287f.wav,coughvid_data/f2996602-a4bc-4a82-9d93-04dbe583287f.wav,0.0
9015a21f-1996-4cfe-abc3-ad1717390e94,coughvid_data/9015a21f-1996-4cfe-abc3-ad1717390e94.wav,coughvid_data/9015a21f-1996-4cfe-abc3-ad1717390e94.wav,1.0
7b5f2b0f-7353-4798-bc93-c8c4d2f8b100,coughvid_data/7b5f2b0f-7353-4798-bc93-c8c4d2f8b100.wav,coughvid_data/7b5f2b0f-7353-4798-bc93-c8c4d2f8b100.wav,1.0
a0d270f7-5452-4704-8c3d-4c4b953a3c85,coughvid_data/a0d270f7-5452-4704-8c3d-4c4b953a3c85.wav,coughvid_data/a0d270f7-5452-4704-8c3d-4c4b953a3c85.wav,0.0
43dd6c5b-50da-49b3-add7-8ff30053dd56,coughvid_data/43dd6c5b-50da-49b3-add7-8ff30053dd56.wav,coughvid_data/43dd6c5b-50da-49b3-add7-8ff30053dd56.wav,0.0
32642e13-0cc0-4d36-b8b4-75c8fa30c342,coughvid_data/32642e13-0cc0-4d36-b8b4-75c8fa30c342.wav,coughvid_data/32642e13-0cc0-4d36-b8b4-75c8fa30c342.wav,1.0
0e3fc313-73fb-4b26-88da-ace347a03e01,coughvid_data/0e3fc313-73fb-4b26-88da-ace347a03e01.wav,coughvid_data/0e3fc313-73fb-4b26-88da-ace347a03e01.wav,0.0
89bb7d99-45fd-4199-90d1-ac000fa68a65,coughvid_data/89bb7d99-45fd-4199-90d1-ac000fa68a65.wav,coughvid_data/89bb7d99-45fd-4199-90d1-ac000fa68a65.wav,1.0
1c9eb67e-9d3f-44c1-a446-986115fa55e5,coughvid_data/1c9eb67e-9d3f-44c1-a446-986115fa55e5.wav,coughvid_data/1c9eb67e-9d3f-44c1-a446-986115fa55e5.wav,0.0
98619caa-1538-4530-83e4-e5844f9fb7c1,coughvid_data/98619caa-1538-4530-83e4-e5844f9fb7c1.wav,coughvid_data/98619caa-1538-4530-83e4-e5844f9fb7c1.wav,0.0
08121409-c27c-4c45-9269-8543230ee9d1,coughvid_data/08121409-c27c-4c45-9269-8543230ee9d1.wav,coughvid_data/08121409-c27c-4c45-9269-8543230ee9d1.wav,0.0
a2f769af-e441-4bac-a4dd-c81fef846d18,coughvid_data/a2f769af-e441-4bac-a4dd-c81fef846d18.wav,coughvid_data/a2f769af-e441-4bac-a4dd-c81fef846d18.wav,0.0
155bbb77-d693-4100-89c4-fc82e2996043,coughvid_data/155bbb77-d693-4100-89c4-fc82e2996043.wav,coughvid_data/155bbb77-d693-4100-89c4-fc82e2996043.wav,1.0
40d85036-2361-4e93-a79f-b37c443ecca4,coughvid_data/40d85036-2361-4e93-a79f-b37c443ecca4.wav,coughvid_data/40d85036-2361-4e93-a79f-b37c443ecca4.wav,0.0
1f85edf7-ebb2-4846-9900-ae12407248ce,coughvid_data/1f85edf7-ebb2-4846-9900-ae12407248ce.wav,coughvid_data/1f85edf7-ebb2-4846-9900-ae12407248ce.wav,0.0
da2b2b06-168c-4ae9-9718-7e2db431a113,coughvid_data/da2b2b06-168c-4ae9-9718-7e2db431a113.wav,coughvid_data/da2b2b06-168c-4ae9-9718-7e2db431a113.wav,1.0
17afe6e3-695b-48f2-947a-02919220af55,coughvid_data/17afe6e3-695b-48f2-947a-02919220af55.wav,coughvid_data/17afe6e3-695b-48f2-947a-02919220af55.wav,0.0
980490b7-443c-44b8-ae78-254fed606e67,coughvid_data/980490b7-443c-44b8-ae78-254fed606e67.wav,coughvid_data/980490b7-443c-44b8-ae78-254fed606e67.wav,1.0
c7af197c-0d8b-42b2-9808-1a9eb7fe0e62,coughvid_data/c7af197c-0d8b-42b2-9808-1a9eb7fe0e62.wav,coughvid_data/c7af197c-0d8b-42b2-9808-1a9eb7fe0e62.wav,1.0
36cb76d7-28b2-45ca-87c2-9627f1bc5728,coughvid_data/36cb76d7-28b2-45ca-87c2-9627f1bc5728.wav,coughvid_data/36cb76d7-28b2-45ca-87c2-9627f1bc5728.wav,0.0
5db881fb-2542-4c8b-b395-c461a53666d7,coughvid_data/5db881fb-2542-4c8b-b395-c461a53666d7.wav,coughvid_data/5db881fb-2542-4c8b-b395-c461a53666d7.wav,0.0
9b61378d-5c61-41ea-8465-f6225ebbf04b,coughvid_data/9b61378d-5c61-41ea-8465-f6225ebbf04b.wav,coughvid_data/9b61378d-5c61-41ea-8465-f6225ebbf04b.wav,1.0
9bad0848-6783-4dc2-adfc-c6c3a619a038,coughvid_data/9bad0848-6783-4dc2-adfc-c6c3a619a038.wav,coughvid_data/9bad0848-6783-4dc2-adfc-c6c3a619a038.wav,0.0
5b915794-6012-46d2-bf4e-740c5b9d5bea,coughvid_data/5b915794-6012-46d2-bf4e-740c5b9d5bea.wav,coughvid_data/5b915794-6012-46d2-bf4e-740c5b9d5bea.wav,1.0
2e337e32-fa03-4eee-828d-6278612b7f51,coughvid_data/2e337e32-fa03-4eee-828d-6278612b7f51.wav,coughvid_data/2e337e32-fa03-4eee-828d-6278612b7f51.wav,1.0
bcb6c957-c62c-4e7b-91a3-8e28ed788b5b,coughvid_data/bcb6c957-c62c-4e7b-91a3-8e28ed788b5b.wav,coughvid_data/bcb6c957-c62c-4e7b-91a3-8e28ed788b5b.wav,1.0
833a4fba-0956-4177-b5b0-49f57e888eb0,coughvid_data/833a4fba-0956-4177-b5b0-49f57e888eb0.wav,coughvid_data/833a4fba-0956-4177-b5b0-49f57e888eb0.wav,1.0
fa03e654-8b2b-45aa-b13e-978e451e7d49,coughvid_data/fa03e654-8b2b-45aa-b13e-978e451e7d49.wav,coughvid_data/fa03e654-8b2b-45aa-b13e-978e451e7d49.wav,1.0
17ee0f10-42d5-4122-9b18-381a4eeb652f,coughvid_data/17ee0f10-42d5-4122-9b18-381a4eeb652f.wav,coughvid_data/17ee0f10-42d5-4122-9b18-381a4eeb652f.wav,1.0
9cb376d1-0705-480f-a9a9-38a569c7b7c5,coughvid_data/9cb376d1-0705-480f-a9a9-38a569c7b7c5.wav,coughvid_data/9cb376d1-0705-480f-a9a9-38a569c7b7c5.wav,1.0
a9730bcd-ae4d-482e-8246-eaca3a8f3ade,coughvid_data/a9730bcd-ae4d-482e-8246-eaca3a8f3ade.wav,coughvid_data/a9730bcd-ae4d-482e-8246-eaca3a8f3ade.wav,1.0
8e1a1842-7c5d-4482-9bbb-f1213f8dd2ee,coughvid_data/8e1a1842-7c5d-4482-9bbb-f1213f8dd2ee.wav,coughvid_data/8e1a1842-7c5d-4482-9bbb-f1213f8dd2ee.wav,0.0
fe8a25e2-db6b-41b8-849e-25746624c10d,coughvid_data/fe8a25e2-db6b-41b8-849e-25746624c10d.wav,coughvid_data/fe8a25e2-db6b-41b8-849e-25746624c10d.wav,1.0
2490c73c-4d1a-412b-ab53-7bc377a852e6,coughvid_data/2490c73c-4d1a-412b-ab53-7bc377a852e6.wav,coughvid_data/2490c73c-4d1a-412b-ab53-7bc377a852e6.wav,0.0
16e38f16-6b3f-4a79-a50f-f3b0793dd194,coughvid_data/16e38f16-6b3f-4a79-a50f-f3b0793dd194.wav,coughvid_data/16e38f16-6b3f-4a79-a50f-f3b0793dd194.wav,0.0
9843b61a-6575-4424-9fbb-9bcac3865f59,coughvid_data/9843b61a-6575-4424-9fbb-9bcac3865f59.wav,coughvid_data/9843b61a-6575-4424-9fbb-9bcac3865f59.wav,1.0
006f340f-7067-4a95-ae52-97bf9ba31558,coughvid_data/006f340f-7067-4a95-ae52-97bf9ba31558.wav,coughvid_data/006f340f-7067-4a95-ae52-97bf9ba31558.wav,0.0
333ca4a1-557a-4be5-b2e3-9e572b3132ff,coughvid_data/333ca4a1-557a-4be5-b2e3-9e572b3132ff.wav,coughvid_data/333ca4a1-557a-4be5-b2e3-9e572b3132ff.wav,1.0
08f577fc-f695-43f5-8e21-1faded22f348,coughvid_data/08f577fc-f695-43f5-8e21-1faded22f348.wav,coughvid_data/08f577fc-f695-43f5-8e21-1faded22f348.wav,0.0
df9868d4-9ee9-4a56-a37c-81715a48712b,coughvid_data/df9868d4-9ee9-4a56-a37c-81715a48712b.wav,coughvid_data/df9868d4-9ee9-4a56-a37c-81715a48712b.wav,0.0
9ff2b1b5-a2e1-40c4-bb1f-61c182f6d3b3,coughvid_data/9ff2b1b5-a2e1-40c4-bb1f-61c182f6d3b3.wav,coughvid_data/9ff2b1b5-a2e1-40c4-bb1f-61c182f6d3b3.wav,1.0
d55e1245-8e87-4ef4-935e-1431ab1ed3aa,coughvid_data/d55e1245-8e87-4ef4-935e-1431ab1ed3aa.wav,coughvid_data/d55e1245-8e87-4ef4-935e-1431ab1ed3aa.wav,1.0
58064beb-d20e-4eb7-a10c-5a23865832fe,coughvid_data/58064beb-d20e-4eb7-a10c-5a23865832fe.wav,coughvid_data/58064beb-d20e-4eb7-a10c-5a23865832fe.wav,0.0
b2263a7f-4e37-445c-9689-5c135db26fc4,coughvid_data/b2263a7f-4e37-445c-9689-5c135db26fc4.wav,coughvid_data/b2263a7f-4e37-445c-9689-5c135db26fc4.wav,0.0
943e7fbd-9c6a-485e-bab0-59344086d3c8,coughvid_data/943e7fbd-9c6a-485e-bab0-59344086d3c8.wav,coughvid_data/943e7fbd-9c6a-485e-bab0-59344086d3c8.wav,1.0
a20d7bbb-a1e8-40bc-8b03-576facef5197,coughvid_data/a20d7bbb-a1e8-40bc-8b03-576facef5197.wav,coughvid_data/a20d7bbb-a1e8-40bc-8b03-576facef5197.wav,0.0
1056dc9c-b7e6-4e7f-a7b1-71504cff50aa,coughvid_data/1056dc9c-b7e6-4e7f-a7b1-71504cff50aa.wav,coughvid_data/1056dc9c-b7e6-4e7f-a7b1-71504cff50aa.wav,1.0
b2c35aa9-d30f-45d2-ba36-6a4c2f19fb46,coughvid_data/b2c35aa9-d30f-45d2-ba36-6a4c2f19fb46.wav,coughvid_data/b2c35aa9-d30f-45d2-ba36-6a4c2f19fb46.wav,1.0
071bce7a-2bbe-4077-bbe0-62a377807169,coughvid_data/071bce7a-2bbe-4077-bbe0-62a377807169.wav,coughvid_data/071bce7a-2bbe-4077-bbe0-62a377807169.wav,1.0
94a9a0d5-b7a8-423b-ae09-719d9f4ea4ee,coughvid_data/94a9a0d5-b7a8-423b-ae09-719d9f4ea4ee.wav,coughvid_data/94a9a0d5-b7a8-423b-ae09-719d9f4ea4ee.wav,0.0
12be4dca-7ff7-4488-bc96-dc076c03b6d0,coughvid_data/12be4dca-7ff7-4488-bc96-dc076c03b6d0.wav,coughvid_data/12be4dca-7ff7-4488-bc96-dc076c03b6d0.wav,0.0
da5c2bf4-dd01-4820-bdfa-913b772d7f5d,coughvid_data/da5c2bf4-dd01-4820-bdfa-913b772d7f5d.wav,coughvid_data/da5c2bf4-dd01-4820-bdfa-913b772d7f5d.wav,0.0
2b859d21-a22b-4418-a11d-8f186e1a6c2f,coughvid_data/2b859d21-a22b-4418-a11d-8f186e1a6c2f.wav,coughvid_data/2b859d21-a22b-4418-a11d-8f186e1a6c2f.wav,1.0
53d3313f-63c8-4709-9a23-40dfa1a48aa6,coughvid_data/53d3313f-63c8-4709-9a23-40dfa1a48aa6.wav,coughvid_data/53d3313f-63c8-4709-9a23-40dfa1a48aa6.wav,0.0
660afa71-ac8d-4824-b751-3d23f4dc0013,coughvid_data/660afa71-ac8d-4824-b751-3d23f4dc0013.wav,coughvid_data/660afa71-ac8d-4824-b751-3d23f4dc0013.wav,1.0
657f183c-9e91-42ae-91cf-9de2992a7eb4,coughvid_data/657f183c-9e91-42ae-91cf-9de2992a7eb4.wav,coughvid_data/657f183c-9e91-42ae-91cf-9de2992a7eb4.wav,1.0
f9ff4227-9af1-49e7-b62d-e6071731880a,coughvid_data/f9ff4227-9af1-49e7-b62d-e6071731880a.wav,coughvid_data/f9ff4227-9af1-49e7-b62d-e6071731880a.wav,0.0
aade9aa9-bb4a-4473-bc18-57e7d1aa0eee,coughvid_data/aade9aa9-bb4a-4473-bc18-57e7d1aa0eee.wav,coughvid_data/aade9aa9-bb4a-4473-bc18-57e7d1aa0eee.wav,0.0
aeb63eba-7261-4d5a-9cf5-4f31357bcd57,coughvid_data/aeb63eba-7261-4d5a-9cf5-4f31357bcd57.wav,coughvid_data/aeb63eba-7261-4d5a-9cf5-4f31357bcd57.wav,1.0
e79d0700-f58c-49fb-ac01-4de73d7d4a7d,coughvid_data/e79d0700-f58c-49fb-ac01-4de73d7d4a7d.wav,coughvid_data/e79d0700-f58c-49fb-ac01-4de73d7d4a7d.wav,1.0
f423deaa-d20d-41de-af45-e54d87db948d,coughvid_data/f423deaa-d20d-41de-af45-e54d87db948d.wav,coughvid_data/f423deaa-d20d-41de-af45-e54d87db948d.wav,0.0
0ce2c5e0-cbe8-4940-ba84-32b49f9831ac,coughvid_data/0ce2c5e0-cbe8-4940-ba84-32b49f9831ac.wav,coughvid_data/0ce2c5e0-cbe8-4940-ba84-32b49f9831ac.wav,1.0
b575e4f8-db9c-4219-b0df-ad05766c8806,coughvid_data/b575e4f8-db9c-4219-b0df-ad05766c8806.wav,coughvid_data/b575e4f8-db9c-4219-b0df-ad05766c8806.wav,1.0
3fe29554-6aa5-4c73-ae7f-dd430eaa2f7a,coughvid_data/3fe29554-6aa5-4c73-ae7f-dd430eaa2f7a.wav,coughvid_data/3fe29554-6aa5-4c73-ae7f-dd430eaa2f7a.wav,1.0
251df144-7c03-4373-80c8-a83c0e1e58d7,coughvid_data/251df144-7c03-4373-80c8-a83c0e1e58d7.wav,coughvid_data/251df144-7c03-4373-80c8-a83c0e1e58d7.wav,0.0
3d447d2f-e57e-4dac-b03a-74a1919f93b5,coughvid_data/3d447d2f-e57e-4dac-b03a-74a1919f93b5.wav,coughvid_data/3d447d2f-e57e-4dac-b03a-74a1919f93b5.wav,0.0
76a89531-0406-4769-95ea-9ecb6c10e45c,coughvid_data/76a89531-0406-4769-95ea-9ecb6c10e45c.wav,coughvid_data/76a89531-0406-4769-95ea-9ecb6c10e45c.wav,0.0
e0febea5-a260-4776-82bf-651a52f6fcaa,coughvid_data/e0febea5-a260-4776-82bf-651a52f6fcaa.wav,coughvid_data/e0febea5-a260-4776-82bf-651a52f6fcaa.wav,0.0
9cefcba6-bea1-4131-a905-3d28e567344b,coughvid_data/9cefcba6-bea1-4131-a905-3d28e567344b.wav,coughvid_data/9cefcba6-bea1-4131-a905-3d28e567344b.wav,1.0
bc951a27-1e97-4609-95be-ac0ad29f4016,coughvid_data/bc951a27-1e97-4609-95be-ac0ad29f4016.wav,coughvid_data/bc951a27-1e97-4609-95be-ac0ad29f4016.wav,1.0
dcd085b9-d8d4-4c6f-8082-0214e523cdba,coughvid_data/dcd085b9-d8d4-4c6f-8082-0214e523cdba.wav,coughvid_data/dcd085b9-d8d4-4c6f-8082-0214e523cdba.wav,1.0
3d9dbe41-a5c3-4290-bc1e-d790eef96c20,coughvid_data/3d9dbe41-a5c3-4290-bc1e-d790eef96c20.wav,coughvid_data/3d9dbe41-a5c3-4290-bc1e-d790eef96c20.wav,0.0
f438e2e0-e912-4496-a0f3-75f856b36781,coughvid_data/f438e2e0-e912-4496-a0f3-75f856b36781.wav,coughvid_data/f438e2e0-e912-4496-a0f3-75f856b36781.wav,1.0
0136ee86-9793-4a07-a350-0925b14cde40,coughvid_data/0136ee86-9793-4a07-a350-0925b14cde40.wav,coughvid_data/0136ee86-9793-4a07-a350-0925b14cde40.wav,0.0
6998e5f2-1f29-4e5a-9cc4-7d905fc37456,coughvid_data/6998e5f2-1f29-4e5a-9cc4-7d905fc37456.wav,coughvid_data/6998e5f2-1f29-4e5a-9cc4-7d905fc37456.wav,0.0
4178da8a-4b6a-403b-9035-c2e5feefb663,coughvid_data/4178da8a-4b6a-403b-9035-c2e5feefb663.wav,coughvid_data/4178da8a-4b6a-403b-9035-c2e5feefb663.wav,0.0
debea7fc-99e5-42dd-8125-3714c23ee0e6,coughvid_data/debea7fc-99e5-42dd-8125-3714c23ee0e6.wav,coughvid_data/debea7fc-99e5-42dd-8125-3714c23ee0e6.wav,1.0
16266621-2e70-4bc9-a5d2-d95e81c7671f,coughvid_data/16266621-2e70-4bc9-a5d2-d95e81c7671f.wav,coughvid_data/16266621-2e70-4bc9-a5d2-d95e81c7671f.wav,1.0
48f95439-4eaf-46bf-8a2f-05149932b250,coughvid_data/48f95439-4eaf-46bf-8a2f-05149932b250.wav,coughvid_data/48f95439-4eaf-46bf-8a2f-05149932b250.wav,0.0
16f8c0d8-0a68-46c0-8875-84027b061d64,coughvid_data/16f8c0d8-0a68-46c0-8875-84027b061d64.wav,coughvid_data/16f8c0d8-0a68-46c0-8875-84027b061d64.wav,1.0
1275193c-8d02-495a-aa20-4dea475bdf1b,coughvid_data/1275193c-8d02-495a-aa20-4dea475bdf1b.wav,coughvid_data/1275193c-8d02-495a-aa20-4dea475bdf1b.wav,0.0
d23ff80b-023b-4e03-8dca-9577a51bd53a,coughvid_data/d23ff80b-023b-4e03-8dca-9577a51bd53a.wav,coughvid_data/d23ff80b-023b-4e03-8dca-9577a51bd53a.wav,1.0
fb4bcd3b-f23c-4e0e-afd1-5e3a661eddf6,coughvid_data/fb4bcd3b-f23c-4e0e-afd1-5e3a661eddf6.wav,coughvid_data/fb4bcd3b-f23c-4e0e-afd1-5e3a661eddf6.wav,1.0
0685f966-6594-44ec-803f-d1330a3a8145,coughvid_data/0685f966-6594-44ec-803f-d1330a3a8145.wav,coughvid_data/0685f966-6594-44ec-803f-d1330a3a8145.wav,0.0
380e3cbd-961d-42ff-9553-e902926e6740,coughvid_data/380e3cbd-961d-42ff-9553-e902926e6740.wav,coughvid_data/380e3cbd-961d-42ff-9553-e902926e6740.wav,1.0
6540544a-5f3e-49e1-9191-c5a5b3d01407,coughvid_data/6540544a-5f3e-49e1-9191-c5a5b3d01407.wav,coughvid_data/6540544a-5f3e-49e1-9191-c5a5b3d01407.wav,0.0
aa45b0f7-d7b2-44c4-b2d6-46e73f33e955,coughvid_data/aa45b0f7-d7b2-44c4-b2d6-46e73f33e955.wav,coughvid_data/aa45b0f7-d7b2-44c4-b2d6-46e73f33e955.wav,1.0
a71f9cc6-99f0-450b-9ae6-4ec5f2d5c511,coughvid_data/a71f9cc6-99f0-450b-9ae6-4ec5f2d5c511.wav,coughvid_data/a71f9cc6-99f0-450b-9ae6-4ec5f2d5c511.wav,0.0
a97be390-ed3a-4940-b248-bf7adc433fbb,coughvid_data/a97be390-ed3a-4940-b248-bf7adc433fbb.wav,coughvid_data/a97be390-ed3a-4940-b248-bf7adc433fbb.wav,1.0
07df9613-e8e2-49c1-8e67-00f4baef27e7,coughvid_data/07df9613-e8e2-49c1-8e67-00f4baef27e7.wav,coughvid_data/07df9613-e8e2-49c1-8e67-00f4baef27e7.wav,0.0
06d775c2-628a-4184-ba65-b0c8b05893b2,coughvid_data/06d775c2-628a-4184-ba65-b0c8b05893b2.wav,coughvid_data/06d775c2-628a-4184-ba65-b0c8b05893b2.wav,1.0
db55553b-1f58-407d-b73c-f559cb5b9d0d,coughvid_data/db55553b-1f58-407d-b73c-f559cb5b9d0d.wav,coughvid_data/db55553b-1f58-407d-b73c-f559cb5b9d0d.wav,0.0
e909afd5-e4d5-4c2e-af5e-8fb2e0ce23fc,coughvid_data/e909afd5-e4d5-4c2e-af5e-8fb2e0ce23fc.wav,coughvid_data/e909afd5-e4d5-4c2e-af5e-8fb2e0ce23fc.wav,0.0
ced5f8e0-52c8-4208-9f22-4c075f76f26d,coughvid_data/ced5f8e0-52c8-4208-9f22-4c075f76f26d.wav,coughvid_data/ced5f8e0-52c8-4208-9f22-4c075f76f26d.wav,1.0
9f546322-a525-4c7f-96fe-7a15d52ce8ff,coughvid_data/9f546322-a525-4c7f-96fe-7a15d52ce8ff.wav,coughvid_data/9f546322-a525-4c7f-96fe-7a15d52ce8ff.wav,0.0
6b0f645a-9bfe-42be-873c-ef6e4ba41ed0,coughvid_data/6b0f645a-9bfe-42be-873c-ef6e4ba41ed0.wav,coughvid_data/6b0f645a-9bfe-42be-873c-ef6e4ba41ed0.wav,0.0
2c7a6aeb-a191-420e-b3e5-76f2d5330005,coughvid_data/2c7a6aeb-a191-420e-b3e5-76f2d5330005.wav,coughvid_data/2c7a6aeb-a191-420e-b3e5-76f2d5330005.wav,1.0
9a8d52ee-c7ec-4c6a-9e6e-ea275fb79146,coughvid_data/9a8d52ee-c7ec-4c6a-9e6e-ea275fb79146.wav,coughvid_data/9a8d52ee-c7ec-4c6a-9e6e-ea275fb79146.wav,1.0
0a11ba12-ffc9-48ed-8bec-6442316a6005,coughvid_data/0a11ba12-ffc9-48ed-8bec-6442316a6005.wav,coughvid_data/0a11ba12-ffc9-48ed-8bec-6442316a6005.wav,0.0
3e1cde4a-11ed-4356-84a9-7e09d66fbb94,coughvid_data/3e1cde4a-11ed-4356-84a9-7e09d66fbb94.wav,coughvid_data/3e1cde4a-11ed-4356-84a9-7e09d66fbb94.wav,0.0
539a8ff2-b70e-4d5d-9799-53bf23cf3acf,coughvid_data/539a8ff2-b70e-4d5d-9799-53bf23cf3acf.wav,coughvid_data/539a8ff2-b70e-4d5d-9799-53bf23cf3acf.wav,1.0
83f5d563-5e0c-4f09-b967-d66ade3ad885,coughvid_data/83f5d563-5e0c-4f09-b967-d66ade3ad885.wav,coughvid_data/83f5d563-5e0c-4f09-b967-d66ade3ad885.wav,1.0
0649d149-658c-4f97-a49d-21427a2cc056,coughvid_data/0649d149-658c-4f97-a49d-21427a2cc056.wav,coughvid_data/0649d149-658c-4f97-a49d-21427a2cc056.wav,1.0
a634a06d-637d-4edb-818b-5e63cdf3e539,coughvid_data/a634a06d-637d-4edb-818b-5e63cdf3e539.wav,coughvid_data/a634a06d-637d-4edb-818b-5e63cdf3e539.wav,1.0
6f2e82d2-a307-43d7-b3a9-b50cb1a04d9e,coughvid_data/6f2e82d2-a307-43d7-b3a9-b50cb1a04d9e.wav,coughvid_data/6f2e82d2-a307-43d7-b3a9-b50cb1a04d9e.wav,1.0
8964cf6e-6bd4-4629-afc8-f5a56101fee0,coughvid_data/8964cf6e-6bd4-4629-afc8-f5a56101fee0.wav,coughvid_data/8964cf6e-6bd4-4629-afc8-f5a56101fee0.wav,1.0
bd5d4582-b6e1-4f4e-97bd-13ebc93cc681,coughvid_data/bd5d4582-b6e1-4f4e-97bd-13ebc93cc681.wav,coughvid_data/bd5d4582-b6e1-4f4e-97bd-13ebc93cc681.wav,1.0
7b47a2a1-246a-42db-830c-c015034d1624,coughvid_data/7b47a2a1-246a-42db-830c-c015034d1624.wav,coughvid_data/7b47a2a1-246a-42db-830c-c015034d1624.wav,1.0
3ad89469-10a7-4d4c-9136-63dfd77ae27f,coughvid_data/3ad89469-10a7-4d4c-9136-63dfd77ae27f.wav,coughvid_data/3ad89469-10a7-4d4c-9136-63dfd77ae27f.wav,0.0
da3174b3-6dd0-424c-82c6-476fb2ee755c,coughvid_data/da3174b3-6dd0-424c-82c6-476fb2ee755c.wav,coughvid_data/da3174b3-6dd0-424c-82c6-476fb2ee755c.wav,0.0
487f0364-1204-45be-a31f-17f4cceed27d,coughvid_data/487f0364-1204-45be-a31f-17f4cceed27d.wav,coughvid_data/487f0364-1204-45be-a31f-17f4cceed27d.wav,1.0
351ceaf5-1969-4382-8986-43392ce5dc41,coughvid_data/351ceaf5-1969-4382-8986-43392ce5dc41.wav,coughvid_data/351ceaf5-1969-4382-8986-43392ce5dc41.wav,0.0
2e67feda-fa8b-411b-bdef-2bb6aa5b95d5,coughvid_data/2e67feda-fa8b-411b-bdef-2bb6aa5b95d5.wav,coughvid_data/2e67feda-fa8b-411b-bdef-2bb6aa5b95d5.wav,0.0
672b3481-1b81-4b3e-8909-4abf5a30ef01,coughvid_data/672b3481-1b81-4b3e-8909-4abf5a30ef01.wav,coughvid_data/672b3481-1b81-4b3e-8909-4abf5a30ef01.wav,0.0
afc6bac9-6dc5-4edb-8ca7-14a1b0104067,coughvid_data/afc6bac9-6dc5-4edb-8ca7-14a1b0104067.wav,coughvid_data/afc6bac9-6dc5-4edb-8ca7-14a1b0104067.wav,1.0
c3c69ce2-8617-4329-8f39-7f7b16daafed,coughvid_data/c3c69ce2-8617-4329-8f39-7f7b16daafed.wav,coughvid_data/c3c69ce2-8617-4329-8f39-7f7b16daafed.wav,1.0
f5946845-baca-4147-ae2b-b7c8dad8ac1d,coughvid_data/f5946845-baca-4147-ae2b-b7c8dad8ac1d.wav,coughvid_data/f5946845-baca-4147-ae2b-b7c8dad8ac1d.wav,0.0
d93824da-db4b-4b40-8069-88e22b8f246e,coughvid_data/d93824da-db4b-4b40-8069-88e22b8f246e.wav,coughvid_data/d93824da-db4b-4b40-8069-88e22b8f246e.wav,0.0
d06a96f2-381c-41b0-b6ea-063786c5f0e2,coughvid_data/d06a96f2-381c-41b0-b6ea-063786c5f0e2.wav,coughvid_data/d06a96f2-381c-41b0-b6ea-063786c5f0e2.wav,1.0
9c0b5b13-9f00-4143-8785-f2add624afbd,coughvid_data/9c0b5b13-9f00-4143-8785-f2add624afbd.wav,coughvid_data/9c0b5b13-9f00-4143-8785-f2add624afbd.wav,0.0
bf685a69-7281-40ea-8691-cd5b79f61d17,coughvid_data/bf685a69-7281-40ea-8691-cd5b79f61d17.wav,coughvid_data/bf685a69-7281-40ea-8691-cd5b79f61d17.wav,1.0
706adf18-df53-4072-a406-d322300519b2,coughvid_data/706adf18-df53-4072-a406-d322300519b2.wav,coughvid_data/706adf18-df53-4072-a406-d322300519b2.wav,1.0
bae793eb-4a37-46cd-b98d-93a94cdb6fac,coughvid_data/bae793eb-4a37-46cd-b98d-93a94cdb6fac.wav,coughvid_data/bae793eb-4a37-46cd-b98d-93a94cdb6fac.wav,1.0
34793b4b-8517-41af-96ae-b9db61cb9915,coughvid_data/34793b4b-8517-41af-96ae-b9db61cb9915.wav,coughvid_data/34793b4b-8517-41af-96ae-b9db61cb9915.wav,1.0
321263fa-2c27-4394-a655-1a9da7c50696,coughvid_data/321263fa-2c27-4394-a655-1a9da7c50696.wav,coughvid_data/321263fa-2c27-4394-a655-1a9da7c50696.wav,1.0
3b9048d9-511b-42f2-9ec2-b2e971b407f6,coughvid_data/3b9048d9-511b-42f2-9ec2-b2e971b407f6.wav,coughvid_data/3b9048d9-511b-42f2-9ec2-b2e971b407f6.wav,0.0
cd3111f9-56f6-4849-8900-fc6fe1ac4a31,coughvid_data/cd3111f9-56f6-4849-8900-fc6fe1ac4a31.wav,coughvid_data/cd3111f9-56f6-4849-8900-fc6fe1ac4a31.wav,0.0
f19eaa2b-040d-4836-9fba-e98b698697f0,coughvid_data/f19eaa2b-040d-4836-9fba-e98b698697f0.wav,coughvid_data/f19eaa2b-040d-4836-9fba-e98b698697f0.wav,0.0
dbb52561-93ca-444e-9ff9-e61fd6c6996f,coughvid_data/dbb52561-93ca-444e-9ff9-e61fd6c6996f.wav,coughvid_data/dbb52561-93ca-444e-9ff9-e61fd6c6996f.wav,1.0
9b765189-2dbd-469d-864c-1f797059186a,coughvid_data/9b765189-2dbd-469d-864c-1f797059186a.wav,coughvid_data/9b765189-2dbd-469d-864c-1f797059186a.wav,1.0
c19b2b36-44c3-4792-9fd9-140dc9ea86e8,coughvid_data/c19b2b36-44c3-4792-9fd9-140dc9ea86e8.wav,coughvid_data/c19b2b36-44c3-4792-9fd9-140dc9ea86e8.wav,0.0
44eba913-4f1a-49a3-8a61-b57ee6570be0,coughvid_data/44eba913-4f1a-49a3-8a61-b57ee6570be0.wav,coughvid_data/44eba913-4f1a-49a3-8a61-b57ee6570be0.wav,0.0
eeffdef2-5f50-4162-b222-89e6618bc2b0,coughvid_data/eeffdef2-5f50-4162-b222-89e6618bc2b0.wav,coughvid_data/eeffdef2-5f50-4162-b222-89e6618bc2b0.wav,1.0
2e387664-2be3-4608-8192-c5b0dd2ec7d8,coughvid_data/2e387664-2be3-4608-8192-c5b0dd2ec7d8.wav,coughvid_data/2e387664-2be3-4608-8192-c5b0dd2ec7d8.wav,1.0
41b2f306-15d3-42c2-8ca0-5f2b7691df30,coughvid_data/41b2f306-15d3-42c2-8ca0-5f2b7691df30.wav,coughvid_data/41b2f306-15d3-42c2-8ca0-5f2b7691df30.wav,0.0
6fc0ad93-8a54-480d-aa6e-0dde92aa2e32,coughvid_data/6fc0ad93-8a54-480d-aa6e-0dde92aa2e32.wav,coughvid_data/6fc0ad93-8a54-480d-aa6e-0dde92aa2e32.wav,1.0
3cd85fba-3410-4c56-81ba-ef1be7617582,coughvid_data/3cd85fba-3410-4c56-81ba-ef1be7617582.wav,coughvid_data/3cd85fba-3410-4c56-81ba-ef1be7617582.wav,1.0
1c4d944f-3016-43fc-9715-ac6544d6face,coughvid_data/1c4d944f-3016-43fc-9715-ac6544d6face.wav,coughvid_data/1c4d944f-3016-43fc-9715-ac6544d6face.wav,1.0
aa0adbd9-a418-4c64-b2dc-79c448de83ad,coughvid_data/aa0adbd9-a418-4c64-b2dc-79c448de83ad.wav,coughvid_data/aa0adbd9-a418-4c64-b2dc-79c448de83ad.wav,0.0
35ee826c-b4e1-40ae-9873-7df156071b7b,coughvid_data/35ee826c-b4e1-40ae-9873-7df156071b7b.wav,coughvid_data/35ee826c-b4e1-40ae-9873-7df156071b7b.wav,1.0
0179094a-e855-4bc7-a479-1218eb016635,coughvid_data/0179094a-e855-4bc7-a479-1218eb016635.wav,coughvid_data/0179094a-e855-4bc7-a479-1218eb016635.wav,0.0
fa4c7734-1eef-4645-8427-219cb5648691,coughvid_data/fa4c7734-1eef-4645-8427-219cb5648691.wav,coughvid_data/fa4c7734-1eef-4645-8427-219cb5648691.wav,1.0
fd0e291f-4391-4476-855f-9b0189482e98,coughvid_data/fd0e291f-4391-4476-855f-9b0189482e98.wav,coughvid_data/fd0e291f-4391-4476-855f-9b0189482e98.wav,0.0
cf593695-ce85-4a56-81c6-14617de66f71,coughvid_data/cf593695-ce85-4a56-81c6-14617de66f71.wav,coughvid_data/cf593695-ce85-4a56-81c6-14617de66f71.wav,0.0
5e958b8c-46c4-4eb0-88a4-b6a99c01fa77,coughvid_data/5e958b8c-46c4-4eb0-88a4-b6a99c01fa77.wav,coughvid_data/5e958b8c-46c4-4eb0-88a4-b6a99c01fa77.wav,0.0
fa994bec-b957-4f16-aba6-605891178a06,coughvid_data/fa994bec-b957-4f16-aba6-605891178a06.wav,coughvid_data/fa994bec-b957-4f16-aba6-605891178a06.wav,1.0
f6fd67d0-eb9d-47b4-9fc7-1e4af068d05b,coughvid_data/f6fd67d0-eb9d-47b4-9fc7-1e4af068d05b.wav,coughvid_data/f6fd67d0-eb9d-47b4-9fc7-1e4af068d05b.wav,1.0
1ebbf7ac-eefd-418e-9e64-96eda09c7c35,coughvid_data/1ebbf7ac-eefd-418e-9e64-96eda09c7c35.wav,coughvid_data/1ebbf7ac-eefd-418e-9e64-96eda09c7c35.wav,0.0
cc36ef06-61f6-4e0f-9b48-484c6c853f22,coughvid_data/cc36ef06-61f6-4e0f-9b48-484c6c853f22.wav,coughvid_data/cc36ef06-61f6-4e0f-9b48-484c6c853f22.wav,0.0
0293c113-405c-4be0-b38e-764eae5e77ed,coughvid_data/0293c113-405c-4be0-b38e-764eae5e77ed.wav,coughvid_data/0293c113-405c-4be0-b38e-764eae5e77ed.wav,0.0
9288d1a7-d97a-4bff-9ef7-c72b8c99c88d,coughvid_data/9288d1a7-d97a-4bff-9ef7-c72b8c99c88d.wav,coughvid_data/9288d1a7-d97a-4bff-9ef7-c72b8c99c88d.wav,1.0
63147d4d-41df-4b83-9a28-8b7e02b6d93d,coughvid_data/63147d4d-41df-4b83-9a28-8b7e02b6d93d.wav,coughvid_data/63147d4d-41df-4b83-9a28-8b7e02b6d93d.wav,1.0
25a6fb1b-a42c-4728-a2bf-d0613e17d1d7,coughvid_data/25a6fb1b-a42c-4728-a2bf-d0613e17d1d7.wav,coughvid_data/25a6fb1b-a42c-4728-a2bf-d0613e17d1d7.wav,1.0
ecee403b-27e0-44d7-b8e1-d9c8706e77f9,coughvid_data/ecee403b-27e0-44d7-b8e1-d9c8706e77f9.wav,coughvid_data/ecee403b-27e0-44d7-b8e1-d9c8706e77f9.wav,1.0
e5330ec2-b982-4ae0-9600-b85281eb9a68,coughvid_data/e5330ec2-b982-4ae0-9600-b85281eb9a68.wav,coughvid_data/e5330ec2-b982-4ae0-9600-b85281eb9a68.wav,0.0
004c24d8-e8cd-4755-86f6-5a1d8c7920c7,coughvid_data/004c24d8-e8cd-4755-86f6-5a1d8c7920c7.wav,coughvid_data/004c24d8-e8cd-4755-86f6-5a1d8c7920c7.wav,1.0
7af5d53b-a62b-43d9-97cc-39151b36abfe,coughvid_data/7af5d53b-a62b-43d9-97cc-39151b36abfe.wav,coughvid_data/7af5d53b-a62b-43d9-97cc-39151b36abfe.wav,1.0
5e340c73-6d01-460b-9667-10c6187b56a1,coughvid_data/5e340c73-6d01-460b-9667-10c6187b56a1.wav,coughvid_data/5e340c73-6d01-460b-9667-10c6187b56a1.wav,1.0
263f805f-eb4c-49ed-b484-836418aae088,coughvid_data/263f805f-eb4c-49ed-b484-836418aae088.wav,coughvid_data/263f805f-eb4c-49ed-b484-836418aae088.wav,1.0
6489fd4f-caa6-4863-9579-3c888e75c4fc,coughvid_data/6489fd4f-caa6-4863-9579-3c888e75c4fc.wav,coughvid_data/6489fd4f-caa6-4863-9579-3c888e75c4fc.wav,0.0
fd849b72-f4bf-4852-9bc2-fd9becc9571e,coughvid_data/fd849b72-f4bf-4852-9bc2-fd9becc9571e.wav,coughvid_data/fd849b72-f4bf-4852-9bc2-fd9becc9571e.wav,1.0
fe9afc55-ffbd-48ac-a8dd-7ad48a3e0799,coughvid_data/fe9afc55-ffbd-48ac-a8dd-7ad48a3e0799.wav,coughvid_data/fe9afc55-ffbd-48ac-a8dd-7ad48a3e0799.wav,0.0
e6e247f6-2e96-4a5b-b54e-7f92e208b743,coughvid_data/e6e247f6-2e96-4a5b-b54e-7f92e208b743.wav,coughvid_data/e6e247f6-2e96-4a5b-b54e-7f92e208b743.wav,1.0
0f3995d6-07c4-49ed-9e95-695a3801602c,coughvid_data/0f3995d6-07c4-49ed-9e95-695a3801602c.wav,coughvid_data/0f3995d6-07c4-49ed-9e95-695a3801602c.wav,0.0
974092db-0e59-487d-9dc4-5b8470b82ea5,coughvid_data/974092db-0e59-487d-9dc4-5b8470b82ea5.wav,coughvid_data/974092db-0e59-487d-9dc4-5b8470b82ea5.wav,1.0
ecff355f-40c5-4e02-a925-7ec1f302579f,coughvid_data/ecff355f-40c5-4e02-a925-7ec1f302579f.wav,coughvid_data/ecff355f-40c5-4e02-a925-7ec1f302579f.wav,1.0
3a94ceb7-bce0-4bd7-8dbc-23043e0f9339,coughvid_data/3a94ceb7-bce0-4bd7-8dbc-23043e0f9339.wav,coughvid_data/3a94ceb7-bce0-4bd7-8dbc-23043e0f9339.wav,0.0
284ffcbc-8654-4e9a-ac02-4383eaef4951,coughvid_data/284ffcbc-8654-4e9a-ac02-4383eaef4951.wav,coughvid_data/284ffcbc-8654-4e9a-ac02-4383eaef4951.wav,1.0
097e5b56-3686-4bd2-8b6c-d7376c35ee0c,coughvid_data/097e5b56-3686-4bd2-8b6c-d7376c35ee0c.wav,coughvid_data/097e5b56-3686-4bd2-8b6c-d7376c35ee0c.wav,1.0
82af5dae-b65c-4e2a-b0b2-351b6e132031,coughvid_data/82af5dae-b65c-4e2a-b0b2-351b6e132031.wav,coughvid_data/82af5dae-b65c-4e2a-b0b2-351b6e132031.wav,1.0
a689e6c2-4e70-4b4d-964f-1ee191e5a5c7,coughvid_data/a689e6c2-4e70-4b4d-964f-1ee191e5a5c7.wav,coughvid_data/a689e6c2-4e70-4b4d-964f-1ee191e5a5c7.wav,0.0
b6f14c43-80ca-4dd9-a905-b29c51e20b7b,coughvid_data/b6f14c43-80ca-4dd9-a905-b29c51e20b7b.wav,coughvid_data/b6f14c43-80ca-4dd9-a905-b29c51e20b7b.wav,1.0
b2840d44-3829-40a6-b0a9-916146a7b0ca,coughvid_data/b2840d44-3829-40a6-b0a9-916146a7b0ca.wav,coughvid_data/b2840d44-3829-40a6-b0a9-916146a7b0ca.wav,0.0
c2418f47-06ab-4079-95a5-16920d8f82bc,coughvid_data/c2418f47-06ab-4079-95a5-16920d8f82bc.wav,coughvid_data/c2418f47-06ab-4079-95a5-16920d8f82bc.wav,1.0
30055998-9543-421c-a837-cc7e95a593b6,coughvid_data/30055998-9543-421c-a837-cc7e95a593b6.wav,coughvid_data/30055998-9543-421c-a837-cc7e95a593b6.wav,1.0
01e68cda-2d0f-4327-b3d2-3c58f47192ec,coughvid_data/01e68cda-2d0f-4327-b3d2-3c58f47192ec.wav,coughvid_data/01e68cda-2d0f-4327-b3d2-3c58f47192ec.wav,1.0
7f7a236d-2c0c-41ce-bc3b-489b001f7052,coughvid_data/7f7a236d-2c0c-41ce-bc3b-489b001f7052.wav,coughvid_data/7f7a236d-2c0c-41ce-bc3b-489b001f7052.wav,0.0
a5e9c4f8-2da1-4c76-bebe-dfca40e04a9e,coughvid_data/a5e9c4f8-2da1-4c76-bebe-dfca40e04a9e.wav,coughvid_data/a5e9c4f8-2da1-4c76-bebe-dfca40e04a9e.wav,0.0
f513fa21-9ec7-446c-a180-64c78335d352,coughvid_data/f513fa21-9ec7-446c-a180-64c78335d352.wav,coughvid_data/f513fa21-9ec7-446c-a180-64c78335d352.wav,0.0
3e92bcd4-8aba-4474-9a32-3f50b0017382,coughvid_data/3e92bcd4-8aba-4474-9a32-3f50b0017382.wav,coughvid_data/3e92bcd4-8aba-4474-9a32-3f50b0017382.wav,1.0
9a75a619-036b-451b-9d09-1217c367c133,coughvid_data/9a75a619-036b-451b-9d09-1217c367c133.wav,coughvid_data/9a75a619-036b-451b-9d09-1217c367c133.wav,1.0
e6bc69ef-1db0-4ad4-aeec-2f00d7f44f77,coughvid_data/e6bc69ef-1db0-4ad4-aeec-2f00d7f44f77.wav,coughvid_data/e6bc69ef-1db0-4ad4-aeec-2f00d7f44f77.wav,1.0
93515c66-24b8-4487-9aac-9b396948ede0,coughvid_data/93515c66-24b8-4487-9aac-9b396948ede0.wav,coughvid_data/93515c66-24b8-4487-9aac-9b396948ede0.wav,1.0
1f68aac2-3714-482b-8d6d-1914a5d6d59d,coughvid_data/1f68aac2-3714-482b-8d6d-1914a5d6d59d.wav,coughvid_data/1f68aac2-3714-482b-8d6d-1914a5d6d59d.wav,0.0
35ad94db-bc1a-4bed-b898-7de779dd6784,coughvid_data/35ad94db-bc1a-4bed-b898-7de779dd6784.wav,coughvid_data/35ad94db-bc1a-4bed-b898-7de779dd6784.wav,1.0
155eed22-d2ae-4522-919b-166ed5f3c10d,coughvid_data/155eed22-d2ae-4522-919b-166ed5f3c10d.wav,coughvid_data/155eed22-d2ae-4522-919b-166ed5f3c10d.wav,1.0
b7fc5ea2-ead8-45fb-bb21-549968574c55,coughvid_data/b7fc5ea2-ead8-45fb-bb21-549968574c55.wav,coughvid_data/b7fc5ea2-ead8-45fb-bb21-549968574c55.wav,1.0
e3598fa8-c57a-4254-90c8-c0c7892a864a,coughvid_data/e3598fa8-c57a-4254-90c8-c0c7892a864a.wav,coughvid_data/e3598fa8-c57a-4254-90c8-c0c7892a864a.wav,1.0
33842e4e-3277-4ebd-b477-ffc67bbc590a,coughvid_data/33842e4e-3277-4ebd-b477-ffc67bbc590a.wav,coughvid_data/33842e4e-3277-4ebd-b477-ffc67bbc590a.wav,1.0
8bc9da56-2b0e-41f2-a189-c5067d23e7b1,coughvid_data/8bc9da56-2b0e-41f2-a189-c5067d23e7b1.wav,coughvid_data/8bc9da56-2b0e-41f2-a189-c5067d23e7b1.wav,1.0
d25ff400-189c-4fff-ab6b-0ff2985886d5,coughvid_data/d25ff400-189c-4fff-ab6b-0ff2985886d5.wav,coughvid_data/d25ff400-189c-4fff-ab6b-0ff2985886d5.wav,0.0
f7f2f111-2861-4eda-a25e-ec6c90b87c2a,coughvid_data/f7f2f111-2861-4eda-a25e-ec6c90b87c2a.wav,coughvid_data/f7f2f111-2861-4eda-a25e-ec6c90b87c2a.wav,1.0
4d161e7a-560d-4a14-ab45-05058bf1b39b,coughvid_data/4d161e7a-560d-4a14-ab45-05058bf1b39b.wav,coughvid_data/4d161e7a-560d-4a14-ab45-05058bf1b39b.wav,1.0
720bfc1c-9901-4f90-91a2-5a613f30d53a,coughvid_data/720bfc1c-9901-4f90-91a2-5a613f30d53a.wav,coughvid_data/720bfc1c-9901-4f90-91a2-5a613f30d53a.wav,0.0
87873d04-08a2-47ac-b443-d12b7e823354,coughvid_data/87873d04-08a2-47ac-b443-d12b7e823354.wav,coughvid_data/87873d04-08a2-47ac-b443-d12b7e823354.wav,0.0
32040dab-a2eb-4bbb-81b1-099b6c895c82,coughvid_data/32040dab-a2eb-4bbb-81b1-099b6c895c82.wav,coughvid_data/32040dab-a2eb-4bbb-81b1-099b6c895c82.wav,0.0
7ca5b749-fc53-4569-9340-714c52f47d31,coughvid_data/7ca5b749-fc53-4569-9340-714c52f47d31.wav,coughvid_data/7ca5b749-fc53-4569-9340-714c52f47d31.wav,0.0
03f8bed9-cf24-46bb-9ef4-636ae9dcd343,coughvid_data/03f8bed9-cf24-46bb-9ef4-636ae9dcd343.wav,coughvid_data/03f8bed9-cf24-46bb-9ef4-636ae9dcd343.wav,1.0
ae736d1c-a457-4763-ab26-828a60e8685a,coughvid_data/ae736d1c-a457-4763-ab26-828a60e8685a.wav,coughvid_data/ae736d1c-a457-4763-ab26-828a60e8685a.wav,0.0
633d5447-265b-42e1-be36-4f9f1ec35bac,coughvid_data/633d5447-265b-42e1-be36-4f9f1ec35bac.wav,coughvid_data/633d5447-265b-42e1-be36-4f9f1ec35bac.wav,1.0
634d5e83-9cf9-470c-9f54-71322bd5644c,coughvid_data/634d5e83-9cf9-470c-9f54-71322bd5644c.wav,coughvid_data/634d5e83-9cf9-470c-9f54-71322bd5644c.wav,0.0
b6cab2e1-4f1c-47e7-91e0-97fb9118d890,coughvid_data/b6cab2e1-4f1c-47e7-91e0-97fb9118d890.wav,coughvid_data/b6cab2e1-4f1c-47e7-91e0-97fb9118d890.wav,1.0
ec93c47f-ea07-4439-9a39-d9a85bf7266b,coughvid_data/ec93c47f-ea07-4439-9a39-d9a85bf7266b.wav,coughvid_data/ec93c47f-ea07-4439-9a39-d9a85bf7266b.wav,0.0
87686ccb-7695-47cc-8cd9-50ce790c05a1,coughvid_data/87686ccb-7695-47cc-8cd9-50ce790c05a1.wav,coughvid_data/87686ccb-7695-47cc-8cd9-50ce790c05a1.wav,0.0
6f454bf0-6566-4cc7-b429-c411908dda7d,coughvid_data/6f454bf0-6566-4cc7-b429-c411908dda7d.wav,coughvid_data/6f454bf0-6566-4cc7-b429-c411908dda7d.wav,0.0
fb58bb77-ac4c-449b-82ff-96a8a1bd2b45,coughvid_data/fb58bb77-ac4c-449b-82ff-96a8a1bd2b45.wav,coughvid_data/fb58bb77-ac4c-449b-82ff-96a8a1bd2b45.wav,1.0
e87132ed-11b9-4dec-bfe4-66de910bbb6b,coughvid_data/e87132ed-11b9-4dec-bfe4-66de910bbb6b.wav,coughvid_data/e87132ed-11b9-4dec-bfe4-66de910bbb6b.wav,1.0
815f6b1a-5a55-474a-a677-7fc3a4074be3,coughvid_data/815f6b1a-5a55-474a-a677-7fc3a4074be3.wav,coughvid_data/815f6b1a-5a55-474a-a677-7fc3a4074be3.wav,1.0
b807b1bc-f929-483c-87c7-3d2f5a6f2f52,coughvid_data/b807b1bc-f929-483c-87c7-3d2f5a6f2f52.wav,coughvid_data/b807b1bc-f929-483c-87c7-3d2f5a6f2f52.wav,1.0
fe2e8f50-5fd0-42ff-a962-fe6ebbebf301,coughvid_data/fe2e8f50-5fd0-42ff-a962-fe6ebbebf301.wav,coughvid_data/fe2e8f50-5fd0-42ff-a962-fe6ebbebf301.wav,0.0
2004a823-5111-46a0-af40-e006099a3f01,coughvid_data/2004a823-5111-46a0-af40-e006099a3f01.wav,coughvid_data/2004a823-5111-46a0-af40-e006099a3f01.wav,0.0
d031f8ed-7db4-456a-8905-417807609e5a,coughvid_data/d031f8ed-7db4-456a-8905-417807609e5a.wav,coughvid_data/d031f8ed-7db4-456a-8905-417807609e5a.wav,1.0
e330c530-53b2-4154-bc64-867461f153fe,coughvid_data/e330c530-53b2-4154-bc64-867461f153fe.wav,coughvid_data/e330c530-53b2-4154-bc64-867461f153fe.wav,1.0
8b08cb5b-904f-40b7-9eef-67d0a2446966,coughvid_data/8b08cb5b-904f-40b7-9eef-67d0a2446966.wav,coughvid_data/8b08cb5b-904f-40b7-9eef-67d0a2446966.wav,1.0
a65819eb-b4d0-475e-a1c6-02eae4378603,coughvid_data/a65819eb-b4d0-475e-a1c6-02eae4378603.wav,coughvid_data/a65819eb-b4d0-475e-a1c6-02eae4378603.wav,1.0
a5cc0101-023e-4f0e-80e1-de18d14e66d9,coughvid_data/a5cc0101-023e-4f0e-80e1-de18d14e66d9.wav,coughvid_data/a5cc0101-023e-4f0e-80e1-de18d14e66d9.wav,0.0
68a3ee8d-a6a1-4a6a-9450-17f03128f241,coughvid_data/68a3ee8d-a6a1-4a6a-9450-17f03128f241.wav,coughvid_data/68a3ee8d-a6a1-4a6a-9450-17f03128f241.wav,0.0
56aa280e-750b-4633-8779-4bcf20554736,coughvid_data/56aa280e-750b-4633-8779-4bcf20554736.wav,coughvid_data/56aa280e-750b-4633-8779-4bcf20554736.wav,1.0
9a359ad4-7c3f-48d1-9953-81e511196626,coughvid_data/9a359ad4-7c3f-48d1-9953-81e511196626.wav,coughvid_data/9a359ad4-7c3f-48d1-9953-81e511196626.wav,0.0
711f9934-67c0-4f2f-a474-4a29f7e7da91,coughvid_data/711f9934-67c0-4f2f-a474-4a29f7e7da91.wav,coughvid_data/711f9934-67c0-4f2f-a474-4a29f7e7da91.wav,1.0
9a4d243e-4ac6-4c34-9b73-7ef188a02ed0,coughvid_data/9a4d243e-4ac6-4c34-9b73-7ef188a02ed0.wav,coughvid_data/9a4d243e-4ac6-4c34-9b73-7ef188a02ed0.wav,1.0
f4b63f11-80f1-411e-ace3-5eec88037db0,coughvid_data/f4b63f11-80f1-411e-ace3-5eec88037db0.wav,coughvid_data/f4b63f11-80f1-411e-ace3-5eec88037db0.wav,0.0
f54cf756-8833-4c70-9c33-4186a42a19d5,coughvid_data/f54cf756-8833-4c70-9c33-4186a42a19d5.wav,coughvid_data/f54cf756-8833-4c70-9c33-4186a42a19d5.wav,1.0
1b47ee3b-92d9-4982-ade6-45dcf573b03d,coughvid_data/1b47ee3b-92d9-4982-ade6-45dcf573b03d.wav,coughvid_data/1b47ee3b-92d9-4982-ade6-45dcf573b03d.wav,1.0
b56407a9-fe23-40b1-8e7d-e67e40ebbd42,coughvid_data/b56407a9-fe23-40b1-8e7d-e67e40ebbd42.wav,coughvid_data/b56407a9-fe23-40b1-8e7d-e67e40ebbd42.wav,0.0
1b25273d-6761-47f7-b1e3-36ed0d0b4701,coughvid_data/1b25273d-6761-47f7-b1e3-36ed0d0b4701.wav,coughvid_data/1b25273d-6761-47f7-b1e3-36ed0d0b4701.wav,1.0
a99d6a64-db8d-4915-a734-4cd625d18569,coughvid_data/a99d6a64-db8d-4915-a734-4cd625d18569.wav,coughvid_data/a99d6a64-db8d-4915-a734-4cd625d18569.wav,1.0
d299642b-3163-4ea8-8bdf-4eb0483cbf60,coughvid_data/d299642b-3163-4ea8-8bdf-4eb0483cbf60.wav,coughvid_data/d299642b-3163-4ea8-8bdf-4eb0483cbf60.wav,1.0
8da24390-f922-45b9-b0e1-8db4bf8678a0,coughvid_data/8da24390-f922-45b9-b0e1-8db4bf8678a0.wav,coughvid_data/8da24390-f922-45b9-b0e1-8db4bf8678a0.wav,1.0
aa5bc69e-2b7c-49e0-a69d-ad5feea481af,coughvid_data/aa5bc69e-2b7c-49e0-a69d-ad5feea481af.wav,coughvid_data/aa5bc69e-2b7c-49e0-a69d-ad5feea481af.wav,0.0
4268d511-a502-45ef-afc4-47391320d15d,coughvid_data/4268d511-a502-45ef-afc4-47391320d15d.wav,coughvid_data/4268d511-a502-45ef-afc4-47391320d15d.wav,1.0
2f8c437d-1639-44a5-bb91-0d25c26b3923,coughvid_data/2f8c437d-1639-44a5-bb91-0d25c26b3923.wav,coughvid_data/2f8c437d-1639-44a5-bb91-0d25c26b3923.wav,0.0
12fb713b-8124-4744-8e55-b84ed5f178fc,coughvid_data/12fb713b-8124-4744-8e55-b84ed5f178fc.wav,coughvid_data/12fb713b-8124-4744-8e55-b84ed5f178fc.wav,1.0
6c03357b-9e74-4e53-aed5-57acc0848d9a,coughvid_data/6c03357b-9e74-4e53-aed5-57acc0848d9a.wav,coughvid_data/6c03357b-9e74-4e53-aed5-57acc0848d9a.wav,1.0
205fb49d-3bbb-48dd-967c-08a61882f31d,coughvid_data/205fb49d-3bbb-48dd-967c-08a61882f31d.wav,coughvid_data/205fb49d-3bbb-48dd-967c-08a61882f31d.wav,1.0
1a17895b-2294-4b70-91b7-53400f306b21,coughvid_data/1a17895b-2294-4b70-91b7-53400f306b21.wav,coughvid_data/1a17895b-2294-4b70-91b7-53400f306b21.wav,1.0
681db1a1-ea52-4da8-8ddb-60b8d8c4c3a9,coughvid_data/681db1a1-ea52-4da8-8ddb-60b8d8c4c3a9.wav,coughvid_data/681db1a1-ea52-4da8-8ddb-60b8d8c4c3a9.wav,0.0
15a0a034-354e-4637-b74c-9653763e0862,coughvid_data/15a0a034-354e-4637-b74c-9653763e0862.wav,coughvid_data/15a0a034-354e-4637-b74c-9653763e0862.wav,1.0
637dd15d-00cd-4d91-b2e5-a7b49e8b22a7,coughvid_data/637dd15d-00cd-4d91-b2e5-a7b49e8b22a7.wav,coughvid_data/637dd15d-00cd-4d91-b2e5-a7b49e8b22a7.wav,1.0
187c6b84-2999-4ba8-8fe4-3b1936d10f22,coughvid_data/187c6b84-2999-4ba8-8fe4-3b1936d10f22.wav,coughvid_data/187c6b84-2999-4ba8-8fe4-3b1936d10f22.wav,0.0
c9902aa8-7be3-4642-b626-2f77c19738af,coughvid_data/c9902aa8-7be3-4642-b626-2f77c19738af.wav,coughvid_data/c9902aa8-7be3-4642-b626-2f77c19738af.wav,1.0
a622f33f-de0a-45a7-8b89-86a258410b80,coughvid_data/a622f33f-de0a-45a7-8b89-86a258410b80.wav,coughvid_data/a622f33f-de0a-45a7-8b89-86a258410b80.wav,0.0
5289f195-434c-4807-8525-cb5b420c60bd,coughvid_data/5289f195-434c-4807-8525-cb5b420c60bd.wav,coughvid_data/5289f195-434c-4807-8525-cb5b420c60bd.wav,0.0
92307087-a106-4fd5-919a-a92b57ffd316,coughvid_data/92307087-a106-4fd5-919a-a92b57ffd316.wav,coughvid_data/92307087-a106-4fd5-919a-a92b57ffd316.wav,1.0
70f0d27f-23df-4e77-b491-b6e016fb6ada,coughvid_data/70f0d27f-23df-4e77-b491-b6e016fb6ada.wav,coughvid_data/70f0d27f-23df-4e77-b491-b6e016fb6ada.wav,0.0
c1d86c76-5622-4dbb-9da1-65aebf6a0f0b,coughvid_data/c1d86c76-5622-4dbb-9da1-65aebf6a0f0b.wav,coughvid_data/c1d86c76-5622-4dbb-9da1-65aebf6a0f0b.wav,1.0
8a95f640-5104-412d-a1de-b9eb4115c58a,coughvid_data/8a95f640-5104-412d-a1de-b9eb4115c58a.wav,coughvid_data/8a95f640-5104-412d-a1de-b9eb4115c58a.wav,1.0
dc8c652d-fddb-4122-a51c-ea482eb1a0e0,coughvid_data/dc8c652d-fddb-4122-a51c-ea482eb1a0e0.wav,coughvid_data/dc8c652d-fddb-4122-a51c-ea482eb1a0e0.wav,1.0
6db6f629-7db0-4ef5-805e-32c78196cbd6,coughvid_data/6db6f629-7db0-4ef5-805e-32c78196cbd6.wav,coughvid_data/6db6f629-7db0-4ef5-805e-32c78196cbd6.wav,0.0
9d02537d-2160-464c-9b2e-4d5cf41e3729,coughvid_data/9d02537d-2160-464c-9b2e-4d5cf41e3729.wav,coughvid_data/9d02537d-2160-464c-9b2e-4d5cf41e3729.wav,1.0
52b9f6f7-2a18-44a3-99ca-9de44f3da326,coughvid_data/52b9f6f7-2a18-44a3-99ca-9de44f3da326.wav,coughvid_data/52b9f6f7-2a18-44a3-99ca-9de44f3da326.wav,1.0
255fe07e-ae6d-4d1c-85a7-c227ffcd5a09,coughvid_data/255fe07e-ae6d-4d1c-85a7-c227ffcd5a09.wav,coughvid_data/255fe07e-ae6d-4d1c-85a7-c227ffcd5a09.wav,0.0
f3c4a941-9e20-462e-a0f4-8f443de212c2,coughvid_data/f3c4a941-9e20-462e-a0f4-8f443de212c2.wav,coughvid_data/f3c4a941-9e20-462e-a0f4-8f443de212c2.wav,1.0
409a0488-809c-41c0-a1a6-1b50850169e5,coughvid_data/409a0488-809c-41c0-a1a6-1b50850169e5.wav,coughvid_data/409a0488-809c-41c0-a1a6-1b50850169e5.wav,1.0
78c36c75-a36b-420b-9b49-6fc512927578,coughvid_data/78c36c75-a36b-420b-9b49-6fc512927578.wav,coughvid_data/78c36c75-a36b-420b-9b49-6fc512927578.wav,0.0
d03bc7d5-6c3d-4e75-ab06-3ee662d58171,coughvid_data/d03bc7d5-6c3d-4e75-ab06-3ee662d58171.wav,coughvid_data/d03bc7d5-6c3d-4e75-ab06-3ee662d58171.wav,1.0
97f8b773-94b5-4b63-b85c-202f1d7aa452,coughvid_data/97f8b773-94b5-4b63-b85c-202f1d7aa452.wav,coughvid_data/97f8b773-94b5-4b63-b85c-202f1d7aa452.wav,1.0
14647f35-4d99-4c22-9aaf-5986b88c0be2,coughvid_data/14647f35-4d99-4c22-9aaf-5986b88c0be2.wav,coughvid_data/14647f35-4d99-4c22-9aaf-5986b88c0be2.wav,1.0
4c8bbfee-681f-4629-84b6-2896647508a5,coughvid_data/4c8bbfee-681f-4629-84b6-2896647508a5.wav,coughvid_data/4c8bbfee-681f-4629-84b6-2896647508a5.wav,1.0
189bc1b8-e78d-48ce-a7da-2f1285b83106,coughvid_data/189bc1b8-e78d-48ce-a7da-2f1285b83106.wav,coughvid_data/189bc1b8-e78d-48ce-a7da-2f1285b83106.wav,1.0
d6c63554-2cd3-448e-a8ce-9846fd938820,coughvid_data/d6c63554-2cd3-448e-a8ce-9846fd938820.wav,coughvid_data/d6c63554-2cd3-448e-a8ce-9846fd938820.wav,1.0
fb57283d-225b-4d45-9856-29fa1b140adb,coughvid_data/fb57283d-225b-4d45-9856-29fa1b140adb.wav,coughvid_data/fb57283d-225b-4d45-9856-29fa1b140adb.wav,1.0
6c78ba39-46af-4c52-889c-5ea07fa3f15b,coughvid_data/6c78ba39-46af-4c52-889c-5ea07fa3f15b.wav,coughvid_data/6c78ba39-46af-4c52-889c-5ea07fa3f15b.wav,1.0
8a6b16a4-101f-48e4-a539-c9133ca391e2,coughvid_data/8a6b16a4-101f-48e4-a539-c9133ca391e2.wav,coughvid_data/8a6b16a4-101f-48e4-a539-c9133ca391e2.wav,1.0
6157e4c8-3da4-4811-9b4e-3a88c55f6401,coughvid_data/6157e4c8-3da4-4811-9b4e-3a88c55f6401.wav,coughvid_data/6157e4c8-3da4-4811-9b4e-3a88c55f6401.wav,1.0
27f57603-8dcf-4840-8608-fbf76c3d7d3a,coughvid_data/27f57603-8dcf-4840-8608-fbf76c3d7d3a.wav,coughvid_data/27f57603-8dcf-4840-8608-fbf76c3d7d3a.wav,0.0
ad949a2b-e3fb-474c-bd5f-478ddb39d443,coughvid_data/ad949a2b-e3fb-474c-bd5f-478ddb39d443.wav,coughvid_data/ad949a2b-e3fb-474c-bd5f-478ddb39d443.wav,1.0
4e47612c-6c09-4580-a9b6-2eb6bf2ab40c,coughvid_data/4e47612c-6c09-4580-a9b6-2eb6bf2ab40c.wav,coughvid_data/4e47612c-6c09-4580-a9b6-2eb6bf2ab40c.wav,1.0
561be442-9183-41d6-874f-1cf973d3f7b5,coughvid_data/561be442-9183-41d6-874f-1cf973d3f7b5.wav,coughvid_data/561be442-9183-41d6-874f-1cf973d3f7b5.wav,1.0
c8c92122-f325-463e-a741-559043e94e99,coughvid_data/c8c92122-f325-463e-a741-559043e94e99.wav,coughvid_data/c8c92122-f325-463e-a741-559043e94e99.wav,1.0
b4140cfc-35b2-4c62-b528-2711e0c660ec,coughvid_data/b4140cfc-35b2-4c62-b528-2711e0c660ec.wav,coughvid_data/b4140cfc-35b2-4c62-b528-2711e0c660ec.wav,1.0
fd97e6b0-31c7-43b8-9510-71d4c2ed6928,coughvid_data/fd97e6b0-31c7-43b8-9510-71d4c2ed6928.wav,coughvid_data/fd97e6b0-31c7-43b8-9510-71d4c2ed6928.wav,0.0
bcb96569-2679-496e-a935-329f96b9126d,coughvid_data/bcb96569-2679-496e-a935-329f96b9126d.wav,coughvid_data/bcb96569-2679-496e-a935-329f96b9126d.wav,0.0
05262cfb-48fe-44c2-b303-56c9d5a4534d,coughvid_data/05262cfb-48fe-44c2-b303-56c9d5a4534d.wav,coughvid_data/05262cfb-48fe-44c2-b303-56c9d5a4534d.wav,1.0
9678f71a-3a6c-4e8a-bc76-220d9ef1a52f,coughvid_data/9678f71a-3a6c-4e8a-bc76-220d9ef1a52f.wav,coughvid_data/9678f71a-3a6c-4e8a-bc76-220d9ef1a52f.wav,1.0
dcb4ec72-1186-452b-8f59-f6dbc47ae657,coughvid_data/dcb4ec72-1186-452b-8f59-f6dbc47ae657.wav,coughvid_data/dcb4ec72-1186-452b-8f59-f6dbc47ae657.wav,0.0
300377e2-d06c-4342-b0be-4806d51f049c,coughvid_data/300377e2-d06c-4342-b0be-4806d51f049c.wav,coughvid_data/300377e2-d06c-4342-b0be-4806d51f049c.wav,0.0
885b7762-bc4a-429e-8f19-bf62558a935b,coughvid_data/885b7762-bc4a-429e-8f19-bf62558a935b.wav,coughvid_data/885b7762-bc4a-429e-8f19-bf62558a935b.wav,1.0
f2a73c6a-d982-4b35-b2f7-32fa6f3dc9ee,coughvid_data/f2a73c6a-d982-4b35-b2f7-32fa6f3dc9ee.wav,coughvid_data/f2a73c6a-d982-4b35-b2f7-32fa6f3dc9ee.wav,1.0
9f545b22-c02e-466f-b881-4a89372fc661,coughvid_data/9f545b22-c02e-466f-b881-4a89372fc661.wav,coughvid_data/9f545b22-c02e-466f-b881-4a89372fc661.wav,0.0
dd363c25-b708-43ff-a756-652cd8f29766,coughvid_data/dd363c25-b708-43ff-a756-652cd8f29766.wav,coughvid_data/dd363c25-b708-43ff-a756-652cd8f29766.wav,1.0
7f6dabe7-7cbb-4120-95ea-b10beba99359,coughvid_data/7f6dabe7-7cbb-4120-95ea-b10beba99359.wav,coughvid_data/7f6dabe7-7cbb-4120-95ea-b10beba99359.wav,0.0
898423e1-6282-4791-a884-6191111796cb,coughvid_data/898423e1-6282-4791-a884-6191111796cb.wav,coughvid_data/898423e1-6282-4791-a884-6191111796cb.wav,0.0
82d1d0ab-1163-4bfb-8370-53c144b86f11,coughvid_data/82d1d0ab-1163-4bfb-8370-53c144b86f11.wav,coughvid_data/82d1d0ab-1163-4bfb-8370-53c144b86f11.wav,0.0
e003e800-25b9-4a9e-bc00-cdf8a7d30e49,coughvid_data/e003e800-25b9-4a9e-bc00-cdf8a7d30e49.wav,coughvid_data/e003e800-25b9-4a9e-bc00-cdf8a7d30e49.wav,1.0
c599bb84-751d-4b19-a059-a7ab90e27e6d,coughvid_data/c599bb84-751d-4b19-a059-a7ab90e27e6d.wav,coughvid_data/c599bb84-751d-4b19-a059-a7ab90e27e6d.wav,1.0
0f003560-c6ad-4e12-a2ff-146af3bd8b13,coughvid_data/0f003560-c6ad-4e12-a2ff-146af3bd8b13.wav,coughvid_data/0f003560-c6ad-4e12-a2ff-146af3bd8b13.wav,0.0
812e1923-9d7e-4922-b579-9e768e21c7c5,coughvid_data/812e1923-9d7e-4922-b579-9e768e21c7c5.wav,coughvid_data/812e1923-9d7e-4922-b579-9e768e21c7c5.wav,1.0
6553dd7e-8cdd-4dbb-826c-10ef2ad0fd07,coughvid_data/6553dd7e-8cdd-4dbb-826c-10ef2ad0fd07.wav,coughvid_data/6553dd7e-8cdd-4dbb-826c-10ef2ad0fd07.wav,0.0
0d7a6cb9-099c-48ba-8447-e7749bb88abe,coughvid_data/0d7a6cb9-099c-48ba-8447-e7749bb88abe.wav,coughvid_data/0d7a6cb9-099c-48ba-8447-e7749bb88abe.wav,0.0
2bd83c2d-0c8e-4676-8cdb-249469dcc1f1,coughvid_data/2bd83c2d-0c8e-4676-8cdb-249469dcc1f1.wav,coughvid_data/2bd83c2d-0c8e-4676-8cdb-249469dcc1f1.wav,1.0
bf058eed-f8c2-49b6-9e34-f46945de8a66,coughvid_data/bf058eed-f8c2-49b6-9e34-f46945de8a66.wav,coughvid_data/bf058eed-f8c2-49b6-9e34-f46945de8a66.wav,1.0
5d479f33-b898-4757-b340-5a173eaecd30,coughvid_data/5d479f33-b898-4757-b340-5a173eaecd30.wav,coughvid_data/5d479f33-b898-4757-b340-5a173eaecd30.wav,0.0
0e7490b4-7825-4a73-957b-456207391159,coughvid_data/0e7490b4-7825-4a73-957b-456207391159.wav,coughvid_data/0e7490b4-7825-4a73-957b-456207391159.wav,0.0
f9b01f76-2e60-434e-ac27-acf9b411ea12,coughvid_data/f9b01f76-2e60-434e-ac27-acf9b411ea12.wav,coughvid_data/f9b01f76-2e60-434e-ac27-acf9b411ea12.wav,1.0
5e117d03-3fcb-41a8-bc6c-2855e9a695fe,coughvid_data/5e117d03-3fcb-41a8-bc6c-2855e9a695fe.wav,coughvid_data/5e117d03-3fcb-41a8-bc6c-2855e9a695fe.wav,0.0
9c4e9207-460c-4f8c-9d3e-9e84bc15a009,coughvid_data/9c4e9207-460c-4f8c-9d3e-9e84bc15a009.wav,coughvid_data/9c4e9207-460c-4f8c-9d3e-9e84bc15a009.wav,0.0
8a117045-27ae-405d-b4bb-a0901b3d364f,coughvid_data/8a117045-27ae-405d-b4bb-a0901b3d364f.wav,coughvid_data/8a117045-27ae-405d-b4bb-a0901b3d364f.wav,0.0
473dc4be-5872-46e3-a076-914af9a9c504,coughvid_data/473dc4be-5872-46e3-a076-914af9a9c504.wav,coughvid_data/473dc4be-5872-46e3-a076-914af9a9c504.wav,1.0
55c0a763-5f42-476e-9c72-e2924b21b2b4,coughvid_data/55c0a763-5f42-476e-9c72-e2924b21b2b4.wav,coughvid_data/55c0a763-5f42-476e-9c72-e2924b21b2b4.wav,1.0
6dfd789f-9ef4-42bd-bdad-62bec73e480f,coughvid_data/6dfd789f-9ef4-42bd-bdad-62bec73e480f.wav,coughvid_data/6dfd789f-9ef4-42bd-bdad-62bec73e480f.wav,0.0
49d3acb2-f8ba-4db6-b843-380cce7980a7,coughvid_data/49d3acb2-f8ba-4db6-b843-380cce7980a7.wav,coughvid_data/49d3acb2-f8ba-4db6-b843-380cce7980a7.wav,1.0
341ff20f-b75f-4d5a-8ee9-38ba198ed6ec,coughvid_data/341ff20f-b75f-4d5a-8ee9-38ba198ed6ec.wav,coughvid_data/341ff20f-b75f-4d5a-8ee9-38ba198ed6ec.wav,1.0
3ffd76f2-898e-4b36-b3d9-b5b5cc67c57f,coughvid_data/3ffd76f2-898e-4b36-b3d9-b5b5cc67c57f.wav,coughvid_data/3ffd76f2-898e-4b36-b3d9-b5b5cc67c57f.wav,0.0
afb1ec92-e11c-4d81-943e-d4f7f74387ec,coughvid_data/afb1ec92-e11c-4d81-943e-d4f7f74387ec.wav,coughvid_data/afb1ec92-e11c-4d81-943e-d4f7f74387ec.wav,0.0
f7da17f7-ba0a-4a07-8115-d50021c16476,coughvid_data/f7da17f7-ba0a-4a07-8115-d50021c16476.wav,coughvid_data/f7da17f7-ba0a-4a07-8115-d50021c16476.wav,0.0
980dca9a-f28f-48b3-8412-3b47ba820589,coughvid_data/980dca9a-f28f-48b3-8412-3b47ba820589.wav,coughvid_data/980dca9a-f28f-48b3-8412-3b47ba820589.wav,1.0
7696efff-2d94-4a38-a5f9-7f4ad6f6d664,coughvid_data/7696efff-2d94-4a38-a5f9-7f4ad6f6d664.wav,coughvid_data/7696efff-2d94-4a38-a5f9-7f4ad6f6d664.wav,1.0
7330dd4d-3edf-43b4-a703-4d077c573fe9,coughvid_data/7330dd4d-3edf-43b4-a703-4d077c573fe9.wav,coughvid_data/7330dd4d-3edf-43b4-a703-4d077c573fe9.wav,1.0
439daf49-ca13-413b-80e8-a8b6928db817,coughvid_data/439daf49-ca13-413b-80e8-a8b6928db817.wav,coughvid_data/439daf49-ca13-413b-80e8-a8b6928db817.wav,1.0
1b0b6bde-cd4a-47b7-a365-cff01b91d19d,coughvid_data/1b0b6bde-cd4a-47b7-a365-cff01b91d19d.wav,coughvid_data/1b0b6bde-cd4a-47b7-a365-cff01b91d19d.wav,1.0
11ae663f-1a80-4913-8b71-4249ef85dbcf,coughvid_data/11ae663f-1a80-4913-8b71-4249ef85dbcf.wav,coughvid_data/11ae663f-1a80-4913-8b71-4249ef85dbcf.wav,0.0
8f27ca39-4693-4701-97a5-0e55391947c0,coughvid_data/8f27ca39-4693-4701-97a5-0e55391947c0.wav,coughvid_data/8f27ca39-4693-4701-97a5-0e55391947c0.wav,0.0
70e16d99-c4b2-4d6b-a7c2-8d6b7e8fe68a,coughvid_data/70e16d99-c4b2-4d6b-a7c2-8d6b7e8fe68a.wav,coughvid_data/70e16d99-c4b2-4d6b-a7c2-8d6b7e8fe68a.wav,0.0
158365ed-018c-447b-86f3-64ddbc3adb36,coughvid_data/158365ed-018c-447b-86f3-64ddbc3adb36.wav,coughvid_data/158365ed-018c-447b-86f3-64ddbc3adb36.wav,0.0
336b15df-b282-4956-bb68-548ec950bb2f,coughvid_data/336b15df-b282-4956-bb68-548ec950bb2f.wav,coughvid_data/336b15df-b282-4956-bb68-548ec950bb2f.wav,1.0
a58c249f-0fc2-41ec-9a95-95c47f1dc9cd,coughvid_data/a58c249f-0fc2-41ec-9a95-95c47f1dc9cd.wav,coughvid_data/a58c249f-0fc2-41ec-9a95-95c47f1dc9cd.wav,1.0
fa326f56-00c5-412f-9d23-2789130f13ab,coughvid_data/fa326f56-00c5-412f-9d23-2789130f13ab.wav,coughvid_data/fa326f56-00c5-412f-9d23-2789130f13ab.wav,1.0
7ec311f3-c48a-4b46-81dd-de4ffca3610c,coughvid_data/7ec311f3-c48a-4b46-81dd-de4ffca3610c.wav,coughvid_data/7ec311f3-c48a-4b46-81dd-de4ffca3610c.wav,1.0
846eed91-f442-4ff2-bed1-cc21e5b4ae96,coughvid_data/846eed91-f442-4ff2-bed1-cc21e5b4ae96.wav,coughvid_data/846eed91-f442-4ff2-bed1-cc21e5b4ae96.wav,1.0
476aad54-d33c-4ce6-93c9-718e419d71bd,coughvid_data/476aad54-d33c-4ce6-93c9-718e419d71bd.wav,coughvid_data/476aad54-d33c-4ce6-93c9-718e419d71bd.wav,0.0
24cd5687-08d1-493f-bfc4-0564dc1ce82e,coughvid_data/24cd5687-08d1-493f-bfc4-0564dc1ce82e.wav,coughvid_data/24cd5687-08d1-493f-bfc4-0564dc1ce82e.wav,1.0
a34bd325-582b-41bd-b2b3-86c5c6077e44,coughvid_data/a34bd325-582b-41bd-b2b3-86c5c6077e44.wav,coughvid_data/a34bd325-582b-41bd-b2b3-86c5c6077e44.wav,0.0
92114e58-4cac-483d-94a5-e105751bae39,coughvid_data/92114e58-4cac-483d-94a5-e105751bae39.wav,coughvid_data/92114e58-4cac-483d-94a5-e105751bae39.wav,1.0
59e18bb2-031e-4bf0-b2ee-48963f4e0c43,coughvid_data/59e18bb2-031e-4bf0-b2ee-48963f4e0c43.wav,coughvid_data/59e18bb2-031e-4bf0-b2ee-48963f4e0c43.wav,0.0
05be20c3-1595-470c-843d-2b30fb5182e3,coughvid_data/05be20c3-1595-470c-843d-2b30fb5182e3.wav,coughvid_data/05be20c3-1595-470c-843d-2b30fb5182e3.wav,0.0
d640214b-314b-4fb4-a919-935ecd4a3710,coughvid_data/d640214b-314b-4fb4-a919-935ecd4a3710.wav,coughvid_data/d640214b-314b-4fb4-a919-935ecd4a3710.wav,1.0
818197ee-acaf-48e1-8776-1c70942a4ced,coughvid_data/818197ee-acaf-48e1-8776-1c70942a4ced.wav,coughvid_data/818197ee-acaf-48e1-8776-1c70942a4ced.wav,1.0
436be2a1-417c-405b-9d0e-b2d3bba65574,coughvid_data/436be2a1-417c-405b-9d0e-b2d3bba65574.wav,coughvid_data/436be2a1-417c-405b-9d0e-b2d3bba65574.wav,0.0
ac54986c-4089-4d34-80ea-3be4fb27b42c,coughvid_data/ac54986c-4089-4d34-80ea-3be4fb27b42c.wav,coughvid_data/ac54986c-4089-4d34-80ea-3be4fb27b42c.wav,1.0
b75e655e-e7f1-4c44-8c1c-ffae009b59bd,coughvid_data/b75e655e-e7f1-4c44-8c1c-ffae009b59bd.wav,coughvid_data/b75e655e-e7f1-4c44-8c1c-ffae009b59bd.wav,1.0
7134d05d-3d52-4e8b-98cc-745600dceef0,coughvid_data/7134d05d-3d52-4e8b-98cc-745600dceef0.wav,coughvid_data/7134d05d-3d52-4e8b-98cc-745600dceef0.wav,0.0
32fe44d3-a395-4e60-bc17-689541f8ff9f,coughvid_data/32fe44d3-a395-4e60-bc17-689541f8ff9f.wav,coughvid_data/32fe44d3-a395-4e60-bc17-689541f8ff9f.wav,1.0
6dd66c4b-efbc-4d8f-992b-29029541c98c,coughvid_data/6dd66c4b-efbc-4d8f-992b-29029541c98c.wav,coughvid_data/6dd66c4b-efbc-4d8f-992b-29029541c98c.wav,1.0
470f8817-e732-4085-8ef9-423ee9c7d092,coughvid_data/470f8817-e732-4085-8ef9-423ee9c7d092.wav,coughvid_data/470f8817-e732-4085-8ef9-423ee9c7d092.wav,0.0
d4314ab6-8ed8-471a-afa0-df3c0ba3ad3a,coughvid_data/d4314ab6-8ed8-471a-afa0-df3c0ba3ad3a.wav,coughvid_data/d4314ab6-8ed8-471a-afa0-df3c0ba3ad3a.wav,1.0
5d5c5271-5a75-49ed-99fb-dc62d85071ff,coughvid_data/5d5c5271-5a75-49ed-99fb-dc62d85071ff.wav,coughvid_data/5d5c5271-5a75-49ed-99fb-dc62d85071ff.wav,1.0
38fc00e9-50c3-435a-9c3a-fa548f6e4afa,coughvid_data/38fc00e9-50c3-435a-9c3a-fa548f6e4afa.wav,coughvid_data/38fc00e9-50c3-435a-9c3a-fa548f6e4afa.wav,0.0
2a15a323-8516-4824-badb-223599d21503,coughvid_data/2a15a323-8516-4824-badb-223599d21503.wav,coughvid_data/2a15a323-8516-4824-badb-223599d21503.wav,1.0
2613824c-cc26-4bdb-a2fa-075a28698f61,coughvid_data/2613824c-cc26-4bdb-a2fa-075a28698f61.wav,coughvid_data/2613824c-cc26-4bdb-a2fa-075a28698f61.wav,1.0
6f4be234-628c-47bd-9f04-d681520bd7a6,coughvid_data/6f4be234-628c-47bd-9f04-d681520bd7a6.wav,coughvid_data/6f4be234-628c-47bd-9f04-d681520bd7a6.wav,0.0
7e8bfabe-ab2f-4509-abcd-d34e033eed3d,coughvid_data/7e8bfabe-ab2f-4509-abcd-d34e033eed3d.wav,coughvid_data/7e8bfabe-ab2f-4509-abcd-d34e033eed3d.wav,1.0
59bd471f-7395-41fb-a474-9d3b74c8b57e,coughvid_data/59bd471f-7395-41fb-a474-9d3b74c8b57e.wav,coughvid_data/59bd471f-7395-41fb-a474-9d3b74c8b57e.wav,1.0
5a48be84-91c7-4200-8e13-acc90e8e68d9,coughvid_data/5a48be84-91c7-4200-8e13-acc90e8e68d9.wav,coughvid_data/5a48be84-91c7-4200-8e13-acc90e8e68d9.wav,1.0
4f2553cc-c159-4604-983f-3564b7802af3,coughvid_data/4f2553cc-c159-4604-983f-3564b7802af3.wav,coughvid_data/4f2553cc-c159-4604-983f-3564b7802af3.wav,1.0
0d58fdfa-2cf6-4d7c-ae50-cd6ba086ec21,coughvid_data/0d58fdfa-2cf6-4d7c-ae50-cd6ba086ec21.wav,coughvid_data/0d58fdfa-2cf6-4d7c-ae50-cd6ba086ec21.wav,0.0
8416132a-a9d3-47f4-b3df-e9a78c0b03bb,coughvid_data/8416132a-a9d3-47f4-b3df-e9a78c0b03bb.wav,coughvid_data/8416132a-a9d3-47f4-b3df-e9a78c0b03bb.wav,0.0
95abff8d-0b30-4fc0-9119-f0b05a2afe95,coughvid_data/95abff8d-0b30-4fc0-9119-f0b05a2afe95.wav,coughvid_data/95abff8d-0b30-4fc0-9119-f0b05a2afe95.wav,1.0
bbfe83c0-0a3c-44a1-bf1c-c43b86b24423,coughvid_data/bbfe83c0-0a3c-44a1-bf1c-c43b86b24423.wav,coughvid_data/bbfe83c0-0a3c-44a1-bf1c-c43b86b24423.wav,0.0
dad95f29-3a87-4675-adb2-2685bd304a6e,coughvid_data/dad95f29-3a87-4675-adb2-2685bd304a6e.wav,coughvid_data/dad95f29-3a87-4675-adb2-2685bd304a6e.wav,1.0
e7fcc7a2-b406-44ef-b1f6-9c6b58d6f6a6,coughvid_data/e7fcc7a2-b406-44ef-b1f6-9c6b58d6f6a6.wav,coughvid_data/e7fcc7a2-b406-44ef-b1f6-9c6b58d6f6a6.wav,1.0
bcbb5260-a7c1-4153-9953-3e15429af4a4,coughvid_data/bcbb5260-a7c1-4153-9953-3e15429af4a4.wav,coughvid_data/bcbb5260-a7c1-4153-9953-3e15429af4a4.wav,1.0
7bbdbaeb-e4e6-4e73-8639-6ba6a366f9bd,coughvid_data/7bbdbaeb-e4e6-4e73-8639-6ba6a366f9bd.wav,coughvid_data/7bbdbaeb-e4e6-4e73-8639-6ba6a366f9bd.wav,0.0
f6476262-50b6-408c-84e6-af9db0f9cf11,coughvid_data/f6476262-50b6-408c-84e6-af9db0f9cf11.wav,coughvid_data/f6476262-50b6-408c-84e6-af9db0f9cf11.wav,0.0
a052eddd-a42a-4d24-890d-1fa05fae9c7e,coughvid_data/a052eddd-a42a-4d24-890d-1fa05fae9c7e.wav,coughvid_data/a052eddd-a42a-4d24-890d-1fa05fae9c7e.wav,1.0
f4e86ede-7444-4325-bcf8-bfd540e8ce43,coughvid_data/f4e86ede-7444-4325-bcf8-bfd540e8ce43.wav,coughvid_data/f4e86ede-7444-4325-bcf8-bfd540e8ce43.wav,1.0
a7dd075c-e70d-4c99-91e4-d578131fea6a,coughvid_data/a7dd075c-e70d-4c99-91e4-d578131fea6a.wav,coughvid_data/a7dd075c-e70d-4c99-91e4-d578131fea6a.wav,1.0
96644b82-b1a1-4db8-bedc-50627bbebaf9,coughvid_data/96644b82-b1a1-4db8-bedc-50627bbebaf9.wav,coughvid_data/96644b82-b1a1-4db8-bedc-50627bbebaf9.wav,1.0
5132cf1f-33ea-489a-83c4-9e428f1646a7,coughvid_data/5132cf1f-33ea-489a-83c4-9e428f1646a7.wav,coughvid_data/5132cf1f-33ea-489a-83c4-9e428f1646a7.wav,1.0
b8820c83-8481-4227-8f12-2980ec04224f,coughvid_data/b8820c83-8481-4227-8f12-2980ec04224f.wav,coughvid_data/b8820c83-8481-4227-8f12-2980ec04224f.wav,0.0
3f280b85-8d79-4291-9a02-e0c527ded33d,coughvid_data/3f280b85-8d79-4291-9a02-e0c527ded33d.wav,coughvid_data/3f280b85-8d79-4291-9a02-e0c527ded33d.wav,0.0
5b992a76-73a5-44ef-ba2e-14872c49d5c0,coughvid_data/5b992a76-73a5-44ef-ba2e-14872c49d5c0.wav,coughvid_data/5b992a76-73a5-44ef-ba2e-14872c49d5c0.wav,1.0
de595fc9-4b2f-4072-be84-518fcd0de719,coughvid_data/de595fc9-4b2f-4072-be84-518fcd0de719.wav,coughvid_data/de595fc9-4b2f-4072-be84-518fcd0de719.wav,0.0
7a6f9507-97cf-4bb8-a165-baa3877a8c17,coughvid_data/7a6f9507-97cf-4bb8-a165-baa3877a8c17.wav,coughvid_data/7a6f9507-97cf-4bb8-a165-baa3877a8c17.wav,0.0
342f0657-8c8f-4ad1-92d2-3eb80f2b2dcc,coughvid_data/342f0657-8c8f-4ad1-92d2-3eb80f2b2dcc.wav,coughvid_data/342f0657-8c8f-4ad1-92d2-3eb80f2b2dcc.wav,1.0
14a53398-8b98-42e2-8bef-45c4ac760e6d,coughvid_data/14a53398-8b98-42e2-8bef-45c4ac760e6d.wav,coughvid_data/14a53398-8b98-42e2-8bef-45c4ac760e6d.wav,1.0
34a15a0a-2066-483b-a7d5-eb7663c0e38c,coughvid_data/34a15a0a-2066-483b-a7d5-eb7663c0e38c.wav,coughvid_data/34a15a0a-2066-483b-a7d5-eb7663c0e38c.wav,0.0
3af57e76-dce4-4f95-b97f-6162b988675d,coughvid_data/3af57e76-dce4-4f95-b97f-6162b988675d.wav,coughvid_data/3af57e76-dce4-4f95-b97f-6162b988675d.wav,1.0
79d8b268-c2db-47f5-8d44-a266916bbd97,coughvid_data/79d8b268-c2db-47f5-8d44-a266916bbd97.wav,coughvid_data/79d8b268-c2db-47f5-8d44-a266916bbd97.wav,1.0
12cbd852-7948-4b2f-8daa-241f960eaec0,coughvid_data/12cbd852-7948-4b2f-8daa-241f960eaec0.wav,coughvid_data/12cbd852-7948-4b2f-8daa-241f960eaec0.wav,1.0
9d7fe6b0-1b20-49ee-a5a3-cfbf6f88739d,coughvid_data/9d7fe6b0-1b20-49ee-a5a3-cfbf6f88739d.wav,coughvid_data/9d7fe6b0-1b20-49ee-a5a3-cfbf6f88739d.wav,0.0
5d61bb4a-592f-470e-8b7e-d810fabf3514,coughvid_data/5d61bb4a-592f-470e-8b7e-d810fabf3514.wav,coughvid_data/5d61bb4a-592f-470e-8b7e-d810fabf3514.wav,0.0
e2d0d856-56e7-44d8-8919-7df7ec16c001,coughvid_data/e2d0d856-56e7-44d8-8919-7df7ec16c001.wav,coughvid_data/e2d0d856-56e7-44d8-8919-7df7ec16c001.wav,1.0
863b4c60-2910-40a7-9998-a471b1bc2998,coughvid_data/863b4c60-2910-40a7-9998-a471b1bc2998.wav,coughvid_data/863b4c60-2910-40a7-9998-a471b1bc2998.wav,0.0
5fe2cece-1061-4f53-b4ac-64a07efc6ba1,coughvid_data/5fe2cece-1061-4f53-b4ac-64a07efc6ba1.wav,coughvid_data/5fe2cece-1061-4f53-b4ac-64a07efc6ba1.wav,1.0
8eac4375-f279-468e-853d-c83c73a62077,coughvid_data/8eac4375-f279-468e-853d-c83c73a62077.wav,coughvid_data/8eac4375-f279-468e-853d-c83c73a62077.wav,1.0
64a10b22-f28b-4a5e-bace-08735d6e652f,coughvid_data/64a10b22-f28b-4a5e-bace-08735d6e652f.wav,coughvid_data/64a10b22-f28b-4a5e-bace-08735d6e652f.wav,1.0
fa533eb0-660e-4501-8e28-6f9a430f91bf,coughvid_data/fa533eb0-660e-4501-8e28-6f9a430f91bf.wav,coughvid_data/fa533eb0-660e-4501-8e28-6f9a430f91bf.wav,1.0
129c6c64-4072-430e-ba64-5dc3e5fce6a6,coughvid_data/129c6c64-4072-430e-ba64-5dc3e5fce6a6.wav,coughvid_data/129c6c64-4072-430e-ba64-5dc3e5fce6a6.wav,0.0
ed0367f1-484c-49c4-b98c-a1dfa0630f99,coughvid_data/ed0367f1-484c-49c4-b98c-a1dfa0630f99.wav,coughvid_data/ed0367f1-484c-49c4-b98c-a1dfa0630f99.wav,1.0
f995b8ba-f420-4e28-8fca-373d3168b26a,coughvid_data/f995b8ba-f420-4e28-8fca-373d3168b26a.wav,coughvid_data/f995b8ba-f420-4e28-8fca-373d3168b26a.wav,1.0
b82f1eb4-7495-47c2-8066-2e025553cb91,coughvid_data/b82f1eb4-7495-47c2-8066-2e025553cb91.wav,coughvid_data/b82f1eb4-7495-47c2-8066-2e025553cb91.wav,0.0
592a264a-26a3-40c0-855d-6ddc52e694e7,coughvid_data/592a264a-26a3-40c0-855d-6ddc52e694e7.wav,coughvid_data/592a264a-26a3-40c0-855d-6ddc52e694e7.wav,1.0
eb4d749f-6499-4880-b2c4-8034364042cf,coughvid_data/eb4d749f-6499-4880-b2c4-8034364042cf.wav,coughvid_data/eb4d749f-6499-4880-b2c4-8034364042cf.wav,1.0
1b0ee04c-9a59-40f0-a66b-a6d609544d5f,coughvid_data/1b0ee04c-9a59-40f0-a66b-a6d609544d5f.wav,coughvid_data/1b0ee04c-9a59-40f0-a66b-a6d609544d5f.wav,1.0
45bec66d-2557-42db-97af-d87f857fb607,coughvid_data/45bec66d-2557-42db-97af-d87f857fb607.wav,coughvid_data/45bec66d-2557-42db-97af-d87f857fb607.wav,1.0
bcae1896-5f43-439b-a169-b8c18d5580fe,coughvid_data/bcae1896-5f43-439b-a169-b8c18d5580fe.wav,coughvid_data/bcae1896-5f43-439b-a169-b8c18d5580fe.wav,1.0
bcbd08d0-e959-4c97-9bce-e607e2e8eb58,coughvid_data/bcbd08d0-e959-4c97-9bce-e607e2e8eb58.wav,coughvid_data/bcbd08d0-e959-4c97-9bce-e607e2e8eb58.wav,0.0
e24fced8-6625-4c0a-8509-182fff5a5fcd,coughvid_data/e24fced8-6625-4c0a-8509-182fff5a5fcd.wav,coughvid_data/e24fced8-6625-4c0a-8509-182fff5a5fcd.wav,0.0
8297ad40-3068-409c-9d6d-68c4cb727276,coughvid_data/8297ad40-3068-409c-9d6d-68c4cb727276.wav,coughvid_data/8297ad40-3068-409c-9d6d-68c4cb727276.wav,0.0
65e1d2df-cea6-4137-a024-2961ba94a136,coughvid_data/65e1d2df-cea6-4137-a024-2961ba94a136.wav,coughvid_data/65e1d2df-cea6-4137-a024-2961ba94a136.wav,1.0
e4437dab-9fc8-414b-bad9-b437dbe02cca,coughvid_data/e4437dab-9fc8-414b-bad9-b437dbe02cca.wav,coughvid_data/e4437dab-9fc8-414b-bad9-b437dbe02cca.wav,1.0
1dda45bb-6709-4821-b3c1-3869342a9790,coughvid_data/1dda45bb-6709-4821-b3c1-3869342a9790.wav,coughvid_data/1dda45bb-6709-4821-b3c1-3869342a9790.wav,0.0
385f82e4-f39d-4122-b63a-20cf0a66b700,coughvid_data/385f82e4-f39d-4122-b63a-20cf0a66b700.wav,coughvid_data/385f82e4-f39d-4122-b63a-20cf0a66b700.wav,0.0
a1723acb-bfbd-4595-b060-fee889190f43,coughvid_data/a1723acb-bfbd-4595-b060-fee889190f43.wav,coughvid_data/a1723acb-bfbd-4595-b060-fee889190f43.wav,1.0
70841ed6-4c74-4887-9b05-889286aeee2a,coughvid_data/70841ed6-4c74-4887-9b05-889286aeee2a.wav,coughvid_data/70841ed6-4c74-4887-9b05-889286aeee2a.wav,1.0
78ebb623-7ab3-468d-8490-675ad9f5c71f,coughvid_data/78ebb623-7ab3-468d-8490-675ad9f5c71f.wav,coughvid_data/78ebb623-7ab3-468d-8490-675ad9f5c71f.wav,0.0
bd76a706-b6aa-4d3c-bb40-fa0b6dbc0f22,coughvid_data/bd76a706-b6aa-4d3c-bb40-fa0b6dbc0f22.wav,coughvid_data/bd76a706-b6aa-4d3c-bb40-fa0b6dbc0f22.wav,0.0
20289a26-c619-4c93-9d26-7c9238810766,coughvid_data/20289a26-c619-4c93-9d26-7c9238810766.wav,coughvid_data/20289a26-c619-4c93-9d26-7c9238810766.wav,1.0
bf391a8d-78ce-4d05-be40-a3b0c3ca972f,coughvid_data/bf391a8d-78ce-4d05-be40-a3b0c3ca972f.wav,coughvid_data/bf391a8d-78ce-4d05-be40-a3b0c3ca972f.wav,0.0
4cd1af3b-aaa9-43b2-8bc0-181b3a139bbd,coughvid_data/4cd1af3b-aaa9-43b2-8bc0-181b3a139bbd.wav,coughvid_data/4cd1af3b-aaa9-43b2-8bc0-181b3a139bbd.wav,0.0
3efa2e4f-ba97-4d69-9378-a5a46ff15a61,coughvid_data/3efa2e4f-ba97-4d69-9378-a5a46ff15a61.wav,coughvid_data/3efa2e4f-ba97-4d69-9378-a5a46ff15a61.wav,0.0
22bef2e1-734c-471c-882f-0da1a8a2df56,coughvid_data/22bef2e1-734c-471c-882f-0da1a8a2df56.wav,coughvid_data/22bef2e1-734c-471c-882f-0da1a8a2df56.wav,1.0
7691c773-c2f4-4feb-b2fe-100368c7f30d,coughvid_data/7691c773-c2f4-4feb-b2fe-100368c7f30d.wav,coughvid_data/7691c773-c2f4-4feb-b2fe-100368c7f30d.wav,0.0
2a4eb02f-7a2f-42a9-9483-54ff88943e43,coughvid_data/2a4eb02f-7a2f-42a9-9483-54ff88943e43.wav,coughvid_data/2a4eb02f-7a2f-42a9-9483-54ff88943e43.wav,0.0
61889045-550e-4e0d-a9ec-89449ec2e586,coughvid_data/61889045-550e-4e0d-a9ec-89449ec2e586.wav,coughvid_data/61889045-550e-4e0d-a9ec-89449ec2e586.wav,1.0
e80fa2ba-c36d-497f-a7c4-afe558956212,coughvid_data/e80fa2ba-c36d-497f-a7c4-afe558956212.wav,coughvid_data/e80fa2ba-c36d-497f-a7c4-afe558956212.wav,1.0
794f7b86-805d-4f06-ac24-471307014992,coughvid_data/794f7b86-805d-4f06-ac24-471307014992.wav,coughvid_data/794f7b86-805d-4f06-ac24-471307014992.wav,0.0
ae75c3be-a93b-4079-a544-4feb2f2bff80,coughvid_data/ae75c3be-a93b-4079-a544-4feb2f2bff80.wav,coughvid_data/ae75c3be-a93b-4079-a544-4feb2f2bff80.wav,1.0
3048f2c7-2b58-4be4-8ac8-be06dee018ce,coughvid_data/3048f2c7-2b58-4be4-8ac8-be06dee018ce.wav,coughvid_data/3048f2c7-2b58-4be4-8ac8-be06dee018ce.wav,1.0
833d3cd1-b5c0-45dd-96a8-120b43fa371c,coughvid_data/833d3cd1-b5c0-45dd-96a8-120b43fa371c.wav,coughvid_data/833d3cd1-b5c0-45dd-96a8-120b43fa371c.wav,1.0
2210cd4f-a7c0-494e-a100-05c2ef54d605,coughvid_data/2210cd4f-a7c0-494e-a100-05c2ef54d605.wav,coughvid_data/2210cd4f-a7c0-494e-a100-05c2ef54d605.wav,1.0
140e720d-9782-4df2-9961-b526332cd17c,coughvid_data/140e720d-9782-4df2-9961-b526332cd17c.wav,coughvid_data/140e720d-9782-4df2-9961-b526332cd17c.wav,1.0
4f391b3e-0a4a-474a-b21d-dbab6221c489,coughvid_data/4f391b3e-0a4a-474a-b21d-dbab6221c489.wav,coughvid_data/4f391b3e-0a4a-474a-b21d-dbab6221c489.wav,1.0
680586f5-8b7b-4a9a-a116-4a20a28b1e2a,coughvid_data/680586f5-8b7b-4a9a-a116-4a20a28b1e2a.wav,coughvid_data/680586f5-8b7b-4a9a-a116-4a20a28b1e2a.wav,0.0
e3c91ea8-c495-483c-8633-24e98443b8ca,coughvid_data/e3c91ea8-c495-483c-8633-24e98443b8ca.wav,coughvid_data/e3c91ea8-c495-483c-8633-24e98443b8ca.wav,1.0
a1182546-5e99-4ba4-b941-351c79866173,coughvid_data/a1182546-5e99-4ba4-b941-351c79866173.wav,coughvid_data/a1182546-5e99-4ba4-b941-351c79866173.wav,1.0
bdde6d67-b10c-4c62-bbd7-5312d03e9a8f,coughvid_data/bdde6d67-b10c-4c62-bbd7-5312d03e9a8f.wav,coughvid_data/bdde6d67-b10c-4c62-bbd7-5312d03e9a8f.wav,0.0
65e551ae-193d-400f-962e-436fa83f0034,coughvid_data/65e551ae-193d-400f-962e-436fa83f0034.wav,coughvid_data/65e551ae-193d-400f-962e-436fa83f0034.wav,1.0
a79a320f-97c1-41fd-8ade-339e35c384de,coughvid_data/a79a320f-97c1-41fd-8ade-339e35c384de.wav,coughvid_data/a79a320f-97c1-41fd-8ade-339e35c384de.wav,1.0
be3c642a-54ef-4cbb-af8d-84ddd2913a17,coughvid_data/be3c642a-54ef-4cbb-af8d-84ddd2913a17.wav,coughvid_data/be3c642a-54ef-4cbb-af8d-84ddd2913a17.wav,1.0
429865c5-8905-4bf2-81df-280913b7bde2,coughvid_data/429865c5-8905-4bf2-81df-280913b7bde2.wav,coughvid_data/429865c5-8905-4bf2-81df-280913b7bde2.wav,1.0
4fb33082-aa4a-4584-8b25-d0fd3818cd86,coughvid_data/4fb33082-aa4a-4584-8b25-d0fd3818cd86.wav,coughvid_data/4fb33082-aa4a-4584-8b25-d0fd3818cd86.wav,0.0
991ef17b-14ac-4457-8048-87276dd1a752,coughvid_data/991ef17b-14ac-4457-8048-87276dd1a752.wav,coughvid_data/991ef17b-14ac-4457-8048-87276dd1a752.wav,1.0
f43cc237-c5ef-4850-9224-896b4c7e8a89,coughvid_data/f43cc237-c5ef-4850-9224-896b4c7e8a89.wav,coughvid_data/f43cc237-c5ef-4850-9224-896b4c7e8a89.wav,1.0
1be58eb4-f11a-4977-a1cd-07658f6befa7,coughvid_data/1be58eb4-f11a-4977-a1cd-07658f6befa7.wav,coughvid_data/1be58eb4-f11a-4977-a1cd-07658f6befa7.wav,0.0
c8d47b43-51dd-4c59-8486-8b192c5a56e4,coughvid_data/c8d47b43-51dd-4c59-8486-8b192c5a56e4.wav,coughvid_data/c8d47b43-51dd-4c59-8486-8b192c5a56e4.wav,0.0
48caaa33-dd88-4e9b-951f-7c8175fb8c0f,coughvid_data/48caaa33-dd88-4e9b-951f-7c8175fb8c0f.wav,coughvid_data/48caaa33-dd88-4e9b-951f-7c8175fb8c0f.wav,1.0
4eaec111-6e61-4b10-ad9a-5ee336cca345,coughvid_data/4eaec111-6e61-4b10-ad9a-5ee336cca345.wav,coughvid_data/4eaec111-6e61-4b10-ad9a-5ee336cca345.wav,0.0
119abc64-278c-441c-835d-d38f85d73735,coughvid_data/119abc64-278c-441c-835d-d38f85d73735.wav,coughvid_data/119abc64-278c-441c-835d-d38f85d73735.wav,1.0
10ad068e-3a4b-4792-99c8-68e67dbea65e,coughvid_data/10ad068e-3a4b-4792-99c8-68e67dbea65e.wav,coughvid_data/10ad068e-3a4b-4792-99c8-68e67dbea65e.wav,1.0
c64771d3-fa43-4430-9aa5-3dd0d607c711,coughvid_data/c64771d3-fa43-4430-9aa5-3dd0d607c711.wav,coughvid_data/c64771d3-fa43-4430-9aa5-3dd0d607c711.wav,1.0
7e735d81-f36d-4ccc-bfdc-60481d9eae9d,coughvid_data/7e735d81-f36d-4ccc-bfdc-60481d9eae9d.wav,coughvid_data/7e735d81-f36d-4ccc-bfdc-60481d9eae9d.wav,1.0
63bb84d4-8e9a-4fd0-aee3-aae28fe2374f,coughvid_data/63bb84d4-8e9a-4fd0-aee3-aae28fe2374f.wav,coughvid_data/63bb84d4-8e9a-4fd0-aee3-aae28fe2374f.wav,0.0
75afea9e-cd9a-497e-bcb5-48fa6b1ad731,coughvid_data/75afea9e-cd9a-497e-bcb5-48fa6b1ad731.wav,coughvid_data/75afea9e-cd9a-497e-bcb5-48fa6b1ad731.wav,1.0
5d7f5828-1e9b-4857-9a56-c093bab6a58c,coughvid_data/5d7f5828-1e9b-4857-9a56-c093bab6a58c.wav,coughvid_data/5d7f5828-1e9b-4857-9a56-c093bab6a58c.wav,1.0
bce328d8-acfe-4cc9-bc60-e7934f3e6e5f,coughvid_data/bce328d8-acfe-4cc9-bc60-e7934f3e6e5f.wav,coughvid_data/bce328d8-acfe-4cc9-bc60-e7934f3e6e5f.wav,1.0
eb527c84-165f-427a-a0d5-c53e76fb3aa4,coughvid_data/eb527c84-165f-427a-a0d5-c53e76fb3aa4.wav,coughvid_data/eb527c84-165f-427a-a0d5-c53e76fb3aa4.wav,0.0
87dcbffa-7685-46d7-a67a-d16e09b33cc0,coughvid_data/87dcbffa-7685-46d7-a67a-d16e09b33cc0.wav,coughvid_data/87dcbffa-7685-46d7-a67a-d16e09b33cc0.wav,0.0
992b0d6a-7893-47a0-b655-5bf9e476db52,coughvid_data/992b0d6a-7893-47a0-b655-5bf9e476db52.wav,coughvid_data/992b0d6a-7893-47a0-b655-5bf9e476db52.wav,0.0
010518cf-9f66-4a8c-a585-e1be2b3d27dd,coughvid_data/010518cf-9f66-4a8c-a585-e1be2b3d27dd.wav,coughvid_data/010518cf-9f66-4a8c-a585-e1be2b3d27dd.wav,1.0
02df470b-ddcf-403a-b726-76be6af905e1,coughvid_data/02df470b-ddcf-403a-b726-76be6af905e1.wav,coughvid_data/02df470b-ddcf-403a-b726-76be6af905e1.wav,1.0
eaa29e9c-8822-4425-ae74-273470eda1cd,coughvid_data/eaa29e9c-8822-4425-ae74-273470eda1cd.wav,coughvid_data/eaa29e9c-8822-4425-ae74-273470eda1cd.wav,0.0
ed3ac0b6-6c31-4210-b38d-546dfa1d0433,coughvid_data/ed3ac0b6-6c31-4210-b38d-546dfa1d0433.wav,coughvid_data/ed3ac0b6-6c31-4210-b38d-546dfa1d0433.wav,0.0
941da9ef-a286-4770-9d00-1fd4ddd8e2c7,coughvid_data/941da9ef-a286-4770-9d00-1fd4ddd8e2c7.wav,coughvid_data/941da9ef-a286-4770-9d00-1fd4ddd8e2c7.wav,0.0
3b7c40ea-8161-4230-892f-a59c6f803638,coughvid_data/3b7c40ea-8161-4230-892f-a59c6f803638.wav,coughvid_data/3b7c40ea-8161-4230-892f-a59c6f803638.wav,1.0
edfa929f-7ab5-48b4-a6e4-ea6ab1f7414a,coughvid_data/edfa929f-7ab5-48b4-a6e4-ea6ab1f7414a.wav,coughvid_data/edfa929f-7ab5-48b4-a6e4-ea6ab1f7414a.wav,1.0
e5e07345-f99d-4051-a5be-ec195c931772,coughvid_data/e5e07345-f99d-4051-a5be-ec195c931772.wav,coughvid_data/e5e07345-f99d-4051-a5be-ec195c931772.wav,1.0
548ed7c7-1ffa-4731-b8b1-8ceb990d3123,coughvid_data/548ed7c7-1ffa-4731-b8b1-8ceb990d3123.wav,coughvid_data/548ed7c7-1ffa-4731-b8b1-8ceb990d3123.wav,1.0
137088b1-c227-4d56-91c4-ebcb941dbf0a,coughvid_data/137088b1-c227-4d56-91c4-ebcb941dbf0a.wav,coughvid_data/137088b1-c227-4d56-91c4-ebcb941dbf0a.wav,1.0
5eff5a9c-b720-474b-b722-a25167d69848,coughvid_data/5eff5a9c-b720-474b-b722-a25167d69848.wav,coughvid_data/5eff5a9c-b720-474b-b722-a25167d69848.wav,0.0
6e56cedb-846b-4bf6-a03e-244383671268,coughvid_data/6e56cedb-846b-4bf6-a03e-244383671268.wav,coughvid_data/6e56cedb-846b-4bf6-a03e-244383671268.wav,0.0
1b28b800-9812-4128-809f-688a7ac8657d,coughvid_data/1b28b800-9812-4128-809f-688a7ac8657d.wav,coughvid_data/1b28b800-9812-4128-809f-688a7ac8657d.wav,1.0
bbe7031f-579c-40cb-a4b6-7e4c8fe96bcb,coughvid_data/bbe7031f-579c-40cb-a4b6-7e4c8fe96bcb.wav,coughvid_data/bbe7031f-579c-40cb-a4b6-7e4c8fe96bcb.wav,0.0
d5c06fdd-c8d5-42d5-b5fa-7a76d993e683,coughvid_data/d5c06fdd-c8d5-42d5-b5fa-7a76d993e683.wav,coughvid_data/d5c06fdd-c8d5-42d5-b5fa-7a76d993e683.wav,0.0
22473ec4-cd7e-4667-8d7a-65618b230a9e,coughvid_data/22473ec4-cd7e-4667-8d7a-65618b230a9e.wav,coughvid_data/22473ec4-cd7e-4667-8d7a-65618b230a9e.wav,1.0
16ec93c6-d73a-4756-8471-f4b384eba22a,coughvid_data/16ec93c6-d73a-4756-8471-f4b384eba22a.wav,coughvid_data/16ec93c6-d73a-4756-8471-f4b384eba22a.wav,1.0
d0802047-2b5b-4e55-8856-8b6d5437e55c,coughvid_data/d0802047-2b5b-4e55-8856-8b6d5437e55c.wav,coughvid_data/d0802047-2b5b-4e55-8856-8b6d5437e55c.wav,0.0
8cdd0367-1661-4524-830d-2bd69aa6dee7,coughvid_data/8cdd0367-1661-4524-830d-2bd69aa6dee7.wav,coughvid_data/8cdd0367-1661-4524-830d-2bd69aa6dee7.wav,1.0
b15e97de-b733-4398-885a-5c77f8fe9f5e,coughvid_data/b15e97de-b733-4398-885a-5c77f8fe9f5e.wav,coughvid_data/b15e97de-b733-4398-885a-5c77f8fe9f5e.wav,1.0
cdd6a86d-7eb7-44ee-9f9b-53de8d4af2ee,coughvid_data/cdd6a86d-7eb7-44ee-9f9b-53de8d4af2ee.wav,coughvid_data/cdd6a86d-7eb7-44ee-9f9b-53de8d4af2ee.wav,1.0
ab194f82-5325-432e-bc02-e8a4bc440d7f,coughvid_data/ab194f82-5325-432e-bc02-e8a4bc440d7f.wav,coughvid_data/ab194f82-5325-432e-bc02-e8a4bc440d7f.wav,0.0
8a129136-c510-4163-a0f6-2d787cce79c0,coughvid_data/8a129136-c510-4163-a0f6-2d787cce79c0.wav,coughvid_data/8a129136-c510-4163-a0f6-2d787cce79c0.wav,0.0
95546f0c-d64e-4884-b7bf-6eb7b23e8122,coughvid_data/95546f0c-d64e-4884-b7bf-6eb7b23e8122.wav,coughvid_data/95546f0c-d64e-4884-b7bf-6eb7b23e8122.wav,0.0
ab5b2fc8-5a07-4874-a4c3-1bd0256b4dfc,coughvid_data/ab5b2fc8-5a07-4874-a4c3-1bd0256b4dfc.wav,coughvid_data/ab5b2fc8-5a07-4874-a4c3-1bd0256b4dfc.wav,0.0
6ed81d20-0c62-4cac-89e0-8c9d8c6d88a3,coughvid_data/6ed81d20-0c62-4cac-89e0-8c9d8c6d88a3.wav,coughvid_data/6ed81d20-0c62-4cac-89e0-8c9d8c6d88a3.wav,0.0
cd4fb839-0288-4d46-b7f2-4433aa7f8e4f,coughvid_data/cd4fb839-0288-4d46-b7f2-4433aa7f8e4f.wav,coughvid_data/cd4fb839-0288-4d46-b7f2-4433aa7f8e4f.wav,0.0
bb20b6e7-e165-4688-a0e9-27b10e6051b0,coughvid_data/bb20b6e7-e165-4688-a0e9-27b10e6051b0.wav,coughvid_data/bb20b6e7-e165-4688-a0e9-27b10e6051b0.wav,1.0
14591ba8-075e-4ab7-99af-3f83e77381ec,coughvid_data/14591ba8-075e-4ab7-99af-3f83e77381ec.wav,coughvid_data/14591ba8-075e-4ab7-99af-3f83e77381ec.wav,1.0
1351a8e1-f5e5-4a05-a6a9-4bac18393022,coughvid_data/1351a8e1-f5e5-4a05-a6a9-4bac18393022.wav,coughvid_data/1351a8e1-f5e5-4a05-a6a9-4bac18393022.wav,1.0
0db1a26c-e1c4-440d-a86d-5a39321f8e40,coughvid_data/0db1a26c-e1c4-440d-a86d-5a39321f8e40.wav,coughvid_data/0db1a26c-e1c4-440d-a86d-5a39321f8e40.wav,0.0
debfe3bc-97c3-4de9-8b9e-71ffb0525d99,coughvid_data/debfe3bc-97c3-4de9-8b9e-71ffb0525d99.wav,coughvid_data/debfe3bc-97c3-4de9-8b9e-71ffb0525d99.wav,1.0
d7862dac-1739-43e0-9e37-e036ac654e5a,coughvid_data/d7862dac-1739-43e0-9e37-e036ac654e5a.wav,coughvid_data/d7862dac-1739-43e0-9e37-e036ac654e5a.wav,1.0
e6bfbc34-fe3f-4fe1-b28c-7ead3043b6e6,coughvid_data/e6bfbc34-fe3f-4fe1-b28c-7ead3043b6e6.wav,coughvid_data/e6bfbc34-fe3f-4fe1-b28c-7ead3043b6e6.wav,0.0
f87697fe-50dc-48cc-b51a-76a77acc7c82,coughvid_data/f87697fe-50dc-48cc-b51a-76a77acc7c82.wav,coughvid_data/f87697fe-50dc-48cc-b51a-76a77acc7c82.wav,0.0
1f2aa12d-d2de-4ae6-ad42-e96d00ed8456,coughvid_data/1f2aa12d-d2de-4ae6-ad42-e96d00ed8456.wav,coughvid_data/1f2aa12d-d2de-4ae6-ad42-e96d00ed8456.wav,1.0
de115633-180c-4639-b5bf-1d1a27e5c9e3,coughvid_data/de115633-180c-4639-b5bf-1d1a27e5c9e3.wav,coughvid_data/de115633-180c-4639-b5bf-1d1a27e5c9e3.wav,1.0
18722fbe-d240-457a-a0fc-2d9d09bfbcc8,coughvid_data/18722fbe-d240-457a-a0fc-2d9d09bfbcc8.wav,coughvid_data/18722fbe-d240-457a-a0fc-2d9d09bfbcc8.wav,1.0
9f294d20-b57f-40ce-9309-a85dea8d1332,coughvid_data/9f294d20-b57f-40ce-9309-a85dea8d1332.wav,coughvid_data/9f294d20-b57f-40ce-9309-a85dea8d1332.wav,0.0
981879f1-88f6-4adf-aa65-c3f526cc3280,coughvid_data/981879f1-88f6-4adf-aa65-c3f526cc3280.wav,coughvid_data/981879f1-88f6-4adf-aa65-c3f526cc3280.wav,1.0
125c15e6-5a01-4584-86f6-fcf27cbfddc6,coughvid_data/125c15e6-5a01-4584-86f6-fcf27cbfddc6.wav,coughvid_data/125c15e6-5a01-4584-86f6-fcf27cbfddc6.wav,0.0
60a317bc-1d8a-464e-a289-8fec9449b426,coughvid_data/60a317bc-1d8a-464e-a289-8fec9449b426.wav,coughvid_data/60a317bc-1d8a-464e-a289-8fec9449b426.wav,1.0
2d642684-3e60-4317-a01b-22e788288a53,coughvid_data/2d642684-3e60-4317-a01b-22e788288a53.wav,coughvid_data/2d642684-3e60-4317-a01b-22e788288a53.wav,1.0
5f081467-1e54-4162-8cb2-1c2d11a26edf,coughvid_data/5f081467-1e54-4162-8cb2-1c2d11a26edf.wav,coughvid_data/5f081467-1e54-4162-8cb2-1c2d11a26edf.wav,1.0
9b3bdde2-e2b1-40b5-a993-5f3ad0587126,coughvid_data/9b3bdde2-e2b1-40b5-a993-5f3ad0587126.wav,coughvid_data/9b3bdde2-e2b1-40b5-a993-5f3ad0587126.wav,0.0
260ee609-51d7-4375-a93c-c05d72dc41c2,coughvid_data/260ee609-51d7-4375-a93c-c05d72dc41c2.wav,coughvid_data/260ee609-51d7-4375-a93c-c05d72dc41c2.wav,1.0
5c434e8c-d6cc-4011-b4e8-013fc8183324,coughvid_data/5c434e8c-d6cc-4011-b4e8-013fc8183324.wav,coughvid_data/5c434e8c-d6cc-4011-b4e8-013fc8183324.wav,1.0
b5627e73-7455-4153-81f9-f1f6beaf949d,coughvid_data/b5627e73-7455-4153-81f9-f1f6beaf949d.wav,coughvid_data/b5627e73-7455-4153-81f9-f1f6beaf949d.wav,0.0
deb0e8ba-0fbf-425b-aac6-61d7aee7baa8,coughvid_data/deb0e8ba-0fbf-425b-aac6-61d7aee7baa8.wav,coughvid_data/deb0e8ba-0fbf-425b-aac6-61d7aee7baa8.wav,1.0
548e3d6d-fb8f-4510-8b82-1c9e8d7f41af,coughvid_data/548e3d6d-fb8f-4510-8b82-1c9e8d7f41af.wav,coughvid_data/548e3d6d-fb8f-4510-8b82-1c9e8d7f41af.wav,0.0
d302d742-e9a5-4c42-8fab-93a0c992f94c,coughvid_data/d302d742-e9a5-4c42-8fab-93a0c992f94c.wav,coughvid_data/d302d742-e9a5-4c42-8fab-93a0c992f94c.wav,0.0
08abfdbd-866d-4c03-81f7-6ba27871145f,coughvid_data/08abfdbd-866d-4c03-81f7-6ba27871145f.wav,coughvid_data/08abfdbd-866d-4c03-81f7-6ba27871145f.wav,0.0
9199df4c-0c46-4347-b5f8-2c2686a0a5c6,coughvid_data/9199df4c-0c46-4347-b5f8-2c2686a0a5c6.wav,coughvid_data/9199df4c-0c46-4347-b5f8-2c2686a0a5c6.wav,0.0
ab432238-ae66-40e0-88b6-74a3ee3a1826,coughvid_data/ab432238-ae66-40e0-88b6-74a3ee3a1826.wav,coughvid_data/ab432238-ae66-40e0-88b6-74a3ee3a1826.wav,1.0
e097e4e6-4644-49f6-87e5-bfbe811562b9,coughvid_data/e097e4e6-4644-49f6-87e5-bfbe811562b9.wav,coughvid_data/e097e4e6-4644-49f6-87e5-bfbe811562b9.wav,1.0
24eefbe2-932f-4b30-875f-fb5e9d3a897a,coughvid_data/24eefbe2-932f-4b30-875f-fb5e9d3a897a.wav,coughvid_data/24eefbe2-932f-4b30-875f-fb5e9d3a897a.wav,0.0
0757b02b-8544-4fdc-b634-9e5b72f7a1e7,coughvid_data/0757b02b-8544-4fdc-b634-9e5b72f7a1e7.wav,coughvid_data/0757b02b-8544-4fdc-b634-9e5b72f7a1e7.wav,1.0
1fe94a8c-5ac8-4d95-951e-5a0bdcc1ddc7,coughvid_data/1fe94a8c-5ac8-4d95-951e-5a0bdcc1ddc7.wav,coughvid_data/1fe94a8c-5ac8-4d95-951e-5a0bdcc1ddc7.wav,0.0
ff422cde-aa66-4039-83fb-b3d4f332370f,coughvid_data/ff422cde-aa66-4039-83fb-b3d4f332370f.wav,coughvid_data/ff422cde-aa66-4039-83fb-b3d4f332370f.wav,0.0
3a1cfedb-8368-4983-80f2-79b1e4a4e657,coughvid_data/3a1cfedb-8368-4983-80f2-79b1e4a4e657.wav,coughvid_data/3a1cfedb-8368-4983-80f2-79b1e4a4e657.wav,1.0
c8ba8102-3b18-4998-b414-756a57764329,coughvid_data/c8ba8102-3b18-4998-b414-756a57764329.wav,coughvid_data/c8ba8102-3b18-4998-b414-756a57764329.wav,0.0
002db0bd-e57f-4c30-ade0-16640d424eb7,coughvid_data/002db0bd-e57f-4c30-ade0-16640d424eb7.wav,coughvid_data/002db0bd-e57f-4c30-ade0-16640d424eb7.wav,1.0
f4b7375e-0be2-4eac-904a-239ff4c1ba3f,coughvid_data/f4b7375e-0be2-4eac-904a-239ff4c1ba3f.wav,coughvid_data/f4b7375e-0be2-4eac-904a-239ff4c1ba3f.wav,1.0
06e04bfb-244c-4522-8cec-c68654b6a614,coughvid_data/06e04bfb-244c-4522-8cec-c68654b6a614.wav,coughvid_data/06e04bfb-244c-4522-8cec-c68654b6a614.wav,0.0
fecff91b-b036-4a98-bd8e-808f2fa39263,coughvid_data/fecff91b-b036-4a98-bd8e-808f2fa39263.wav,coughvid_data/fecff91b-b036-4a98-bd8e-808f2fa39263.wav,0.0
1918c257-a905-4ef0-8f7d-d07f441434c3,coughvid_data/1918c257-a905-4ef0-8f7d-d07f441434c3.wav,coughvid_data/1918c257-a905-4ef0-8f7d-d07f441434c3.wav,1.0
024ba604-8697-428c-88ab-8ff785482825,coughvid_data/024ba604-8697-428c-88ab-8ff785482825.wav,coughvid_data/024ba604-8697-428c-88ab-8ff785482825.wav,1.0
049e4398-b98b-4a11-9181-b5942c16f68d,coughvid_data/049e4398-b98b-4a11-9181-b5942c16f68d.wav,coughvid_data/049e4398-b98b-4a11-9181-b5942c16f68d.wav,0.0
2e5be083-a771-4769-99b6-ac9a0473755b,coughvid_data/2e5be083-a771-4769-99b6-ac9a0473755b.wav,coughvid_data/2e5be083-a771-4769-99b6-ac9a0473755b.wav,1.0
2d34cbe4-a725-4c83-aca0-239d186e3de4,coughvid_data/2d34cbe4-a725-4c83-aca0-239d186e3de4.wav,coughvid_data/2d34cbe4-a725-4c83-aca0-239d186e3de4.wav,0.0
6cd043b6-6636-42c6-8f8c-791ff20480d0,coughvid_data/6cd043b6-6636-42c6-8f8c-791ff20480d0.wav,coughvid_data/6cd043b6-6636-42c6-8f8c-791ff20480d0.wav,0.0
e94ce3bf-0a33-4b41-80e1-921180f6349a,coughvid_data/e94ce3bf-0a33-4b41-80e1-921180f6349a.wav,coughvid_data/e94ce3bf-0a33-4b41-80e1-921180f6349a.wav,0.0
7931eab7-68de-4c3b-84ba-acb4a11325b5,coughvid_data/7931eab7-68de-4c3b-84ba-acb4a11325b5.wav,coughvid_data/7931eab7-68de-4c3b-84ba-acb4a11325b5.wav,0.0
d826580f-318b-4c61-947f-49a035649f4f,coughvid_data/d826580f-318b-4c61-947f-49a035649f4f.wav,coughvid_data/d826580f-318b-4c61-947f-49a035649f4f.wav,0.0
4fda296e-e46c-4c0e-91a9-0f2bd66248d5,coughvid_data/4fda296e-e46c-4c0e-91a9-0f2bd66248d5.wav,coughvid_data/4fda296e-e46c-4c0e-91a9-0f2bd66248d5.wav,1.0
48d8ddb2-5fb1-4af2-bac5-42788ac92911,coughvid_data/48d8ddb2-5fb1-4af2-bac5-42788ac92911.wav,coughvid_data/48d8ddb2-5fb1-4af2-bac5-42788ac92911.wav,0.0
59a67c21-0d9f-404d-b7ef-087c59a289b4,coughvid_data/59a67c21-0d9f-404d-b7ef-087c59a289b4.wav,coughvid_data/59a67c21-0d9f-404d-b7ef-087c59a289b4.wav,1.0
265167e9-7832-40ef-b424-90afd7ff9e38,coughvid_data/265167e9-7832-40ef-b424-90afd7ff9e38.wav,coughvid_data/265167e9-7832-40ef-b424-90afd7ff9e38.wav,0.0
b214d5d0-532e-424b-9219-abe7098749f8,coughvid_data/b214d5d0-532e-424b-9219-abe7098749f8.wav,coughvid_data/b214d5d0-532e-424b-9219-abe7098749f8.wav,0.0
14bc34e8-c5e0-40ef-881d-c91bf1f8e2ce,coughvid_data/14bc34e8-c5e0-40ef-881d-c91bf1f8e2ce.wav,coughvid_data/14bc34e8-c5e0-40ef-881d-c91bf1f8e2ce.wav,1.0
4eb76d43-2042-4875-a466-dc3025a457c1,coughvid_data/4eb76d43-2042-4875-a466-dc3025a457c1.wav,coughvid_data/4eb76d43-2042-4875-a466-dc3025a457c1.wav,0.0
224cb42c-3ea9-4aa2-a1ea-37422a7c40bb,coughvid_data/224cb42c-3ea9-4aa2-a1ea-37422a7c40bb.wav,coughvid_data/224cb42c-3ea9-4aa2-a1ea-37422a7c40bb.wav,1.0
c53640da-dc94-48cb-90bb-a57ece899a60,coughvid_data/c53640da-dc94-48cb-90bb-a57ece899a60.wav,coughvid_data/c53640da-dc94-48cb-90bb-a57ece899a60.wav,1.0
970e4e6c-952a-45e2-82b9-b51ce925b4fb,coughvid_data/970e4e6c-952a-45e2-82b9-b51ce925b4fb.wav,coughvid_data/970e4e6c-952a-45e2-82b9-b51ce925b4fb.wav,1.0
d5b0c06f-ef2b-42a4-aab2-8bc65f82abd7,coughvid_data/d5b0c06f-ef2b-42a4-aab2-8bc65f82abd7.wav,coughvid_data/d5b0c06f-ef2b-42a4-aab2-8bc65f82abd7.wav,1.0
0d555d2c-9a25-4a99-a1e6-8e270f64aa38,coughvid_data/0d555d2c-9a25-4a99-a1e6-8e270f64aa38.wav,coughvid_data/0d555d2c-9a25-4a99-a1e6-8e270f64aa38.wav,0.0
6eceb770-75cb-45ea-9809-0aa791043584,coughvid_data/6eceb770-75cb-45ea-9809-0aa791043584.wav,coughvid_data/6eceb770-75cb-45ea-9809-0aa791043584.wav,0.0
a42a9092-6363-4126-ae07-80cd48cc0315,coughvid_data/a42a9092-6363-4126-ae07-80cd48cc0315.wav,coughvid_data/a42a9092-6363-4126-ae07-80cd48cc0315.wav,0.0
7e634e38-ef00-47b7-89f3-cbc4827b79f1,coughvid_data/7e634e38-ef00-47b7-89f3-cbc4827b79f1.wav,coughvid_data/7e634e38-ef00-47b7-89f3-cbc4827b79f1.wav,0.0
d2101e87-84ac-4916-98b2-365f54c71e75,coughvid_data/d2101e87-84ac-4916-98b2-365f54c71e75.wav,coughvid_data/d2101e87-84ac-4916-98b2-365f54c71e75.wav,1.0
5c22f865-61d8-4b8d-9c7a-228cfa34423e,coughvid_data/5c22f865-61d8-4b8d-9c7a-228cfa34423e.wav,coughvid_data/5c22f865-61d8-4b8d-9c7a-228cfa34423e.wav,0.0
e6848f2d-c49e-4ce4-ada1-fd3e1d14746e,coughvid_data/e6848f2d-c49e-4ce4-ada1-fd3e1d14746e.wav,coughvid_data/e6848f2d-c49e-4ce4-ada1-fd3e1d14746e.wav,0.0
a01ec796-7830-4b30-a4ef-b7dcf204ca1e,coughvid_data/a01ec796-7830-4b30-a4ef-b7dcf204ca1e.wav,coughvid_data/a01ec796-7830-4b30-a4ef-b7dcf204ca1e.wav,0.0
b318c8f0-5965-4f8f-8ca6-355a42283d59,coughvid_data/b318c8f0-5965-4f8f-8ca6-355a42283d59.wav,coughvid_data/b318c8f0-5965-4f8f-8ca6-355a42283d59.wav,1.0
5a9358a4-399d-4447-b4de-1793a3b394ea,coughvid_data/5a9358a4-399d-4447-b4de-1793a3b394ea.wav,coughvid_data/5a9358a4-399d-4447-b4de-1793a3b394ea.wav,0.0
65f8a73e-9cf4-480f-8f4f-c31e67753ea7,coughvid_data/65f8a73e-9cf4-480f-8f4f-c31e67753ea7.wav,coughvid_data/65f8a73e-9cf4-480f-8f4f-c31e67753ea7.wav,1.0
4d5894c1-9aa6-4032-85de-3904f552867d,coughvid_data/4d5894c1-9aa6-4032-85de-3904f552867d.wav,coughvid_data/4d5894c1-9aa6-4032-85de-3904f552867d.wav,0.0
f3fa9527-e0cb-4671-a366-2ea84be3277a,coughvid_data/f3fa9527-e0cb-4671-a366-2ea84be3277a.wav,coughvid_data/f3fa9527-e0cb-4671-a366-2ea84be3277a.wav,0.0
74733c0f-8d98-4ea0-8393-00576b4dfea9,coughvid_data/74733c0f-8d98-4ea0-8393-00576b4dfea9.wav,coughvid_data/74733c0f-8d98-4ea0-8393-00576b4dfea9.wav,1.0
21a1fe29-c65d-4aac-aa86-77783863dfe4,coughvid_data/21a1fe29-c65d-4aac-aa86-77783863dfe4.wav,coughvid_data/21a1fe29-c65d-4aac-aa86-77783863dfe4.wav,1.0
55eacf0a-d9f6-440c-bf05-f059481d8e92,coughvid_data/55eacf0a-d9f6-440c-bf05-f059481d8e92.wav,coughvid_data/55eacf0a-d9f6-440c-bf05-f059481d8e92.wav,1.0
4d7c0413-275a-41f2-a7f0-a8feadf35729,coughvid_data/4d7c0413-275a-41f2-a7f0-a8feadf35729.wav,coughvid_data/4d7c0413-275a-41f2-a7f0-a8feadf35729.wav,0.0
41af176c-bf75-4700-80c1-14db0d4d0c3f,coughvid_data/41af176c-bf75-4700-80c1-14db0d4d0c3f.wav,coughvid_data/41af176c-bf75-4700-80c1-14db0d4d0c3f.wav,0.0
64d1c1e9-e3bc-47d1-a6fe-6b051d58e8f8,coughvid_data/64d1c1e9-e3bc-47d1-a6fe-6b051d58e8f8.wav,coughvid_data/64d1c1e9-e3bc-47d1-a6fe-6b051d58e8f8.wav,1.0
a54d6af9-6ac9-4bc0-8470-447883cb1915,coughvid_data/a54d6af9-6ac9-4bc0-8470-447883cb1915.wav,coughvid_data/a54d6af9-6ac9-4bc0-8470-447883cb1915.wav,0.0
6ce763ff-d917-4e0b-8e9e-43e96f121821,coughvid_data/6ce763ff-d917-4e0b-8e9e-43e96f121821.wav,coughvid_data/6ce763ff-d917-4e0b-8e9e-43e96f121821.wav,1.0
46ca2a21-90f4-4f4d-a93b-8f1edfd69650,coughvid_data/46ca2a21-90f4-4f4d-a93b-8f1edfd69650.wav,coughvid_data/46ca2a21-90f4-4f4d-a93b-8f1edfd69650.wav,0.0
1f0d8f3b-c4fb-4f3e-b814-4b89f5cb03be,coughvid_data/1f0d8f3b-c4fb-4f3e-b814-4b89f5cb03be.wav,coughvid_data/1f0d8f3b-c4fb-4f3e-b814-4b89f5cb03be.wav,1.0
a41a84b6-f192-4b79-bb08-e47285cf8a4e,coughvid_data/a41a84b6-f192-4b79-bb08-e47285cf8a4e.wav,coughvid_data/a41a84b6-f192-4b79-bb08-e47285cf8a4e.wav,1.0
bc298942-9700-4f55-97db-ed1d13795404,coughvid_data/bc298942-9700-4f55-97db-ed1d13795404.wav,coughvid_data/bc298942-9700-4f55-97db-ed1d13795404.wav,0.0
0b130d1c-e411-46fe-9e38-71c11f9d9195,coughvid_data/0b130d1c-e411-46fe-9e38-71c11f9d9195.wav,coughvid_data/0b130d1c-e411-46fe-9e38-71c11f9d9195.wav,1.0
2c9dbe14-8118-4e4f-952f-bdbd6897aef9,coughvid_data/2c9dbe14-8118-4e4f-952f-bdbd6897aef9.wav,coughvid_data/2c9dbe14-8118-4e4f-952f-bdbd6897aef9.wav,1.0
d5bdd5c3-ae63-4214-94de-5b93771b7883,coughvid_data/d5bdd5c3-ae63-4214-94de-5b93771b7883.wav,coughvid_data/d5bdd5c3-ae63-4214-94de-5b93771b7883.wav,1.0
16f6c8ca-d05c-49f7-9dd1-2552302422b5,coughvid_data/16f6c8ca-d05c-49f7-9dd1-2552302422b5.wav,coughvid_data/16f6c8ca-d05c-49f7-9dd1-2552302422b5.wav,1.0
332d696d-74bf-49ef-998a-764316780ee5,coughvid_data/332d696d-74bf-49ef-998a-764316780ee5.wav,coughvid_data/332d696d-74bf-49ef-998a-764316780ee5.wav,1.0
01e0c749-1431-4cfa-8984-1629f2d3e5c4,coughvid_data/01e0c749-1431-4cfa-8984-1629f2d3e5c4.wav,coughvid_data/01e0c749-1431-4cfa-8984-1629f2d3e5c4.wav,0.0
c4ab17cf-7b24-464d-87fe-c26edaac026f,coughvid_data/c4ab17cf-7b24-464d-87fe-c26edaac026f.wav,coughvid_data/c4ab17cf-7b24-464d-87fe-c26edaac026f.wav,1.0
f07fce71-124e-47f8-b3a2-c37daa4afdba,coughvid_data/f07fce71-124e-47f8-b3a2-c37daa4afdba.wav,coughvid_data/f07fce71-124e-47f8-b3a2-c37daa4afdba.wav,0.0
5c2e82b0-d2df-489a-9f16-e8c1676d1e68,coughvid_data/5c2e82b0-d2df-489a-9f16-e8c1676d1e68.wav,coughvid_data/5c2e82b0-d2df-489a-9f16-e8c1676d1e68.wav,0.0
4586a165-500b-4f76-8855-4faeb7cbb6e4,coughvid_data/4586a165-500b-4f76-8855-4faeb7cbb6e4.wav,coughvid_data/4586a165-500b-4f76-8855-4faeb7cbb6e4.wav,1.0
46a80511-17b1-459e-81a5-39c0432c96e2,coughvid_data/46a80511-17b1-459e-81a5-39c0432c96e2.wav,coughvid_data/46a80511-17b1-459e-81a5-39c0432c96e2.wav,0.0
1bb56d62-4cd8-404a-88bd-b6d46a0dc036,coughvid_data/1bb56d62-4cd8-404a-88bd-b6d46a0dc036.wav,coughvid_data/1bb56d62-4cd8-404a-88bd-b6d46a0dc036.wav,1.0
ee1cd684-e11b-4018-a218-c2e4154ad1aa,coughvid_data/ee1cd684-e11b-4018-a218-c2e4154ad1aa.wav,coughvid_data/ee1cd684-e11b-4018-a218-c2e4154ad1aa.wav,1.0
a9558f0c-fec7-46f2-aac9-116eea7fe5e7,coughvid_data/a9558f0c-fec7-46f2-aac9-116eea7fe5e7.wav,coughvid_data/a9558f0c-fec7-46f2-aac9-116eea7fe5e7.wav,0.0
8bbbdf16-d8ac-4d58-82d1-eacb92ec919a,coughvid_data/8bbbdf16-d8ac-4d58-82d1-eacb92ec919a.wav,coughvid_data/8bbbdf16-d8ac-4d58-82d1-eacb92ec919a.wav,0.0
d6ab4c2e-6d2b-4730-9a79-1236adcc6334,coughvid_data/d6ab4c2e-6d2b-4730-9a79-1236adcc6334.wav,coughvid_data/d6ab4c2e-6d2b-4730-9a79-1236adcc6334.wav,0.0
e508347b-9c04-479e-b6a8-0d9b27cb2129,coughvid_data/e508347b-9c04-479e-b6a8-0d9b27cb2129.wav,coughvid_data/e508347b-9c04-479e-b6a8-0d9b27cb2129.wav,0.0
43e154b6-feda-4d32-9bde-ccd3354c7dd3,coughvid_data/43e154b6-feda-4d32-9bde-ccd3354c7dd3.wav,coughvid_data/43e154b6-feda-4d32-9bde-ccd3354c7dd3.wav,1.0
c34c600e-3dfc-4560-b0a2-279d05017598,coughvid_data/c34c600e-3dfc-4560-b0a2-279d05017598.wav,coughvid_data/c34c600e-3dfc-4560-b0a2-279d05017598.wav,0.0
0c193535-6047-4537-a71d-eb9a507616cb,coughvid_data/0c193535-6047-4537-a71d-eb9a507616cb.wav,coughvid_data/0c193535-6047-4537-a71d-eb9a507616cb.wav,0.0
00dddacc-3781-4e32-9a5c-6227c57d544c,coughvid_data/00dddacc-3781-4e32-9a5c-6227c57d544c.wav,coughvid_data/00dddacc-3781-4e32-9a5c-6227c57d544c.wav,1.0
3d89ee73-6ff9-44bf-9e0c-7c51bdfd7ce6,coughvid_data/3d89ee73-6ff9-44bf-9e0c-7c51bdfd7ce6.wav,coughvid_data/3d89ee73-6ff9-44bf-9e0c-7c51bdfd7ce6.wav,0.0
8909ce4a-51de-4ada-9963-841c67a076eb,coughvid_data/8909ce4a-51de-4ada-9963-841c67a076eb.wav,coughvid_data/8909ce4a-51de-4ada-9963-841c67a076eb.wav,0.0
8beb7098-d319-4703-8ac7-03c225de3121,coughvid_data/8beb7098-d319-4703-8ac7-03c225de3121.wav,coughvid_data/8beb7098-d319-4703-8ac7-03c225de3121.wav,0.0
4e428338-3437-4ee5-b6fa-0a3e36e1bc59,coughvid_data/4e428338-3437-4ee5-b6fa-0a3e36e1bc59.wav,coughvid_data/4e428338-3437-4ee5-b6fa-0a3e36e1bc59.wav,0.0
e86fec7f-8158-4d9c-a8b8-889a793cb0bd,coughvid_data/e86fec7f-8158-4d9c-a8b8-889a793cb0bd.wav,coughvid_data/e86fec7f-8158-4d9c-a8b8-889a793cb0bd.wav,1.0
e25960c7-77c2-47f7-8ffc-61d212e85293,coughvid_data/e25960c7-77c2-47f7-8ffc-61d212e85293.wav,coughvid_data/e25960c7-77c2-47f7-8ffc-61d212e85293.wav,1.0
19ee223c-203f-4eeb-aaaa-84411fe3ef37,coughvid_data/19ee223c-203f-4eeb-aaaa-84411fe3ef37.wav,coughvid_data/19ee223c-203f-4eeb-aaaa-84411fe3ef37.wav,1.0
62ead602-ac27-4ecd-a7f4-5b991df30ed2,coughvid_data/62ead602-ac27-4ecd-a7f4-5b991df30ed2.wav,coughvid_data/62ead602-ac27-4ecd-a7f4-5b991df30ed2.wav,1.0
14400ff7-ec21-4403-9c91-b37a15068aa1,coughvid_data/14400ff7-ec21-4403-9c91-b37a15068aa1.wav,coughvid_data/14400ff7-ec21-4403-9c91-b37a15068aa1.wav,0.0
177a7c2e-dd55-4ce6-960d-0bf44db1ea3f,coughvid_data/177a7c2e-dd55-4ce6-960d-0bf44db1ea3f.wav,coughvid_data/177a7c2e-dd55-4ce6-960d-0bf44db1ea3f.wav,0.0
0c9f2427-ce97-4c4d-9f24-ee83e949ada6,coughvid_data/0c9f2427-ce97-4c4d-9f24-ee83e949ada6.wav,coughvid_data/0c9f2427-ce97-4c4d-9f24-ee83e949ada6.wav,1.0
fb1a7f7c-7b2a-428a-bf15-83f8eb8386eb,coughvid_data/fb1a7f7c-7b2a-428a-bf15-83f8eb8386eb.wav,coughvid_data/fb1a7f7c-7b2a-428a-bf15-83f8eb8386eb.wav,1.0
466988da-c4cc-4c27-98b1-b370278c7f11,coughvid_data/466988da-c4cc-4c27-98b1-b370278c7f11.wav,coughvid_data/466988da-c4cc-4c27-98b1-b370278c7f11.wav,1.0
811a072e-ff3d-4378-8c39-f9bcc2787ea8,coughvid_data/811a072e-ff3d-4378-8c39-f9bcc2787ea8.wav,coughvid_data/811a072e-ff3d-4378-8c39-f9bcc2787ea8.wav,0.0
8e61fd33-1ebb-4e33-8763-7c225233e1ac,coughvid_data/8e61fd33-1ebb-4e33-8763-7c225233e1ac.wav,coughvid_data/8e61fd33-1ebb-4e33-8763-7c225233e1ac.wav,0.0
9e53c668-afa2-4588-a6d7-b9ac5d122502,coughvid_data/9e53c668-afa2-4588-a6d7-b9ac5d122502.wav,coughvid_data/9e53c668-afa2-4588-a6d7-b9ac5d122502.wav,0.0
c870f36c-ec78-4246-b4ce-c34dd8253bfa,coughvid_data/c870f36c-ec78-4246-b4ce-c34dd8253bfa.wav,coughvid_data/c870f36c-ec78-4246-b4ce-c34dd8253bfa.wav,1.0
aeb00e3d-6f65-4240-8310-d42eb27716d1,coughvid_data/aeb00e3d-6f65-4240-8310-d42eb27716d1.wav,coughvid_data/aeb00e3d-6f65-4240-8310-d42eb27716d1.wav,1.0
affeae7b-540b-4a9d-bebe-8c43deead33e,coughvid_data/affeae7b-540b-4a9d-bebe-8c43deead33e.wav,coughvid_data/affeae7b-540b-4a9d-bebe-8c43deead33e.wav,0.0
7248b4b4-faa6-45bd-9136-3391604fd792,coughvid_data/7248b4b4-faa6-45bd-9136-3391604fd792.wav,coughvid_data/7248b4b4-faa6-45bd-9136-3391604fd792.wav,1.0
6da59e80-0646-4d3a-86e2-fe93d6486411,coughvid_data/6da59e80-0646-4d3a-86e2-fe93d6486411.wav,coughvid_data/6da59e80-0646-4d3a-86e2-fe93d6486411.wav,0.0
eba1f6af-faa2-439b-9507-c8af555ccfca,coughvid_data/eba1f6af-faa2-439b-9507-c8af555ccfca.wav,coughvid_data/eba1f6af-faa2-439b-9507-c8af555ccfca.wav,0.0
3950e8b9-303d-4e02-b5b5-9861daff6c0a,coughvid_data/3950e8b9-303d-4e02-b5b5-9861daff6c0a.wav,coughvid_data/3950e8b9-303d-4e02-b5b5-9861daff6c0a.wav,0.0
8c9122bd-5601-48aa-865a-63db152a91df,coughvid_data/8c9122bd-5601-48aa-865a-63db152a91df.wav,coughvid_data/8c9122bd-5601-48aa-865a-63db152a91df.wav,1.0
1da92326-003b-45e9-8531-87b0a3b27c25,coughvid_data/1da92326-003b-45e9-8531-87b0a3b27c25.wav,coughvid_data/1da92326-003b-45e9-8531-87b0a3b27c25.wav,1.0
3e9e6e5c-bee0-484e-b833-64e03d580800,coughvid_data/3e9e6e5c-bee0-484e-b833-64e03d580800.wav,coughvid_data/3e9e6e5c-bee0-484e-b833-64e03d580800.wav,1.0
ee18587f-3c32-4ff2-b550-f3d8aad09742,coughvid_data/ee18587f-3c32-4ff2-b550-f3d8aad09742.wav,coughvid_data/ee18587f-3c32-4ff2-b550-f3d8aad09742.wav,0.0
152f0e31-c633-493d-966a-d3d0330e2afc,coughvid_data/152f0e31-c633-493d-966a-d3d0330e2afc.wav,coughvid_data/152f0e31-c633-493d-966a-d3d0330e2afc.wav,1.0
c0687f80-4d3b-473e-9cd5-7ade1b43f528,coughvid_data/c0687f80-4d3b-473e-9cd5-7ade1b43f528.wav,coughvid_data/c0687f80-4d3b-473e-9cd5-7ade1b43f528.wav,1.0
2c1cefb5-4d38-43cf-b096-40c8a3428e44,coughvid_data/2c1cefb5-4d38-43cf-b096-40c8a3428e44.wav,coughvid_data/2c1cefb5-4d38-43cf-b096-40c8a3428e44.wav,0.0
473e6958-eca9-4bcf-b2ba-581d7792e643,coughvid_data/473e6958-eca9-4bcf-b2ba-581d7792e643.wav,coughvid_data/473e6958-eca9-4bcf-b2ba-581d7792e643.wav,0.0
7a8e36ec-b385-473c-9dc3-4bf863347939,coughvid_data/7a8e36ec-b385-473c-9dc3-4bf863347939.wav,coughvid_data/7a8e36ec-b385-473c-9dc3-4bf863347939.wav,0.0
62422048-001c-489c-b5e9-f4d35a0224d5,coughvid_data/62422048-001c-489c-b5e9-f4d35a0224d5.wav,coughvid_data/62422048-001c-489c-b5e9-f4d35a0224d5.wav,1.0
8ca7520c-2ac7-4d4a-a295-100de12fcaa1,coughvid_data/8ca7520c-2ac7-4d4a-a295-100de12fcaa1.wav,coughvid_data/8ca7520c-2ac7-4d4a-a295-100de12fcaa1.wav,1.0
a9f8d0a0-d53e-4992-b83b-a4442c453a8f,coughvid_data/a9f8d0a0-d53e-4992-b83b-a4442c453a8f.wav,coughvid_data/a9f8d0a0-d53e-4992-b83b-a4442c453a8f.wav,0.0
2a49d183-60b0-4ccf-8147-876cc291670f,coughvid_data/2a49d183-60b0-4ccf-8147-876cc291670f.wav,coughvid_data/2a49d183-60b0-4ccf-8147-876cc291670f.wav,1.0
7feca9db-72db-4100-9bdd-de8f27a5fc7b,coughvid_data/7feca9db-72db-4100-9bdd-de8f27a5fc7b.wav,coughvid_data/7feca9db-72db-4100-9bdd-de8f27a5fc7b.wav,1.0
e23b2bf0-58c9-45b9-b142-7f7afb9e4de7,coughvid_data/e23b2bf0-58c9-45b9-b142-7f7afb9e4de7.wav,coughvid_data/e23b2bf0-58c9-45b9-b142-7f7afb9e4de7.wav,0.0
cf999173-6a04-487d-b463-ae4b750a9fc5,coughvid_data/cf999173-6a04-487d-b463-ae4b750a9fc5.wav,coughvid_data/cf999173-6a04-487d-b463-ae4b750a9fc5.wav,0.0
ce58acc4-43de-41ee-a375-e9e7a4252e20,coughvid_data/ce58acc4-43de-41ee-a375-e9e7a4252e20.wav,coughvid_data/ce58acc4-43de-41ee-a375-e9e7a4252e20.wav,0.0
42a1dde7-bbb0-4b3b-81eb-d01338f6a337,coughvid_data/42a1dde7-bbb0-4b3b-81eb-d01338f6a337.wav,coughvid_data/42a1dde7-bbb0-4b3b-81eb-d01338f6a337.wav,1.0
593443f5-cedf-4244-ab97-428f4e48bf0d,coughvid_data/593443f5-cedf-4244-ab97-428f4e48bf0d.wav,coughvid_data/593443f5-cedf-4244-ab97-428f4e48bf0d.wav,0.0
cf209265-9b5f-4b9e-9087-b1457ee210e6,coughvid_data/cf209265-9b5f-4b9e-9087-b1457ee210e6.wav,coughvid_data/cf209265-9b5f-4b9e-9087-b1457ee210e6.wav,1.0
cf24faa5-bfb6-4e6f-b103-922c4bd0f3cd,coughvid_data/cf24faa5-bfb6-4e6f-b103-922c4bd0f3cd.wav,coughvid_data/cf24faa5-bfb6-4e6f-b103-922c4bd0f3cd.wav,0.0
1b2e2737-9440-429e-8f9f-88aadbfa779d,coughvid_data/1b2e2737-9440-429e-8f9f-88aadbfa779d.wav,coughvid_data/1b2e2737-9440-429e-8f9f-88aadbfa779d.wav,0.0
e8ce49bb-c60e-437a-a334-0a6ff8c2b90e,coughvid_data/e8ce49bb-c60e-437a-a334-0a6ff8c2b90e.wav,coughvid_data/e8ce49bb-c60e-437a-a334-0a6ff8c2b90e.wav,1.0
692a3020-4fbe-4d43-a0f7-3999dd38e5e6,coughvid_data/692a3020-4fbe-4d43-a0f7-3999dd38e5e6.wav,coughvid_data/692a3020-4fbe-4d43-a0f7-3999dd38e5e6.wav,1.0
1fa84838-d1a4-415f-b969-058f0d9106d7,coughvid_data/1fa84838-d1a4-415f-b969-058f0d9106d7.wav,coughvid_data/1fa84838-d1a4-415f-b969-058f0d9106d7.wav,1.0
5e857daa-8129-431f-ac7d-d2a93da65e42,coughvid_data/5e857daa-8129-431f-ac7d-d2a93da65e42.wav,coughvid_data/5e857daa-8129-431f-ac7d-d2a93da65e42.wav,0.0
f6b69ac4-09b5-49af-b0a7-89328ff35bad,coughvid_data/f6b69ac4-09b5-49af-b0a7-89328ff35bad.wav,coughvid_data/f6b69ac4-09b5-49af-b0a7-89328ff35bad.wav,1.0
274fee77-6d89-4b0f-962e-28969658b430,coughvid_data/274fee77-6d89-4b0f-962e-28969658b430.wav,coughvid_data/274fee77-6d89-4b0f-962e-28969658b430.wav,1.0
3684f9ec-1c6e-4d5e-9f95-1bb152ff7eb8,coughvid_data/3684f9ec-1c6e-4d5e-9f95-1bb152ff7eb8.wav,coughvid_data/3684f9ec-1c6e-4d5e-9f95-1bb152ff7eb8.wav,0.0
0ba5e230-9660-4037-972d-41d247fecfdd,coughvid_data/0ba5e230-9660-4037-972d-41d247fecfdd.wav,coughvid_data/0ba5e230-9660-4037-972d-41d247fecfdd.wav,1.0
b51c7f93-2ae8-40e1-8dfb-4bf07e89be95,coughvid_data/b51c7f93-2ae8-40e1-8dfb-4bf07e89be95.wav,coughvid_data/b51c7f93-2ae8-40e1-8dfb-4bf07e89be95.wav,0.0
ae5dcf74-bf11-47a3-b0d6-c668a0794d8a,coughvid_data/ae5dcf74-bf11-47a3-b0d6-c668a0794d8a.wav,coughvid_data/ae5dcf74-bf11-47a3-b0d6-c668a0794d8a.wav,1.0
4eb10294-eea3-49da-9f55-2997b2a23884,coughvid_data/4eb10294-eea3-49da-9f55-2997b2a23884.wav,coughvid_data/4eb10294-eea3-49da-9f55-2997b2a23884.wav,0.0
4434fa81-0aa4-4597-b510-35e6e24a1fc7,coughvid_data/4434fa81-0aa4-4597-b510-35e6e24a1fc7.wav,coughvid_data/4434fa81-0aa4-4597-b510-35e6e24a1fc7.wav,1.0
3a582ad8-2490-4acb-be3e-de77eb67b1a5,coughvid_data/3a582ad8-2490-4acb-be3e-de77eb67b1a5.wav,coughvid_data/3a582ad8-2490-4acb-be3e-de77eb67b1a5.wav,0.0
9bebedea-30bf-4f4a-8a38-888fcabab4d5,coughvid_data/9bebedea-30bf-4f4a-8a38-888fcabab4d5.wav,coughvid_data/9bebedea-30bf-4f4a-8a38-888fcabab4d5.wav,1.0
4b1afe32-f99a-443b-9850-71c186b6b7cf,coughvid_data/4b1afe32-f99a-443b-9850-71c186b6b7cf.wav,coughvid_data/4b1afe32-f99a-443b-9850-71c186b6b7cf.wav,0.0
5c04158e-21fe-4d06-8080-ee74b95c3a5b,coughvid_data/5c04158e-21fe-4d06-8080-ee74b95c3a5b.wav,coughvid_data/5c04158e-21fe-4d06-8080-ee74b95c3a5b.wav,0.0
2da1d43f-bc45-451b-966d-75c434ce371a,coughvid_data/2da1d43f-bc45-451b-966d-75c434ce371a.wav,coughvid_data/2da1d43f-bc45-451b-966d-75c434ce371a.wav,1.0
3a558190-6a47-4595-ba09-4c7f228d64f5,coughvid_data/3a558190-6a47-4595-ba09-4c7f228d64f5.wav,coughvid_data/3a558190-6a47-4595-ba09-4c7f228d64f5.wav,1.0
0f2354e9-19fe-4273-b073-47d667ea6471,coughvid_data/0f2354e9-19fe-4273-b073-47d667ea6471.wav,coughvid_data/0f2354e9-19fe-4273-b073-47d667ea6471.wav,1.0
f5a02c24-f03a-4b35-802c-3cbbb54e6f9d,coughvid_data/f5a02c24-f03a-4b35-802c-3cbbb54e6f9d.wav,coughvid_data/f5a02c24-f03a-4b35-802c-3cbbb54e6f9d.wav,1.0
bb9766af-74b9-4533-ac93-e0d75f7bd7ba,coughvid_data/bb9766af-74b9-4533-ac93-e0d75f7bd7ba.wav,coughvid_data/bb9766af-74b9-4533-ac93-e0d75f7bd7ba.wav,1.0
e58da15d-2c9b-4437-9ce9-05cd3dc482c4,coughvid_data/e58da15d-2c9b-4437-9ce9-05cd3dc482c4.wav,coughvid_data/e58da15d-2c9b-4437-9ce9-05cd3dc482c4.wav,1.0
e0988e94-2b3e-4589-b60e-aa2306371ee2,coughvid_data/e0988e94-2b3e-4589-b60e-aa2306371ee2.wav,coughvid_data/e0988e94-2b3e-4589-b60e-aa2306371ee2.wav,1.0
cda1f580-6b60-40d7-9552-2490574c0a4c,coughvid_data/cda1f580-6b60-40d7-9552-2490574c0a4c.wav,coughvid_data/cda1f580-6b60-40d7-9552-2490574c0a4c.wav,0.0
2702293c-50e6-40f4-8297-fa83a94f28ef,coughvid_data/2702293c-50e6-40f4-8297-fa83a94f28ef.wav,coughvid_data/2702293c-50e6-40f4-8297-fa83a94f28ef.wav,0.0
1736b9a7-9330-455d-b398-3670e54ec7f5,coughvid_data/1736b9a7-9330-455d-b398-3670e54ec7f5.wav,coughvid_data/1736b9a7-9330-455d-b398-3670e54ec7f5.wav,1.0
f0e7afb1-35a5-4fd9-aaee-421c122abe80,coughvid_data/f0e7afb1-35a5-4fd9-aaee-421c122abe80.wav,coughvid_data/f0e7afb1-35a5-4fd9-aaee-421c122abe80.wav,1.0
4732770e-2988-41c2-b371-acc575d44df3,coughvid_data/4732770e-2988-41c2-b371-acc575d44df3.wav,coughvid_data/4732770e-2988-41c2-b371-acc575d44df3.wav,0.0
3031669b-2bb0-44ca-8810-50590c844ab7,coughvid_data/3031669b-2bb0-44ca-8810-50590c844ab7.wav,coughvid_data/3031669b-2bb0-44ca-8810-50590c844ab7.wav,0.0
a8fb8e8a-d1ea-47b7-9cbe-f7c0ac702221,coughvid_data/a8fb8e8a-d1ea-47b7-9cbe-f7c0ac702221.wav,coughvid_data/a8fb8e8a-d1ea-47b7-9cbe-f7c0ac702221.wav,0.0
bfb4e504-2255-4ba2-9ed2-530aacee0a7b,coughvid_data/bfb4e504-2255-4ba2-9ed2-530aacee0a7b.wav,coughvid_data/bfb4e504-2255-4ba2-9ed2-530aacee0a7b.wav,0.0
f0aa22b0-2a2a-45a6-88fa-3986b1958612,coughvid_data/f0aa22b0-2a2a-45a6-88fa-3986b1958612.wav,coughvid_data/f0aa22b0-2a2a-45a6-88fa-3986b1958612.wav,1.0
1c7ab96a-3929-457a-92bd-b9261dc60d9e,coughvid_data/1c7ab96a-3929-457a-92bd-b9261dc60d9e.wav,coughvid_data/1c7ab96a-3929-457a-92bd-b9261dc60d9e.wav,1.0
1ab20e86-5f70-40c4-821e-9d1e651fcf5c,coughvid_data/1ab20e86-5f70-40c4-821e-9d1e651fcf5c.wav,coughvid_data/1ab20e86-5f70-40c4-821e-9d1e651fcf5c.wav,1.0
d4e486be-ee8f-460e-b7ff-7dd4aa36b097,coughvid_data/d4e486be-ee8f-460e-b7ff-7dd4aa36b097.wav,coughvid_data/d4e486be-ee8f-460e-b7ff-7dd4aa36b097.wav,0.0
dafb1d87-3051-40d9-9caa-02e056ad0837,coughvid_data/dafb1d87-3051-40d9-9caa-02e056ad0837.wav,coughvid_data/dafb1d87-3051-40d9-9caa-02e056ad0837.wav,0.0
5f14ecda-d3ea-457b-a9fd-e3dc5b9f1456,coughvid_data/5f14ecda-d3ea-457b-a9fd-e3dc5b9f1456.wav,coughvid_data/5f14ecda-d3ea-457b-a9fd-e3dc5b9f1456.wav,1.0
a433e395-753e-4937-9d6d-b4d6ba7b322a,coughvid_data/a433e395-753e-4937-9d6d-b4d6ba7b322a.wav,coughvid_data/a433e395-753e-4937-9d6d-b4d6ba7b322a.wav,1.0
7829cf00-5aeb-41c5-9f0d-6143ab9da674,coughvid_data/7829cf00-5aeb-41c5-9f0d-6143ab9da674.wav,coughvid_data/7829cf00-5aeb-41c5-9f0d-6143ab9da674.wav,1.0
7ee0f95e-6780-478b-97ee-75541a8769b2,coughvid_data/7ee0f95e-6780-478b-97ee-75541a8769b2.wav,coughvid_data/7ee0f95e-6780-478b-97ee-75541a8769b2.wav,1.0
b5b723ab-35ab-448e-9af8-5f4b5b63aa38,coughvid_data/b5b723ab-35ab-448e-9af8-5f4b5b63aa38.wav,coughvid_data/b5b723ab-35ab-448e-9af8-5f4b5b63aa38.wav,0.0
f4aab82d-f40e-4987-a035-e2c225bd00e9,coughvid_data/f4aab82d-f40e-4987-a035-e2c225bd00e9.wav,coughvid_data/f4aab82d-f40e-4987-a035-e2c225bd00e9.wav,1.0
e4a57f12-1ddf-427a-acbb-b9b37750c5b5,coughvid_data/e4a57f12-1ddf-427a-acbb-b9b37750c5b5.wav,coughvid_data/e4a57f12-1ddf-427a-acbb-b9b37750c5b5.wav,1.0
307719c2-7694-4caa-b860-4f7a395025b0,coughvid_data/307719c2-7694-4caa-b860-4f7a395025b0.wav,coughvid_data/307719c2-7694-4caa-b860-4f7a395025b0.wav,1.0
20662386-b980-4ff2-99fe-9bb5b4dda335,coughvid_data/20662386-b980-4ff2-99fe-9bb5b4dda335.wav,coughvid_data/20662386-b980-4ff2-99fe-9bb5b4dda335.wav,0.0
5675333b-1676-4c65-b810-857537a39b16,coughvid_data/5675333b-1676-4c65-b810-857537a39b16.wav,coughvid_data/5675333b-1676-4c65-b810-857537a39b16.wav,1.0
2255ece0-8e28-4f0a-a18c-dd401070e76a,coughvid_data/2255ece0-8e28-4f0a-a18c-dd401070e76a.wav,coughvid_data/2255ece0-8e28-4f0a-a18c-dd401070e76a.wav,1.0
87c60871-f7f6-48cb-94b0-c22b2158d49f,coughvid_data/87c60871-f7f6-48cb-94b0-c22b2158d49f.wav,coughvid_data/87c60871-f7f6-48cb-94b0-c22b2158d49f.wav,1.0
6d194cdc-ba5a-40ba-8232-5bf150026c67,coughvid_data/6d194cdc-ba5a-40ba-8232-5bf150026c67.wav,coughvid_data/6d194cdc-ba5a-40ba-8232-5bf150026c67.wav,1.0
8283948e-9593-4eb0-a119-44adf494f3c6,coughvid_data/8283948e-9593-4eb0-a119-44adf494f3c6.wav,coughvid_data/8283948e-9593-4eb0-a119-44adf494f3c6.wav,0.0
880bb233-1cee-4266-8bf5-498eab371fd4,coughvid_data/880bb233-1cee-4266-8bf5-498eab371fd4.wav,coughvid_data/880bb233-1cee-4266-8bf5-498eab371fd4.wav,1.0
be833e3e-beb5-40fd-a97f-666e28558fca,coughvid_data/be833e3e-beb5-40fd-a97f-666e28558fca.wav,coughvid_data/be833e3e-beb5-40fd-a97f-666e28558fca.wav,1.0
fbed3df3-7144-4c9d-ad61-0bdb734df9d2,coughvid_data/fbed3df3-7144-4c9d-ad61-0bdb734df9d2.wav,coughvid_data/fbed3df3-7144-4c9d-ad61-0bdb734df9d2.wav,0.0
db87ae39-b135-4ab3-8afa-56568f9236b5,coughvid_data/db87ae39-b135-4ab3-8afa-56568f9236b5.wav,coughvid_data/db87ae39-b135-4ab3-8afa-56568f9236b5.wav,0.0
dddcb9a1-5fd8-40ed-8536-9d54dd2cabe1,coughvid_data/dddcb9a1-5fd8-40ed-8536-9d54dd2cabe1.wav,coughvid_data/dddcb9a1-5fd8-40ed-8536-9d54dd2cabe1.wav,0.0
9f703f1a-93f9-4647-b037-19e74fac1ee4,coughvid_data/9f703f1a-93f9-4647-b037-19e74fac1ee4.wav,coughvid_data/9f703f1a-93f9-4647-b037-19e74fac1ee4.wav,0.0
bbe1397e-2262-4516-b49c-c142caf1959f,coughvid_data/bbe1397e-2262-4516-b49c-c142caf1959f.wav,coughvid_data/bbe1397e-2262-4516-b49c-c142caf1959f.wav,1.0
34391e75-2bf9-459a-ac58-8e6b13a575aa,coughvid_data/34391e75-2bf9-459a-ac58-8e6b13a575aa.wav,coughvid_data/34391e75-2bf9-459a-ac58-8e6b13a575aa.wav,0.0
81a17a21-4e7d-4a69-8cb5-03e82b3332fa,coughvid_data/81a17a21-4e7d-4a69-8cb5-03e82b3332fa.wav,coughvid_data/81a17a21-4e7d-4a69-8cb5-03e82b3332fa.wav,0.0
b271984e-6538-4ae1-9042-7b6d2fc9cf01,coughvid_data/b271984e-6538-4ae1-9042-7b6d2fc9cf01.wav,coughvid_data/b271984e-6538-4ae1-9042-7b6d2fc9cf01.wav,1.0
f1a61e2d-a7cc-4caf-845b-6153c5a53aaf,coughvid_data/f1a61e2d-a7cc-4caf-845b-6153c5a53aaf.wav,coughvid_data/f1a61e2d-a7cc-4caf-845b-6153c5a53aaf.wav,0.0
525547b9-5ccc-473e-a783-ca9b24c9869f,coughvid_data/525547b9-5ccc-473e-a783-ca9b24c9869f.wav,coughvid_data/525547b9-5ccc-473e-a783-ca9b24c9869f.wav,1.0
41d826de-992b-482b-b93f-f6cc4aaaed45,coughvid_data/41d826de-992b-482b-b93f-f6cc4aaaed45.wav,coughvid_data/41d826de-992b-482b-b93f-f6cc4aaaed45.wav,1.0
c10e055a-95ef-430d-99f7-c42c2bb7a1f8,coughvid_data/c10e055a-95ef-430d-99f7-c42c2bb7a1f8.wav,coughvid_data/c10e055a-95ef-430d-99f7-c42c2bb7a1f8.wav,1.0
6b3962b1-c7da-405d-95fb-a2e39741cfbf,coughvid_data/6b3962b1-c7da-405d-95fb-a2e39741cfbf.wav,coughvid_data/6b3962b1-c7da-405d-95fb-a2e39741cfbf.wav,1.0
41442f0f-2d48-41b9-a51c-c6eda6391a73,coughvid_data/41442f0f-2d48-41b9-a51c-c6eda6391a73.wav,coughvid_data/41442f0f-2d48-41b9-a51c-c6eda6391a73.wav,1.0
92843afa-4fa4-431e-8729-81873ebcbc58,coughvid_data/92843afa-4fa4-431e-8729-81873ebcbc58.wav,coughvid_data/92843afa-4fa4-431e-8729-81873ebcbc58.wav,1.0
d6b272a4-afa9-41f7-a1a4-943ea7934bc4,coughvid_data/d6b272a4-afa9-41f7-a1a4-943ea7934bc4.wav,coughvid_data/d6b272a4-afa9-41f7-a1a4-943ea7934bc4.wav,0.0
876a8652-ea0f-445e-9339-ee1d689e28ce,coughvid_data/876a8652-ea0f-445e-9339-ee1d689e28ce.wav,coughvid_data/876a8652-ea0f-445e-9339-ee1d689e28ce.wav,1.0
ded8f478-50cf-45ec-ac6a-3922fb1ecb1a,coughvid_data/ded8f478-50cf-45ec-ac6a-3922fb1ecb1a.wav,coughvid_data/ded8f478-50cf-45ec-ac6a-3922fb1ecb1a.wav,1.0
bee264f8-3404-4200-83f6-78c6801c5a54,coughvid_data/bee264f8-3404-4200-83f6-78c6801c5a54.wav,coughvid_data/bee264f8-3404-4200-83f6-78c6801c5a54.wav,1.0
a38639d3-995d-438f-ab23-de2626b99689,coughvid_data/a38639d3-995d-438f-ab23-de2626b99689.wav,coughvid_data/a38639d3-995d-438f-ab23-de2626b99689.wav,1.0
caba8758-f07b-43f5-8993-20253780a0f9,coughvid_data/caba8758-f07b-43f5-8993-20253780a0f9.wav,coughvid_data/caba8758-f07b-43f5-8993-20253780a0f9.wav,1.0
7b76381e-4981-4e09-b59a-7ae630407162,coughvid_data/7b76381e-4981-4e09-b59a-7ae630407162.wav,coughvid_data/7b76381e-4981-4e09-b59a-7ae630407162.wav,1.0
4ac69f15-a351-4548-aa02-f5ada0a0d89f,coughvid_data/4ac69f15-a351-4548-aa02-f5ada0a0d89f.wav,coughvid_data/4ac69f15-a351-4548-aa02-f5ada0a0d89f.wav,1.0
c8e5fb02-f1a3-4a95-a327-37d4ec7657c5,coughvid_data/c8e5fb02-f1a3-4a95-a327-37d4ec7657c5.wav,coughvid_data/c8e5fb02-f1a3-4a95-a327-37d4ec7657c5.wav,1.0
be482d71-4ab2-453d-abd8-e1a7fdeedb06,coughvid_data/be482d71-4ab2-453d-abd8-e1a7fdeedb06.wav,coughvid_data/be482d71-4ab2-453d-abd8-e1a7fdeedb06.wav,1.0
caf40aa5-0b2d-435c-afab-8b8c6f25cc63,coughvid_data/caf40aa5-0b2d-435c-afab-8b8c6f25cc63.wav,coughvid_data/caf40aa5-0b2d-435c-afab-8b8c6f25cc63.wav,1.0
bb94e3f4-831c-4c04-b528-617cf04ab8c7,coughvid_data/bb94e3f4-831c-4c04-b528-617cf04ab8c7.wav,coughvid_data/bb94e3f4-831c-4c04-b528-617cf04ab8c7.wav,1.0
bd62ccab-6b8b-48f5-b78f-c98a546e4a57,coughvid_data/bd62ccab-6b8b-48f5-b78f-c98a546e4a57.wav,coughvid_data/bd62ccab-6b8b-48f5-b78f-c98a546e4a57.wav,1.0
905fbf1e-f8da-4573-af2b-2f86e2e0a909,coughvid_data/905fbf1e-f8da-4573-af2b-2f86e2e0a909.wav,coughvid_data/905fbf1e-f8da-4573-af2b-2f86e2e0a909.wav,1.0
9868d50a-dd22-40fd-a0ef-8f3545eac014,coughvid_data/9868d50a-dd22-40fd-a0ef-8f3545eac014.wav,coughvid_data/9868d50a-dd22-40fd-a0ef-8f3545eac014.wav,1.0
fcbe03ce-623e-478a-800d-7bf44af21d67,coughvid_data/fcbe03ce-623e-478a-800d-7bf44af21d67.wav,coughvid_data/fcbe03ce-623e-478a-800d-7bf44af21d67.wav,1.0
0bd7b3d9-b5ba-450e-ab8a-2e39860a9580,coughvid_data/0bd7b3d9-b5ba-450e-ab8a-2e39860a9580.wav,coughvid_data/0bd7b3d9-b5ba-450e-ab8a-2e39860a9580.wav,0.0
fc90739f-bbe9-4900-a26a-b241ff2a575f,coughvid_data/fc90739f-bbe9-4900-a26a-b241ff2a575f.wav,coughvid_data/fc90739f-bbe9-4900-a26a-b241ff2a575f.wav,0.0
2cf721bd-cb1c-4634-8417-ec55ff9a864b,coughvid_data/2cf721bd-cb1c-4634-8417-ec55ff9a864b.wav,coughvid_data/2cf721bd-cb1c-4634-8417-ec55ff9a864b.wav,1.0
bb08f1af-8bc9-4a3a-a721-c8f7e63354ed,coughvid_data/bb08f1af-8bc9-4a3a-a721-c8f7e63354ed.wav,coughvid_data/bb08f1af-8bc9-4a3a-a721-c8f7e63354ed.wav,1.0
26be44b4-f977-4dfd-8e0f-532879385bc3,coughvid_data/26be44b4-f977-4dfd-8e0f-532879385bc3.wav,coughvid_data/26be44b4-f977-4dfd-8e0f-532879385bc3.wav,0.0
0a24fc10-114f-4741-9d4d-516848db8edf,coughvid_data/0a24fc10-114f-4741-9d4d-516848db8edf.wav,coughvid_data/0a24fc10-114f-4741-9d4d-516848db8edf.wav,0.0
aadc33d4-a305-42c4-89fe-0fc3ebc6038b,coughvid_data/aadc33d4-a305-42c4-89fe-0fc3ebc6038b.wav,coughvid_data/aadc33d4-a305-42c4-89fe-0fc3ebc6038b.wav,0.0
86d9a5b8-187d-4243-8e4f-dea15b96c6b0,coughvid_data/86d9a5b8-187d-4243-8e4f-dea15b96c6b0.wav,coughvid_data/86d9a5b8-187d-4243-8e4f-dea15b96c6b0.wav,0.0
ba1fb2d0-9c68-4af6-9aa3-0d9b8c7e0c4a,coughvid_data/ba1fb2d0-9c68-4af6-9aa3-0d9b8c7e0c4a.wav,coughvid_data/ba1fb2d0-9c68-4af6-9aa3-0d9b8c7e0c4a.wav,0.0
5bb49fbf-5d5c-4468-9981-0d6f43934d68,coughvid_data/5bb49fbf-5d5c-4468-9981-0d6f43934d68.wav,coughvid_data/5bb49fbf-5d5c-4468-9981-0d6f43934d68.wav,0.0
7f493968-79e1-43f1-992a-2ae324a3ff78,coughvid_data/7f493968-79e1-43f1-992a-2ae324a3ff78.wav,coughvid_data/7f493968-79e1-43f1-992a-2ae324a3ff78.wav,0.0
8dd64abc-9040-431c-b9f4-2a70431bf832,coughvid_data/8dd64abc-9040-431c-b9f4-2a70431bf832.wav,coughvid_data/8dd64abc-9040-431c-b9f4-2a70431bf832.wav,1.0
f0b0dec8-9635-4746-a5bf-fa5f12eed1c1,coughvid_data/f0b0dec8-9635-4746-a5bf-fa5f12eed1c1.wav,coughvid_data/f0b0dec8-9635-4746-a5bf-fa5f12eed1c1.wav,0.0
d44a3878-9780-4c64-ac71-b73929fb26c3,coughvid_data/d44a3878-9780-4c64-ac71-b73929fb26c3.wav,coughvid_data/d44a3878-9780-4c64-ac71-b73929fb26c3.wav,0.0
28c08126-f32e-4337-b4b1-cba26602f185,coughvid_data/28c08126-f32e-4337-b4b1-cba26602f185.wav,coughvid_data/28c08126-f32e-4337-b4b1-cba26602f185.wav,1.0
d06cb842-87e5-4144-99fa-0799e5973dbc,coughvid_data/d06cb842-87e5-4144-99fa-0799e5973dbc.wav,coughvid_data/d06cb842-87e5-4144-99fa-0799e5973dbc.wav,1.0
987e42de-95f3-487c-b531-0b6b77730a67,coughvid_data/987e42de-95f3-487c-b531-0b6b77730a67.wav,coughvid_data/987e42de-95f3-487c-b531-0b6b77730a67.wav,0.0
f7426bc6-c073-431a-a703-c7f5ddaef3b5,coughvid_data/f7426bc6-c073-431a-a703-c7f5ddaef3b5.wav,coughvid_data/f7426bc6-c073-431a-a703-c7f5ddaef3b5.wav,0.0
1b917624-590b-4769-90ab-459397758ad0,coughvid_data/1b917624-590b-4769-90ab-459397758ad0.wav,coughvid_data/1b917624-590b-4769-90ab-459397758ad0.wav,0.0
804733f2-dd9e-4a20-afc9-34707c57c5f9,coughvid_data/804733f2-dd9e-4a20-afc9-34707c57c5f9.wav,coughvid_data/804733f2-dd9e-4a20-afc9-34707c57c5f9.wav,0.0
c43b1e7f-9a31-4a04-a602-6d5c5791592a,coughvid_data/c43b1e7f-9a31-4a04-a602-6d5c5791592a.wav,coughvid_data/c43b1e7f-9a31-4a04-a602-6d5c5791592a.wav,0.0
89155980-3cfb-4c38-9e40-f1e4095918f6,coughvid_data/89155980-3cfb-4c38-9e40-f1e4095918f6.wav,coughvid_data/89155980-3cfb-4c38-9e40-f1e4095918f6.wav,0.0
e0455bb5-c972-40da-af1e-c2d59bc0ac87,coughvid_data/e0455bb5-c972-40da-af1e-c2d59bc0ac87.wav,coughvid_data/e0455bb5-c972-40da-af1e-c2d59bc0ac87.wav,0.0
3ff2bbaa-b561-46f2-b908-5f9b72758311,coughvid_data/3ff2bbaa-b561-46f2-b908-5f9b72758311.wav,coughvid_data/3ff2bbaa-b561-46f2-b908-5f9b72758311.wav,0.0
721a1031-d625-4a93-be6f-741cb44e4242,coughvid_data/721a1031-d625-4a93-be6f-741cb44e4242.wav,coughvid_data/721a1031-d625-4a93-be6f-741cb44e4242.wav,1.0
6881d244-3d10-4f62-bbff-cd2fb0121bd5,coughvid_data/6881d244-3d10-4f62-bbff-cd2fb0121bd5.wav,coughvid_data/6881d244-3d10-4f62-bbff-cd2fb0121bd5.wav,1.0
1d6a17a5-77dc-4f64-a508-9a67341d5ce9,coughvid_data/1d6a17a5-77dc-4f64-a508-9a67341d5ce9.wav,coughvid_data/1d6a17a5-77dc-4f64-a508-9a67341d5ce9.wav,0.0
1014d1d3-4441-470f-832e-e73a140242c9,coughvid_data/1014d1d3-4441-470f-832e-e73a140242c9.wav,coughvid_data/1014d1d3-4441-470f-832e-e73a140242c9.wav,0.0
ee3e9b4e-a11c-4f17-b1d9-83b63d12bb67,coughvid_data/ee3e9b4e-a11c-4f17-b1d9-83b63d12bb67.wav,coughvid_data/ee3e9b4e-a11c-4f17-b1d9-83b63d12bb67.wav,0.0
21b5f30f-c659-461b-8abc-25a8959a7e1b,coughvid_data/21b5f30f-c659-461b-8abc-25a8959a7e1b.wav,coughvid_data/21b5f30f-c659-461b-8abc-25a8959a7e1b.wav,0.0
a220b159-b9cc-40ab-9090-5ce7772d346d,coughvid_data/a220b159-b9cc-40ab-9090-5ce7772d346d.wav,coughvid_data/a220b159-b9cc-40ab-9090-5ce7772d346d.wav,1.0
0f0762c8-4b9a-4c1e-a6c3-230f9d53de47,coughvid_data/0f0762c8-4b9a-4c1e-a6c3-230f9d53de47.wav,coughvid_data/0f0762c8-4b9a-4c1e-a6c3-230f9d53de47.wav,1.0
38e146a6-a0b9-48d5-82b8-43856d168f14,coughvid_data/38e146a6-a0b9-48d5-82b8-43856d168f14.wav,coughvid_data/38e146a6-a0b9-48d5-82b8-43856d168f14.wav,0.0
fc8f4855-68a8-4aa5-b3f9-6b12a99e7dd6,coughvid_data/fc8f4855-68a8-4aa5-b3f9-6b12a99e7dd6.wav,coughvid_data/fc8f4855-68a8-4aa5-b3f9-6b12a99e7dd6.wav,0.0
f8893e91-45bd-4531-ad40-942af8275899,coughvid_data/f8893e91-45bd-4531-ad40-942af8275899.wav,coughvid_data/f8893e91-45bd-4531-ad40-942af8275899.wav,1.0
88659175-f9d3-4304-ad05-e37c6d63a9f2,coughvid_data/88659175-f9d3-4304-ad05-e37c6d63a9f2.wav,coughvid_data/88659175-f9d3-4304-ad05-e37c6d63a9f2.wav,0.0
b911d650-be47-4f7c-8c28-66a1710f85ce,coughvid_data/b911d650-be47-4f7c-8c28-66a1710f85ce.wav,coughvid_data/b911d650-be47-4f7c-8c28-66a1710f85ce.wav,1.0
41124c3d-1d07-46dc-afeb-10dbfcac7722,coughvid_data/41124c3d-1d07-46dc-afeb-10dbfcac7722.wav,coughvid_data/41124c3d-1d07-46dc-afeb-10dbfcac7722.wav,1.0
aed55fce-3c9d-4855-b219-d40b7c3f8989,coughvid_data/aed55fce-3c9d-4855-b219-d40b7c3f8989.wav,coughvid_data/aed55fce-3c9d-4855-b219-d40b7c3f8989.wav,0.0
67d70a1f-d093-43c6-b3ba-937e19138b18,coughvid_data/67d70a1f-d093-43c6-b3ba-937e19138b18.wav,coughvid_data/67d70a1f-d093-43c6-b3ba-937e19138b18.wav,0.0
f257068c-aa67-46c9-893c-11d5f3499401,coughvid_data/f257068c-aa67-46c9-893c-11d5f3499401.wav,coughvid_data/f257068c-aa67-46c9-893c-11d5f3499401.wav,1.0
9bf236d9-121c-493c-8a15-70422506c51c,coughvid_data/9bf236d9-121c-493c-8a15-70422506c51c.wav,coughvid_data/9bf236d9-121c-493c-8a15-70422506c51c.wav,0.0
868ca956-99ed-4b4a-bd14-71363ab6c344,coughvid_data/868ca956-99ed-4b4a-bd14-71363ab6c344.wav,coughvid_data/868ca956-99ed-4b4a-bd14-71363ab6c344.wav,0.0
3f737d07-d461-42bb-a6dd-6d3fa63d06cc,coughvid_data/3f737d07-d461-42bb-a6dd-6d3fa63d06cc.wav,coughvid_data/3f737d07-d461-42bb-a6dd-6d3fa63d06cc.wav,1.0
78c2bdb5-0619-41b6-8318-8173a19e2f41,coughvid_data/78c2bdb5-0619-41b6-8318-8173a19e2f41.wav,coughvid_data/78c2bdb5-0619-41b6-8318-8173a19e2f41.wav,0.0
5168bb17-d379-45f0-93a2-9c7f5eb77d05,coughvid_data/5168bb17-d379-45f0-93a2-9c7f5eb77d05.wav,coughvid_data/5168bb17-d379-45f0-93a2-9c7f5eb77d05.wav,0.0
72858e17-fa5e-4d5d-9e77-279862dd4827,coughvid_data/72858e17-fa5e-4d5d-9e77-279862dd4827.wav,coughvid_data/72858e17-fa5e-4d5d-9e77-279862dd4827.wav,0.0
e6840c24-c012-4610-8544-118c81df1335,coughvid_data/e6840c24-c012-4610-8544-118c81df1335.wav,coughvid_data/e6840c24-c012-4610-8544-118c81df1335.wav,1.0
dec024bb-bb3f-49ba-8a42-b1420d56a2e0,coughvid_data/dec024bb-bb3f-49ba-8a42-b1420d56a2e0.wav,coughvid_data/dec024bb-bb3f-49ba-8a42-b1420d56a2e0.wav,1.0
45ea6196-7a94-4847-b139-a68a3a0e9242,coughvid_data/45ea6196-7a94-4847-b139-a68a3a0e9242.wav,coughvid_data/45ea6196-7a94-4847-b139-a68a3a0e9242.wav,1.0
f89d9b40-2194-4408-bad8-3255c0e16ba8,coughvid_data/f89d9b40-2194-4408-bad8-3255c0e16ba8.wav,coughvid_data/f89d9b40-2194-4408-bad8-3255c0e16ba8.wav,0.0
7d29ebf7-edce-4883-8763-a3ade9107227,coughvid_data/7d29ebf7-edce-4883-8763-a3ade9107227.wav,coughvid_data/7d29ebf7-edce-4883-8763-a3ade9107227.wav,1.0
32d8192a-21d1-4683-8599-6b4baa092db6,coughvid_data/32d8192a-21d1-4683-8599-6b4baa092db6.wav,coughvid_data/32d8192a-21d1-4683-8599-6b4baa092db6.wav,0.0
34eab908-2108-41f0-afc6-03777d86f312,coughvid_data/34eab908-2108-41f0-afc6-03777d86f312.wav,coughvid_data/34eab908-2108-41f0-afc6-03777d86f312.wav,1.0
454b15ba-5409-4b98-8c53-38d0c3943783,coughvid_data/454b15ba-5409-4b98-8c53-38d0c3943783.wav,coughvid_data/454b15ba-5409-4b98-8c53-38d0c3943783.wav,1.0
4b99e637-b1a3-49af-afa9-65c53570c5e5,coughvid_data/4b99e637-b1a3-49af-afa9-65c53570c5e5.wav,coughvid_data/4b99e637-b1a3-49af-afa9-65c53570c5e5.wav,1.0
1bd8ea8b-21a4-4291-bc7f-47442ce6c5f7,coughvid_data/1bd8ea8b-21a4-4291-bc7f-47442ce6c5f7.wav,coughvid_data/1bd8ea8b-21a4-4291-bc7f-47442ce6c5f7.wav,0.0
6d7c06f2-8ddf-48ed-91bd-084b6cd7e3b2,coughvid_data/6d7c06f2-8ddf-48ed-91bd-084b6cd7e3b2.wav,coughvid_data/6d7c06f2-8ddf-48ed-91bd-084b6cd7e3b2.wav,1.0
5784011d-69ac-432f-bef7-57e6b3dc7aec,coughvid_data/5784011d-69ac-432f-bef7-57e6b3dc7aec.wav,coughvid_data/5784011d-69ac-432f-bef7-57e6b3dc7aec.wav,1.0
368544c7-007b-4438-970b-70379ab2a239,coughvid_data/368544c7-007b-4438-970b-70379ab2a239.wav,coughvid_data/368544c7-007b-4438-970b-70379ab2a239.wav,0.0
c7f04242-4649-488a-bf21-72fa488e1c5b,coughvid_data/c7f04242-4649-488a-bf21-72fa488e1c5b.wav,coughvid_data/c7f04242-4649-488a-bf21-72fa488e1c5b.wav,1.0
fd1bea5b-5a2f-447d-9f89-63b9872f1e25,coughvid_data/fd1bea5b-5a2f-447d-9f89-63b9872f1e25.wav,coughvid_data/fd1bea5b-5a2f-447d-9f89-63b9872f1e25.wav,0.0
fc4887b4-c2c7-4f38-872e-952fa5f16425,coughvid_data/fc4887b4-c2c7-4f38-872e-952fa5f16425.wav,coughvid_data/fc4887b4-c2c7-4f38-872e-952fa5f16425.wav,0.0
ae4054cc-9320-4fd8-b530-54d18da3c42c,coughvid_data/ae4054cc-9320-4fd8-b530-54d18da3c42c.wav,coughvid_data/ae4054cc-9320-4fd8-b530-54d18da3c42c.wav,1.0
d53917c8-72b0-4704-b1b3-7dbe93e9aee5,coughvid_data/d53917c8-72b0-4704-b1b3-7dbe93e9aee5.wav,coughvid_data/d53917c8-72b0-4704-b1b3-7dbe93e9aee5.wav,1.0
d0305de6-ef86-4775-9ae3-8d53d8fc7e1b,coughvid_data/d0305de6-ef86-4775-9ae3-8d53d8fc7e1b.wav,coughvid_data/d0305de6-ef86-4775-9ae3-8d53d8fc7e1b.wav,1.0
b424b8d0-3a22-4200-baca-4d804eab8f15,coughvid_data/b424b8d0-3a22-4200-baca-4d804eab8f15.wav,coughvid_data/b424b8d0-3a22-4200-baca-4d804eab8f15.wav,1.0
f254da10-bc18-4e5e-9f97-a810f6534ae4,coughvid_data/f254da10-bc18-4e5e-9f97-a810f6534ae4.wav,coughvid_data/f254da10-bc18-4e5e-9f97-a810f6534ae4.wav,0.0
8da41c25-76cf-4974-b02d-e555b84be049,coughvid_data/8da41c25-76cf-4974-b02d-e555b84be049.wav,coughvid_data/8da41c25-76cf-4974-b02d-e555b84be049.wav,0.0
f252789f-8c77-44e4-9902-4c7e263e28db,coughvid_data/f252789f-8c77-44e4-9902-4c7e263e28db.wav,coughvid_data/f252789f-8c77-44e4-9902-4c7e263e28db.wav,1.0
ad14aa76-cb76-4aa5-950b-190e6a674590,coughvid_data/ad14aa76-cb76-4aa5-950b-190e6a674590.wav,coughvid_data/ad14aa76-cb76-4aa5-950b-190e6a674590.wav,0.0
2440d58d-9063-4b64-ae99-98104b3297f9,coughvid_data/2440d58d-9063-4b64-ae99-98104b3297f9.wav,coughvid_data/2440d58d-9063-4b64-ae99-98104b3297f9.wav,1.0
e2c33a84-d631-408f-a7f1-ba6f1bfe0b3b,coughvid_data/e2c33a84-d631-408f-a7f1-ba6f1bfe0b3b.wav,coughvid_data/e2c33a84-d631-408f-a7f1-ba6f1bfe0b3b.wav,0.0
d0e2643b-f60b-4551-982d-56d37f4ffc58,coughvid_data/d0e2643b-f60b-4551-982d-56d37f4ffc58.wav,coughvid_data/d0e2643b-f60b-4551-982d-56d37f4ffc58.wav,1.0
85662956-616a-4c1e-81ad-eaac64f18ba5,coughvid_data/85662956-616a-4c1e-81ad-eaac64f18ba5.wav,coughvid_data/85662956-616a-4c1e-81ad-eaac64f18ba5.wav,1.0
d2728113-e256-436c-a7be-b3e846ada715,coughvid_data/d2728113-e256-436c-a7be-b3e846ada715.wav,coughvid_data/d2728113-e256-436c-a7be-b3e846ada715.wav,1.0
ad006b2c-2c6c-46bd-b060-b5761ea3a204,coughvid_data/ad006b2c-2c6c-46bd-b060-b5761ea3a204.wav,coughvid_data/ad006b2c-2c6c-46bd-b060-b5761ea3a204.wav,1.0
1090cfe8-0e87-4eb8-a2ef-a23de44bb106,coughvid_data/1090cfe8-0e87-4eb8-a2ef-a23de44bb106.wav,coughvid_data/1090cfe8-0e87-4eb8-a2ef-a23de44bb106.wav,1.0
c38b53e0-5469-4e29-8b68-ea202e3140e3,coughvid_data/c38b53e0-5469-4e29-8b68-ea202e3140e3.wav,coughvid_data/c38b53e0-5469-4e29-8b68-ea202e3140e3.wav,1.0
a51ef9dd-e1b2-4418-9ff6-791dd2b3cc35,coughvid_data/a51ef9dd-e1b2-4418-9ff6-791dd2b3cc35.wav,coughvid_data/a51ef9dd-e1b2-4418-9ff6-791dd2b3cc35.wav,1.0
5448ff07-0a62-49ee-b9ce-351ff2d0aa2b,coughvid_data/5448ff07-0a62-49ee-b9ce-351ff2d0aa2b.wav,coughvid_data/5448ff07-0a62-49ee-b9ce-351ff2d0aa2b.wav,0.0
98592bec-69b8-4320-af36-cec656093893,coughvid_data/98592bec-69b8-4320-af36-cec656093893.wav,coughvid_data/98592bec-69b8-4320-af36-cec656093893.wav,1.0
dd696f67-07df-4068-94f9-367db691a69e,coughvid_data/dd696f67-07df-4068-94f9-367db691a69e.wav,coughvid_data/dd696f67-07df-4068-94f9-367db691a69e.wav,1.0
e56ca6b3-d187-44e0-b332-c54e21d1a42e,coughvid_data/e56ca6b3-d187-44e0-b332-c54e21d1a42e.wav,coughvid_data/e56ca6b3-d187-44e0-b332-c54e21d1a42e.wav,1.0
d36bec99-fc99-47b7-9e86-3058a7ca6b9c,coughvid_data/d36bec99-fc99-47b7-9e86-3058a7ca6b9c.wav,coughvid_data/d36bec99-fc99-47b7-9e86-3058a7ca6b9c.wav,1.0
e57ac950-65da-4eb4-a58e-aff83abedb24,coughvid_data/e57ac950-65da-4eb4-a58e-aff83abedb24.wav,coughvid_data/e57ac950-65da-4eb4-a58e-aff83abedb24.wav,1.0
306d3ace-9b3b-4285-ba5c-86b0797987c9,coughvid_data/306d3ace-9b3b-4285-ba5c-86b0797987c9.wav,coughvid_data/306d3ace-9b3b-4285-ba5c-86b0797987c9.wav,1.0
abc2ad9e-3136-47f9-9d7c-da8f92897c4a,coughvid_data/abc2ad9e-3136-47f9-9d7c-da8f92897c4a.wav,coughvid_data/abc2ad9e-3136-47f9-9d7c-da8f92897c4a.wav,0.0
2c802186-571e-41ff-8d7e-a273a68329da,coughvid_data/2c802186-571e-41ff-8d7e-a273a68329da.wav,coughvid_data/2c802186-571e-41ff-8d7e-a273a68329da.wav,1.0
7d32049e-6036-4921-ae6c-d792a1e1094a,coughvid_data/7d32049e-6036-4921-ae6c-d792a1e1094a.wav,coughvid_data/7d32049e-6036-4921-ae6c-d792a1e1094a.wav,1.0
2ef54d98-0fee-48fb-8ab7-2f0cc343fe11,coughvid_data/2ef54d98-0fee-48fb-8ab7-2f0cc343fe11.wav,coughvid_data/2ef54d98-0fee-48fb-8ab7-2f0cc343fe11.wav,1.0
24209c21-c5d7-42a1-905c-e594037feb43,coughvid_data/24209c21-c5d7-42a1-905c-e594037feb43.wav,coughvid_data/24209c21-c5d7-42a1-905c-e594037feb43.wav,1.0
77d9adea-9156-4c89-9db4-495606775ce3,coughvid_data/77d9adea-9156-4c89-9db4-495606775ce3.wav,coughvid_data/77d9adea-9156-4c89-9db4-495606775ce3.wav,0.0
59352d6f-f83f-4cf9-bb07-e898cd1cecce,coughvid_data/59352d6f-f83f-4cf9-bb07-e898cd1cecce.wav,coughvid_data/59352d6f-f83f-4cf9-bb07-e898cd1cecce.wav,0.0
89d045d7-f2ea-4c05-9e53-ddcc35140312,coughvid_data/89d045d7-f2ea-4c05-9e53-ddcc35140312.wav,coughvid_data/89d045d7-f2ea-4c05-9e53-ddcc35140312.wav,0.0
2f014ca5-2c61-45cb-ad94-258c46fb6d6d,coughvid_data/2f014ca5-2c61-45cb-ad94-258c46fb6d6d.wav,coughvid_data/2f014ca5-2c61-45cb-ad94-258c46fb6d6d.wav,1.0
1020ecae-668b-4efc-b5b7-5e00f125123f,coughvid_data/1020ecae-668b-4efc-b5b7-5e00f125123f.wav,coughvid_data/1020ecae-668b-4efc-b5b7-5e00f125123f.wav,0.0
2a4f0476-e241-4386-bfbc-92c97e5fe98a,coughvid_data/2a4f0476-e241-4386-bfbc-92c97e5fe98a.wav,coughvid_data/2a4f0476-e241-4386-bfbc-92c97e5fe98a.wav,0.0
45c63241-01ae-4752-814c-7e89b285f993,coughvid_data/45c63241-01ae-4752-814c-7e89b285f993.wav,coughvid_data/45c63241-01ae-4752-814c-7e89b285f993.wav,1.0
90c02389-6302-4292-bc72-fed46469238b,coughvid_data/90c02389-6302-4292-bc72-fed46469238b.wav,coughvid_data/90c02389-6302-4292-bc72-fed46469238b.wav,1.0
5486c026-ff22-4d0f-8217-71f7b783411e,coughvid_data/5486c026-ff22-4d0f-8217-71f7b783411e.wav,coughvid_data/5486c026-ff22-4d0f-8217-71f7b783411e.wav,0.0
739ad6c0-4d23-4a7c-b28a-3f8caddd23bc,coughvid_data/739ad6c0-4d23-4a7c-b28a-3f8caddd23bc.wav,coughvid_data/739ad6c0-4d23-4a7c-b28a-3f8caddd23bc.wav,0.0
9e0490ff-2444-488a-8c01-400b958c9875,coughvid_data/9e0490ff-2444-488a-8c01-400b958c9875.wav,coughvid_data/9e0490ff-2444-488a-8c01-400b958c9875.wav,1.0
df14c851-dad6-4acf-b0f7-b4a98a5b049b,coughvid_data/df14c851-dad6-4acf-b0f7-b4a98a5b049b.wav,coughvid_data/df14c851-dad6-4acf-b0f7-b4a98a5b049b.wav,1.0
b381adde-fd2c-48ef-a4fc-d1fc8e16df1f,coughvid_data/b381adde-fd2c-48ef-a4fc-d1fc8e16df1f.wav,coughvid_data/b381adde-fd2c-48ef-a4fc-d1fc8e16df1f.wav,1.0
92417abd-a8e7-4efd-b1ee-3d4f079c5704,coughvid_data/92417abd-a8e7-4efd-b1ee-3d4f079c5704.wav,coughvid_data/92417abd-a8e7-4efd-b1ee-3d4f079c5704.wav,1.0
b49e6406-5f9b-4e8b-924b-c00c7b40b0aa,coughvid_data/b49e6406-5f9b-4e8b-924b-c00c7b40b0aa.wav,coughvid_data/b49e6406-5f9b-4e8b-924b-c00c7b40b0aa.wav,1.0
dcba6704-c578-4d5d-872c-3dfd5ecb15de,coughvid_data/dcba6704-c578-4d5d-872c-3dfd5ecb15de.wav,coughvid_data/dcba6704-c578-4d5d-872c-3dfd5ecb15de.wav,1.0
1bace2e7-990f-455e-903b-83eea7c83902,coughvid_data/1bace2e7-990f-455e-903b-83eea7c83902.wav,coughvid_data/1bace2e7-990f-455e-903b-83eea7c83902.wav,1.0
05b7bdc8-e278-48de-affb-acd93791a873,coughvid_data/05b7bdc8-e278-48de-affb-acd93791a873.wav,coughvid_data/05b7bdc8-e278-48de-affb-acd93791a873.wav,1.0
a6110c22-82c2-4a23-83db-9a03d0b0a43e,coughvid_data/a6110c22-82c2-4a23-83db-9a03d0b0a43e.wav,coughvid_data/a6110c22-82c2-4a23-83db-9a03d0b0a43e.wav,0.0
45e87ed5-7f47-4cac-9099-b923d0ba709b,coughvid_data/45e87ed5-7f47-4cac-9099-b923d0ba709b.wav,coughvid_data/45e87ed5-7f47-4cac-9099-b923d0ba709b.wav,0.0
d2d2a672-0883-477b-9cb1-8f1c6f9615e7,coughvid_data/d2d2a672-0883-477b-9cb1-8f1c6f9615e7.wav,coughvid_data/d2d2a672-0883-477b-9cb1-8f1c6f9615e7.wav,0.0
9ec19e2d-53fd-46f6-94bb-465827ea98c5,coughvid_data/9ec19e2d-53fd-46f6-94bb-465827ea98c5.wav,coughvid_data/9ec19e2d-53fd-46f6-94bb-465827ea98c5.wav,0.0
52628f0f-7bbe-4566-8269-4da8b6445d67,coughvid_data/52628f0f-7bbe-4566-8269-4da8b6445d67.wav,coughvid_data/52628f0f-7bbe-4566-8269-4da8b6445d67.wav,1.0
b6ca29e8-e796-4ebf-9456-56d3ce94cb18,coughvid_data/b6ca29e8-e796-4ebf-9456-56d3ce94cb18.wav,coughvid_data/b6ca29e8-e796-4ebf-9456-56d3ce94cb18.wav,0.0
7754f1c3-5066-44d2-9e45-9742d2f65061,coughvid_data/7754f1c3-5066-44d2-9e45-9742d2f65061.wav,coughvid_data/7754f1c3-5066-44d2-9e45-9742d2f65061.wav,0.0
531c3bdf-0ef8-47d3-b1ae-bf3a3c9ff1a9,coughvid_data/531c3bdf-0ef8-47d3-b1ae-bf3a3c9ff1a9.wav,coughvid_data/531c3bdf-0ef8-47d3-b1ae-bf3a3c9ff1a9.wav,0.0
3cfb38cc-83d7-4406-b743-ef86931e0def,coughvid_data/3cfb38cc-83d7-4406-b743-ef86931e0def.wav,coughvid_data/3cfb38cc-83d7-4406-b743-ef86931e0def.wav,0.0
d14045aa-a7ab-4b59-8161-c878c82c05d3,coughvid_data/d14045aa-a7ab-4b59-8161-c878c82c05d3.wav,coughvid_data/d14045aa-a7ab-4b59-8161-c878c82c05d3.wav,0.0
7b9200c5-197d-4806-a196-16f8b95f4343,coughvid_data/7b9200c5-197d-4806-a196-16f8b95f4343.wav,coughvid_data/7b9200c5-197d-4806-a196-16f8b95f4343.wav,1.0
72f72186-0f8a-4c14-bcf9-49fb3d5c300e,coughvid_data/72f72186-0f8a-4c14-bcf9-49fb3d5c300e.wav,coughvid_data/72f72186-0f8a-4c14-bcf9-49fb3d5c300e.wav,0.0
6f972852-5954-4719-ad8d-25aa8d098d34,coughvid_data/6f972852-5954-4719-ad8d-25aa8d098d34.wav,coughvid_data/6f972852-5954-4719-ad8d-25aa8d098d34.wav,1.0
4945009c-6d6a-41df-8164-c1c7a3389faa,coughvid_data/4945009c-6d6a-41df-8164-c1c7a3389faa.wav,coughvid_data/4945009c-6d6a-41df-8164-c1c7a3389faa.wav,0.0
3d3e7e3e-c89a-4c9a-a259-58c648c2da2c,coughvid_data/3d3e7e3e-c89a-4c9a-a259-58c648c2da2c.wav,coughvid_data/3d3e7e3e-c89a-4c9a-a259-58c648c2da2c.wav,0.0
c50a7aa9-cdc5-4886-846f-22b7a7b26ff2,coughvid_data/c50a7aa9-cdc5-4886-846f-22b7a7b26ff2.wav,coughvid_data/c50a7aa9-cdc5-4886-846f-22b7a7b26ff2.wav,0.0
5fe3dd62-4c46-486a-b298-756df35f8965,coughvid_data/5fe3dd62-4c46-486a-b298-756df35f8965.wav,coughvid_data/5fe3dd62-4c46-486a-b298-756df35f8965.wav,1.0
239c8d6e-ed81-4663-9458-f14c49f4d871,coughvid_data/239c8d6e-ed81-4663-9458-f14c49f4d871.wav,coughvid_data/239c8d6e-ed81-4663-9458-f14c49f4d871.wav,1.0
25c6238c-dba7-424d-b2ab-9a42095e16fa,coughvid_data/25c6238c-dba7-424d-b2ab-9a42095e16fa.wav,coughvid_data/25c6238c-dba7-424d-b2ab-9a42095e16fa.wav,1.0
ba3f05af-e500-4cd0-ae1b-28ef4b5dc3e1,coughvid_data/ba3f05af-e500-4cd0-ae1b-28ef4b5dc3e1.wav,coughvid_data/ba3f05af-e500-4cd0-ae1b-28ef4b5dc3e1.wav,0.0
2c39b83e-8725-430d-8581-5e46b835c0c9,coughvid_data/2c39b83e-8725-430d-8581-5e46b835c0c9.wav,coughvid_data/2c39b83e-8725-430d-8581-5e46b835c0c9.wav,0.0
2dbf4fa8-5c29-4867-b119-2a722e774436,coughvid_data/2dbf4fa8-5c29-4867-b119-2a722e774436.wav,coughvid_data/2dbf4fa8-5c29-4867-b119-2a722e774436.wav,0.0
01b83641-dc8e-4231-a50e-32ede1ffd5e2,coughvid_data/01b83641-dc8e-4231-a50e-32ede1ffd5e2.wav,coughvid_data/01b83641-dc8e-4231-a50e-32ede1ffd5e2.wav,1.0
cce09a31-79ad-4a12-9058-2c0fab0039f0,coughvid_data/cce09a31-79ad-4a12-9058-2c0fab0039f0.wav,coughvid_data/cce09a31-79ad-4a12-9058-2c0fab0039f0.wav,0.0
920c76e7-1f74-49d1-89f3-2eb0862f1abe,coughvid_data/920c76e7-1f74-49d1-89f3-2eb0862f1abe.wav,coughvid_data/920c76e7-1f74-49d1-89f3-2eb0862f1abe.wav,1.0
e7b38f13-03c6-42cf-929d-9d8666681e69,coughvid_data/e7b38f13-03c6-42cf-929d-9d8666681e69.wav,coughvid_data/e7b38f13-03c6-42cf-929d-9d8666681e69.wav,0.0
32a8cbca-d126-4d85-978b-b0c2445ad324,coughvid_data/32a8cbca-d126-4d85-978b-b0c2445ad324.wav,coughvid_data/32a8cbca-d126-4d85-978b-b0c2445ad324.wav,1.0
97ba6fe5-ae59-4335-b6b2-dbc1e40082e1,coughvid_data/97ba6fe5-ae59-4335-b6b2-dbc1e40082e1.wav,coughvid_data/97ba6fe5-ae59-4335-b6b2-dbc1e40082e1.wav,1.0
88bec0f2-8dbd-44d5-a6c2-de1cf0646737,coughvid_data/88bec0f2-8dbd-44d5-a6c2-de1cf0646737.wav,coughvid_data/88bec0f2-8dbd-44d5-a6c2-de1cf0646737.wav,1.0
ded7cc2c-179c-47af-8dde-9164dcb4e081,coughvid_data/ded7cc2c-179c-47af-8dde-9164dcb4e081.wav,coughvid_data/ded7cc2c-179c-47af-8dde-9164dcb4e081.wav,1.0
8cbb39fe-0b2f-4ae7-89b0-39ad98eb4e87,coughvid_data/8cbb39fe-0b2f-4ae7-89b0-39ad98eb4e87.wav,coughvid_data/8cbb39fe-0b2f-4ae7-89b0-39ad98eb4e87.wav,1.0
e45b0fd2-fd5b-442e-941e-601ba4203aec,coughvid_data/e45b0fd2-fd5b-442e-941e-601ba4203aec.wav,coughvid_data/e45b0fd2-fd5b-442e-941e-601ba4203aec.wav,0.0
2e27120a-1972-45c5-b806-25e5b05068e5,coughvid_data/2e27120a-1972-45c5-b806-25e5b05068e5.wav,coughvid_data/2e27120a-1972-45c5-b806-25e5b05068e5.wav,1.0
59f5e743-ffc7-463b-a114-252f2c042a2b,coughvid_data/59f5e743-ffc7-463b-a114-252f2c042a2b.wav,coughvid_data/59f5e743-ffc7-463b-a114-252f2c042a2b.wav,1.0
28cb708c-a4c2-4f71-a845-76af7b394116,coughvid_data/28cb708c-a4c2-4f71-a845-76af7b394116.wav,coughvid_data/28cb708c-a4c2-4f71-a845-76af7b394116.wav,1.0
59645a22-89fb-4dca-9b13-364104433faf,coughvid_data/59645a22-89fb-4dca-9b13-364104433faf.wav,coughvid_data/59645a22-89fb-4dca-9b13-364104433faf.wav,0.0
786406be-f92f-4262-a842-07a446e7c3ab,coughvid_data/786406be-f92f-4262-a842-07a446e7c3ab.wav,coughvid_data/786406be-f92f-4262-a842-07a446e7c3ab.wav,0.0
8a5dae66-811b-4e5a-9f05-8577356248b5,coughvid_data/8a5dae66-811b-4e5a-9f05-8577356248b5.wav,coughvid_data/8a5dae66-811b-4e5a-9f05-8577356248b5.wav,1.0
3116448f-f316-4939-a492-0518f3dd06d7,coughvid_data/3116448f-f316-4939-a492-0518f3dd06d7.wav,coughvid_data/3116448f-f316-4939-a492-0518f3dd06d7.wav,1.0
cd5f6325-824a-4373-903f-1703e9b21d1f,coughvid_data/cd5f6325-824a-4373-903f-1703e9b21d1f.wav,coughvid_data/cd5f6325-824a-4373-903f-1703e9b21d1f.wav,1.0
75e9a241-fcb0-46b9-bb47-22ec9b06e92b,coughvid_data/75e9a241-fcb0-46b9-bb47-22ec9b06e92b.wav,coughvid_data/75e9a241-fcb0-46b9-bb47-22ec9b06e92b.wav,0.0
24b4a12e-ebed-4333-aa01-a1cedf414b42,coughvid_data/24b4a12e-ebed-4333-aa01-a1cedf414b42.wav,coughvid_data/24b4a12e-ebed-4333-aa01-a1cedf414b42.wav,0.0
65f72a04-5bfd-4b89-888d-4dea825f84f4,coughvid_data/65f72a04-5bfd-4b89-888d-4dea825f84f4.wav,coughvid_data/65f72a04-5bfd-4b89-888d-4dea825f84f4.wav,1.0
b4228d28-3e80-4cc6-81ca-4b19a2468a22,coughvid_data/b4228d28-3e80-4cc6-81ca-4b19a2468a22.wav,coughvid_data/b4228d28-3e80-4cc6-81ca-4b19a2468a22.wav,0.0
237e2988-26f6-4fc4-b847-ba06cee301a5,coughvid_data/237e2988-26f6-4fc4-b847-ba06cee301a5.wav,coughvid_data/237e2988-26f6-4fc4-b847-ba06cee301a5.wav,1.0
8da5e99a-3338-484f-a288-09dc6c0e32c0,coughvid_data/8da5e99a-3338-484f-a288-09dc6c0e32c0.wav,coughvid_data/8da5e99a-3338-484f-a288-09dc6c0e32c0.wav,0.0
4b55c709-9c21-44bc-ab55-fc8f971cfc14,coughvid_data/4b55c709-9c21-44bc-ab55-fc8f971cfc14.wav,coughvid_data/4b55c709-9c21-44bc-ab55-fc8f971cfc14.wav,1.0
702283b1-9cd9-4da7-8695-54f619a5daf4,coughvid_data/702283b1-9cd9-4da7-8695-54f619a5daf4.wav,coughvid_data/702283b1-9cd9-4da7-8695-54f619a5daf4.wav,1.0
38ccb4a2-a162-4528-b086-c3e4995dc1ce,coughvid_data/38ccb4a2-a162-4528-b086-c3e4995dc1ce.wav,coughvid_data/38ccb4a2-a162-4528-b086-c3e4995dc1ce.wav,0.0
9d36ff56-6dbe-46ca-9d0d-c407e26436b7,coughvid_data/9d36ff56-6dbe-46ca-9d0d-c407e26436b7.wav,coughvid_data/9d36ff56-6dbe-46ca-9d0d-c407e26436b7.wav,0.0
179fce24-c27b-4734-913c-f249e89e5a56,coughvid_data/179fce24-c27b-4734-913c-f249e89e5a56.wav,coughvid_data/179fce24-c27b-4734-913c-f249e89e5a56.wav,0.0
fdbabb79-c296-4b93-9e02-06b290916fe7,coughvid_data/fdbabb79-c296-4b93-9e02-06b290916fe7.wav,coughvid_data/fdbabb79-c296-4b93-9e02-06b290916fe7.wav,1.0
673f201c-a552-4a65-84fe-2a0089564e3d,coughvid_data/673f201c-a552-4a65-84fe-2a0089564e3d.wav,coughvid_data/673f201c-a552-4a65-84fe-2a0089564e3d.wav,0.0
47827cd7-ef45-48ef-947d-6cfb2964764a,coughvid_data/47827cd7-ef45-48ef-947d-6cfb2964764a.wav,coughvid_data/47827cd7-ef45-48ef-947d-6cfb2964764a.wav,1.0
58525efd-3d36-471b-ac62-85138bf0bb05,coughvid_data/58525efd-3d36-471b-ac62-85138bf0bb05.wav,coughvid_data/58525efd-3d36-471b-ac62-85138bf0bb05.wav,0.0
b60d25f8-f328-489b-a1f4-bb215bffbc61,coughvid_data/b60d25f8-f328-489b-a1f4-bb215bffbc61.wav,coughvid_data/b60d25f8-f328-489b-a1f4-bb215bffbc61.wav,1.0
291c4ff6-e781-4b5c-8c67-99794bcedbbe,coughvid_data/291c4ff6-e781-4b5c-8c67-99794bcedbbe.wav,coughvid_data/291c4ff6-e781-4b5c-8c67-99794bcedbbe.wav,0.0
ad9a6d41-515e-4549-b1e4-3fde45696478,coughvid_data/ad9a6d41-515e-4549-b1e4-3fde45696478.wav,coughvid_data/ad9a6d41-515e-4549-b1e4-3fde45696478.wav,0.0
ace57856-2091-4801-a18a-c6919eb9a237,coughvid_data/ace57856-2091-4801-a18a-c6919eb9a237.wav,coughvid_data/ace57856-2091-4801-a18a-c6919eb9a237.wav,0.0
10381971-d469-459f-8e62-a14fd4bab3b6,coughvid_data/10381971-d469-459f-8e62-a14fd4bab3b6.wav,coughvid_data/10381971-d469-459f-8e62-a14fd4bab3b6.wav,0.0
f4893544-33a3-41a0-aa4b-ae84ef1a9998,coughvid_data/f4893544-33a3-41a0-aa4b-ae84ef1a9998.wav,coughvid_data/f4893544-33a3-41a0-aa4b-ae84ef1a9998.wav,0.0
c166261a-96bf-4f33-927b-06f67b7ece21,coughvid_data/c166261a-96bf-4f33-927b-06f67b7ece21.wav,coughvid_data/c166261a-96bf-4f33-927b-06f67b7ece21.wav,0.0
bb93bd0c-b200-4270-b48f-d1859d5f5e95,coughvid_data/bb93bd0c-b200-4270-b48f-d1859d5f5e95.wav,coughvid_data/bb93bd0c-b200-4270-b48f-d1859d5f5e95.wav,1.0
b7053ff9-98ec-447b-87fa-7cfb55d08c6a,coughvid_data/b7053ff9-98ec-447b-87fa-7cfb55d08c6a.wav,coughvid_data/b7053ff9-98ec-447b-87fa-7cfb55d08c6a.wav,0.0
af783f70-f2f5-4205-be02-4c9e2cee4ca0,coughvid_data/af783f70-f2f5-4205-be02-4c9e2cee4ca0.wav,coughvid_data/af783f70-f2f5-4205-be02-4c9e2cee4ca0.wav,0.0
228ad3b2-42cd-4f83-bd60-345ea42c5f34,coughvid_data/228ad3b2-42cd-4f83-bd60-345ea42c5f34.wav,coughvid_data/228ad3b2-42cd-4f83-bd60-345ea42c5f34.wav,0.0
bef97d71-df16-499e-b23c-7e6fbb798bae,coughvid_data/bef97d71-df16-499e-b23c-7e6fbb798bae.wav,coughvid_data/bef97d71-df16-499e-b23c-7e6fbb798bae.wav,0.0
4000da59-607a-4bd2-822c-2d289bf37933,coughvid_data/4000da59-607a-4bd2-822c-2d289bf37933.wav,coughvid_data/4000da59-607a-4bd2-822c-2d289bf37933.wav,1.0
d977404e-19a9-4e19-967a-f3e69e565e14,coughvid_data/d977404e-19a9-4e19-967a-f3e69e565e14.wav,coughvid_data/d977404e-19a9-4e19-967a-f3e69e565e14.wav,1.0
ade3570b-4d65-4d0c-a5fe-377dff5cc7a5,coughvid_data/ade3570b-4d65-4d0c-a5fe-377dff5cc7a5.wav,coughvid_data/ade3570b-4d65-4d0c-a5fe-377dff5cc7a5.wav,0.0
f78627cd-2a37-42a8-b645-a95cb0ea2497,coughvid_data/f78627cd-2a37-42a8-b645-a95cb0ea2497.wav,coughvid_data/f78627cd-2a37-42a8-b645-a95cb0ea2497.wav,0.0
5d0c5486-f712-43c1-a50a-175049414fc8,coughvid_data/5d0c5486-f712-43c1-a50a-175049414fc8.wav,coughvid_data/5d0c5486-f712-43c1-a50a-175049414fc8.wav,0.0
680c6f79-3484-4a8e-a9ff-431a40813136,coughvid_data/680c6f79-3484-4a8e-a9ff-431a40813136.wav,coughvid_data/680c6f79-3484-4a8e-a9ff-431a40813136.wav,0.0
cbc72888-9c99-4879-8960-1d6b9ff69e1b,coughvid_data/cbc72888-9c99-4879-8960-1d6b9ff69e1b.wav,coughvid_data/cbc72888-9c99-4879-8960-1d6b9ff69e1b.wav,1.0
11187a9f-dfe8-4b48-a6b9-41f9fafd6d26,coughvid_data/11187a9f-dfe8-4b48-a6b9-41f9fafd6d26.wav,coughvid_data/11187a9f-dfe8-4b48-a6b9-41f9fafd6d26.wav,0.0
5571c3c6-7f50-4e2b-b194-a35725f38554,coughvid_data/5571c3c6-7f50-4e2b-b194-a35725f38554.wav,coughvid_data/5571c3c6-7f50-4e2b-b194-a35725f38554.wav,0.0
e7df116c-3ab8-4ed6-a7c1-736e7a9d1f72,coughvid_data/e7df116c-3ab8-4ed6-a7c1-736e7a9d1f72.wav,coughvid_data/e7df116c-3ab8-4ed6-a7c1-736e7a9d1f72.wav,1.0
e8daaed3-c602-48ff-bad9-1a28f834ba9f,coughvid_data/e8daaed3-c602-48ff-bad9-1a28f834ba9f.wav,coughvid_data/e8daaed3-c602-48ff-bad9-1a28f834ba9f.wav,1.0
cfc49e9c-0d97-4fa8-8c8c-6f2b8687b812,coughvid_data/cfc49e9c-0d97-4fa8-8c8c-6f2b8687b812.wav,coughvid_data/cfc49e9c-0d97-4fa8-8c8c-6f2b8687b812.wav,0.0
8be19c52-1a6c-4a9a-928d-f463feb762d3,coughvid_data/8be19c52-1a6c-4a9a-928d-f463feb762d3.wav,coughvid_data/8be19c52-1a6c-4a9a-928d-f463feb762d3.wav,1.0
d55a9438-f93e-414a-855d-ee0d2e0de981,coughvid_data/d55a9438-f93e-414a-855d-ee0d2e0de981.wav,coughvid_data/d55a9438-f93e-414a-855d-ee0d2e0de981.wav,0.0
16779bd3-660d-443c-aee7-b4fdc445ce13,coughvid_data/16779bd3-660d-443c-aee7-b4fdc445ce13.wav,coughvid_data/16779bd3-660d-443c-aee7-b4fdc445ce13.wav,0.0
65bb1af0-2be3-4f02-be07-c7f92fc01669,coughvid_data/65bb1af0-2be3-4f02-be07-c7f92fc01669.wav,coughvid_data/65bb1af0-2be3-4f02-be07-c7f92fc01669.wav,1.0
0fae8abc-49ad-4494-b572-e15687649453,coughvid_data/0fae8abc-49ad-4494-b572-e15687649453.wav,coughvid_data/0fae8abc-49ad-4494-b572-e15687649453.wav,0.0
cea7b534-832b-4c2c-b4d3-57037184e2ab,coughvid_data/cea7b534-832b-4c2c-b4d3-57037184e2ab.wav,coughvid_data/cea7b534-832b-4c2c-b4d3-57037184e2ab.wav,0.0
53a85708-740a-4c2d-a916-8510e61e240e,coughvid_data/53a85708-740a-4c2d-a916-8510e61e240e.wav,coughvid_data/53a85708-740a-4c2d-a916-8510e61e240e.wav,1.0
f960fc63-9ff0-44e9-8bfd-2da7431719fb,coughvid_data/f960fc63-9ff0-44e9-8bfd-2da7431719fb.wav,coughvid_data/f960fc63-9ff0-44e9-8bfd-2da7431719fb.wav,1.0
82dff13e-5ad0-4d37-8721-22d39f64673c,coughvid_data/82dff13e-5ad0-4d37-8721-22d39f64673c.wav,coughvid_data/82dff13e-5ad0-4d37-8721-22d39f64673c.wav,0.0
455b9968-482c-4fa7-bf27-7eef0cc57682,coughvid_data/455b9968-482c-4fa7-bf27-7eef0cc57682.wav,coughvid_data/455b9968-482c-4fa7-bf27-7eef0cc57682.wav,0.0
b8b19600-e35c-4e7b-b865-e0400792b0ac,coughvid_data/b8b19600-e35c-4e7b-b865-e0400792b0ac.wav,coughvid_data/b8b19600-e35c-4e7b-b865-e0400792b0ac.wav,1.0
0d4482f1-86a2-4ed2-add9-a482e15ce777,coughvid_data/0d4482f1-86a2-4ed2-add9-a482e15ce777.wav,coughvid_data/0d4482f1-86a2-4ed2-add9-a482e15ce777.wav,0.0
96488c62-258f-43f9-86fd-058a9021a803,coughvid_data/96488c62-258f-43f9-86fd-058a9021a803.wav,coughvid_data/96488c62-258f-43f9-86fd-058a9021a803.wav,0.0
f79ae0b8-22a5-4c33-bbd8-22853826c5d6,coughvid_data/f79ae0b8-22a5-4c33-bbd8-22853826c5d6.wav,coughvid_data/f79ae0b8-22a5-4c33-bbd8-22853826c5d6.wav,0.0
21c59934-3197-4eb0-9ef1-07e7d80b2275,coughvid_data/21c59934-3197-4eb0-9ef1-07e7d80b2275.wav,coughvid_data/21c59934-3197-4eb0-9ef1-07e7d80b2275.wav,1.0
e235a1e7-46da-4ca0-9379-8d8fb0ad12f8,coughvid_data/e235a1e7-46da-4ca0-9379-8d8fb0ad12f8.wav,coughvid_data/e235a1e7-46da-4ca0-9379-8d8fb0ad12f8.wav,1.0
5aff11d6-202d-4cf4-932e-b0cb53afbcc9,coughvid_data/5aff11d6-202d-4cf4-932e-b0cb53afbcc9.wav,coughvid_data/5aff11d6-202d-4cf4-932e-b0cb53afbcc9.wav,0.0
5fb30304-2611-4398-beb3-39ad919a5e76,coughvid_data/5fb30304-2611-4398-beb3-39ad919a5e76.wav,coughvid_data/5fb30304-2611-4398-beb3-39ad919a5e76.wav,0.0
1c98d667-943a-432c-9982-78d5a72568e3,coughvid_data/1c98d667-943a-432c-9982-78d5a72568e3.wav,coughvid_data/1c98d667-943a-432c-9982-78d5a72568e3.wav,1.0
b38e69f2-01f9-47ac-b94f-cf7b5eb764b3,coughvid_data/b38e69f2-01f9-47ac-b94f-cf7b5eb764b3.wav,coughvid_data/b38e69f2-01f9-47ac-b94f-cf7b5eb764b3.wav,1.0
54274387-9833-4b27-ab8f-5054677db25f,coughvid_data/54274387-9833-4b27-ab8f-5054677db25f.wav,coughvid_data/54274387-9833-4b27-ab8f-5054677db25f.wav,0.0
a2785e08-f410-43af-aac0-42e4f044a633,coughvid_data/a2785e08-f410-43af-aac0-42e4f044a633.wav,coughvid_data/a2785e08-f410-43af-aac0-42e4f044a633.wav,0.0
774f78b1-798d-4563-877d-4036e8a60ddb,coughvid_data/774f78b1-798d-4563-877d-4036e8a60ddb.wav,coughvid_data/774f78b1-798d-4563-877d-4036e8a60ddb.wav,0.0
69d84410-3a40-452b-bb18-574d03536dd9,coughvid_data/69d84410-3a40-452b-bb18-574d03536dd9.wav,coughvid_data/69d84410-3a40-452b-bb18-574d03536dd9.wav,0.0
255721a3-96fd-443c-a2ee-24b09398c505,coughvid_data/255721a3-96fd-443c-a2ee-24b09398c505.wav,coughvid_data/255721a3-96fd-443c-a2ee-24b09398c505.wav,0.0
697c2232-be6b-44a6-a62f-413ccb903aa2,coughvid_data/697c2232-be6b-44a6-a62f-413ccb903aa2.wav,coughvid_data/697c2232-be6b-44a6-a62f-413ccb903aa2.wav,0.0
e79d154a-ebd6-4b69-b87b-605cecc383c4,coughvid_data/e79d154a-ebd6-4b69-b87b-605cecc383c4.wav,coughvid_data/e79d154a-ebd6-4b69-b87b-605cecc383c4.wav,1.0
8cbf3cc6-e97d-421e-b3e1-5a5d97cd2b0e,coughvid_data/8cbf3cc6-e97d-421e-b3e1-5a5d97cd2b0e.wav,coughvid_data/8cbf3cc6-e97d-421e-b3e1-5a5d97cd2b0e.wav,0.0
ea6baf21-f1de-4baa-b923-b67884efbe1e,coughvid_data/ea6baf21-f1de-4baa-b923-b67884efbe1e.wav,coughvid_data/ea6baf21-f1de-4baa-b923-b67884efbe1e.wav,1.0
4731c69c-6a3d-414b-a786-43bede324991,coughvid_data/4731c69c-6a3d-414b-a786-43bede324991.wav,coughvid_data/4731c69c-6a3d-414b-a786-43bede324991.wav,0.0
33743e76-1996-4d37-b34d-89ed971f9fba,coughvid_data/33743e76-1996-4d37-b34d-89ed971f9fba.wav,coughvid_data/33743e76-1996-4d37-b34d-89ed971f9fba.wav,0.0
47ccc1df-9cbf-42a9-a08e-f994c1eee913,coughvid_data/47ccc1df-9cbf-42a9-a08e-f994c1eee913.wav,coughvid_data/47ccc1df-9cbf-42a9-a08e-f994c1eee913.wav,0.0
6f5c5766-ede2-4a98-8e98-74f7794075ef,coughvid_data/6f5c5766-ede2-4a98-8e98-74f7794075ef.wav,coughvid_data/6f5c5766-ede2-4a98-8e98-74f7794075ef.wav,0.0
a2d84604-543f-49fa-a401-06bda013d0a7,coughvid_data/a2d84604-543f-49fa-a401-06bda013d0a7.wav,coughvid_data/a2d84604-543f-49fa-a401-06bda013d0a7.wav,1.0
92e4f7e7-8166-43f5-a80e-ff46063eaee3,coughvid_data/92e4f7e7-8166-43f5-a80e-ff46063eaee3.wav,coughvid_data/92e4f7e7-8166-43f5-a80e-ff46063eaee3.wav,0.0
0a592f84-7513-40e3-aa9c-9b4ab79a492a,coughvid_data/0a592f84-7513-40e3-aa9c-9b4ab79a492a.wav,coughvid_data/0a592f84-7513-40e3-aa9c-9b4ab79a492a.wav,0.0
d58ba266-8b3b-40ad-a7cb-390178fd15bb,coughvid_data/d58ba266-8b3b-40ad-a7cb-390178fd15bb.wav,coughvid_data/d58ba266-8b3b-40ad-a7cb-390178fd15bb.wav,1.0
aa99b932-3d34-44a2-8aea-644a52aab23f,coughvid_data/aa99b932-3d34-44a2-8aea-644a52aab23f.wav,coughvid_data/aa99b932-3d34-44a2-8aea-644a52aab23f.wav,0.0
82d654b5-2802-4be9-8d35-a782af19e72b,coughvid_data/82d654b5-2802-4be9-8d35-a782af19e72b.wav,coughvid_data/82d654b5-2802-4be9-8d35-a782af19e72b.wav,1.0
737f842e-f548-4e5d-b970-c1193ab2a255,coughvid_data/737f842e-f548-4e5d-b970-c1193ab2a255.wav,coughvid_data/737f842e-f548-4e5d-b970-c1193ab2a255.wav,1.0
17f3ecae-f2a5-470a-8752-98a2aca19842,coughvid_data/17f3ecae-f2a5-470a-8752-98a2aca19842.wav,coughvid_data/17f3ecae-f2a5-470a-8752-98a2aca19842.wav,1.0
488331bd-2513-4dda-b351-312e0ef67f0f,coughvid_data/488331bd-2513-4dda-b351-312e0ef67f0f.wav,coughvid_data/488331bd-2513-4dda-b351-312e0ef67f0f.wav,1.0
877f4e85-3bf0-4fec-9739-4a6c7eefe940,coughvid_data/877f4e85-3bf0-4fec-9739-4a6c7eefe940.wav,coughvid_data/877f4e85-3bf0-4fec-9739-4a6c7eefe940.wav,0.0
bbccabf3-5f0b-40f7-88bd-592e0f36a7cd,coughvid_data/bbccabf3-5f0b-40f7-88bd-592e0f36a7cd.wav,coughvid_data/bbccabf3-5f0b-40f7-88bd-592e0f36a7cd.wav,1.0
ac7bcf8b-be7a-4dd9-abe7-477b0fbb71f5,coughvid_data/ac7bcf8b-be7a-4dd9-abe7-477b0fbb71f5.wav,coughvid_data/ac7bcf8b-be7a-4dd9-abe7-477b0fbb71f5.wav,0.0
f8eb7ebc-4821-40ec-8e08-941793df7c23,coughvid_data/f8eb7ebc-4821-40ec-8e08-941793df7c23.wav,coughvid_data/f8eb7ebc-4821-40ec-8e08-941793df7c23.wav,0.0
c2d8a5a1-d597-43bc-95fe-30b035a61488,coughvid_data/c2d8a5a1-d597-43bc-95fe-30b035a61488.wav,coughvid_data/c2d8a5a1-d597-43bc-95fe-30b035a61488.wav,1.0
1b27d53e-a24d-4517-a8e5-c1beadc1182d,coughvid_data/1b27d53e-a24d-4517-a8e5-c1beadc1182d.wav,coughvid_data/1b27d53e-a24d-4517-a8e5-c1beadc1182d.wav,1.0
8dac85cf-731d-491b-af6c-dd78bd4a04af,coughvid_data/8dac85cf-731d-491b-af6c-dd78bd4a04af.wav,coughvid_data/8dac85cf-731d-491b-af6c-dd78bd4a04af.wav,0.0
2dd0081e-a0bf-4957-8ed0-f9b320c63f46,coughvid_data/2dd0081e-a0bf-4957-8ed0-f9b320c63f46.wav,coughvid_data/2dd0081e-a0bf-4957-8ed0-f9b320c63f46.wav,1.0
76f2542d-cd42-4331-9dc7-53a610c49591,coughvid_data/76f2542d-cd42-4331-9dc7-53a610c49591.wav,coughvid_data/76f2542d-cd42-4331-9dc7-53a610c49591.wav,0.0
c34feac0-158f-49b8-a986-fb6a7f95ba04,coughvid_data/c34feac0-158f-49b8-a986-fb6a7f95ba04.wav,coughvid_data/c34feac0-158f-49b8-a986-fb6a7f95ba04.wav,1.0
cbdeeb20-c84f-4f92-9515-beb11799e9cc,coughvid_data/cbdeeb20-c84f-4f92-9515-beb11799e9cc.wav,coughvid_data/cbdeeb20-c84f-4f92-9515-beb11799e9cc.wav,1.0
fd9d63bd-1f7e-445e-a50f-ef2770ff228c,coughvid_data/fd9d63bd-1f7e-445e-a50f-ef2770ff228c.wav,coughvid_data/fd9d63bd-1f7e-445e-a50f-ef2770ff228c.wav,0.0
73701b60-c351-4b4c-8e38-5109b80b7154,coughvid_data/73701b60-c351-4b4c-8e38-5109b80b7154.wav,coughvid_data/73701b60-c351-4b4c-8e38-5109b80b7154.wav,1.0
b2997f4f-e304-4f80-96b9-73783bd878a1,coughvid_data/b2997f4f-e304-4f80-96b9-73783bd878a1.wav,coughvid_data/b2997f4f-e304-4f80-96b9-73783bd878a1.wav,1.0
867bb184-8c46-4d0d-a2c7-f629f479bf7b,coughvid_data/867bb184-8c46-4d0d-a2c7-f629f479bf7b.wav,coughvid_data/867bb184-8c46-4d0d-a2c7-f629f479bf7b.wav,0.0
b6a19f6d-eeb4-455c-b832-75475f63482c,coughvid_data/b6a19f6d-eeb4-455c-b832-75475f63482c.wav,coughvid_data/b6a19f6d-eeb4-455c-b832-75475f63482c.wav,1.0
5a0fe430-5054-4fe4-b2da-29824128b3a4,coughvid_data/5a0fe430-5054-4fe4-b2da-29824128b3a4.wav,coughvid_data/5a0fe430-5054-4fe4-b2da-29824128b3a4.wav,1.0
9b58b701-9384-4216-ab49-c6373b6dd8b4,coughvid_data/9b58b701-9384-4216-ab49-c6373b6dd8b4.wav,coughvid_data/9b58b701-9384-4216-ab49-c6373b6dd8b4.wav,0.0
a46194bb-4e9f-4d01-99b5-e706fe8fd530,coughvid_data/a46194bb-4e9f-4d01-99b5-e706fe8fd530.wav,coughvid_data/a46194bb-4e9f-4d01-99b5-e706fe8fd530.wav,0.0
79778cc5-2a48-46b3-9033-b857e5726995,coughvid_data/79778cc5-2a48-46b3-9033-b857e5726995.wav,coughvid_data/79778cc5-2a48-46b3-9033-b857e5726995.wav,1.0
2d090ab6-346d-4168-a8aa-57296bcaf6e0,coughvid_data/2d090ab6-346d-4168-a8aa-57296bcaf6e0.wav,coughvid_data/2d090ab6-346d-4168-a8aa-57296bcaf6e0.wav,1.0
46042250-1bd2-447e-b7a6-aea59a772be0,coughvid_data/46042250-1bd2-447e-b7a6-aea59a772be0.wav,coughvid_data/46042250-1bd2-447e-b7a6-aea59a772be0.wav,0.0
19c982ad-c946-4e79-a2f3-42badaba22fe,coughvid_data/19c982ad-c946-4e79-a2f3-42badaba22fe.wav,coughvid_data/19c982ad-c946-4e79-a2f3-42badaba22fe.wav,1.0
835fdf67-c10d-45dd-afc0-fd7bb8f42ae5,coughvid_data/835fdf67-c10d-45dd-afc0-fd7bb8f42ae5.wav,coughvid_data/835fdf67-c10d-45dd-afc0-fd7bb8f42ae5.wav,0.0
6c3d8036-dd65-4faa-984c-72086a611438,coughvid_data/6c3d8036-dd65-4faa-984c-72086a611438.wav,coughvid_data/6c3d8036-dd65-4faa-984c-72086a611438.wav,1.0
2d1cb57c-db89-47cc-a67c-76b99aa874ad,coughvid_data/2d1cb57c-db89-47cc-a67c-76b99aa874ad.wav,coughvid_data/2d1cb57c-db89-47cc-a67c-76b99aa874ad.wav,1.0
3348f5a0-00d2-4cb4-8960-9eb06cf490b1,coughvid_data/3348f5a0-00d2-4cb4-8960-9eb06cf490b1.wav,coughvid_data/3348f5a0-00d2-4cb4-8960-9eb06cf490b1.wav,1.0
5bb1f547-1cc2-4f1f-8922-ada230c6ac78,coughvid_data/5bb1f547-1cc2-4f1f-8922-ada230c6ac78.wav,coughvid_data/5bb1f547-1cc2-4f1f-8922-ada230c6ac78.wav,0.0
d7eae15f-4658-46c2-a7fb-0aa476366936,coughvid_data/d7eae15f-4658-46c2-a7fb-0aa476366936.wav,coughvid_data/d7eae15f-4658-46c2-a7fb-0aa476366936.wav,1.0
863527af-d101-4596-8825-428394f0d6c2,coughvid_data/863527af-d101-4596-8825-428394f0d6c2.wav,coughvid_data/863527af-d101-4596-8825-428394f0d6c2.wav,1.0
8883e4bd-e790-4083-894b-3c17f1a4db75,coughvid_data/8883e4bd-e790-4083-894b-3c17f1a4db75.wav,coughvid_data/8883e4bd-e790-4083-894b-3c17f1a4db75.wav,0.0
f38c8789-22d5-4eee-8bed-e794d8bcfeca,coughvid_data/f38c8789-22d5-4eee-8bed-e794d8bcfeca.wav,coughvid_data/f38c8789-22d5-4eee-8bed-e794d8bcfeca.wav,1.0
8c6b92b4-6cdc-4a92-84e9-dc32f24ca87e,coughvid_data/8c6b92b4-6cdc-4a92-84e9-dc32f24ca87e.wav,coughvid_data/8c6b92b4-6cdc-4a92-84e9-dc32f24ca87e.wav,1.0
57e9e764-85ea-4e70-a08c-b5f0199556ea,coughvid_data/57e9e764-85ea-4e70-a08c-b5f0199556ea.wav,coughvid_data/57e9e764-85ea-4e70-a08c-b5f0199556ea.wav,1.0
8c3c782c-7783-4747-8314-665a8d441155,coughvid_data/8c3c782c-7783-4747-8314-665a8d441155.wav,coughvid_data/8c3c782c-7783-4747-8314-665a8d441155.wav,0.0
81e83f35-d646-4ffb-9a4b-bdc4fb5e065e,coughvid_data/81e83f35-d646-4ffb-9a4b-bdc4fb5e065e.wav,coughvid_data/81e83f35-d646-4ffb-9a4b-bdc4fb5e065e.wav,0.0
75c5c391-72fe-4392-9191-04bcba8616f1,coughvid_data/75c5c391-72fe-4392-9191-04bcba8616f1.wav,coughvid_data/75c5c391-72fe-4392-9191-04bcba8616f1.wav,1.0
463ddf8d-d182-428d-ad19-70c5ddf73518,coughvid_data/463ddf8d-d182-428d-ad19-70c5ddf73518.wav,coughvid_data/463ddf8d-d182-428d-ad19-70c5ddf73518.wav,0.0
1e713d01-9c62-4053-b5cc-ee013b4c39c3,coughvid_data/1e713d01-9c62-4053-b5cc-ee013b4c39c3.wav,coughvid_data/1e713d01-9c62-4053-b5cc-ee013b4c39c3.wav,0.0
6cc64097-ce79-4941-9ab2-766547c5d9fe,coughvid_data/6cc64097-ce79-4941-9ab2-766547c5d9fe.wav,coughvid_data/6cc64097-ce79-4941-9ab2-766547c5d9fe.wav,1.0
a2842666-f1ae-490b-99b3-5e5759f7a134,coughvid_data/a2842666-f1ae-490b-99b3-5e5759f7a134.wav,coughvid_data/a2842666-f1ae-490b-99b3-5e5759f7a134.wav,0.0
fcd1ff4d-5194-48e4-9b82-bc2b5dcc42fb,coughvid_data/fcd1ff4d-5194-48e4-9b82-bc2b5dcc42fb.wav,coughvid_data/fcd1ff4d-5194-48e4-9b82-bc2b5dcc42fb.wav,1.0
9157768a-b475-4bda-ac01-31d5d7344ad9,coughvid_data/9157768a-b475-4bda-ac01-31d5d7344ad9.wav,coughvid_data/9157768a-b475-4bda-ac01-31d5d7344ad9.wav,0.0
bd5faa75-a037-4f51-8f78-b61b653d4117,coughvid_data/bd5faa75-a037-4f51-8f78-b61b653d4117.wav,coughvid_data/bd5faa75-a037-4f51-8f78-b61b653d4117.wav,0.0
c0cf41a9-2d3e-433f-b5fe-5feda3eaeee5,coughvid_data/c0cf41a9-2d3e-433f-b5fe-5feda3eaeee5.wav,coughvid_data/c0cf41a9-2d3e-433f-b5fe-5feda3eaeee5.wav,0.0
c6f5b4e5-c1b9-4cab-a860-ae76a09acfdf,coughvid_data/c6f5b4e5-c1b9-4cab-a860-ae76a09acfdf.wav,coughvid_data/c6f5b4e5-c1b9-4cab-a860-ae76a09acfdf.wav,1.0
da3633f4-ecea-47b6-887e-b9e6d13443f9,coughvid_data/da3633f4-ecea-47b6-887e-b9e6d13443f9.wav,coughvid_data/da3633f4-ecea-47b6-887e-b9e6d13443f9.wav,0.0
2ff27b75-a3ff-4ac8-a7be-26aa5fcd1458,coughvid_data/2ff27b75-a3ff-4ac8-a7be-26aa5fcd1458.wav,coughvid_data/2ff27b75-a3ff-4ac8-a7be-26aa5fcd1458.wav,0.0
14b9f356-c3dd-456f-9875-5125040d0c83,coughvid_data/14b9f356-c3dd-456f-9875-5125040d0c83.wav,coughvid_data/14b9f356-c3dd-456f-9875-5125040d0c83.wav,1.0
5f12f5bb-55ff-4d3f-8e30-b4425cb936dc,coughvid_data/5f12f5bb-55ff-4d3f-8e30-b4425cb936dc.wav,coughvid_data/5f12f5bb-55ff-4d3f-8e30-b4425cb936dc.wav,0.0
93845e5a-b8ac-443c-9686-0aece73b03ba,coughvid_data/93845e5a-b8ac-443c-9686-0aece73b03ba.wav,coughvid_data/93845e5a-b8ac-443c-9686-0aece73b03ba.wav,0.0
84c42145-4e41-469b-aa7d-18a857a7882f,coughvid_data/84c42145-4e41-469b-aa7d-18a857a7882f.wav,coughvid_data/84c42145-4e41-469b-aa7d-18a857a7882f.wav,1.0
472f8336-5e96-4a9b-971f-21bca0979ee9,coughvid_data/472f8336-5e96-4a9b-971f-21bca0979ee9.wav,coughvid_data/472f8336-5e96-4a9b-971f-21bca0979ee9.wav,0.0
cfdeed0b-aa6d-45fc-9ece-7892f1f36d44,coughvid_data/cfdeed0b-aa6d-45fc-9ece-7892f1f36d44.wav,coughvid_data/cfdeed0b-aa6d-45fc-9ece-7892f1f36d44.wav,1.0
55434232-651d-410e-a56b-1cd2a5e7f95f,coughvid_data/55434232-651d-410e-a56b-1cd2a5e7f95f.wav,coughvid_data/55434232-651d-410e-a56b-1cd2a5e7f95f.wav,0.0
374535c0-b203-4599-bd03-817247716e19,coughvid_data/374535c0-b203-4599-bd03-817247716e19.wav,coughvid_data/374535c0-b203-4599-bd03-817247716e19.wav,0.0
b50c2fe3-345a-455c-8d50-fbda3d1e8476,coughvid_data/b50c2fe3-345a-455c-8d50-fbda3d1e8476.wav,coughvid_data/b50c2fe3-345a-455c-8d50-fbda3d1e8476.wav,1.0
ab34650e-2e96-4b9f-885f-a2f042b5dcf7,coughvid_data/ab34650e-2e96-4b9f-885f-a2f042b5dcf7.wav,coughvid_data/ab34650e-2e96-4b9f-885f-a2f042b5dcf7.wav,0.0
9cf8103f-e52d-4020-a08c-0ebd93e4b557,coughvid_data/9cf8103f-e52d-4020-a08c-0ebd93e4b557.wav,coughvid_data/9cf8103f-e52d-4020-a08c-0ebd93e4b557.wav,0.0
c3872d24-2748-4e06-9518-79464ba26f19,coughvid_data/c3872d24-2748-4e06-9518-79464ba26f19.wav,coughvid_data/c3872d24-2748-4e06-9518-79464ba26f19.wav,1.0
d7015f3d-b0e1-4d67-a88c-55f1a8e99e9f,coughvid_data/d7015f3d-b0e1-4d67-a88c-55f1a8e99e9f.wav,coughvid_data/d7015f3d-b0e1-4d67-a88c-55f1a8e99e9f.wav,0.0
17652906-b1d3-4276-bf10-7ffffeffd9c2,coughvid_data/17652906-b1d3-4276-bf10-7ffffeffd9c2.wav,coughvid_data/17652906-b1d3-4276-bf10-7ffffeffd9c2.wav,0.0
d2e88669-b27a-406f-bc70-0014c6d80661,coughvid_data/d2e88669-b27a-406f-bc70-0014c6d80661.wav,coughvid_data/d2e88669-b27a-406f-bc70-0014c6d80661.wav,1.0
bfe5b7d6-cd61-4d13-8f62-78ed8258ff98,coughvid_data/bfe5b7d6-cd61-4d13-8f62-78ed8258ff98.wav,coughvid_data/bfe5b7d6-cd61-4d13-8f62-78ed8258ff98.wav,1.0
2b906300-bd5c-46ba-9431-d1d3de8453ce,coughvid_data/2b906300-bd5c-46ba-9431-d1d3de8453ce.wav,coughvid_data/2b906300-bd5c-46ba-9431-d1d3de8453ce.wav,0.0
2308af13-24c0-48ff-ac81-a1d8a7d5317b,coughvid_data/2308af13-24c0-48ff-ac81-a1d8a7d5317b.wav,coughvid_data/2308af13-24c0-48ff-ac81-a1d8a7d5317b.wav,0.0
470f0da8-aa93-472f-989f-cf07aa65355a,coughvid_data/470f0da8-aa93-472f-989f-cf07aa65355a.wav,coughvid_data/470f0da8-aa93-472f-989f-cf07aa65355a.wav,0.0
e17ebcc5-99b7-4b32-b84c-b729f58adc46,coughvid_data/e17ebcc5-99b7-4b32-b84c-b729f58adc46.wav,coughvid_data/e17ebcc5-99b7-4b32-b84c-b729f58adc46.wav,0.0
dac3f723-2a24-4b92-bbcd-ee8e1048150c,coughvid_data/dac3f723-2a24-4b92-bbcd-ee8e1048150c.wav,coughvid_data/dac3f723-2a24-4b92-bbcd-ee8e1048150c.wav,1.0
e347d594-2d47-4068-a58a-e085bf0afa4c,coughvid_data/e347d594-2d47-4068-a58a-e085bf0afa4c.wav,coughvid_data/e347d594-2d47-4068-a58a-e085bf0afa4c.wav,0.0
fe6fddd2-db96-44e1-b0c1-92619bc81a73,coughvid_data/fe6fddd2-db96-44e1-b0c1-92619bc81a73.wav,coughvid_data/fe6fddd2-db96-44e1-b0c1-92619bc81a73.wav,1.0
255ab8c6-e928-4ee1-8ae5-d0b1b39bcd92,coughvid_data/255ab8c6-e928-4ee1-8ae5-d0b1b39bcd92.wav,coughvid_data/255ab8c6-e928-4ee1-8ae5-d0b1b39bcd92.wav,0.0
5499c4b2-a743-49a8-afd3-a9afa3d38404,coughvid_data/5499c4b2-a743-49a8-afd3-a9afa3d38404.wav,coughvid_data/5499c4b2-a743-49a8-afd3-a9afa3d38404.wav,1.0
228c6695-d024-4bb5-a138-8b852d2b4a50,coughvid_data/228c6695-d024-4bb5-a138-8b852d2b4a50.wav,coughvid_data/228c6695-d024-4bb5-a138-8b852d2b4a50.wav,0.0
749c24d6-c21b-4a08-9643-307af43572ff,coughvid_data/749c24d6-c21b-4a08-9643-307af43572ff.wav,coughvid_data/749c24d6-c21b-4a08-9643-307af43572ff.wav,0.0
31ed5c94-b2d8-4278-9287-1bf13226a40b,coughvid_data/31ed5c94-b2d8-4278-9287-1bf13226a40b.wav,coughvid_data/31ed5c94-b2d8-4278-9287-1bf13226a40b.wav,1.0
7e77f9ed-07c6-483f-b9ba-20541e2c1cc1,coughvid_data/7e77f9ed-07c6-483f-b9ba-20541e2c1cc1.wav,coughvid_data/7e77f9ed-07c6-483f-b9ba-20541e2c1cc1.wav,1.0
d06ef647-4910-4a22-9ab3-15158989a2fe,coughvid_data/d06ef647-4910-4a22-9ab3-15158989a2fe.wav,coughvid_data/d06ef647-4910-4a22-9ab3-15158989a2fe.wav,1.0
fce70059-67e8-49fb-a227-f702198cacaf,coughvid_data/fce70059-67e8-49fb-a227-f702198cacaf.wav,coughvid_data/fce70059-67e8-49fb-a227-f702198cacaf.wav,1.0
8ce271e4-313c-470f-a4ab-ccc16e01a8f2,coughvid_data/8ce271e4-313c-470f-a4ab-ccc16e01a8f2.wav,coughvid_data/8ce271e4-313c-470f-a4ab-ccc16e01a8f2.wav,0.0
43ea6c6f-062b-4b75-845d-81c87eb6d3ec,coughvid_data/43ea6c6f-062b-4b75-845d-81c87eb6d3ec.wav,coughvid_data/43ea6c6f-062b-4b75-845d-81c87eb6d3ec.wav,0.0
4fdf9c3f-1130-4098-bd12-fb55d913cbf5,coughvid_data/4fdf9c3f-1130-4098-bd12-fb55d913cbf5.wav,coughvid_data/4fdf9c3f-1130-4098-bd12-fb55d913cbf5.wav,0.0
49114698-8b5c-40e3-9645-b6a5223658d8,coughvid_data/49114698-8b5c-40e3-9645-b6a5223658d8.wav,coughvid_data/49114698-8b5c-40e3-9645-b6a5223658d8.wav,1.0
94ad74ad-5a8c-406c-9c1a-18e281d53b9d,coughvid_data/94ad74ad-5a8c-406c-9c1a-18e281d53b9d.wav,coughvid_data/94ad74ad-5a8c-406c-9c1a-18e281d53b9d.wav,1.0
fef21413-6875-4c02-bf3c-ee3a028a82d7,coughvid_data/fef21413-6875-4c02-bf3c-ee3a028a82d7.wav,coughvid_data/fef21413-6875-4c02-bf3c-ee3a028a82d7.wav,0.0
8ad27f4c-cf99-4833-8597-eda63fc591b2,coughvid_data/8ad27f4c-cf99-4833-8597-eda63fc591b2.wav,coughvid_data/8ad27f4c-cf99-4833-8597-eda63fc591b2.wav,1.0
a8ca7736-9a4f-4718-954b-eae6047128a3,coughvid_data/a8ca7736-9a4f-4718-954b-eae6047128a3.wav,coughvid_data/a8ca7736-9a4f-4718-954b-eae6047128a3.wav,1.0
9b1454f3-7e95-4b04-9369-ba923145c84c,coughvid_data/9b1454f3-7e95-4b04-9369-ba923145c84c.wav,coughvid_data/9b1454f3-7e95-4b04-9369-ba923145c84c.wav,1.0
8b3d1e89-4f54-4a23-a86b-eff91aa4fac5,coughvid_data/8b3d1e89-4f54-4a23-a86b-eff91aa4fac5.wav,coughvid_data/8b3d1e89-4f54-4a23-a86b-eff91aa4fac5.wav,0.0
3ebc90d8-cc6d-402a-8f76-3833e1223d50,coughvid_data/3ebc90d8-cc6d-402a-8f76-3833e1223d50.wav,coughvid_data/3ebc90d8-cc6d-402a-8f76-3833e1223d50.wav,1.0
2176dc0e-ef28-4f7a-a6e3-679efa5cdc96,coughvid_data/2176dc0e-ef28-4f7a-a6e3-679efa5cdc96.wav,coughvid_data/2176dc0e-ef28-4f7a-a6e3-679efa5cdc96.wav,1.0
65fd1bdb-4d1a-4fee-b81c-3e1bbc635be5,coughvid_data/65fd1bdb-4d1a-4fee-b81c-3e1bbc635be5.wav,coughvid_data/65fd1bdb-4d1a-4fee-b81c-3e1bbc635be5.wav,0.0
6a2505b9-61a4-4fd3-81ee-c63140ab2b5e,coughvid_data/6a2505b9-61a4-4fd3-81ee-c63140ab2b5e.wav,coughvid_data/6a2505b9-61a4-4fd3-81ee-c63140ab2b5e.wav,1.0
dfe66991-7bc9-44af-a39d-f11006310eb6,coughvid_data/dfe66991-7bc9-44af-a39d-f11006310eb6.wav,coughvid_data/dfe66991-7bc9-44af-a39d-f11006310eb6.wav,0.0
51a9ade4-721c-4a75-ab33-57e68f425a42,coughvid_data/51a9ade4-721c-4a75-ab33-57e68f425a42.wav,coughvid_data/51a9ade4-721c-4a75-ab33-57e68f425a42.wav,1.0
20650c31-dc92-4f82-82e1-d44dca0f9a8e,coughvid_data/20650c31-dc92-4f82-82e1-d44dca0f9a8e.wav,coughvid_data/20650c31-dc92-4f82-82e1-d44dca0f9a8e.wav,1.0
f028405b-2f4f-4379-ba3e-acc7a69f90be,coughvid_data/f028405b-2f4f-4379-ba3e-acc7a69f90be.wav,coughvid_data/f028405b-2f4f-4379-ba3e-acc7a69f90be.wav,1.0
fddb96b7-6c60-4634-9d98-4334bc97ee77,coughvid_data/fddb96b7-6c60-4634-9d98-4334bc97ee77.wav,coughvid_data/fddb96b7-6c60-4634-9d98-4334bc97ee77.wav,0.0
5f4bda3b-3b7a-42dd-861d-7e0259980b2f,coughvid_data/5f4bda3b-3b7a-42dd-861d-7e0259980b2f.wav,coughvid_data/5f4bda3b-3b7a-42dd-861d-7e0259980b2f.wav,1.0
938abe79-b52c-45c1-bbbf-85c87d5f333b,coughvid_data/938abe79-b52c-45c1-bbbf-85c87d5f333b.wav,coughvid_data/938abe79-b52c-45c1-bbbf-85c87d5f333b.wav,1.0
4535211c-a243-4d85-aabf-1044a83893d9,coughvid_data/4535211c-a243-4d85-aabf-1044a83893d9.wav,coughvid_data/4535211c-a243-4d85-aabf-1044a83893d9.wav,0.0
eaa32cc7-5e79-4d4c-a3b0-dcd59bb161be,coughvid_data/eaa32cc7-5e79-4d4c-a3b0-dcd59bb161be.wav,coughvid_data/eaa32cc7-5e79-4d4c-a3b0-dcd59bb161be.wav,1.0
da884ed4-9f1e-4ad3-8efb-418dad84434f,coughvid_data/da884ed4-9f1e-4ad3-8efb-418dad84434f.wav,coughvid_data/da884ed4-9f1e-4ad3-8efb-418dad84434f.wav,0.0
d79fb35f-e71d-4ac1-9b32-0f69e7c8a87a,coughvid_data/d79fb35f-e71d-4ac1-9b32-0f69e7c8a87a.wav,coughvid_data/d79fb35f-e71d-4ac1-9b32-0f69e7c8a87a.wav,1.0
97b1475c-b25f-4a22-ad72-57139ba1315c,coughvid_data/97b1475c-b25f-4a22-ad72-57139ba1315c.wav,coughvid_data/97b1475c-b25f-4a22-ad72-57139ba1315c.wav,1.0
8d2e533d-9e05-4703-aee8-f4ee9f208d2f,coughvid_data/8d2e533d-9e05-4703-aee8-f4ee9f208d2f.wav,coughvid_data/8d2e533d-9e05-4703-aee8-f4ee9f208d2f.wav,1.0
f8c6eead-96b2-4a5a-80aa-63a12e7dadbb,coughvid_data/f8c6eead-96b2-4a5a-80aa-63a12e7dadbb.wav,coughvid_data/f8c6eead-96b2-4a5a-80aa-63a12e7dadbb.wav,1.0
47bed967-f9f0-40fd-965d-f1fd68115732,coughvid_data/47bed967-f9f0-40fd-965d-f1fd68115732.wav,coughvid_data/47bed967-f9f0-40fd-965d-f1fd68115732.wav,1.0
b316b77c-7dd2-4427-9a80-ff3a22f08e97,coughvid_data/b316b77c-7dd2-4427-9a80-ff3a22f08e97.wav,coughvid_data/b316b77c-7dd2-4427-9a80-ff3a22f08e97.wav,1.0
6214b800-1691-4225-9a76-73682cc7b0cb,coughvid_data/6214b800-1691-4225-9a76-73682cc7b0cb.wav,coughvid_data/6214b800-1691-4225-9a76-73682cc7b0cb.wav,0.0
aa88e490-f28d-414b-9e1a-912f3f3ed6b3,coughvid_data/aa88e490-f28d-414b-9e1a-912f3f3ed6b3.wav,coughvid_data/aa88e490-f28d-414b-9e1a-912f3f3ed6b3.wav,0.0
225d8b58-3b83-4aa3-9ade-448880f60c2e,coughvid_data/225d8b58-3b83-4aa3-9ade-448880f60c2e.wav,coughvid_data/225d8b58-3b83-4aa3-9ade-448880f60c2e.wav,1.0
ec177a85-b6af-4765-983c-2b59653cbb5d,coughvid_data/ec177a85-b6af-4765-983c-2b59653cbb5d.wav,coughvid_data/ec177a85-b6af-4765-983c-2b59653cbb5d.wav,1.0
fa85968c-216e-4934-88b9-79ed3f2097c6,coughvid_data/fa85968c-216e-4934-88b9-79ed3f2097c6.wav,coughvid_data/fa85968c-216e-4934-88b9-79ed3f2097c6.wav,0.0
81e5ae5a-d738-4824-8b95-99738eb17a96,coughvid_data/81e5ae5a-d738-4824-8b95-99738eb17a96.wav,coughvid_data/81e5ae5a-d738-4824-8b95-99738eb17a96.wav,0.0
7171ca9b-0911-450f-ab60-28292a0d6ecc,coughvid_data/7171ca9b-0911-450f-ab60-28292a0d6ecc.wav,coughvid_data/7171ca9b-0911-450f-ab60-28292a0d6ecc.wav,0.0
630061cf-2920-4f16-b49b-de9dd4a9fe65,coughvid_data/630061cf-2920-4f16-b49b-de9dd4a9fe65.wav,coughvid_data/630061cf-2920-4f16-b49b-de9dd4a9fe65.wav,0.0
b46fd31f-a1ef-4c27-b30d-d9d2527e773a,coughvid_data/b46fd31f-a1ef-4c27-b30d-d9d2527e773a.wav,coughvid_data/b46fd31f-a1ef-4c27-b30d-d9d2527e773a.wav,1.0
bb97a268-96dd-47ed-9d01-8d84aaf29589,coughvid_data/bb97a268-96dd-47ed-9d01-8d84aaf29589.wav,coughvid_data/bb97a268-96dd-47ed-9d01-8d84aaf29589.wav,1.0
4f68715d-b30d-4a76-976b-e62ac10f866d,coughvid_data/4f68715d-b30d-4a76-976b-e62ac10f866d.wav,coughvid_data/4f68715d-b30d-4a76-976b-e62ac10f866d.wav,1.0
17a1148f-eae1-4661-8dab-2c4e2e875477,coughvid_data/17a1148f-eae1-4661-8dab-2c4e2e875477.wav,coughvid_data/17a1148f-eae1-4661-8dab-2c4e2e875477.wav,1.0
10f3e05b-dd2a-4eba-bd09-c24cf6ad2cf7,coughvid_data/10f3e05b-dd2a-4eba-bd09-c24cf6ad2cf7.wav,coughvid_data/10f3e05b-dd2a-4eba-bd09-c24cf6ad2cf7.wav,1.0
c4be5e0b-cb90-4e55-9ef5-4e2814669f27,coughvid_data/c4be5e0b-cb90-4e55-9ef5-4e2814669f27.wav,coughvid_data/c4be5e0b-cb90-4e55-9ef5-4e2814669f27.wav,0.0
2d9cb119-d985-4dc8-8b8e-8f0ac488f2ad,coughvid_data/2d9cb119-d985-4dc8-8b8e-8f0ac488f2ad.wav,coughvid_data/2d9cb119-d985-4dc8-8b8e-8f0ac488f2ad.wav,1.0
f5203dea-4f5b-45b0-9148-87dde048af30,coughvid_data/f5203dea-4f5b-45b0-9148-87dde048af30.wav,coughvid_data/f5203dea-4f5b-45b0-9148-87dde048af30.wav,1.0
517b55a7-066b-4a74-bbb3-f1b3236c76a8,coughvid_data/517b55a7-066b-4a74-bbb3-f1b3236c76a8.wav,coughvid_data/517b55a7-066b-4a74-bbb3-f1b3236c76a8.wav,0.0
2830e2c6-92b6-4e2c-acb0-763e0ff6d0a7,coughvid_data/2830e2c6-92b6-4e2c-acb0-763e0ff6d0a7.wav,coughvid_data/2830e2c6-92b6-4e2c-acb0-763e0ff6d0a7.wav,1.0
f15dfc99-d86a-4be5-8172-efb785a848ba,coughvid_data/f15dfc99-d86a-4be5-8172-efb785a848ba.wav,coughvid_data/f15dfc99-d86a-4be5-8172-efb785a848ba.wav,0.0
e11df9a1-15b4-44eb-b188-59552bc542a7,coughvid_data/e11df9a1-15b4-44eb-b188-59552bc542a7.wav,coughvid_data/e11df9a1-15b4-44eb-b188-59552bc542a7.wav,1.0
c5b97cae-684d-4b36-973c-ea1b47009b5e,coughvid_data/c5b97cae-684d-4b36-973c-ea1b47009b5e.wav,coughvid_data/c5b97cae-684d-4b36-973c-ea1b47009b5e.wav,1.0
be56520f-e2d6-47fd-91b9-6d927c22b948,coughvid_data/be56520f-e2d6-47fd-91b9-6d927c22b948.wav,coughvid_data/be56520f-e2d6-47fd-91b9-6d927c22b948.wav,0.0
8a3dc322-10de-4cc1-a80e-7ee7a1c099a4,coughvid_data/8a3dc322-10de-4cc1-a80e-7ee7a1c099a4.wav,coughvid_data/8a3dc322-10de-4cc1-a80e-7ee7a1c099a4.wav,0.0
eccf7434-1767-4fbf-aca6-ace64747e504,coughvid_data/eccf7434-1767-4fbf-aca6-ace64747e504.wav,coughvid_data/eccf7434-1767-4fbf-aca6-ace64747e504.wav,1.0
086adc23-4f95-4a60-ab36-8798519648bd,coughvid_data/086adc23-4f95-4a60-ab36-8798519648bd.wav,coughvid_data/086adc23-4f95-4a60-ab36-8798519648bd.wav,0.0
255fb0ab-7528-4426-b31a-9f31d59cbfa6,coughvid_data/255fb0ab-7528-4426-b31a-9f31d59cbfa6.wav,coughvid_data/255fb0ab-7528-4426-b31a-9f31d59cbfa6.wav,1.0
38cd2f39-edad-4c95-a338-c127c6ae3517,coughvid_data/38cd2f39-edad-4c95-a338-c127c6ae3517.wav,coughvid_data/38cd2f39-edad-4c95-a338-c127c6ae3517.wav,1.0
02def005-fb2b-46aa-97ce-66262fb6f93d,coughvid_data/02def005-fb2b-46aa-97ce-66262fb6f93d.wav,coughvid_data/02def005-fb2b-46aa-97ce-66262fb6f93d.wav,1.0
4431e86f-55a0-459e-973d-91b693153599,coughvid_data/4431e86f-55a0-459e-973d-91b693153599.wav,coughvid_data/4431e86f-55a0-459e-973d-91b693153599.wav,1.0
41839287-d3e8-4143-94cc-c3857dbf4636,coughvid_data/41839287-d3e8-4143-94cc-c3857dbf4636.wav,coughvid_data/41839287-d3e8-4143-94cc-c3857dbf4636.wav,0.0
2f651988-a4c4-4042-a123-f0cc68a961a5,coughvid_data/2f651988-a4c4-4042-a123-f0cc68a961a5.wav,coughvid_data/2f651988-a4c4-4042-a123-f0cc68a961a5.wav,1.0
d4428159-5574-4316-8f0c-321ba7d4ae3b,coughvid_data/d4428159-5574-4316-8f0c-321ba7d4ae3b.wav,coughvid_data/d4428159-5574-4316-8f0c-321ba7d4ae3b.wav,0.0
25ae5455-ebb4-4681-b849-0a34bda1fe56,coughvid_data/25ae5455-ebb4-4681-b849-0a34bda1fe56.wav,coughvid_data/25ae5455-ebb4-4681-b849-0a34bda1fe56.wav,0.0
6140405e-662b-4dd0-ba5a-e69c5c165ce0,coughvid_data/6140405e-662b-4dd0-ba5a-e69c5c165ce0.wav,coughvid_data/6140405e-662b-4dd0-ba5a-e69c5c165ce0.wav,1.0
9f25c8a5-5825-413a-9c06-9ab91e926d59,coughvid_data/9f25c8a5-5825-413a-9c06-9ab91e926d59.wav,coughvid_data/9f25c8a5-5825-413a-9c06-9ab91e926d59.wav,1.0
dc390a48-1c6d-45ef-9c7f-712d7cc44168,coughvid_data/dc390a48-1c6d-45ef-9c7f-712d7cc44168.wav,coughvid_data/dc390a48-1c6d-45ef-9c7f-712d7cc44168.wav,0.0
6879d838-a440-458d-a3aa-7d88ea22662f,coughvid_data/6879d838-a440-458d-a3aa-7d88ea22662f.wav,coughvid_data/6879d838-a440-458d-a3aa-7d88ea22662f.wav,1.0
a339968d-8141-4793-b4b3-77ebd1226a94,coughvid_data/a339968d-8141-4793-b4b3-77ebd1226a94.wav,coughvid_data/a339968d-8141-4793-b4b3-77ebd1226a94.wav,1.0
6eb520a8-f523-4219-b260-e1d1ebf280ba,coughvid_data/6eb520a8-f523-4219-b260-e1d1ebf280ba.wav,coughvid_data/6eb520a8-f523-4219-b260-e1d1ebf280ba.wav,1.0
05d0e04a-2805-4a00-8bf1-9a7f5445bf6b,coughvid_data/05d0e04a-2805-4a00-8bf1-9a7f5445bf6b.wav,coughvid_data/05d0e04a-2805-4a00-8bf1-9a7f5445bf6b.wav,0.0
13595893-0160-4113-b201-a5c2b8cb78d1,coughvid_data/13595893-0160-4113-b201-a5c2b8cb78d1.wav,coughvid_data/13595893-0160-4113-b201-a5c2b8cb78d1.wav,0.0
09f4330d-7f08-4332-b79a-46147ed270a3,coughvid_data/09f4330d-7f08-4332-b79a-46147ed270a3.wav,coughvid_data/09f4330d-7f08-4332-b79a-46147ed270a3.wav,0.0
5bced045-dbd0-4e38-8e1e-a7da911afa8a,coughvid_data/5bced045-dbd0-4e38-8e1e-a7da911afa8a.wav,coughvid_data/5bced045-dbd0-4e38-8e1e-a7da911afa8a.wav,1.0
d640d04f-8462-4617-adcd-6a8954bc25e9,coughvid_data/d640d04f-8462-4617-adcd-6a8954bc25e9.wav,coughvid_data/d640d04f-8462-4617-adcd-6a8954bc25e9.wav,0.0
2bca8b81-7098-443a-b530-8302de8ecc9b,coughvid_data/2bca8b81-7098-443a-b530-8302de8ecc9b.wav,coughvid_data/2bca8b81-7098-443a-b530-8302de8ecc9b.wav,1.0
99af4b9e-0ce7-4875-8acf-d45bed5055d2,coughvid_data/99af4b9e-0ce7-4875-8acf-d45bed5055d2.wav,coughvid_data/99af4b9e-0ce7-4875-8acf-d45bed5055d2.wav,0.0
ae3ae872-e2f7-43a7-8879-51c7c63f085e,coughvid_data/ae3ae872-e2f7-43a7-8879-51c7c63f085e.wav,coughvid_data/ae3ae872-e2f7-43a7-8879-51c7c63f085e.wav,0.0
745c78a8-b676-4612-b8a3-30d760c5e918,coughvid_data/745c78a8-b676-4612-b8a3-30d760c5e918.wav,coughvid_data/745c78a8-b676-4612-b8a3-30d760c5e918.wav,1.0
f8c16c11-6cfb-44f9-9b7f-6054aff631ec,coughvid_data/f8c16c11-6cfb-44f9-9b7f-6054aff631ec.wav,coughvid_data/f8c16c11-6cfb-44f9-9b7f-6054aff631ec.wav,0.0
89027d5a-6eca-43ee-b7bd-99819efcf11d,coughvid_data/89027d5a-6eca-43ee-b7bd-99819efcf11d.wav,coughvid_data/89027d5a-6eca-43ee-b7bd-99819efcf11d.wav,1.0
8adb7093-83fb-4f07-b0a1-86b1e3f02495,coughvid_data/8adb7093-83fb-4f07-b0a1-86b1e3f02495.wav,coughvid_data/8adb7093-83fb-4f07-b0a1-86b1e3f02495.wav,0.0
18ea22b9-8c25-464e-abce-33e0a25f8769,coughvid_data/18ea22b9-8c25-464e-abce-33e0a25f8769.wav,coughvid_data/18ea22b9-8c25-464e-abce-33e0a25f8769.wav,1.0
4bbe486a-1b6a-44e0-8dd7-8fb2c1bb75a3,coughvid_data/4bbe486a-1b6a-44e0-8dd7-8fb2c1bb75a3.wav,coughvid_data/4bbe486a-1b6a-44e0-8dd7-8fb2c1bb75a3.wav,1.0
958172e2-761f-48f7-8c26-5eed82cd6531,coughvid_data/958172e2-761f-48f7-8c26-5eed82cd6531.wav,coughvid_data/958172e2-761f-48f7-8c26-5eed82cd6531.wav,1.0
e5c6c61b-5c94-474e-8eb2-64a4d609331f,coughvid_data/e5c6c61b-5c94-474e-8eb2-64a4d609331f.wav,coughvid_data/e5c6c61b-5c94-474e-8eb2-64a4d609331f.wav,0.0
a99b8494-20ed-4643-9f68-ca34bbd81fc2,coughvid_data/a99b8494-20ed-4643-9f68-ca34bbd81fc2.wav,coughvid_data/a99b8494-20ed-4643-9f68-ca34bbd81fc2.wav,1.0
0be9250e-2669-449b-af12-4096f02e009b,coughvid_data/0be9250e-2669-449b-af12-4096f02e009b.wav,coughvid_data/0be9250e-2669-449b-af12-4096f02e009b.wav,0.0
76d97da6-7af0-452b-ad62-88d75f531607,coughvid_data/76d97da6-7af0-452b-ad62-88d75f531607.wav,coughvid_data/76d97da6-7af0-452b-ad62-88d75f531607.wav,1.0
7108f07a-9f5c-4f3f-a350-2a30a2bb11c4,coughvid_data/7108f07a-9f5c-4f3f-a350-2a30a2bb11c4.wav,coughvid_data/7108f07a-9f5c-4f3f-a350-2a30a2bb11c4.wav,0.0
5590325c-4d14-43b0-a13f-409c056f19a7,coughvid_data/5590325c-4d14-43b0-a13f-409c056f19a7.wav,coughvid_data/5590325c-4d14-43b0-a13f-409c056f19a7.wav,0.0
f026e602-e0e9-4b3a-956a-c8cbdc01edff,coughvid_data/f026e602-e0e9-4b3a-956a-c8cbdc01edff.wav,coughvid_data/f026e602-e0e9-4b3a-956a-c8cbdc01edff.wav,0.0
6e68bf8b-fb42-42dd-b20f-73213f125ed9,coughvid_data/6e68bf8b-fb42-42dd-b20f-73213f125ed9.wav,coughvid_data/6e68bf8b-fb42-42dd-b20f-73213f125ed9.wav,1.0
fef6f933-7c8f-489c-ae91-416633a31d3a,coughvid_data/fef6f933-7c8f-489c-ae91-416633a31d3a.wav,coughvid_data/fef6f933-7c8f-489c-ae91-416633a31d3a.wav,0.0
7102eabb-8df0-4fcb-8e5d-a7b273e85e14,coughvid_data/7102eabb-8df0-4fcb-8e5d-a7b273e85e14.wav,coughvid_data/7102eabb-8df0-4fcb-8e5d-a7b273e85e14.wav,0.0
570c63e1-2c89-479e-aa3e-16ca742f8e2b,coughvid_data/570c63e1-2c89-479e-aa3e-16ca742f8e2b.wav,coughvid_data/570c63e1-2c89-479e-aa3e-16ca742f8e2b.wav,0.0
7b63dfe9-94b0-4ad5-b8ed-c2e575efec38,coughvid_data/7b63dfe9-94b0-4ad5-b8ed-c2e575efec38.wav,coughvid_data/7b63dfe9-94b0-4ad5-b8ed-c2e575efec38.wav,0.0
4c30566e-21e3-4576-9ea8-ad64ec463f29,coughvid_data/4c30566e-21e3-4576-9ea8-ad64ec463f29.wav,coughvid_data/4c30566e-21e3-4576-9ea8-ad64ec463f29.wav,1.0
145f578d-d248-4e38-a361-a1d0ae883a83,coughvid_data/145f578d-d248-4e38-a361-a1d0ae883a83.wav,coughvid_data/145f578d-d248-4e38-a361-a1d0ae883a83.wav,0.0
42bbc0ee-a96c-4b6d-9cd3-fc5caa264316,coughvid_data/42bbc0ee-a96c-4b6d-9cd3-fc5caa264316.wav,coughvid_data/42bbc0ee-a96c-4b6d-9cd3-fc5caa264316.wav,0.0
517f27e5-788d-4252-aa5e-ba53610b21bd,coughvid_data/517f27e5-788d-4252-aa5e-ba53610b21bd.wav,coughvid_data/517f27e5-788d-4252-aa5e-ba53610b21bd.wav,0.0
5b5e2616-1445-4c2c-a1b3-db946cbd145a,coughvid_data/5b5e2616-1445-4c2c-a1b3-db946cbd145a.wav,coughvid_data/5b5e2616-1445-4c2c-a1b3-db946cbd145a.wav,0.0
8bf4b892-f1fa-45ff-b870-6c1c1d3d3f6b,coughvid_data/8bf4b892-f1fa-45ff-b870-6c1c1d3d3f6b.wav,coughvid_data/8bf4b892-f1fa-45ff-b870-6c1c1d3d3f6b.wav,0.0
9474aa27-73b8-41ef-b6c8-e5411b7d77ca,coughvid_data/9474aa27-73b8-41ef-b6c8-e5411b7d77ca.wav,coughvid_data/9474aa27-73b8-41ef-b6c8-e5411b7d77ca.wav,1.0
6f613455-f6df-4491-9c85-a1cf8b482247,coughvid_data/6f613455-f6df-4491-9c85-a1cf8b482247.wav,coughvid_data/6f613455-f6df-4491-9c85-a1cf8b482247.wav,1.0
e4ca7ccd-a95d-4dd4-9acc-ac4234741346,coughvid_data/e4ca7ccd-a95d-4dd4-9acc-ac4234741346.wav,coughvid_data/e4ca7ccd-a95d-4dd4-9acc-ac4234741346.wav,1.0
b5eda8cc-983a-4765-b01e-65735ee7257a,coughvid_data/b5eda8cc-983a-4765-b01e-65735ee7257a.wav,coughvid_data/b5eda8cc-983a-4765-b01e-65735ee7257a.wav,0.0
0b2565db-2c95-4287-aae2-608e04694533,coughvid_data/0b2565db-2c95-4287-aae2-608e04694533.wav,coughvid_data/0b2565db-2c95-4287-aae2-608e04694533.wav,1.0
606bc6db-a8be-402e-bd4a-5b6b9b747ab5,coughvid_data/606bc6db-a8be-402e-bd4a-5b6b9b747ab5.wav,coughvid_data/606bc6db-a8be-402e-bd4a-5b6b9b747ab5.wav,0.0
f234a4d4-51af-418a-806a-bdfa3d92cd52,coughvid_data/f234a4d4-51af-418a-806a-bdfa3d92cd52.wav,coughvid_data/f234a4d4-51af-418a-806a-bdfa3d92cd52.wav,0.0
bbd82ced-37ff-45f2-9263-dcc444668525,coughvid_data/bbd82ced-37ff-45f2-9263-dcc444668525.wav,coughvid_data/bbd82ced-37ff-45f2-9263-dcc444668525.wav,0.0
1bd340eb-ba04-45f0-998d-21835eac0af6,coughvid_data/1bd340eb-ba04-45f0-998d-21835eac0af6.wav,coughvid_data/1bd340eb-ba04-45f0-998d-21835eac0af6.wav,0.0
e9b6c992-e63c-446d-8c92-e7e62209b6a1,coughvid_data/e9b6c992-e63c-446d-8c92-e7e62209b6a1.wav,coughvid_data/e9b6c992-e63c-446d-8c92-e7e62209b6a1.wav,1.0
787b56ca-f66a-4050-8823-91a009934830,coughvid_data/787b56ca-f66a-4050-8823-91a009934830.wav,coughvid_data/787b56ca-f66a-4050-8823-91a009934830.wav,1.0
7023acad-4e24-444b-b0a6-a3aa54bd321b,coughvid_data/7023acad-4e24-444b-b0a6-a3aa54bd321b.wav,coughvid_data/7023acad-4e24-444b-b0a6-a3aa54bd321b.wav,1.0
6ec47745-dc4f-4c8b-8c7e-771e5cd47c33,coughvid_data/6ec47745-dc4f-4c8b-8c7e-771e5cd47c33.wav,coughvid_data/6ec47745-dc4f-4c8b-8c7e-771e5cd47c33.wav,1.0
1431a60c-11ac-43ba-be65-e8c4642dc038,coughvid_data/1431a60c-11ac-43ba-be65-e8c4642dc038.wav,coughvid_data/1431a60c-11ac-43ba-be65-e8c4642dc038.wav,1.0
63fca0f2-299f-4a48-8590-91897f38e58c,coughvid_data/63fca0f2-299f-4a48-8590-91897f38e58c.wav,coughvid_data/63fca0f2-299f-4a48-8590-91897f38e58c.wav,1.0
b57f7462-629a-44f6-860d-b90399e45e10,coughvid_data/b57f7462-629a-44f6-860d-b90399e45e10.wav,coughvid_data/b57f7462-629a-44f6-860d-b90399e45e10.wav,1.0
9a10bd3c-493c-4d7d-87ae-eed9419853f8,coughvid_data/9a10bd3c-493c-4d7d-87ae-eed9419853f8.wav,coughvid_data/9a10bd3c-493c-4d7d-87ae-eed9419853f8.wav,0.0
41bbb876-f411-496a-a632-4f4d0e73eccf,coughvid_data/41bbb876-f411-496a-a632-4f4d0e73eccf.wav,coughvid_data/41bbb876-f411-496a-a632-4f4d0e73eccf.wav,0.0
937c5f4d-2d0e-41c5-af52-9dfbdb4014f2,coughvid_data/937c5f4d-2d0e-41c5-af52-9dfbdb4014f2.wav,coughvid_data/937c5f4d-2d0e-41c5-af52-9dfbdb4014f2.wav,1.0
6724c580-39cb-4e7c-8d32-3100626e32f2,coughvid_data/6724c580-39cb-4e7c-8d32-3100626e32f2.wav,coughvid_data/6724c580-39cb-4e7c-8d32-3100626e32f2.wav,1.0
6af735f4-d0d1-4330-a438-687672b3d0bf,coughvid_data/6af735f4-d0d1-4330-a438-687672b3d0bf.wav,coughvid_data/6af735f4-d0d1-4330-a438-687672b3d0bf.wav,0.0
7633c8ab-7962-49b8-b68e-9cc843ce2d9f,coughvid_data/7633c8ab-7962-49b8-b68e-9cc843ce2d9f.wav,coughvid_data/7633c8ab-7962-49b8-b68e-9cc843ce2d9f.wav,1.0
1788789b-fc50-4256-b704-4e9eff6217a1,coughvid_data/1788789b-fc50-4256-b704-4e9eff6217a1.wav,coughvid_data/1788789b-fc50-4256-b704-4e9eff6217a1.wav,0.0
2583d913-5164-4746-80ec-e60a33dc0319,coughvid_data/2583d913-5164-4746-80ec-e60a33dc0319.wav,coughvid_data/2583d913-5164-4746-80ec-e60a33dc0319.wav,1.0
83a2a38c-79dd-400f-9187-81c9e8b0861f,coughvid_data/83a2a38c-79dd-400f-9187-81c9e8b0861f.wav,coughvid_data/83a2a38c-79dd-400f-9187-81c9e8b0861f.wav,1.0
2eeb1b14-b8bd-432c-a779-718a7daf242c,coughvid_data/2eeb1b14-b8bd-432c-a779-718a7daf242c.wav,coughvid_data/2eeb1b14-b8bd-432c-a779-718a7daf242c.wav,1.0
be7b11ac-61ab-497d-984f-b3b6437871c2,coughvid_data/be7b11ac-61ab-497d-984f-b3b6437871c2.wav,coughvid_data/be7b11ac-61ab-497d-984f-b3b6437871c2.wav,0.0
b5ab5332-6dce-40a0-97e8-e9994e37cd21,coughvid_data/b5ab5332-6dce-40a0-97e8-e9994e37cd21.wav,coughvid_data/b5ab5332-6dce-40a0-97e8-e9994e37cd21.wav,0.0
0b7ccbbc-8a83-4ead-9f68-d6811c4c415a,coughvid_data/0b7ccbbc-8a83-4ead-9f68-d6811c4c415a.wav,coughvid_data/0b7ccbbc-8a83-4ead-9f68-d6811c4c415a.wav,0.0
a08b083b-286f-47f1-92c1-1c7debcf9aa5,coughvid_data/a08b083b-286f-47f1-92c1-1c7debcf9aa5.wav,coughvid_data/a08b083b-286f-47f1-92c1-1c7debcf9aa5.wav,1.0
a4057f88-3926-44fa-af5e-a50303591f46,coughvid_data/a4057f88-3926-44fa-af5e-a50303591f46.wav,coughvid_data/a4057f88-3926-44fa-af5e-a50303591f46.wav,0.0
231db75e-bd29-4d35-b70c-7d256eb6ca38,coughvid_data/231db75e-bd29-4d35-b70c-7d256eb6ca38.wav,coughvid_data/231db75e-bd29-4d35-b70c-7d256eb6ca38.wav,0.0
76140f83-58bc-4b6f-927d-a0009cda9580,coughvid_data/76140f83-58bc-4b6f-927d-a0009cda9580.wav,coughvid_data/76140f83-58bc-4b6f-927d-a0009cda9580.wav,1.0
5648bc0c-24f9-430c-bdbe-8f81522b8fc3,coughvid_data/5648bc0c-24f9-430c-bdbe-8f81522b8fc3.wav,coughvid_data/5648bc0c-24f9-430c-bdbe-8f81522b8fc3.wav,1.0
30ab4e47-0eee-4483-bb73-4f51385d4ec5,coughvid_data/30ab4e47-0eee-4483-bb73-4f51385d4ec5.wav,coughvid_data/30ab4e47-0eee-4483-bb73-4f51385d4ec5.wav,0.0
4918151c-5e6b-42b7-a387-98472a3952ed,coughvid_data/4918151c-5e6b-42b7-a387-98472a3952ed.wav,coughvid_data/4918151c-5e6b-42b7-a387-98472a3952ed.wav,1.0
2712e10a-f67f-45ee-b37e-e6071b556aa5,coughvid_data/2712e10a-f67f-45ee-b37e-e6071b556aa5.wav,coughvid_data/2712e10a-f67f-45ee-b37e-e6071b556aa5.wav,0.0
fd7f08b7-efdb-4ed0-952a-3d09929989e9,coughvid_data/fd7f08b7-efdb-4ed0-952a-3d09929989e9.wav,coughvid_data/fd7f08b7-efdb-4ed0-952a-3d09929989e9.wav,1.0
36d59c01-42b6-436c-b0d3-1c78bede1f43,coughvid_data/36d59c01-42b6-436c-b0d3-1c78bede1f43.wav,coughvid_data/36d59c01-42b6-436c-b0d3-1c78bede1f43.wav,0.0
87c42b62-896e-437a-8bf3-63130725a48b,coughvid_data/87c42b62-896e-437a-8bf3-63130725a48b.wav,coughvid_data/87c42b62-896e-437a-8bf3-63130725a48b.wav,0.0
27f12b12-79fc-43d9-a474-b63e19cdb24c,coughvid_data/27f12b12-79fc-43d9-a474-b63e19cdb24c.wav,coughvid_data/27f12b12-79fc-43d9-a474-b63e19cdb24c.wav,0.0
126c431c-c8e6-4ce5-a4fc-bbb5829c078b,coughvid_data/126c431c-c8e6-4ce5-a4fc-bbb5829c078b.wav,coughvid_data/126c431c-c8e6-4ce5-a4fc-bbb5829c078b.wav,1.0
1645a40a-e406-4eb3-9106-40d2b1061528,coughvid_data/1645a40a-e406-4eb3-9106-40d2b1061528.wav,coughvid_data/1645a40a-e406-4eb3-9106-40d2b1061528.wav,0.0
23dab451-5983-46e6-9ab8-3894010c1268,coughvid_data/23dab451-5983-46e6-9ab8-3894010c1268.wav,coughvid_data/23dab451-5983-46e6-9ab8-3894010c1268.wav,0.0
dbea6862-f4e1-4e68-9c15-129b62255f10,coughvid_data/dbea6862-f4e1-4e68-9c15-129b62255f10.wav,coughvid_data/dbea6862-f4e1-4e68-9c15-129b62255f10.wav,0.0
d272fb45-5dcd-45c9-8d6a-61ef128faa4c,coughvid_data/d272fb45-5dcd-45c9-8d6a-61ef128faa4c.wav,coughvid_data/d272fb45-5dcd-45c9-8d6a-61ef128faa4c.wav,0.0
2d4c8d81-11a3-4ce1-9dc6-4fb476836bd8,coughvid_data/2d4c8d81-11a3-4ce1-9dc6-4fb476836bd8.wav,coughvid_data/2d4c8d81-11a3-4ce1-9dc6-4fb476836bd8.wav,1.0
81f8a9c8-fc4b-479c-8f97-bdfb2bd4f8d0,coughvid_data/81f8a9c8-fc4b-479c-8f97-bdfb2bd4f8d0.wav,coughvid_data/81f8a9c8-fc4b-479c-8f97-bdfb2bd4f8d0.wav,1.0
5901ccd0-350d-47cf-8a7b-a63467896ccc,coughvid_data/5901ccd0-350d-47cf-8a7b-a63467896ccc.wav,coughvid_data/5901ccd0-350d-47cf-8a7b-a63467896ccc.wav,0.0
8463524f-35a5-4f01-b50e-5ff53b8d518a,coughvid_data/8463524f-35a5-4f01-b50e-5ff53b8d518a.wav,coughvid_data/8463524f-35a5-4f01-b50e-5ff53b8d518a.wav,0.0
f5c273e0-08c9-40bc-9a45-463f492f8a60,coughvid_data/f5c273e0-08c9-40bc-9a45-463f492f8a60.wav,coughvid_data/f5c273e0-08c9-40bc-9a45-463f492f8a60.wav,1.0
f9144621-a450-411a-b4f6-9a29e617358f,coughvid_data/f9144621-a450-411a-b4f6-9a29e617358f.wav,coughvid_data/f9144621-a450-411a-b4f6-9a29e617358f.wav,1.0
72dd3a5a-622a-4f94-aa17-b8142e82a944,coughvid_data/72dd3a5a-622a-4f94-aa17-b8142e82a944.wav,coughvid_data/72dd3a5a-622a-4f94-aa17-b8142e82a944.wav,1.0
a6a40b06-477c-4791-a890-290e30a24b9a,coughvid_data/a6a40b06-477c-4791-a890-290e30a24b9a.wav,coughvid_data/a6a40b06-477c-4791-a890-290e30a24b9a.wav,0.0
7e5e71f2-c060-4f4c-9d80-1524981eadc5,coughvid_data/7e5e71f2-c060-4f4c-9d80-1524981eadc5.wav,coughvid_data/7e5e71f2-c060-4f4c-9d80-1524981eadc5.wav,1.0
164ff16d-2af8-4724-9a57-3b3bd7e17839,coughvid_data/164ff16d-2af8-4724-9a57-3b3bd7e17839.wav,coughvid_data/164ff16d-2af8-4724-9a57-3b3bd7e17839.wav,1.0
015ec831-e765-44ee-aefc-10dfd95dec78,coughvid_data/015ec831-e765-44ee-aefc-10dfd95dec78.wav,coughvid_data/015ec831-e765-44ee-aefc-10dfd95dec78.wav,0.0
2946cf13-1747-4589-9a28-8cb74e455365,coughvid_data/2946cf13-1747-4589-9a28-8cb74e455365.wav,coughvid_data/2946cf13-1747-4589-9a28-8cb74e455365.wav,1.0
9eeb9ec4-3c5a-441b-8d48-86ded77d06bf,coughvid_data/9eeb9ec4-3c5a-441b-8d48-86ded77d06bf.wav,coughvid_data/9eeb9ec4-3c5a-441b-8d48-86ded77d06bf.wav,0.0
99c05f04-ee19-4aeb-ad30-73839a78a350,coughvid_data/99c05f04-ee19-4aeb-ad30-73839a78a350.wav,coughvid_data/99c05f04-ee19-4aeb-ad30-73839a78a350.wav,0.0
59f23177-e0d8-4aea-8b49-866e26d3e4ed,coughvid_data/59f23177-e0d8-4aea-8b49-866e26d3e4ed.wav,coughvid_data/59f23177-e0d8-4aea-8b49-866e26d3e4ed.wav,1.0
f672b496-d9f8-4cca-b47d-77ad43a0834b,coughvid_data/f672b496-d9f8-4cca-b47d-77ad43a0834b.wav,coughvid_data/f672b496-d9f8-4cca-b47d-77ad43a0834b.wav,0.0
3c55e193-dc1a-46f0-95a7-f92e6f2982c7,coughvid_data/3c55e193-dc1a-46f0-95a7-f92e6f2982c7.wav,coughvid_data/3c55e193-dc1a-46f0-95a7-f92e6f2982c7.wav,0.0
2dfaf4e1-0e20-4cdd-8df1-8bf01919a6bb,coughvid_data/2dfaf4e1-0e20-4cdd-8df1-8bf01919a6bb.wav,coughvid_data/2dfaf4e1-0e20-4cdd-8df1-8bf01919a6bb.wav,0.0
d8263050-b277-45bf-bf49-b6477c326db0,coughvid_data/d8263050-b277-45bf-bf49-b6477c326db0.wav,coughvid_data/d8263050-b277-45bf-bf49-b6477c326db0.wav,0.0
258573a6-2902-40e5-9183-ff3ec073364f,coughvid_data/258573a6-2902-40e5-9183-ff3ec073364f.wav,coughvid_data/258573a6-2902-40e5-9183-ff3ec073364f.wav,0.0
28524d78-a771-4ec1-9eb0-77890b9ac26b,coughvid_data/28524d78-a771-4ec1-9eb0-77890b9ac26b.wav,coughvid_data/28524d78-a771-4ec1-9eb0-77890b9ac26b.wav,1.0
543ec55a-e8c5-42eb-bf1b-d216f01b5aa1,coughvid_data/543ec55a-e8c5-42eb-bf1b-d216f01b5aa1.wav,coughvid_data/543ec55a-e8c5-42eb-bf1b-d216f01b5aa1.wav,1.0
352eb156-d42c-4a13-8feb-477db910a941,coughvid_data/352eb156-d42c-4a13-8feb-477db910a941.wav,coughvid_data/352eb156-d42c-4a13-8feb-477db910a941.wav,1.0
09dbea1c-385e-4d32-93eb-3e059430eccf,coughvid_data/09dbea1c-385e-4d32-93eb-3e059430eccf.wav,coughvid_data/09dbea1c-385e-4d32-93eb-3e059430eccf.wav,0.0
a684a1c0-e2de-4ae2-b1a1-cca613005bd5,coughvid_data/a684a1c0-e2de-4ae2-b1a1-cca613005bd5.wav,coughvid_data/a684a1c0-e2de-4ae2-b1a1-cca613005bd5.wav,1.0
82efd73f-05ed-4572-a562-e416b03a81e1,coughvid_data/82efd73f-05ed-4572-a562-e416b03a81e1.wav,coughvid_data/82efd73f-05ed-4572-a562-e416b03a81e1.wav,1.0
84ea24d0-408e-43c9-aba6-e669901b8208,coughvid_data/84ea24d0-408e-43c9-aba6-e669901b8208.wav,coughvid_data/84ea24d0-408e-43c9-aba6-e669901b8208.wav,1.0
567912a9-79f2-466a-9f02-0795971f2ee6,coughvid_data/567912a9-79f2-466a-9f02-0795971f2ee6.wav,coughvid_data/567912a9-79f2-466a-9f02-0795971f2ee6.wav,0.0
c1fc67e3-d5bc-4b96-93e3-6d9277afa0fe,coughvid_data/c1fc67e3-d5bc-4b96-93e3-6d9277afa0fe.wav,coughvid_data/c1fc67e3-d5bc-4b96-93e3-6d9277afa0fe.wav,0.0
4899bb83-b152-4ca3-9f3c-44321c2ba8bc,coughvid_data/4899bb83-b152-4ca3-9f3c-44321c2ba8bc.wav,coughvid_data/4899bb83-b152-4ca3-9f3c-44321c2ba8bc.wav,1.0
35cc329c-22e9-4505-bf91-8d6ef3262db4,coughvid_data/35cc329c-22e9-4505-bf91-8d6ef3262db4.wav,coughvid_data/35cc329c-22e9-4505-bf91-8d6ef3262db4.wav,1.0
ae8a4057-8dd1-492e-aeeb-25612e038367,coughvid_data/ae8a4057-8dd1-492e-aeeb-25612e038367.wav,coughvid_data/ae8a4057-8dd1-492e-aeeb-25612e038367.wav,1.0
a6eb6ef2-ef29-40d8-88b0-9ce2310840f3,coughvid_data/a6eb6ef2-ef29-40d8-88b0-9ce2310840f3.wav,coughvid_data/a6eb6ef2-ef29-40d8-88b0-9ce2310840f3.wav,1.0
5cf1b502-8bdd-45d4-b23d-5148cf15e7a4,coughvid_data/5cf1b502-8bdd-45d4-b23d-5148cf15e7a4.wav,coughvid_data/5cf1b502-8bdd-45d4-b23d-5148cf15e7a4.wav,1.0
029a668c-e4f8-43a9-9166-8259a9894d8f,coughvid_data/029a668c-e4f8-43a9-9166-8259a9894d8f.wav,coughvid_data/029a668c-e4f8-43a9-9166-8259a9894d8f.wav,1.0
efd3cf61-8ab9-4739-955f-7fac170c5173,coughvid_data/efd3cf61-8ab9-4739-955f-7fac170c5173.wav,coughvid_data/efd3cf61-8ab9-4739-955f-7fac170c5173.wav,0.0
2d7d363e-6575-443b-9f86-1e7ffdc17211,coughvid_data/2d7d363e-6575-443b-9f86-1e7ffdc17211.wav,coughvid_data/2d7d363e-6575-443b-9f86-1e7ffdc17211.wav,0.0
e1c0d268-0687-49d0-9dc6-1d2831602fd7,coughvid_data/e1c0d268-0687-49d0-9dc6-1d2831602fd7.wav,coughvid_data/e1c0d268-0687-49d0-9dc6-1d2831602fd7.wav,1.0
234f8882-920a-4b4a-807a-87d9f83f46df,coughvid_data/234f8882-920a-4b4a-807a-87d9f83f46df.wav,coughvid_data/234f8882-920a-4b4a-807a-87d9f83f46df.wav,1.0
c612385b-735d-4c8f-9035-e245f7236199,coughvid_data/c612385b-735d-4c8f-9035-e245f7236199.wav,coughvid_data/c612385b-735d-4c8f-9035-e245f7236199.wav,1.0
29e5f4fe-4bc7-4b58-91ab-d6e67cb47746,coughvid_data/29e5f4fe-4bc7-4b58-91ab-d6e67cb47746.wav,coughvid_data/29e5f4fe-4bc7-4b58-91ab-d6e67cb47746.wav,0.0
b7df03f7-113c-49f5-b763-f70e70a0a27d,coughvid_data/b7df03f7-113c-49f5-b763-f70e70a0a27d.wav,coughvid_data/b7df03f7-113c-49f5-b763-f70e70a0a27d.wav,1.0
9eb54fcb-581c-4755-9622-c35bad53ebf9,coughvid_data/9eb54fcb-581c-4755-9622-c35bad53ebf9.wav,coughvid_data/9eb54fcb-581c-4755-9622-c35bad53ebf9.wav,1.0
62472b9d-925a-4ac0-a4aa-af35b8d81b83,coughvid_data/62472b9d-925a-4ac0-a4aa-af35b8d81b83.wav,coughvid_data/62472b9d-925a-4ac0-a4aa-af35b8d81b83.wav,1.0
65e5a4b4-21a8-40f9-9757-fa40b6933966,coughvid_data/65e5a4b4-21a8-40f9-9757-fa40b6933966.wav,coughvid_data/65e5a4b4-21a8-40f9-9757-fa40b6933966.wav,0.0
fbe8dbbf-646d-4f48-802c-2ecd07e140da,coughvid_data/fbe8dbbf-646d-4f48-802c-2ecd07e140da.wav,coughvid_data/fbe8dbbf-646d-4f48-802c-2ecd07e140da.wav,1.0
31fb5907-cb91-4aba-ad10-b1ce94774250,coughvid_data/31fb5907-cb91-4aba-ad10-b1ce94774250.wav,coughvid_data/31fb5907-cb91-4aba-ad10-b1ce94774250.wav,1.0
150e74f7-4957-4edf-a64c-aca4200d5271,coughvid_data/150e74f7-4957-4edf-a64c-aca4200d5271.wav,coughvid_data/150e74f7-4957-4edf-a64c-aca4200d5271.wav,1.0
589c25e2-58b8-4cd2-a2aa-47819f71181e,coughvid_data/589c25e2-58b8-4cd2-a2aa-47819f71181e.wav,coughvid_data/589c25e2-58b8-4cd2-a2aa-47819f71181e.wav,1.0
9a565f77-8d5c-4558-8bc3-f305d9a09aeb,coughvid_data/9a565f77-8d5c-4558-8bc3-f305d9a09aeb.wav,coughvid_data/9a565f77-8d5c-4558-8bc3-f305d9a09aeb.wav,1.0
c398c9bc-7fb4-4e1a-abb0-28aa402f0667,coughvid_data/c398c9bc-7fb4-4e1a-abb0-28aa402f0667.wav,coughvid_data/c398c9bc-7fb4-4e1a-abb0-28aa402f0667.wav,1.0
1948ec03-fa5c-4301-a88b-29400c67903f,coughvid_data/1948ec03-fa5c-4301-a88b-29400c67903f.wav,coughvid_data/1948ec03-fa5c-4301-a88b-29400c67903f.wav,0.0
ab184c00-3d5b-4516-891d-b2cda339aa89,coughvid_data/ab184c00-3d5b-4516-891d-b2cda339aa89.wav,coughvid_data/ab184c00-3d5b-4516-891d-b2cda339aa89.wav,0.0
89ed0e60-71ed-43bc-9c6d-0a4e2121c2c1,coughvid_data/89ed0e60-71ed-43bc-9c6d-0a4e2121c2c1.wav,coughvid_data/89ed0e60-71ed-43bc-9c6d-0a4e2121c2c1.wav,0.0
23dac7d6-d5eb-4060-b159-b84cac00a48a,coughvid_data/23dac7d6-d5eb-4060-b159-b84cac00a48a.wav,coughvid_data/23dac7d6-d5eb-4060-b159-b84cac00a48a.wav,0.0
673eec57-6746-4a49-8af6-2c12050ac718,coughvid_data/673eec57-6746-4a49-8af6-2c12050ac718.wav,coughvid_data/673eec57-6746-4a49-8af6-2c12050ac718.wav,1.0
125cb22b-424f-44d0-97fa-6dd1a5246fcb,coughvid_data/125cb22b-424f-44d0-97fa-6dd1a5246fcb.wav,coughvid_data/125cb22b-424f-44d0-97fa-6dd1a5246fcb.wav,1.0
4d5ab823-b2b1-4d12-b747-9015309e2aac,coughvid_data/4d5ab823-b2b1-4d12-b747-9015309e2aac.wav,coughvid_data/4d5ab823-b2b1-4d12-b747-9015309e2aac.wav,0.0
540b7f56-2468-4635-987a-5b1d6fc43f86,coughvid_data/540b7f56-2468-4635-987a-5b1d6fc43f86.wav,coughvid_data/540b7f56-2468-4635-987a-5b1d6fc43f86.wav,1.0
d503dbc9-ffec-4cbc-a332-7b2a84eabe8c,coughvid_data/d503dbc9-ffec-4cbc-a332-7b2a84eabe8c.wav,coughvid_data/d503dbc9-ffec-4cbc-a332-7b2a84eabe8c.wav,1.0
4345fee4-f790-4a12-abdf-fb35f2befdc8,coughvid_data/4345fee4-f790-4a12-abdf-fb35f2befdc8.wav,coughvid_data/4345fee4-f790-4a12-abdf-fb35f2befdc8.wav,1.0
e685df65-5aec-4205-a69a-5760d939123d,coughvid_data/e685df65-5aec-4205-a69a-5760d939123d.wav,coughvid_data/e685df65-5aec-4205-a69a-5760d939123d.wav,1.0
52fa2b7f-65ec-47d3-852f-01e885f8aff3,coughvid_data/52fa2b7f-65ec-47d3-852f-01e885f8aff3.wav,coughvid_data/52fa2b7f-65ec-47d3-852f-01e885f8aff3.wav,0.0
6284c5ff-5205-45d9-b96b-4e4a4a2ff3ea,coughvid_data/6284c5ff-5205-45d9-b96b-4e4a4a2ff3ea.wav,coughvid_data/6284c5ff-5205-45d9-b96b-4e4a4a2ff3ea.wav,1.0
70232b0c-b907-48c0-8c83-37521b8af82d,coughvid_data/70232b0c-b907-48c0-8c83-37521b8af82d.wav,coughvid_data/70232b0c-b907-48c0-8c83-37521b8af82d.wav,1.0
9ef62fe1-47ee-43ba-9928-0c5b0408f7d2,coughvid_data/9ef62fe1-47ee-43ba-9928-0c5b0408f7d2.wav,coughvid_data/9ef62fe1-47ee-43ba-9928-0c5b0408f7d2.wav,1.0
e98708c7-be8c-45f7-864d-f436fb087e0f,coughvid_data/e98708c7-be8c-45f7-864d-f436fb087e0f.wav,coughvid_data/e98708c7-be8c-45f7-864d-f436fb087e0f.wav,1.0
c8adfa4b-f662-41ed-b740-7e3c02223c6f,coughvid_data/c8adfa4b-f662-41ed-b740-7e3c02223c6f.wav,coughvid_data/c8adfa4b-f662-41ed-b740-7e3c02223c6f.wav,1.0
8a65f81a-a687-4f4c-aa1e-a6aaf9e0fd88,coughvid_data/8a65f81a-a687-4f4c-aa1e-a6aaf9e0fd88.wav,coughvid_data/8a65f81a-a687-4f4c-aa1e-a6aaf9e0fd88.wav,1.0
e89789bf-47de-4985-a17c-f6b3e7b5573b,coughvid_data/e89789bf-47de-4985-a17c-f6b3e7b5573b.wav,coughvid_data/e89789bf-47de-4985-a17c-f6b3e7b5573b.wav,1.0
8c5da182-1e53-4394-ac08-4c01f244deb9,coughvid_data/8c5da182-1e53-4394-ac08-4c01f244deb9.wav,coughvid_data/8c5da182-1e53-4394-ac08-4c01f244deb9.wav,0.0
dde309b4-e838-43d7-a2c2-cc5903635ae0,coughvid_data/dde309b4-e838-43d7-a2c2-cc5903635ae0.wav,coughvid_data/dde309b4-e838-43d7-a2c2-cc5903635ae0.wav,1.0
51659714-f68c-4046-aec0-24030f83b4f6,coughvid_data/51659714-f68c-4046-aec0-24030f83b4f6.wav,coughvid_data/51659714-f68c-4046-aec0-24030f83b4f6.wav,0.0
88dcc654-163b-4326-93b4-e0edee9c9281,coughvid_data/88dcc654-163b-4326-93b4-e0edee9c9281.wav,coughvid_data/88dcc654-163b-4326-93b4-e0edee9c9281.wav,0.0
e8034a6c-53d0-455a-bd80-970c67c0e2c6,coughvid_data/e8034a6c-53d0-455a-bd80-970c67c0e2c6.wav,coughvid_data/e8034a6c-53d0-455a-bd80-970c67c0e2c6.wav,0.0
0d97c05d-9e40-420e-b3f0-946bf778e326,coughvid_data/0d97c05d-9e40-420e-b3f0-946bf778e326.wav,coughvid_data/0d97c05d-9e40-420e-b3f0-946bf778e326.wav,1.0
94bf58d8-81cb-48d3-a292-c4c64c6b5140,coughvid_data/94bf58d8-81cb-48d3-a292-c4c64c6b5140.wav,coughvid_data/94bf58d8-81cb-48d3-a292-c4c64c6b5140.wav,1.0
6abb1a5b-90cd-48ef-9cb7-4b472ccc7760,coughvid_data/6abb1a5b-90cd-48ef-9cb7-4b472ccc7760.wav,coughvid_data/6abb1a5b-90cd-48ef-9cb7-4b472ccc7760.wav,1.0
88a53f4a-81c6-4e71-8df0-b232cda17663,coughvid_data/88a53f4a-81c6-4e71-8df0-b232cda17663.wav,coughvid_data/88a53f4a-81c6-4e71-8df0-b232cda17663.wav,0.0
7e49dba8-1f05-4aec-b912-66102cb5197f,coughvid_data/7e49dba8-1f05-4aec-b912-66102cb5197f.wav,coughvid_data/7e49dba8-1f05-4aec-b912-66102cb5197f.wav,0.0
fe36c126-0011-414a-a1e9-9c7171158329,coughvid_data/fe36c126-0011-414a-a1e9-9c7171158329.wav,coughvid_data/fe36c126-0011-414a-a1e9-9c7171158329.wav,0.0
fd174d29-7cb7-4d48-baa9-a85697be3acc,coughvid_data/fd174d29-7cb7-4d48-baa9-a85697be3acc.wav,coughvid_data/fd174d29-7cb7-4d48-baa9-a85697be3acc.wav,0.0
30e31e98-1061-450e-8612-b844679a9c7b,coughvid_data/30e31e98-1061-450e-8612-b844679a9c7b.wav,coughvid_data/30e31e98-1061-450e-8612-b844679a9c7b.wav,1.0
52addc64-ed5f-4aa2-b2d0-9775e89fc088,coughvid_data/52addc64-ed5f-4aa2-b2d0-9775e89fc088.wav,coughvid_data/52addc64-ed5f-4aa2-b2d0-9775e89fc088.wav,1.0
afa4a8a8-be28-4060-bd67-fcb7d3d90479,coughvid_data/afa4a8a8-be28-4060-bd67-fcb7d3d90479.wav,coughvid_data/afa4a8a8-be28-4060-bd67-fcb7d3d90479.wav,1.0
5fe0301e-2baa-4bcf-80ce-aefe5711bb96,coughvid_data/5fe0301e-2baa-4bcf-80ce-aefe5711bb96.wav,coughvid_data/5fe0301e-2baa-4bcf-80ce-aefe5711bb96.wav,0.0
a24991e5-e1d5-4f30-86f1-9638a67898ae,coughvid_data/a24991e5-e1d5-4f30-86f1-9638a67898ae.wav,coughvid_data/a24991e5-e1d5-4f30-86f1-9638a67898ae.wav,1.0
151ebdf7-c5cf-48ba-9105-49e69c639578,coughvid_data/151ebdf7-c5cf-48ba-9105-49e69c639578.wav,coughvid_data/151ebdf7-c5cf-48ba-9105-49e69c639578.wav,1.0
9a2ed8d2-4923-4483-9642-7c9e5e5502c9,coughvid_data/9a2ed8d2-4923-4483-9642-7c9e5e5502c9.wav,coughvid_data/9a2ed8d2-4923-4483-9642-7c9e5e5502c9.wav,0.0
c85b8d35-9389-4865-9a65-393c7a875ef2,coughvid_data/c85b8d35-9389-4865-9a65-393c7a875ef2.wav,coughvid_data/c85b8d35-9389-4865-9a65-393c7a875ef2.wav,0.0
cb105975-a0aa-479f-ae9c-e1c2a9242647,coughvid_data/cb105975-a0aa-479f-ae9c-e1c2a9242647.wav,coughvid_data/cb105975-a0aa-479f-ae9c-e1c2a9242647.wav,0.0
e268a620-3e85-4257-9e29-7f058900c324,coughvid_data/e268a620-3e85-4257-9e29-7f058900c324.wav,coughvid_data/e268a620-3e85-4257-9e29-7f058900c324.wav,0.0
98581eee-bd8e-4600-ba5e-b5389820cb81,coughvid_data/98581eee-bd8e-4600-ba5e-b5389820cb81.wav,coughvid_data/98581eee-bd8e-4600-ba5e-b5389820cb81.wav,1.0
c8e4375f-d938-4006-b905-d16b904bea1d,coughvid_data/c8e4375f-d938-4006-b905-d16b904bea1d.wav,coughvid_data/c8e4375f-d938-4006-b905-d16b904bea1d.wav,0.0
09070f1a-83b9-4d4e-94b7-a2f9fd2280c0,coughvid_data/09070f1a-83b9-4d4e-94b7-a2f9fd2280c0.wav,coughvid_data/09070f1a-83b9-4d4e-94b7-a2f9fd2280c0.wav,1.0
a67f6b28-0740-4689-a287-59d0b8755aa9,coughvid_data/a67f6b28-0740-4689-a287-59d0b8755aa9.wav,coughvid_data/a67f6b28-0740-4689-a287-59d0b8755aa9.wav,1.0
1e6e93c5-7d1d-4c14-be9f-730517fc0921,coughvid_data/1e6e93c5-7d1d-4c14-be9f-730517fc0921.wav,coughvid_data/1e6e93c5-7d1d-4c14-be9f-730517fc0921.wav,1.0
a41ca451-b25f-4caf-9bec-f3a88b39a6f0,coughvid_data/a41ca451-b25f-4caf-9bec-f3a88b39a6f0.wav,coughvid_data/a41ca451-b25f-4caf-9bec-f3a88b39a6f0.wav,1.0
83c69068-09ad-475e-9843-86148262c3d0,coughvid_data/83c69068-09ad-475e-9843-86148262c3d0.wav,coughvid_data/83c69068-09ad-475e-9843-86148262c3d0.wav,0.0
2328eabf-189e-483e-9640-c0c7918f45ef,coughvid_data/2328eabf-189e-483e-9640-c0c7918f45ef.wav,coughvid_data/2328eabf-189e-483e-9640-c0c7918f45ef.wav,1.0
1830e097-2803-4208-9180-35e80fdbac2a,coughvid_data/1830e097-2803-4208-9180-35e80fdbac2a.wav,coughvid_data/1830e097-2803-4208-9180-35e80fdbac2a.wav,1.0
e6b5b840-e012-487d-9877-114fdee7f9e8,coughvid_data/e6b5b840-e012-487d-9877-114fdee7f9e8.wav,coughvid_data/e6b5b840-e012-487d-9877-114fdee7f9e8.wav,1.0
18276698-3742-4b6a-a792-18a643cecfef,coughvid_data/18276698-3742-4b6a-a792-18a643cecfef.wav,coughvid_data/18276698-3742-4b6a-a792-18a643cecfef.wav,1.0
f6ed1df9-48de-4acf-b996-d1c02ec5c10f,coughvid_data/f6ed1df9-48de-4acf-b996-d1c02ec5c10f.wav,coughvid_data/f6ed1df9-48de-4acf-b996-d1c02ec5c10f.wav,0.0
103ed51b-191a-4689-8578-a7d41fb6f017,coughvid_data/103ed51b-191a-4689-8578-a7d41fb6f017.wav,coughvid_data/103ed51b-191a-4689-8578-a7d41fb6f017.wav,1.0
94fe3af3-f0b1-477a-a0e1-68c6800ce718,coughvid_data/94fe3af3-f0b1-477a-a0e1-68c6800ce718.wav,coughvid_data/94fe3af3-f0b1-477a-a0e1-68c6800ce718.wav,0.0
0cf6fc08-c576-4393-942c-9ca0c301deb0,coughvid_data/0cf6fc08-c576-4393-942c-9ca0c301deb0.wav,coughvid_data/0cf6fc08-c576-4393-942c-9ca0c301deb0.wav,0.0
c11786e7-8d49-4595-b89d-4307dec6fc01,coughvid_data/c11786e7-8d49-4595-b89d-4307dec6fc01.wav,coughvid_data/c11786e7-8d49-4595-b89d-4307dec6fc01.wav,0.0
8e472a6f-87ea-4c25-af3f-7bda3db7399d,coughvid_data/8e472a6f-87ea-4c25-af3f-7bda3db7399d.wav,coughvid_data/8e472a6f-87ea-4c25-af3f-7bda3db7399d.wav,1.0
d6f58d35-f62f-4549-a543-6e3c741df24a,coughvid_data/d6f58d35-f62f-4549-a543-6e3c741df24a.wav,coughvid_data/d6f58d35-f62f-4549-a543-6e3c741df24a.wav,1.0
9891cc53-4a0f-4ccd-bb1c-3c6ebc8d1da4,coughvid_data/9891cc53-4a0f-4ccd-bb1c-3c6ebc8d1da4.wav,coughvid_data/9891cc53-4a0f-4ccd-bb1c-3c6ebc8d1da4.wav,1.0
b6d7ded4-5952-48a8-b90f-6a56a3ae03cd,coughvid_data/b6d7ded4-5952-48a8-b90f-6a56a3ae03cd.wav,coughvid_data/b6d7ded4-5952-48a8-b90f-6a56a3ae03cd.wav,1.0
fe05ba42-cd34-4031-8eca-e1ed9649126d,coughvid_data/fe05ba42-cd34-4031-8eca-e1ed9649126d.wav,coughvid_data/fe05ba42-cd34-4031-8eca-e1ed9649126d.wav,1.0
91e91fae-a111-4143-92c1-46b841db99f8,coughvid_data/91e91fae-a111-4143-92c1-46b841db99f8.wav,coughvid_data/91e91fae-a111-4143-92c1-46b841db99f8.wav,1.0
078e7a82-f99f-40d1-b4f7-3e983ba1184d,coughvid_data/078e7a82-f99f-40d1-b4f7-3e983ba1184d.wav,coughvid_data/078e7a82-f99f-40d1-b4f7-3e983ba1184d.wav,1.0
c1299e1b-1270-4c79-bc18-89dae0a672c5,coughvid_data/c1299e1b-1270-4c79-bc18-89dae0a672c5.wav,coughvid_data/c1299e1b-1270-4c79-bc18-89dae0a672c5.wav,0.0
ec15b09a-a2f0-4d58-99ce-aa56bd11eb28,coughvid_data/ec15b09a-a2f0-4d58-99ce-aa56bd11eb28.wav,coughvid_data/ec15b09a-a2f0-4d58-99ce-aa56bd11eb28.wav,1.0
c9f8ed02-90a1-4a0f-9f2c-d3fd04f3ffbd,coughvid_data/c9f8ed02-90a1-4a0f-9f2c-d3fd04f3ffbd.wav,coughvid_data/c9f8ed02-90a1-4a0f-9f2c-d3fd04f3ffbd.wav,1.0
f99e187d-42e1-421c-a054-f5e4cff9d5ae,coughvid_data/f99e187d-42e1-421c-a054-f5e4cff9d5ae.wav,coughvid_data/f99e187d-42e1-421c-a054-f5e4cff9d5ae.wav,1.0
bb0b45e8-ffcb-4367-a007-dd072c5910e3,coughvid_data/bb0b45e8-ffcb-4367-a007-dd072c5910e3.wav,coughvid_data/bb0b45e8-ffcb-4367-a007-dd072c5910e3.wav,0.0
d6b458d9-91af-499d-b408-caccaf3ddc8f,coughvid_data/d6b458d9-91af-499d-b408-caccaf3ddc8f.wav,coughvid_data/d6b458d9-91af-499d-b408-caccaf3ddc8f.wav,1.0
fb837635-9c86-4fde-99be-71397a5b5f48,coughvid_data/fb837635-9c86-4fde-99be-71397a5b5f48.wav,coughvid_data/fb837635-9c86-4fde-99be-71397a5b5f48.wav,0.0
00ac8cb0-3384-46b2-9db5-5b5e911615f0,coughvid_data/00ac8cb0-3384-46b2-9db5-5b5e911615f0.wav,coughvid_data/00ac8cb0-3384-46b2-9db5-5b5e911615f0.wav,1.0
14a435b4-e9d6-47de-ae3f-24a911355738,coughvid_data/14a435b4-e9d6-47de-ae3f-24a911355738.wav,coughvid_data/14a435b4-e9d6-47de-ae3f-24a911355738.wav,0.0
136d62c4-8b6f-4227-809f-1cdfcf7a767b,coughvid_data/136d62c4-8b6f-4227-809f-1cdfcf7a767b.wav,coughvid_data/136d62c4-8b6f-4227-809f-1cdfcf7a767b.wav,1.0
0e7f83e9-2268-4236-b585-8aea9df67bbc,coughvid_data/0e7f83e9-2268-4236-b585-8aea9df67bbc.wav,coughvid_data/0e7f83e9-2268-4236-b585-8aea9df67bbc.wav,1.0
b605edd4-c65a-4d5d-b80f-617c7a8e3849,coughvid_data/b605edd4-c65a-4d5d-b80f-617c7a8e3849.wav,coughvid_data/b605edd4-c65a-4d5d-b80f-617c7a8e3849.wav,0.0
7bd5996c-f98d-46bc-be93-ca6e1139d838,coughvid_data/7bd5996c-f98d-46bc-be93-ca6e1139d838.wav,coughvid_data/7bd5996c-f98d-46bc-be93-ca6e1139d838.wav,1.0
e5a30cc2-c96a-44d0-adf9-f5e9eab0a6e9,coughvid_data/e5a30cc2-c96a-44d0-adf9-f5e9eab0a6e9.wav,coughvid_data/e5a30cc2-c96a-44d0-adf9-f5e9eab0a6e9.wav,0.0
380cddcd-eb44-4421-a98f-dff0b311f5dc,coughvid_data/380cddcd-eb44-4421-a98f-dff0b311f5dc.wav,coughvid_data/380cddcd-eb44-4421-a98f-dff0b311f5dc.wav,0.0
80ea4ff8-2396-4b13-8d2a-29da6b6f9c0a,coughvid_data/80ea4ff8-2396-4b13-8d2a-29da6b6f9c0a.wav,coughvid_data/80ea4ff8-2396-4b13-8d2a-29da6b6f9c0a.wav,0.0
0f4d7997-07c5-48a7-af54-9c162f154756,coughvid_data/0f4d7997-07c5-48a7-af54-9c162f154756.wav,coughvid_data/0f4d7997-07c5-48a7-af54-9c162f154756.wav,0.0
51e55115-085e-41c3-854e-af439be2d992,coughvid_data/51e55115-085e-41c3-854e-af439be2d992.wav,coughvid_data/51e55115-085e-41c3-854e-af439be2d992.wav,1.0
04d803be-3d00-43ef-9bce-6f8303d0bead,coughvid_data/04d803be-3d00-43ef-9bce-6f8303d0bead.wav,coughvid_data/04d803be-3d00-43ef-9bce-6f8303d0bead.wav,0.0
6184b530-43ad-421e-a2e4-ad8555e82663,coughvid_data/6184b530-43ad-421e-a2e4-ad8555e82663.wav,coughvid_data/6184b530-43ad-421e-a2e4-ad8555e82663.wav,1.0
484d4d06-0c54-4ed4-8f9d-1cb52955df4d,coughvid_data/484d4d06-0c54-4ed4-8f9d-1cb52955df4d.wav,coughvid_data/484d4d06-0c54-4ed4-8f9d-1cb52955df4d.wav,1.0
c7463fdd-c5f1-4d72-a6c3-427610aa7d1b,coughvid_data/c7463fdd-c5f1-4d72-a6c3-427610aa7d1b.wav,coughvid_data/c7463fdd-c5f1-4d72-a6c3-427610aa7d1b.wav,0.0
92a069c0-0bcc-49e8-9025-f57c02ebbf9f,coughvid_data/92a069c0-0bcc-49e8-9025-f57c02ebbf9f.wav,coughvid_data/92a069c0-0bcc-49e8-9025-f57c02ebbf9f.wav,1.0
6ea0f6b7-8110-4940-b848-0635be9b5978,coughvid_data/6ea0f6b7-8110-4940-b848-0635be9b5978.wav,coughvid_data/6ea0f6b7-8110-4940-b848-0635be9b5978.wav,1.0
6c8722a8-7f0e-4b46-8c3c-941470f82ea1,coughvid_data/6c8722a8-7f0e-4b46-8c3c-941470f82ea1.wav,coughvid_data/6c8722a8-7f0e-4b46-8c3c-941470f82ea1.wav,0.0
19ba0f7d-2a34-4b43-a9d2-e97598431453,coughvid_data/19ba0f7d-2a34-4b43-a9d2-e97598431453.wav,coughvid_data/19ba0f7d-2a34-4b43-a9d2-e97598431453.wav,1.0
f35bd1ac-2a8f-4b68-abc2-b89b5a18abb9,coughvid_data/f35bd1ac-2a8f-4b68-abc2-b89b5a18abb9.wav,coughvid_data/f35bd1ac-2a8f-4b68-abc2-b89b5a18abb9.wav,1.0
90eb2893-2f11-427a-91b3-5596ec49e7d6,coughvid_data/90eb2893-2f11-427a-91b3-5596ec49e7d6.wav,coughvid_data/90eb2893-2f11-427a-91b3-5596ec49e7d6.wav,0.0
5a5e1135-3d9c-48a9-bede-4e80101191bf,coughvid_data/5a5e1135-3d9c-48a9-bede-4e80101191bf.wav,coughvid_data/5a5e1135-3d9c-48a9-bede-4e80101191bf.wav,1.0
c9259945-3b6b-4c80-bb22-e4a1f5afae50,coughvid_data/c9259945-3b6b-4c80-bb22-e4a1f5afae50.wav,coughvid_data/c9259945-3b6b-4c80-bb22-e4a1f5afae50.wav,1.0
1558d92a-0e13-4888-bf81-0359db3ddd3b,coughvid_data/1558d92a-0e13-4888-bf81-0359db3ddd3b.wav,coughvid_data/1558d92a-0e13-4888-bf81-0359db3ddd3b.wav,1.0
c10dc4e6-078b-45f9-a0d1-c01cf6b37a6f,coughvid_data/c10dc4e6-078b-45f9-a0d1-c01cf6b37a6f.wav,coughvid_data/c10dc4e6-078b-45f9-a0d1-c01cf6b37a6f.wav,0.0
c925e055-b912-4478-9963-21257bbfe492,coughvid_data/c925e055-b912-4478-9963-21257bbfe492.wav,coughvid_data/c925e055-b912-4478-9963-21257bbfe492.wav,1.0
b547308c-8255-4ce6-bf37-18be91261684,coughvid_data/b547308c-8255-4ce6-bf37-18be91261684.wav,coughvid_data/b547308c-8255-4ce6-bf37-18be91261684.wav,0.0
b58bd4c9-c097-444b-a4fc-6c8cba38d338,coughvid_data/b58bd4c9-c097-444b-a4fc-6c8cba38d338.wav,coughvid_data/b58bd4c9-c097-444b-a4fc-6c8cba38d338.wav,0.0
f7806f59-2175-4d5b-b69b-e1d773f8115b,coughvid_data/f7806f59-2175-4d5b-b69b-e1d773f8115b.wav,coughvid_data/f7806f59-2175-4d5b-b69b-e1d773f8115b.wav,0.0
597b7502-ea5f-43cb-98a7-a1abdc04a71a,coughvid_data/597b7502-ea5f-43cb-98a7-a1abdc04a71a.wav,coughvid_data/597b7502-ea5f-43cb-98a7-a1abdc04a71a.wav,1.0
f0ef2e51-726b-437b-9ef7-99c4a8a9eec1,coughvid_data/f0ef2e51-726b-437b-9ef7-99c4a8a9eec1.wav,coughvid_data/f0ef2e51-726b-437b-9ef7-99c4a8a9eec1.wav,0.0
cd17793f-68ac-4ab6-9cb1-d8821ecd705c,coughvid_data/cd17793f-68ac-4ab6-9cb1-d8821ecd705c.wav,coughvid_data/cd17793f-68ac-4ab6-9cb1-d8821ecd705c.wav,1.0
0d8b33b4-d355-43ea-ad6d-3a5883e76798,coughvid_data/0d8b33b4-d355-43ea-ad6d-3a5883e76798.wav,coughvid_data/0d8b33b4-d355-43ea-ad6d-3a5883e76798.wav,0.0
70d15933-ad30-4999-90ce-ea2468afe426,coughvid_data/70d15933-ad30-4999-90ce-ea2468afe426.wav,coughvid_data/70d15933-ad30-4999-90ce-ea2468afe426.wav,1.0
fcc64ceb-c71f-4c5a-ab61-48c02766b271,coughvid_data/fcc64ceb-c71f-4c5a-ab61-48c02766b271.wav,coughvid_data/fcc64ceb-c71f-4c5a-ab61-48c02766b271.wav,0.0
df0f44f9-b53e-4026-97df-fc79794243aa,coughvid_data/df0f44f9-b53e-4026-97df-fc79794243aa.wav,coughvid_data/df0f44f9-b53e-4026-97df-fc79794243aa.wav,1.0
c4c29d3a-8101-43ac-968c-8ede9342f953,coughvid_data/c4c29d3a-8101-43ac-968c-8ede9342f953.wav,coughvid_data/c4c29d3a-8101-43ac-968c-8ede9342f953.wav,0.0
096c3bd5-4599-4b26-a35c-6dfbf10d549b,coughvid_data/096c3bd5-4599-4b26-a35c-6dfbf10d549b.wav,coughvid_data/096c3bd5-4599-4b26-a35c-6dfbf10d549b.wav,0.0
eca13648-79c4-4c26-b3b5-0bd874e683ea,coughvid_data/eca13648-79c4-4c26-b3b5-0bd874e683ea.wav,coughvid_data/eca13648-79c4-4c26-b3b5-0bd874e683ea.wav,1.0
e86faafc-0038-45b8-94ef-d51abccb3810,coughvid_data/e86faafc-0038-45b8-94ef-d51abccb3810.wav,coughvid_data/e86faafc-0038-45b8-94ef-d51abccb3810.wav,1.0
d26f6631-4e6b-4961-bb81-f6bd80fe3eff,coughvid_data/d26f6631-4e6b-4961-bb81-f6bd80fe3eff.wav,coughvid_data/d26f6631-4e6b-4961-bb81-f6bd80fe3eff.wav,0.0
fff3ff61-2387-4139-938b-539db01e6be5,coughvid_data/fff3ff61-2387-4139-938b-539db01e6be5.wav,coughvid_data/fff3ff61-2387-4139-938b-539db01e6be5.wav,0.0
897dc93d-b8b1-4129-8c87-f777e9499cb8,coughvid_data/897dc93d-b8b1-4129-8c87-f777e9499cb8.wav,coughvid_data/897dc93d-b8b1-4129-8c87-f777e9499cb8.wav,1.0
8b06aecd-2b9f-47c8-ab3e-8688293e1450,coughvid_data/8b06aecd-2b9f-47c8-ab3e-8688293e1450.wav,coughvid_data/8b06aecd-2b9f-47c8-ab3e-8688293e1450.wav,0.0
86d02f15-069b-43bb-a7fc-3e6743445184,coughvid_data/86d02f15-069b-43bb-a7fc-3e6743445184.wav,coughvid_data/86d02f15-069b-43bb-a7fc-3e6743445184.wav,1.0
aeb567c4-529c-43c7-9075-21537e836d4d,coughvid_data/aeb567c4-529c-43c7-9075-21537e836d4d.wav,coughvid_data/aeb567c4-529c-43c7-9075-21537e836d4d.wav,1.0
f68f023c-65dd-4e04-9120-f5e796e679ac,coughvid_data/f68f023c-65dd-4e04-9120-f5e796e679ac.wav,coughvid_data/f68f023c-65dd-4e04-9120-f5e796e679ac.wav,1.0
e4740bf9-f9ea-47f9-9fbd-1a285654a9de,coughvid_data/e4740bf9-f9ea-47f9-9fbd-1a285654a9de.wav,coughvid_data/e4740bf9-f9ea-47f9-9fbd-1a285654a9de.wav,1.0
1d146112-7784-4213-ad55-4a276c37fcb6,coughvid_data/1d146112-7784-4213-ad55-4a276c37fcb6.wav,coughvid_data/1d146112-7784-4213-ad55-4a276c37fcb6.wav,1.0
01690401-e2ed-40ea-8852-9d01cec22be6,coughvid_data/01690401-e2ed-40ea-8852-9d01cec22be6.wav,coughvid_data/01690401-e2ed-40ea-8852-9d01cec22be6.wav,0.0
9ba16aa6-4e7f-4719-b81b-5f162cd340bf,coughvid_data/9ba16aa6-4e7f-4719-b81b-5f162cd340bf.wav,coughvid_data/9ba16aa6-4e7f-4719-b81b-5f162cd340bf.wav,1.0
6cac2d89-6080-4897-a2ed-b5fc3ee66d1e,coughvid_data/6cac2d89-6080-4897-a2ed-b5fc3ee66d1e.wav,coughvid_data/6cac2d89-6080-4897-a2ed-b5fc3ee66d1e.wav,0.0
4525895d-7c83-4a1f-89ad-379fcb05251b,coughvid_data/4525895d-7c83-4a1f-89ad-379fcb05251b.wav,coughvid_data/4525895d-7c83-4a1f-89ad-379fcb05251b.wav,1.0
4bf94a48-1fdb-4e12-ba88-b95a11efa8da,coughvid_data/4bf94a48-1fdb-4e12-ba88-b95a11efa8da.wav,coughvid_data/4bf94a48-1fdb-4e12-ba88-b95a11efa8da.wav,0.0
f0ac9a0e-969c-4b8f-a900-c2cdc2d2b2cc,coughvid_data/f0ac9a0e-969c-4b8f-a900-c2cdc2d2b2cc.wav,coughvid_data/f0ac9a0e-969c-4b8f-a900-c2cdc2d2b2cc.wav,0.0
5df3801d-49fa-4b15-9315-e88889a4c3a0,coughvid_data/5df3801d-49fa-4b15-9315-e88889a4c3a0.wav,coughvid_data/5df3801d-49fa-4b15-9315-e88889a4c3a0.wav,0.0
61d7a90c-a119-4c6f-aff5-7e99a6340b93,coughvid_data/61d7a90c-a119-4c6f-aff5-7e99a6340b93.wav,coughvid_data/61d7a90c-a119-4c6f-aff5-7e99a6340b93.wav,1.0
22ce01ba-d1d7-4f32-85df-4bf12142340c,coughvid_data/22ce01ba-d1d7-4f32-85df-4bf12142340c.wav,coughvid_data/22ce01ba-d1d7-4f32-85df-4bf12142340c.wav,1.0
4c789975-6891-4afc-a4ae-760db1c7350f,coughvid_data/4c789975-6891-4afc-a4ae-760db1c7350f.wav,coughvid_data/4c789975-6891-4afc-a4ae-760db1c7350f.wav,0.0
14e0ec0a-220c-4ad2-b4c1-c2142ad05cff,coughvid_data/14e0ec0a-220c-4ad2-b4c1-c2142ad05cff.wav,coughvid_data/14e0ec0a-220c-4ad2-b4c1-c2142ad05cff.wav,1.0
e43f8cad-6593-4258-b428-16671808e8d2,coughvid_data/e43f8cad-6593-4258-b428-16671808e8d2.wav,coughvid_data/e43f8cad-6593-4258-b428-16671808e8d2.wav,1.0
5884d552-5cab-4669-979a-e99a72cb14af,coughvid_data/5884d552-5cab-4669-979a-e99a72cb14af.wav,coughvid_data/5884d552-5cab-4669-979a-e99a72cb14af.wav,0.0
5a5469ad-8cc8-4470-938d-a6af83cd344c,coughvid_data/5a5469ad-8cc8-4470-938d-a6af83cd344c.wav,coughvid_data/5a5469ad-8cc8-4470-938d-a6af83cd344c.wav,1.0
f15c7be1-dc7f-495a-8f85-a86f8a0d31de,coughvid_data/f15c7be1-dc7f-495a-8f85-a86f8a0d31de.wav,coughvid_data/f15c7be1-dc7f-495a-8f85-a86f8a0d31de.wav,0.0
f09f7e2a-f173-4423-92a6-dea210147179,coughvid_data/f09f7e2a-f173-4423-92a6-dea210147179.wav,coughvid_data/f09f7e2a-f173-4423-92a6-dea210147179.wav,1.0
d8524b55-4fbd-421b-a414-49aac78adf64,coughvid_data/d8524b55-4fbd-421b-a414-49aac78adf64.wav,coughvid_data/d8524b55-4fbd-421b-a414-49aac78adf64.wav,0.0
6c41da6e-a686-4c25-8fe9-64558d697098,coughvid_data/6c41da6e-a686-4c25-8fe9-64558d697098.wav,coughvid_data/6c41da6e-a686-4c25-8fe9-64558d697098.wav,1.0
a4e9669e-6a49-4e7a-b7c4-22208b81fb42,coughvid_data/a4e9669e-6a49-4e7a-b7c4-22208b81fb42.wav,coughvid_data/a4e9669e-6a49-4e7a-b7c4-22208b81fb42.wav,0.0
957c7084-6282-4114-8f73-46101f910972,coughvid_data/957c7084-6282-4114-8f73-46101f910972.wav,coughvid_data/957c7084-6282-4114-8f73-46101f910972.wav,0.0
56fa3953-116a-43d4-9fc5-6b5cb5fec2f9,coughvid_data/56fa3953-116a-43d4-9fc5-6b5cb5fec2f9.wav,coughvid_data/56fa3953-116a-43d4-9fc5-6b5cb5fec2f9.wav,0.0
f5608979-5563-4e30-804a-901f50270c60,coughvid_data/f5608979-5563-4e30-804a-901f50270c60.wav,coughvid_data/f5608979-5563-4e30-804a-901f50270c60.wav,1.0
8e89639b-cfee-448e-bc6a-7c43d9cdc522,coughvid_data/8e89639b-cfee-448e-bc6a-7c43d9cdc522.wav,coughvid_data/8e89639b-cfee-448e-bc6a-7c43d9cdc522.wav,0.0
7e307ff5-00ca-4f25-bd20-1c1d2d3b9b47,coughvid_data/7e307ff5-00ca-4f25-bd20-1c1d2d3b9b47.wav,coughvid_data/7e307ff5-00ca-4f25-bd20-1c1d2d3b9b47.wav,1.0
3f3fa3f4-cfca-4ae4-898f-4b1f1e4df561,coughvid_data/3f3fa3f4-cfca-4ae4-898f-4b1f1e4df561.wav,coughvid_data/3f3fa3f4-cfca-4ae4-898f-4b1f1e4df561.wav,1.0
96d76af6-15d4-4270-9e4b-9ecfe0d72d40,coughvid_data/96d76af6-15d4-4270-9e4b-9ecfe0d72d40.wav,coughvid_data/96d76af6-15d4-4270-9e4b-9ecfe0d72d40.wav,0.0
108bc599-6838-4ccd-b5a1-9746bce02852,coughvid_data/108bc599-6838-4ccd-b5a1-9746bce02852.wav,coughvid_data/108bc599-6838-4ccd-b5a1-9746bce02852.wav,0.0
30a13ce4-43a6-4a8d-be33-56705d9d5872,coughvid_data/30a13ce4-43a6-4a8d-be33-56705d9d5872.wav,coughvid_data/30a13ce4-43a6-4a8d-be33-56705d9d5872.wav,1.0
fd90c402-9d15-44db-aff6-50b1a0b8d52f,coughvid_data/fd90c402-9d15-44db-aff6-50b1a0b8d52f.wav,coughvid_data/fd90c402-9d15-44db-aff6-50b1a0b8d52f.wav,1.0
2bdc81e8-fda7-430d-8714-170d69eac1f0,coughvid_data/2bdc81e8-fda7-430d-8714-170d69eac1f0.wav,coughvid_data/2bdc81e8-fda7-430d-8714-170d69eac1f0.wav,1.0
15e0f4cc-6793-47db-9136-d6052d10af22,coughvid_data/15e0f4cc-6793-47db-9136-d6052d10af22.wav,coughvid_data/15e0f4cc-6793-47db-9136-d6052d10af22.wav,0.0
e38d3ebc-2dda-4107-a872-4983356ed84f,coughvid_data/e38d3ebc-2dda-4107-a872-4983356ed84f.wav,coughvid_data/e38d3ebc-2dda-4107-a872-4983356ed84f.wav,0.0
fd01c7f7-a2a4-4e15-b8a4-f4aef32f7813,coughvid_data/fd01c7f7-a2a4-4e15-b8a4-f4aef32f7813.wav,coughvid_data/fd01c7f7-a2a4-4e15-b8a4-f4aef32f7813.wav,1.0
30851bde-7f0b-4bf4-b4d8-637480556039,coughvid_data/30851bde-7f0b-4bf4-b4d8-637480556039.wav,coughvid_data/30851bde-7f0b-4bf4-b4d8-637480556039.wav,1.0
e3046a5c-e06e-4c66-8e78-8734bf6a6435,coughvid_data/e3046a5c-e06e-4c66-8e78-8734bf6a6435.wav,coughvid_data/e3046a5c-e06e-4c66-8e78-8734bf6a6435.wav,0.0
4301b94a-57f2-403a-83fd-bb083e682968,coughvid_data/4301b94a-57f2-403a-83fd-bb083e682968.wav,coughvid_data/4301b94a-57f2-403a-83fd-bb083e682968.wav,0.0
0a73559e-63d7-4346-b796-2f9a2c2c7725,coughvid_data/0a73559e-63d7-4346-b796-2f9a2c2c7725.wav,coughvid_data/0a73559e-63d7-4346-b796-2f9a2c2c7725.wav,1.0
f3cb140c-1ba1-4b12-bb23-633a2ebdc567,coughvid_data/f3cb140c-1ba1-4b12-bb23-633a2ebdc567.wav,coughvid_data/f3cb140c-1ba1-4b12-bb23-633a2ebdc567.wav,1.0
4ae723a0-5457-4f7d-b7ab-0d228b56fcaa,coughvid_data/4ae723a0-5457-4f7d-b7ab-0d228b56fcaa.wav,coughvid_data/4ae723a0-5457-4f7d-b7ab-0d228b56fcaa.wav,0.0
95e783cb-9e8f-4007-9da2-3771e4ce9ac0,coughvid_data/95e783cb-9e8f-4007-9da2-3771e4ce9ac0.wav,coughvid_data/95e783cb-9e8f-4007-9da2-3771e4ce9ac0.wav,0.0
8eb8ddb7-ec79-4645-b312-08d7720d7d95,coughvid_data/8eb8ddb7-ec79-4645-b312-08d7720d7d95.wav,coughvid_data/8eb8ddb7-ec79-4645-b312-08d7720d7d95.wav,1.0
371c7ce6-88c2-498f-af36-6ef64dbaa107,coughvid_data/371c7ce6-88c2-498f-af36-6ef64dbaa107.wav,coughvid_data/371c7ce6-88c2-498f-af36-6ef64dbaa107.wav,0.0
64da4ad6-4280-49a1-bd37-e35efd7837c6,coughvid_data/64da4ad6-4280-49a1-bd37-e35efd7837c6.wav,coughvid_data/64da4ad6-4280-49a1-bd37-e35efd7837c6.wav,1.0
8944d8f3-8628-41b9-bc75-199f53de01c8,coughvid_data/8944d8f3-8628-41b9-bc75-199f53de01c8.wav,coughvid_data/8944d8f3-8628-41b9-bc75-199f53de01c8.wav,0.0
2d5df068-d578-455b-a13e-7fa90d47fede,coughvid_data/2d5df068-d578-455b-a13e-7fa90d47fede.wav,coughvid_data/2d5df068-d578-455b-a13e-7fa90d47fede.wav,0.0
56f929db-75af-44ca-a87f-4cb476d5aa3d,coughvid_data/56f929db-75af-44ca-a87f-4cb476d5aa3d.wav,coughvid_data/56f929db-75af-44ca-a87f-4cb476d5aa3d.wav,1.0
0fcb0f75-9fb3-4fb6-adb8-6a6ce207e117,coughvid_data/0fcb0f75-9fb3-4fb6-adb8-6a6ce207e117.wav,coughvid_data/0fcb0f75-9fb3-4fb6-adb8-6a6ce207e117.wav,0.0
b32c6c4f-0339-40f2-b415-cb3ad907fe20,coughvid_data/b32c6c4f-0339-40f2-b415-cb3ad907fe20.wav,coughvid_data/b32c6c4f-0339-40f2-b415-cb3ad907fe20.wav,0.0
c3c88062-0948-4cd2-9ecf-54ab7f2425df,coughvid_data/c3c88062-0948-4cd2-9ecf-54ab7f2425df.wav,coughvid_data/c3c88062-0948-4cd2-9ecf-54ab7f2425df.wav,0.0
b8ce7598-276c-4bc1-8385-f45ea43eb9bb,coughvid_data/b8ce7598-276c-4bc1-8385-f45ea43eb9bb.wav,coughvid_data/b8ce7598-276c-4bc1-8385-f45ea43eb9bb.wav,0.0
7d05a616-d643-4ae1-aebf-da075efbec7a,coughvid_data/7d05a616-d643-4ae1-aebf-da075efbec7a.wav,coughvid_data/7d05a616-d643-4ae1-aebf-da075efbec7a.wav,0.0
a5230cbd-53ff-438f-8093-e6a67fd22468,coughvid_data/a5230cbd-53ff-438f-8093-e6a67fd22468.wav,coughvid_data/a5230cbd-53ff-438f-8093-e6a67fd22468.wav,1.0
756f75fd-4f55-4e0c-8d5a-015aba681c56,coughvid_data/756f75fd-4f55-4e0c-8d5a-015aba681c56.wav,coughvid_data/756f75fd-4f55-4e0c-8d5a-015aba681c56.wav,0.0
2e379bf1-0e35-4714-ab16-43c25c5e75be,coughvid_data/2e379bf1-0e35-4714-ab16-43c25c5e75be.wav,coughvid_data/2e379bf1-0e35-4714-ab16-43c25c5e75be.wav,0.0
4739655c-cf23-4dc3-87b4-35f0ac0ef219,coughvid_data/4739655c-cf23-4dc3-87b4-35f0ac0ef219.wav,coughvid_data/4739655c-cf23-4dc3-87b4-35f0ac0ef219.wav,0.0
b2f21925-84cd-499e-aeea-6bd1c73acfc3,coughvid_data/b2f21925-84cd-499e-aeea-6bd1c73acfc3.wav,coughvid_data/b2f21925-84cd-499e-aeea-6bd1c73acfc3.wav,1.0
32e4fe83-b656-4c45-be9c-09f48dbc4df3,coughvid_data/32e4fe83-b656-4c45-be9c-09f48dbc4df3.wav,coughvid_data/32e4fe83-b656-4c45-be9c-09f48dbc4df3.wav,1.0
c9e5535e-77b9-4779-a8d0-279770fd14e8,coughvid_data/c9e5535e-77b9-4779-a8d0-279770fd14e8.wav,coughvid_data/c9e5535e-77b9-4779-a8d0-279770fd14e8.wav,1.0
2e29caa5-a805-4d45-984e-39aa0ed633b8,coughvid_data/2e29caa5-a805-4d45-984e-39aa0ed633b8.wav,coughvid_data/2e29caa5-a805-4d45-984e-39aa0ed633b8.wav,0.0
86d1fa1c-60fa-43ba-a2af-a5d1406d093d,coughvid_data/86d1fa1c-60fa-43ba-a2af-a5d1406d093d.wav,coughvid_data/86d1fa1c-60fa-43ba-a2af-a5d1406d093d.wav,1.0
f2182261-6ce7-451e-8bf7-6433f5839726,coughvid_data/f2182261-6ce7-451e-8bf7-6433f5839726.wav,coughvid_data/f2182261-6ce7-451e-8bf7-6433f5839726.wav,1.0
8cef6736-8b0b-4dce-8c10-1b4f55ccdb5f,coughvid_data/8cef6736-8b0b-4dce-8c10-1b4f55ccdb5f.wav,coughvid_data/8cef6736-8b0b-4dce-8c10-1b4f55ccdb5f.wav,1.0
083b44e7-3bf3-4fec-b3a1-6efd516d4fc6,coughvid_data/083b44e7-3bf3-4fec-b3a1-6efd516d4fc6.wav,coughvid_data/083b44e7-3bf3-4fec-b3a1-6efd516d4fc6.wav,0.0
106787f7-137a-4bbc-8ee8-44a7af3d35a5,coughvid_data/106787f7-137a-4bbc-8ee8-44a7af3d35a5.wav,coughvid_data/106787f7-137a-4bbc-8ee8-44a7af3d35a5.wav,0.0
8905d5ea-2412-4222-93f8-95cd4455f8e4,coughvid_data/8905d5ea-2412-4222-93f8-95cd4455f8e4.wav,coughvid_data/8905d5ea-2412-4222-93f8-95cd4455f8e4.wav,1.0
42ee475c-2a4b-48f0-b33e-9a5f57000770,coughvid_data/42ee475c-2a4b-48f0-b33e-9a5f57000770.wav,coughvid_data/42ee475c-2a4b-48f0-b33e-9a5f57000770.wav,1.0
4811b9fb-5369-478e-91ac-a6eb9a72005e,coughvid_data/4811b9fb-5369-478e-91ac-a6eb9a72005e.wav,coughvid_data/4811b9fb-5369-478e-91ac-a6eb9a72005e.wav,1.0
a358103d-5773-485c-985a-1d076c3abb59,coughvid_data/a358103d-5773-485c-985a-1d076c3abb59.wav,coughvid_data/a358103d-5773-485c-985a-1d076c3abb59.wav,0.0
43f06884-1793-4a39-978e-7206baf4ed5a,coughvid_data/43f06884-1793-4a39-978e-7206baf4ed5a.wav,coughvid_data/43f06884-1793-4a39-978e-7206baf4ed5a.wav,1.0
eb278322-78d3-42c1-a93e-72db5944b10c,coughvid_data/eb278322-78d3-42c1-a93e-72db5944b10c.wav,coughvid_data/eb278322-78d3-42c1-a93e-72db5944b10c.wav,0.0
42e6746e-1485-4272-a84e-876d56a7d2f0,coughvid_data/42e6746e-1485-4272-a84e-876d56a7d2f0.wav,coughvid_data/42e6746e-1485-4272-a84e-876d56a7d2f0.wav,1.0
beb22798-fe55-4928-ad57-2dc08407079b,coughvid_data/beb22798-fe55-4928-ad57-2dc08407079b.wav,coughvid_data/beb22798-fe55-4928-ad57-2dc08407079b.wav,0.0
a02e0fa5-1a29-4e3f-817e-15047e79e744,coughvid_data/a02e0fa5-1a29-4e3f-817e-15047e79e744.wav,coughvid_data/a02e0fa5-1a29-4e3f-817e-15047e79e744.wav,1.0
51a83ce7-f260-422c-a772-3447f306ebd2,coughvid_data/51a83ce7-f260-422c-a772-3447f306ebd2.wav,coughvid_data/51a83ce7-f260-422c-a772-3447f306ebd2.wav,1.0
55d74dca-c7b2-4788-b874-265b1047ed58,coughvid_data/55d74dca-c7b2-4788-b874-265b1047ed58.wav,coughvid_data/55d74dca-c7b2-4788-b874-265b1047ed58.wav,1.0
87f52d87-03d1-469b-b8fb-247da4504f90,coughvid_data/87f52d87-03d1-469b-b8fb-247da4504f90.wav,coughvid_data/87f52d87-03d1-469b-b8fb-247da4504f90.wav,1.0
443ea79b-2852-4d13-9a94-b06287a2ad6c,coughvid_data/443ea79b-2852-4d13-9a94-b06287a2ad6c.wav,coughvid_data/443ea79b-2852-4d13-9a94-b06287a2ad6c.wav,1.0
bafa6cf7-bbb6-478c-bfb9-afcff8e58c8c,coughvid_data/bafa6cf7-bbb6-478c-bfb9-afcff8e58c8c.wav,coughvid_data/bafa6cf7-bbb6-478c-bfb9-afcff8e58c8c.wav,0.0
e31a8ea7-eb22-456a-89dc-c158d5c3df6a,coughvid_data/e31a8ea7-eb22-456a-89dc-c158d5c3df6a.wav,coughvid_data/e31a8ea7-eb22-456a-89dc-c158d5c3df6a.wav,1.0
612fdebe-9e22-4716-af8a-45194f682e72,coughvid_data/612fdebe-9e22-4716-af8a-45194f682e72.wav,coughvid_data/612fdebe-9e22-4716-af8a-45194f682e72.wav,1.0
640bc830-423c-4588-9cf6-f1b06974bf1a,coughvid_data/640bc830-423c-4588-9cf6-f1b06974bf1a.wav,coughvid_data/640bc830-423c-4588-9cf6-f1b06974bf1a.wav,0.0
66391d68-2ea6-4de1-a030-5845cb27af6d,coughvid_data/66391d68-2ea6-4de1-a030-5845cb27af6d.wav,coughvid_data/66391d68-2ea6-4de1-a030-5845cb27af6d.wav,1.0
a47daf96-1ae2-41be-9c7e-e2c03a7e9fc9,coughvid_data/a47daf96-1ae2-41be-9c7e-e2c03a7e9fc9.wav,coughvid_data/a47daf96-1ae2-41be-9c7e-e2c03a7e9fc9.wav,0.0
f5a8e7b9-e8d5-4f59-ad4a-d092e03c133e,coughvid_data/f5a8e7b9-e8d5-4f59-ad4a-d092e03c133e.wav,coughvid_data/f5a8e7b9-e8d5-4f59-ad4a-d092e03c133e.wav,0.0
18fc4c11-4f26-4cb6-ac8c-e22d7e3d44db,coughvid_data/18fc4c11-4f26-4cb6-ac8c-e22d7e3d44db.wav,coughvid_data/18fc4c11-4f26-4cb6-ac8c-e22d7e3d44db.wav,0.0
5482be8b-d325-472d-abf9-9da4020fcf6d,coughvid_data/5482be8b-d325-472d-abf9-9da4020fcf6d.wav,coughvid_data/5482be8b-d325-472d-abf9-9da4020fcf6d.wav,0.0
535001c4-475e-42ef-be04-683f243c4834,coughvid_data/535001c4-475e-42ef-be04-683f243c4834.wav,coughvid_data/535001c4-475e-42ef-be04-683f243c4834.wav,0.0
776ac4b6-cc0f-43e2-8248-86631e43cff2,coughvid_data/776ac4b6-cc0f-43e2-8248-86631e43cff2.wav,coughvid_data/776ac4b6-cc0f-43e2-8248-86631e43cff2.wav,1.0
0fff6aea-f203-439f-8cb9-b0a35967f62d,coughvid_data/0fff6aea-f203-439f-8cb9-b0a35967f62d.wav,coughvid_data/0fff6aea-f203-439f-8cb9-b0a35967f62d.wav,1.0
91b92a32-ff04-4008-9a1c-61539966ea0d,coughvid_data/91b92a32-ff04-4008-9a1c-61539966ea0d.wav,coughvid_data/91b92a32-ff04-4008-9a1c-61539966ea0d.wav,0.0
af5d9295-3407-4316-84e8-c603a5d40e4e,coughvid_data/af5d9295-3407-4316-84e8-c603a5d40e4e.wav,coughvid_data/af5d9295-3407-4316-84e8-c603a5d40e4e.wav,1.0
b36ff3fe-2f5b-48ea-a23d-fc357e791241,coughvid_data/b36ff3fe-2f5b-48ea-a23d-fc357e791241.wav,coughvid_data/b36ff3fe-2f5b-48ea-a23d-fc357e791241.wav,0.0
47987272-3331-407e-842e-49cc6fc30799,coughvid_data/47987272-3331-407e-842e-49cc6fc30799.wav,coughvid_data/47987272-3331-407e-842e-49cc6fc30799.wav,0.0
39ab5f53-a729-4f04-941a-53b164cbc3f3,coughvid_data/39ab5f53-a729-4f04-941a-53b164cbc3f3.wav,coughvid_data/39ab5f53-a729-4f04-941a-53b164cbc3f3.wav,0.0
b3792b11-965c-49ad-9ccc-c25ca113ae64,coughvid_data/b3792b11-965c-49ad-9ccc-c25ca113ae64.wav,coughvid_data/b3792b11-965c-49ad-9ccc-c25ca113ae64.wav,0.0
126b940c-b6c6-4d3d-adc2-92aafab911b4,coughvid_data/126b940c-b6c6-4d3d-adc2-92aafab911b4.wav,coughvid_data/126b940c-b6c6-4d3d-adc2-92aafab911b4.wav,1.0
46e16b34-734f-4618-8523-ce57fc1fd45b,coughvid_data/46e16b34-734f-4618-8523-ce57fc1fd45b.wav,coughvid_data/46e16b34-734f-4618-8523-ce57fc1fd45b.wav,1.0
2a1560e2-24d3-4022-9646-d1a0e5956df4,coughvid_data/2a1560e2-24d3-4022-9646-d1a0e5956df4.wav,coughvid_data/2a1560e2-24d3-4022-9646-d1a0e5956df4.wav,0.0
d1d7c7ef-b07b-4eac-bb7d-a9bc16af3a37,coughvid_data/d1d7c7ef-b07b-4eac-bb7d-a9bc16af3a37.wav,coughvid_data/d1d7c7ef-b07b-4eac-bb7d-a9bc16af3a37.wav,0.0
f6545c93-48c3-4434-9793-90d1d19d30cd,coughvid_data/f6545c93-48c3-4434-9793-90d1d19d30cd.wav,coughvid_data/f6545c93-48c3-4434-9793-90d1d19d30cd.wav,1.0
7b423206-e57c-463b-a43b-c82cdb055f26,coughvid_data/7b423206-e57c-463b-a43b-c82cdb055f26.wav,coughvid_data/7b423206-e57c-463b-a43b-c82cdb055f26.wav,1.0
0ab11ce0-9602-4690-b1e5-c3e838670d98,coughvid_data/0ab11ce0-9602-4690-b1e5-c3e838670d98.wav,coughvid_data/0ab11ce0-9602-4690-b1e5-c3e838670d98.wav,0.0
30da8ef4-c905-4df0-a0a6-a7f232bfc9bf,coughvid_data/30da8ef4-c905-4df0-a0a6-a7f232bfc9bf.wav,coughvid_data/30da8ef4-c905-4df0-a0a6-a7f232bfc9bf.wav,0.0
a530dd36-99bc-4ad1-8f87-20d44bbf1d31,coughvid_data/a530dd36-99bc-4ad1-8f87-20d44bbf1d31.wav,coughvid_data/a530dd36-99bc-4ad1-8f87-20d44bbf1d31.wav,1.0
7de30485-428f-402e-8402-54747fd97420,coughvid_data/7de30485-428f-402e-8402-54747fd97420.wav,coughvid_data/7de30485-428f-402e-8402-54747fd97420.wav,1.0
225cf920-b008-43d4-92e3-6640aaddd431,coughvid_data/225cf920-b008-43d4-92e3-6640aaddd431.wav,coughvid_data/225cf920-b008-43d4-92e3-6640aaddd431.wav,1.0
532e7357-7400-452b-a17b-abcd2fdda466,coughvid_data/532e7357-7400-452b-a17b-abcd2fdda466.wav,coughvid_data/532e7357-7400-452b-a17b-abcd2fdda466.wav,1.0
58fd8013-6b86-4aa0-96b8-072a0e6a6b9f,coughvid_data/58fd8013-6b86-4aa0-96b8-072a0e6a6b9f.wav,coughvid_data/58fd8013-6b86-4aa0-96b8-072a0e6a6b9f.wav,1.0
7ea8e1c6-d853-4f83-92de-92877e833256,coughvid_data/7ea8e1c6-d853-4f83-92de-92877e833256.wav,coughvid_data/7ea8e1c6-d853-4f83-92de-92877e833256.wav,1.0
7733cb7f-748d-4240-a0b3-2be502f0721e,coughvid_data/7733cb7f-748d-4240-a0b3-2be502f0721e.wav,coughvid_data/7733cb7f-748d-4240-a0b3-2be502f0721e.wav,1.0
6f6ce9d1-48b2-435d-99a4-dec430f97387,coughvid_data/6f6ce9d1-48b2-435d-99a4-dec430f97387.wav,coughvid_data/6f6ce9d1-48b2-435d-99a4-dec430f97387.wav,0.0
57b04ac6-2ce0-4417-9dc0-d9ff93fd00c5,coughvid_data/57b04ac6-2ce0-4417-9dc0-d9ff93fd00c5.wav,coughvid_data/57b04ac6-2ce0-4417-9dc0-d9ff93fd00c5.wav,1.0
d51e9984-6380-4a0e-889d-ab86056de05a,coughvid_data/d51e9984-6380-4a0e-889d-ab86056de05a.wav,coughvid_data/d51e9984-6380-4a0e-889d-ab86056de05a.wav,1.0
e34287d2-3c14-40e3-9712-364cbfdee900,coughvid_data/e34287d2-3c14-40e3-9712-364cbfdee900.wav,coughvid_data/e34287d2-3c14-40e3-9712-364cbfdee900.wav,0.0
d706efb6-b86c-407b-8672-fc47123e5b6f,coughvid_data/d706efb6-b86c-407b-8672-fc47123e5b6f.wav,coughvid_data/d706efb6-b86c-407b-8672-fc47123e5b6f.wav,0.0
469bdfab-4b91-4528-862d-19eae039b5d9,coughvid_data/469bdfab-4b91-4528-862d-19eae039b5d9.wav,coughvid_data/469bdfab-4b91-4528-862d-19eae039b5d9.wav,0.0
3ca2ca4e-0fb7-42fa-b1a0-1396e5487af6,coughvid_data/3ca2ca4e-0fb7-42fa-b1a0-1396e5487af6.wav,coughvid_data/3ca2ca4e-0fb7-42fa-b1a0-1396e5487af6.wav,0.0
fba09f20-6b61-4716-97c9-3a6f493b3f43,coughvid_data/fba09f20-6b61-4716-97c9-3a6f493b3f43.wav,coughvid_data/fba09f20-6b61-4716-97c9-3a6f493b3f43.wav,1.0
32f8d3da-436d-4093-a951-4a977f347fd3,coughvid_data/32f8d3da-436d-4093-a951-4a977f347fd3.wav,coughvid_data/32f8d3da-436d-4093-a951-4a977f347fd3.wav,0.0
415fec18-0f05-4ff9-9176-175c47f9a979,coughvid_data/415fec18-0f05-4ff9-9176-175c47f9a979.wav,coughvid_data/415fec18-0f05-4ff9-9176-175c47f9a979.wav,1.0
2701cd62-c65c-4094-8069-895d9c8107f8,coughvid_data/2701cd62-c65c-4094-8069-895d9c8107f8.wav,coughvid_data/2701cd62-c65c-4094-8069-895d9c8107f8.wav,1.0
bfacdb2c-c07e-4602-85a9-6ad30de85805,coughvid_data/bfacdb2c-c07e-4602-85a9-6ad30de85805.wav,coughvid_data/bfacdb2c-c07e-4602-85a9-6ad30de85805.wav,0.0
92edbfa7-81be-46c6-abc4-7c380da6da44,coughvid_data/92edbfa7-81be-46c6-abc4-7c380da6da44.wav,coughvid_data/92edbfa7-81be-46c6-abc4-7c380da6da44.wav,0.0
f0893625-4329-4eae-9e45-4c9f61d839ed,coughvid_data/f0893625-4329-4eae-9e45-4c9f61d839ed.wav,coughvid_data/f0893625-4329-4eae-9e45-4c9f61d839ed.wav,0.0
3638a588-44ff-4c63-88c3-4ee7d9ccca4a,coughvid_data/3638a588-44ff-4c63-88c3-4ee7d9ccca4a.wav,coughvid_data/3638a588-44ff-4c63-88c3-4ee7d9ccca4a.wav,1.0
930438ae-dd1d-44e7-8eae-8f78240322ac,coughvid_data/930438ae-dd1d-44e7-8eae-8f78240322ac.wav,coughvid_data/930438ae-dd1d-44e7-8eae-8f78240322ac.wav,0.0
c04f7ad2-07a2-4112-bc42-1b2e2572e851,coughvid_data/c04f7ad2-07a2-4112-bc42-1b2e2572e851.wav,coughvid_data/c04f7ad2-07a2-4112-bc42-1b2e2572e851.wav,1.0
4cc5cb8f-e7c7-4c83-85b7-6c395458132f,coughvid_data/4cc5cb8f-e7c7-4c83-85b7-6c395458132f.wav,coughvid_data/4cc5cb8f-e7c7-4c83-85b7-6c395458132f.wav,1.0
e9998ad8-d140-434f-a336-5eb333a5c536,coughvid_data/e9998ad8-d140-434f-a336-5eb333a5c536.wav,coughvid_data/e9998ad8-d140-434f-a336-5eb333a5c536.wav,0.0
f1c74865-bc3a-4fdd-b37f-a68f66c3c469,coughvid_data/f1c74865-bc3a-4fdd-b37f-a68f66c3c469.wav,coughvid_data/f1c74865-bc3a-4fdd-b37f-a68f66c3c469.wav,1.0
17f00ecc-97b3-4445-a02f-f2381765f0de,coughvid_data/17f00ecc-97b3-4445-a02f-f2381765f0de.wav,coughvid_data/17f00ecc-97b3-4445-a02f-f2381765f0de.wav,0.0
c504d75c-da3a-4e6d-8cb3-0995a3363c59,coughvid_data/c504d75c-da3a-4e6d-8cb3-0995a3363c59.wav,coughvid_data/c504d75c-da3a-4e6d-8cb3-0995a3363c59.wav,0.0
eccb929a-dc3b-4df6-9444-2e4a6d36b1c8,coughvid_data/eccb929a-dc3b-4df6-9444-2e4a6d36b1c8.wav,coughvid_data/eccb929a-dc3b-4df6-9444-2e4a6d36b1c8.wav,1.0
970ab6df-cff0-41b2-8248-e0e613693d86,coughvid_data/970ab6df-cff0-41b2-8248-e0e613693d86.wav,coughvid_data/970ab6df-cff0-41b2-8248-e0e613693d86.wav,0.0
06e39517-d17d-47f0-a8bc-dc6bc8b8813c,coughvid_data/06e39517-d17d-47f0-a8bc-dc6bc8b8813c.wav,coughvid_data/06e39517-d17d-47f0-a8bc-dc6bc8b8813c.wav,1.0
fd6dabf9-0199-47a7-8ce4-f5385d1b98fc,coughvid_data/fd6dabf9-0199-47a7-8ce4-f5385d1b98fc.wav,coughvid_data/fd6dabf9-0199-47a7-8ce4-f5385d1b98fc.wav,0.0
981e8854-4893-4215-82c8-589142cb5ae8,coughvid_data/981e8854-4893-4215-82c8-589142cb5ae8.wav,coughvid_data/981e8854-4893-4215-82c8-589142cb5ae8.wav,1.0
0f9aa608-a6cf-472e-9ad2-b1aa193172e8,coughvid_data/0f9aa608-a6cf-472e-9ad2-b1aa193172e8.wav,coughvid_data/0f9aa608-a6cf-472e-9ad2-b1aa193172e8.wav,0.0
7c2581e6-af97-4191-819f-fcba0d7c7616,coughvid_data/7c2581e6-af97-4191-819f-fcba0d7c7616.wav,coughvid_data/7c2581e6-af97-4191-819f-fcba0d7c7616.wav,1.0
80298847-2929-4b5c-8977-e217b3aef3df,coughvid_data/80298847-2929-4b5c-8977-e217b3aef3df.wav,coughvid_data/80298847-2929-4b5c-8977-e217b3aef3df.wav,0.0
09dfde47-d616-4d13-9c48-3101d7f5c835,coughvid_data/09dfde47-d616-4d13-9c48-3101d7f5c835.wav,coughvid_data/09dfde47-d616-4d13-9c48-3101d7f5c835.wav,1.0
fa9f0335-7f8e-4ab7-8aa1-e8a35067cf74,coughvid_data/fa9f0335-7f8e-4ab7-8aa1-e8a35067cf74.wav,coughvid_data/fa9f0335-7f8e-4ab7-8aa1-e8a35067cf74.wav,0.0
e8c8f2a0-3103-4782-aa14-65280a879725,coughvid_data/e8c8f2a0-3103-4782-aa14-65280a879725.wav,coughvid_data/e8c8f2a0-3103-4782-aa14-65280a879725.wav,1.0
7e782166-6aa4-451c-9b01-afc57c43c3a1,coughvid_data/7e782166-6aa4-451c-9b01-afc57c43c3a1.wav,coughvid_data/7e782166-6aa4-451c-9b01-afc57c43c3a1.wav,1.0
d790ba24-cf8a-4519-aba4-04b22dc65d27,coughvid_data/d790ba24-cf8a-4519-aba4-04b22dc65d27.wav,coughvid_data/d790ba24-cf8a-4519-aba4-04b22dc65d27.wav,0.0
b659086a-8d95-406a-9157-e77991782e66,coughvid_data/b659086a-8d95-406a-9157-e77991782e66.wav,coughvid_data/b659086a-8d95-406a-9157-e77991782e66.wav,1.0
856d3553-ef6b-46e8-a59d-18b8d2c6310d,coughvid_data/856d3553-ef6b-46e8-a59d-18b8d2c6310d.wav,coughvid_data/856d3553-ef6b-46e8-a59d-18b8d2c6310d.wav,0.0
07e9842a-3e2a-4005-a7a6-24bb2c0d6763,coughvid_data/07e9842a-3e2a-4005-a7a6-24bb2c0d6763.wav,coughvid_data/07e9842a-3e2a-4005-a7a6-24bb2c0d6763.wav,0.0
6bf75f99-4273-42c3-b266-56db8bb6e23c,coughvid_data/6bf75f99-4273-42c3-b266-56db8bb6e23c.wav,coughvid_data/6bf75f99-4273-42c3-b266-56db8bb6e23c.wav,0.0
0f038cda-03d7-4b3e-87df-a70b65d0f12d,coughvid_data/0f038cda-03d7-4b3e-87df-a70b65d0f12d.wav,coughvid_data/0f038cda-03d7-4b3e-87df-a70b65d0f12d.wav,0.0
4655391d-e7a3-4bc2-9c79-1e7717279e21,coughvid_data/4655391d-e7a3-4bc2-9c79-1e7717279e21.wav,coughvid_data/4655391d-e7a3-4bc2-9c79-1e7717279e21.wav,0.0
55cdfa7a-9da4-40ac-a2da-5c52ba442da2,coughvid_data/55cdfa7a-9da4-40ac-a2da-5c52ba442da2.wav,coughvid_data/55cdfa7a-9da4-40ac-a2da-5c52ba442da2.wav,0.0
def59644-3296-4251-a86e-c2150f44c4e5,coughvid_data/def59644-3296-4251-a86e-c2150f44c4e5.wav,coughvid_data/def59644-3296-4251-a86e-c2150f44c4e5.wav,1.0
ca450848-f597-4355-a8b4-1cfbcf84a551,coughvid_data/ca450848-f597-4355-a8b4-1cfbcf84a551.wav,coughvid_data/ca450848-f597-4355-a8b4-1cfbcf84a551.wav,1.0
3eadfa75-5906-4695-91fb-5726a24e02cd,coughvid_data/3eadfa75-5906-4695-91fb-5726a24e02cd.wav,coughvid_data/3eadfa75-5906-4695-91fb-5726a24e02cd.wav,1.0
9d04bde5-6cb2-48b5-916e-1eefd16a7fc4,coughvid_data/9d04bde5-6cb2-48b5-916e-1eefd16a7fc4.wav,coughvid_data/9d04bde5-6cb2-48b5-916e-1eefd16a7fc4.wav,1.0
c9793a14-49bd-42ee-aeaa-90f96ed55f2d,coughvid_data/c9793a14-49bd-42ee-aeaa-90f96ed55f2d.wav,coughvid_data/c9793a14-49bd-42ee-aeaa-90f96ed55f2d.wav,1.0
e6b7e71b-a560-4d37-8661-f60d5047549d,coughvid_data/e6b7e71b-a560-4d37-8661-f60d5047549d.wav,coughvid_data/e6b7e71b-a560-4d37-8661-f60d5047549d.wav,1.0
ed3bc233-8583-42d3-a9fa-a7a1ca0b7d89,coughvid_data/ed3bc233-8583-42d3-a9fa-a7a1ca0b7d89.wav,coughvid_data/ed3bc233-8583-42d3-a9fa-a7a1ca0b7d89.wav,0.0
b93ec6a6-dedb-47ca-98ab-b9602337adf6,coughvid_data/b93ec6a6-dedb-47ca-98ab-b9602337adf6.wav,coughvid_data/b93ec6a6-dedb-47ca-98ab-b9602337adf6.wav,1.0
ddeed62d-95ae-4e59-b447-c42fee820e0e,coughvid_data/ddeed62d-95ae-4e59-b447-c42fee820e0e.wav,coughvid_data/ddeed62d-95ae-4e59-b447-c42fee820e0e.wav,0.0
4d9098d9-e240-41da-b7e6-7428377d6817,coughvid_data/4d9098d9-e240-41da-b7e6-7428377d6817.wav,coughvid_data/4d9098d9-e240-41da-b7e6-7428377d6817.wav,1.0
1764f23b-f731-4068-b8d5-5d2ab6f3df61,coughvid_data/1764f23b-f731-4068-b8d5-5d2ab6f3df61.wav,coughvid_data/1764f23b-f731-4068-b8d5-5d2ab6f3df61.wav,1.0
b539898d-17ad-4007-919c-7907025996e1,coughvid_data/b539898d-17ad-4007-919c-7907025996e1.wav,coughvid_data/b539898d-17ad-4007-919c-7907025996e1.wav,1.0
dc990f3d-b51f-4e41-aed8-9a777e453f1f,coughvid_data/dc990f3d-b51f-4e41-aed8-9a777e453f1f.wav,coughvid_data/dc990f3d-b51f-4e41-aed8-9a777e453f1f.wav,1.0
f5a5a0a7-7ddd-4c5a-be3b-c2081c1c4be8,coughvid_data/f5a5a0a7-7ddd-4c5a-be3b-c2081c1c4be8.wav,coughvid_data/f5a5a0a7-7ddd-4c5a-be3b-c2081c1c4be8.wav,0.0
00367af5-03f2-4fa5-b793-6329c943deda,coughvid_data/00367af5-03f2-4fa5-b793-6329c943deda.wav,coughvid_data/00367af5-03f2-4fa5-b793-6329c943deda.wav,0.0
97e8bb2e-9445-4053-9d14-ad7c01954100,coughvid_data/97e8bb2e-9445-4053-9d14-ad7c01954100.wav,coughvid_data/97e8bb2e-9445-4053-9d14-ad7c01954100.wav,1.0
24a13702-cb13-483e-900e-d6b8ceac1563,coughvid_data/24a13702-cb13-483e-900e-d6b8ceac1563.wav,coughvid_data/24a13702-cb13-483e-900e-d6b8ceac1563.wav,0.0
b0e1e4d0-c158-4fe1-97a1-b23b56517a6d,coughvid_data/b0e1e4d0-c158-4fe1-97a1-b23b56517a6d.wav,coughvid_data/b0e1e4d0-c158-4fe1-97a1-b23b56517a6d.wav,1.0
8f3da541-9e97-4af1-bf63-f368912a7198,coughvid_data/8f3da541-9e97-4af1-bf63-f368912a7198.wav,coughvid_data/8f3da541-9e97-4af1-bf63-f368912a7198.wav,0.0
ccd7b27e-929c-482b-8185-9107522a3650,coughvid_data/ccd7b27e-929c-482b-8185-9107522a3650.wav,coughvid_data/ccd7b27e-929c-482b-8185-9107522a3650.wav,0.0
21f639ee-6dc8-4206-b62f-bc6954e23daa,coughvid_data/21f639ee-6dc8-4206-b62f-bc6954e23daa.wav,coughvid_data/21f639ee-6dc8-4206-b62f-bc6954e23daa.wav,0.0
05e8f29d-b13c-417c-81ef-9a9db75d41b3,coughvid_data/05e8f29d-b13c-417c-81ef-9a9db75d41b3.wav,coughvid_data/05e8f29d-b13c-417c-81ef-9a9db75d41b3.wav,1.0
ea3553b7-8fc4-4889-bc48-9318dfc1c9f5,coughvid_data/ea3553b7-8fc4-4889-bc48-9318dfc1c9f5.wav,coughvid_data/ea3553b7-8fc4-4889-bc48-9318dfc1c9f5.wav,1.0
c779a105-e078-4197-808e-e8d86dd0460e,coughvid_data/c779a105-e078-4197-808e-e8d86dd0460e.wav,coughvid_data/c779a105-e078-4197-808e-e8d86dd0460e.wav,1.0
54149c8d-38d8-414f-bcbe-4329ae934e56,coughvid_data/54149c8d-38d8-414f-bcbe-4329ae934e56.wav,coughvid_data/54149c8d-38d8-414f-bcbe-4329ae934e56.wav,0.0
634afec2-f9c9-4212-96eb-4d704b481d5b,coughvid_data/634afec2-f9c9-4212-96eb-4d704b481d5b.wav,coughvid_data/634afec2-f9c9-4212-96eb-4d704b481d5b.wav,1.0
d122a978-582a-4ed9-877a-11e684a9a39a,coughvid_data/d122a978-582a-4ed9-877a-11e684a9a39a.wav,coughvid_data/d122a978-582a-4ed9-877a-11e684a9a39a.wav,1.0
191371a5-1ceb-48a1-bc0c-b65d44399632,coughvid_data/191371a5-1ceb-48a1-bc0c-b65d44399632.wav,coughvid_data/191371a5-1ceb-48a1-bc0c-b65d44399632.wav,0.0
348bf08b-0003-402a-8072-f4c978723c93,coughvid_data/348bf08b-0003-402a-8072-f4c978723c93.wav,coughvid_data/348bf08b-0003-402a-8072-f4c978723c93.wav,0.0
0fed9962-4cd0-4651-9edf-11cbe48afc15,coughvid_data/0fed9962-4cd0-4651-9edf-11cbe48afc15.wav,coughvid_data/0fed9962-4cd0-4651-9edf-11cbe48afc15.wav,1.0
00430a83-0fd3-4e5c-ae81-82a541f43d3a,coughvid_data/00430a83-0fd3-4e5c-ae81-82a541f43d3a.wav,coughvid_data/00430a83-0fd3-4e5c-ae81-82a541f43d3a.wav,0.0
7b9ae86f-4f70-4ff4-9f9b-04a590e27446,coughvid_data/7b9ae86f-4f70-4ff4-9f9b-04a590e27446.wav,coughvid_data/7b9ae86f-4f70-4ff4-9f9b-04a590e27446.wav,0.0
a65d7413-9779-41a1-9c03-2f0c9e1c7e13,coughvid_data/a65d7413-9779-41a1-9c03-2f0c9e1c7e13.wav,coughvid_data/a65d7413-9779-41a1-9c03-2f0c9e1c7e13.wav,1.0
2e8dd12f-fbcc-4a29-8a91-6372170531aa,coughvid_data/2e8dd12f-fbcc-4a29-8a91-6372170531aa.wav,coughvid_data/2e8dd12f-fbcc-4a29-8a91-6372170531aa.wav,1.0
21cfe4e6-ce0a-4d6c-bba1-83ddb8b688d9,coughvid_data/21cfe4e6-ce0a-4d6c-bba1-83ddb8b688d9.wav,coughvid_data/21cfe4e6-ce0a-4d6c-bba1-83ddb8b688d9.wav,1.0
708a7ada-4115-4f70-96df-c5ed85d1a7ae,coughvid_data/708a7ada-4115-4f70-96df-c5ed85d1a7ae.wav,coughvid_data/708a7ada-4115-4f70-96df-c5ed85d1a7ae.wav,0.0
179c35e6-200b-4235-af43-1de38e59f061,coughvid_data/179c35e6-200b-4235-af43-1de38e59f061.wav,coughvid_data/179c35e6-200b-4235-af43-1de38e59f061.wav,1.0
cebf9c9b-8f6a-4bb7-bd42-e781189ca15d,coughvid_data/cebf9c9b-8f6a-4bb7-bd42-e781189ca15d.wav,coughvid_data/cebf9c9b-8f6a-4bb7-bd42-e781189ca15d.wav,1.0
e4d8e38f-fbdd-44d5-8ab1-9944c2ff6b83,coughvid_data/e4d8e38f-fbdd-44d5-8ab1-9944c2ff6b83.wav,coughvid_data/e4d8e38f-fbdd-44d5-8ab1-9944c2ff6b83.wav,0.0
8f78899d-a789-4489-908b-cf0baff53d8f,coughvid_data/8f78899d-a789-4489-908b-cf0baff53d8f.wav,coughvid_data/8f78899d-a789-4489-908b-cf0baff53d8f.wav,1.0
d6dae255-0ac3-4a53-b533-3618971aea61,coughvid_data/d6dae255-0ac3-4a53-b533-3618971aea61.wav,coughvid_data/d6dae255-0ac3-4a53-b533-3618971aea61.wav,1.0
f0348e73-ecdf-45c0-a864-375f65b7bdb6,coughvid_data/f0348e73-ecdf-45c0-a864-375f65b7bdb6.wav,coughvid_data/f0348e73-ecdf-45c0-a864-375f65b7bdb6.wav,1.0
e483f403-2f4e-4702-af21-2ccaf4009950,coughvid_data/e483f403-2f4e-4702-af21-2ccaf4009950.wav,coughvid_data/e483f403-2f4e-4702-af21-2ccaf4009950.wav,0.0
f62aba87-1fcb-4f40-8fe1-0d0da384f7a6,coughvid_data/f62aba87-1fcb-4f40-8fe1-0d0da384f7a6.wav,coughvid_data/f62aba87-1fcb-4f40-8fe1-0d0da384f7a6.wav,0.0
9c07f9dc-8fb3-40da-949f-adab271802e5,coughvid_data/9c07f9dc-8fb3-40da-949f-adab271802e5.wav,coughvid_data/9c07f9dc-8fb3-40da-949f-adab271802e5.wav,1.0
8ffcf80c-eb78-4935-8115-42e203e1029c,coughvid_data/8ffcf80c-eb78-4935-8115-42e203e1029c.wav,coughvid_data/8ffcf80c-eb78-4935-8115-42e203e1029c.wav,0.0
446e4cbd-4620-4cc1-90b4-1b2fe45bcb8b,coughvid_data/446e4cbd-4620-4cc1-90b4-1b2fe45bcb8b.wav,coughvid_data/446e4cbd-4620-4cc1-90b4-1b2fe45bcb8b.wav,1.0
51c23d30-2cf2-434a-8fc3-2353b4aa8f2b,coughvid_data/51c23d30-2cf2-434a-8fc3-2353b4aa8f2b.wav,coughvid_data/51c23d30-2cf2-434a-8fc3-2353b4aa8f2b.wav,0.0
f99193de-2c6e-4e77-9751-cbb2792be5b3,coughvid_data/f99193de-2c6e-4e77-9751-cbb2792be5b3.wav,coughvid_data/f99193de-2c6e-4e77-9751-cbb2792be5b3.wav,0.0
e5a339ae-3ff2-4bba-99b6-488e9e97a83f,coughvid_data/e5a339ae-3ff2-4bba-99b6-488e9e97a83f.wav,coughvid_data/e5a339ae-3ff2-4bba-99b6-488e9e97a83f.wav,0.0
887432e0-4fc7-4116-880b-6a93e0f84d04,coughvid_data/887432e0-4fc7-4116-880b-6a93e0f84d04.wav,coughvid_data/887432e0-4fc7-4116-880b-6a93e0f84d04.wav,1.0
e39dac66-46e0-4d6f-b09c-58026674c71f,coughvid_data/e39dac66-46e0-4d6f-b09c-58026674c71f.wav,coughvid_data/e39dac66-46e0-4d6f-b09c-58026674c71f.wav,1.0
7e9b806b-36bf-4c45-bd70-239fb011d61b,coughvid_data/7e9b806b-36bf-4c45-bd70-239fb011d61b.wav,coughvid_data/7e9b806b-36bf-4c45-bd70-239fb011d61b.wav,0.0
052de337-80be-4a35-a9e5-4140683c655f,coughvid_data/052de337-80be-4a35-a9e5-4140683c655f.wav,coughvid_data/052de337-80be-4a35-a9e5-4140683c655f.wav,1.0
f0052d3e-e017-4bab-85ae-4c4f4751554c,coughvid_data/f0052d3e-e017-4bab-85ae-4c4f4751554c.wav,coughvid_data/f0052d3e-e017-4bab-85ae-4c4f4751554c.wav,1.0
2b967bab-afc2-4ce2-ad07-ee259d16cde6,coughvid_data/2b967bab-afc2-4ce2-ad07-ee259d16cde6.wav,coughvid_data/2b967bab-afc2-4ce2-ad07-ee259d16cde6.wav,1.0
dcdc8c02-9858-43e0-bd0e-5aed452d3c55,coughvid_data/dcdc8c02-9858-43e0-bd0e-5aed452d3c55.wav,coughvid_data/dcdc8c02-9858-43e0-bd0e-5aed452d3c55.wav,0.0
7e542aa9-d24d-49c7-8ff6-ab88a5de9a24,coughvid_data/7e542aa9-d24d-49c7-8ff6-ab88a5de9a24.wav,coughvid_data/7e542aa9-d24d-49c7-8ff6-ab88a5de9a24.wav,1.0
87692c30-8d14-460d-9591-49459fb9f63a,coughvid_data/87692c30-8d14-460d-9591-49459fb9f63a.wav,coughvid_data/87692c30-8d14-460d-9591-49459fb9f63a.wav,1.0
721611e3-9834-47b0-8bd4-72832c880f4c,coughvid_data/721611e3-9834-47b0-8bd4-72832c880f4c.wav,coughvid_data/721611e3-9834-47b0-8bd4-72832c880f4c.wav,0.0
1418b9d3-e1ae-4844-b1c1-a67ee42916e2,coughvid_data/1418b9d3-e1ae-4844-b1c1-a67ee42916e2.wav,coughvid_data/1418b9d3-e1ae-4844-b1c1-a67ee42916e2.wav,1.0
6f0a2344-8d8b-4db5-b4c3-cf569ca4f7b9,coughvid_data/6f0a2344-8d8b-4db5-b4c3-cf569ca4f7b9.wav,coughvid_data/6f0a2344-8d8b-4db5-b4c3-cf569ca4f7b9.wav,1.0
5b20026e-c664-4f47-883d-5f2cce5499eb,coughvid_data/5b20026e-c664-4f47-883d-5f2cce5499eb.wav,coughvid_data/5b20026e-c664-4f47-883d-5f2cce5499eb.wav,1.0
2475c1bf-a7cb-442b-ba22-e45a4278c699,coughvid_data/2475c1bf-a7cb-442b-ba22-e45a4278c699.wav,coughvid_data/2475c1bf-a7cb-442b-ba22-e45a4278c699.wav,0.0
159f001d-4e18-4c0a-8344-1daf2fe93e6d,coughvid_data/159f001d-4e18-4c0a-8344-1daf2fe93e6d.wav,coughvid_data/159f001d-4e18-4c0a-8344-1daf2fe93e6d.wav,0.0
422d6e49-4572-4e99-a708-02fc165c52c7,coughvid_data/422d6e49-4572-4e99-a708-02fc165c52c7.wav,coughvid_data/422d6e49-4572-4e99-a708-02fc165c52c7.wav,0.0
2e778325-305e-41ae-8bba-9685e85c7057,coughvid_data/2e778325-305e-41ae-8bba-9685e85c7057.wav,coughvid_data/2e778325-305e-41ae-8bba-9685e85c7057.wav,0.0
092d10af-b848-473c-8dfd-19376b7c587a,coughvid_data/092d10af-b848-473c-8dfd-19376b7c587a.wav,coughvid_data/092d10af-b848-473c-8dfd-19376b7c587a.wav,1.0
b89891c3-51d2-4c3e-a99a-c4afc075ab40,coughvid_data/b89891c3-51d2-4c3e-a99a-c4afc075ab40.wav,coughvid_data/b89891c3-51d2-4c3e-a99a-c4afc075ab40.wav,1.0
d606a3f8-3677-40a3-ab6b-21c5fbdc45eb,coughvid_data/d606a3f8-3677-40a3-ab6b-21c5fbdc45eb.wav,coughvid_data/d606a3f8-3677-40a3-ab6b-21c5fbdc45eb.wav,0.0
3d5c7e73-98e7-4e11-a525-b519515548b5,coughvid_data/3d5c7e73-98e7-4e11-a525-b519515548b5.wav,coughvid_data/3d5c7e73-98e7-4e11-a525-b519515548b5.wav,1.0
046be510-76c0-4876-9c17-1c097e4efcb9,coughvid_data/046be510-76c0-4876-9c17-1c097e4efcb9.wav,coughvid_data/046be510-76c0-4876-9c17-1c097e4efcb9.wav,0.0
92a62cfa-210f-4475-9fcb-6522b5cb3ff2,coughvid_data/92a62cfa-210f-4475-9fcb-6522b5cb3ff2.wav,coughvid_data/92a62cfa-210f-4475-9fcb-6522b5cb3ff2.wav,0.0
b2120660-071a-4bbb-ba7f-851dea0077cd,coughvid_data/b2120660-071a-4bbb-ba7f-851dea0077cd.wav,coughvid_data/b2120660-071a-4bbb-ba7f-851dea0077cd.wav,0.0
f3467b97-e5ff-4976-9037-b709b9997370,coughvid_data/f3467b97-e5ff-4976-9037-b709b9997370.wav,coughvid_data/f3467b97-e5ff-4976-9037-b709b9997370.wav,0.0
40a32ab4-6354-44a2-86b4-0570e8d3747d,coughvid_data/40a32ab4-6354-44a2-86b4-0570e8d3747d.wav,coughvid_data/40a32ab4-6354-44a2-86b4-0570e8d3747d.wav,1.0
77c53c06-c378-4f0a-ac6f-294c2943e10e,coughvid_data/77c53c06-c378-4f0a-ac6f-294c2943e10e.wav,coughvid_data/77c53c06-c378-4f0a-ac6f-294c2943e10e.wav,1.0
fdb9aca6-4298-48fa-80b5-606fadee6dad,coughvid_data/fdb9aca6-4298-48fa-80b5-606fadee6dad.wav,coughvid_data/fdb9aca6-4298-48fa-80b5-606fadee6dad.wav,0.0
6f0fd163-e8f2-4339-8596-8dbcb8a671f8,coughvid_data/6f0fd163-e8f2-4339-8596-8dbcb8a671f8.wav,coughvid_data/6f0fd163-e8f2-4339-8596-8dbcb8a671f8.wav,1.0
42b01af3-001a-4013-ae42-3c8e3cdc267b,coughvid_data/42b01af3-001a-4013-ae42-3c8e3cdc267b.wav,coughvid_data/42b01af3-001a-4013-ae42-3c8e3cdc267b.wav,1.0
6cadbc41-4119-46b9-8d8e-ee512bfacfa4,coughvid_data/6cadbc41-4119-46b9-8d8e-ee512bfacfa4.wav,coughvid_data/6cadbc41-4119-46b9-8d8e-ee512bfacfa4.wav,1.0
96cc2028-6c26-4c69-ba07-e6bb1d86464c,coughvid_data/96cc2028-6c26-4c69-ba07-e6bb1d86464c.wav,coughvid_data/96cc2028-6c26-4c69-ba07-e6bb1d86464c.wav,1.0
9ed88312-5aa5-49b6-945a-93fbaf1844c3,coughvid_data/9ed88312-5aa5-49b6-945a-93fbaf1844c3.wav,coughvid_data/9ed88312-5aa5-49b6-945a-93fbaf1844c3.wav,1.0
d03683b0-37d7-43bb-8fa0-50cb8a58120e,coughvid_data/d03683b0-37d7-43bb-8fa0-50cb8a58120e.wav,coughvid_data/d03683b0-37d7-43bb-8fa0-50cb8a58120e.wav,0.0
e9ab96bf-bbe4-4577-b3d7-a7c4f805bf6e,coughvid_data/e9ab96bf-bbe4-4577-b3d7-a7c4f805bf6e.wav,coughvid_data/e9ab96bf-bbe4-4577-b3d7-a7c4f805bf6e.wav,1.0
c39b42d8-f16b-4c65-8701-5f093f243514,coughvid_data/c39b42d8-f16b-4c65-8701-5f093f243514.wav,coughvid_data/c39b42d8-f16b-4c65-8701-5f093f243514.wav,1.0
e5daecbd-22de-4aac-98aa-2c42b9663efe,coughvid_data/e5daecbd-22de-4aac-98aa-2c42b9663efe.wav,coughvid_data/e5daecbd-22de-4aac-98aa-2c42b9663efe.wav,0.0
bc9ba87c-6dd2-47b0-abd9-ee3266a49387,coughvid_data/bc9ba87c-6dd2-47b0-abd9-ee3266a49387.wav,coughvid_data/bc9ba87c-6dd2-47b0-abd9-ee3266a49387.wav,1.0
4e052563-ff5b-47b1-92c2-dc4ba0ac8fbc,coughvid_data/4e052563-ff5b-47b1-92c2-dc4ba0ac8fbc.wav,coughvid_data/4e052563-ff5b-47b1-92c2-dc4ba0ac8fbc.wav,1.0
3886c88a-bd70-4ae8-b49f-b1852f2fb835,coughvid_data/3886c88a-bd70-4ae8-b49f-b1852f2fb835.wav,coughvid_data/3886c88a-bd70-4ae8-b49f-b1852f2fb835.wav,0.0
ad6cbcb9-efb4-430c-864d-97eb4afea0f7,coughvid_data/ad6cbcb9-efb4-430c-864d-97eb4afea0f7.wav,coughvid_data/ad6cbcb9-efb4-430c-864d-97eb4afea0f7.wav,0.0
34172be9-1c06-4024-9138-7254db22d4c2,coughvid_data/34172be9-1c06-4024-9138-7254db22d4c2.wav,coughvid_data/34172be9-1c06-4024-9138-7254db22d4c2.wav,1.0
c1281451-b74b-4659-beb7-11669297e022,coughvid_data/c1281451-b74b-4659-beb7-11669297e022.wav,coughvid_data/c1281451-b74b-4659-beb7-11669297e022.wav,1.0
0b3612f5-8f3f-4d86-b224-a76fe51a6991,coughvid_data/0b3612f5-8f3f-4d86-b224-a76fe51a6991.wav,coughvid_data/0b3612f5-8f3f-4d86-b224-a76fe51a6991.wav,1.0
d182351f-c65f-45ae-a2a6-2d66a254be56,coughvid_data/d182351f-c65f-45ae-a2a6-2d66a254be56.wav,coughvid_data/d182351f-c65f-45ae-a2a6-2d66a254be56.wav,0.0
09161b42-1234-4fd7-8d23-d0a4094ee15d,coughvid_data/09161b42-1234-4fd7-8d23-d0a4094ee15d.wav,coughvid_data/09161b42-1234-4fd7-8d23-d0a4094ee15d.wav,1.0
6fbe91a1-bc6c-41f3-83f1-1ab14f5efe7d,coughvid_data/6fbe91a1-bc6c-41f3-83f1-1ab14f5efe7d.wav,coughvid_data/6fbe91a1-bc6c-41f3-83f1-1ab14f5efe7d.wav,0.0
7cb73191-9145-4d86-a03b-d18c4e9392f7,coughvid_data/7cb73191-9145-4d86-a03b-d18c4e9392f7.wav,coughvid_data/7cb73191-9145-4d86-a03b-d18c4e9392f7.wav,1.0
8fce5639-6b79-4840-a60f-7b6f62733412,coughvid_data/8fce5639-6b79-4840-a60f-7b6f62733412.wav,coughvid_data/8fce5639-6b79-4840-a60f-7b6f62733412.wav,0.0
f515534f-1850-4a2a-9400-6269e7baae16,coughvid_data/f515534f-1850-4a2a-9400-6269e7baae16.wav,coughvid_data/f515534f-1850-4a2a-9400-6269e7baae16.wav,0.0
a203139d-8089-46a1-aa78-76c0ce55ab30,coughvid_data/a203139d-8089-46a1-aa78-76c0ce55ab30.wav,coughvid_data/a203139d-8089-46a1-aa78-76c0ce55ab30.wav,1.0
55fc4337-1432-4fe0-94d0-39f0230a470f,coughvid_data/55fc4337-1432-4fe0-94d0-39f0230a470f.wav,coughvid_data/55fc4337-1432-4fe0-94d0-39f0230a470f.wav,0.0
dd2fef55-f4a8-4548-ad91-ec192b2af270,coughvid_data/dd2fef55-f4a8-4548-ad91-ec192b2af270.wav,coughvid_data/dd2fef55-f4a8-4548-ad91-ec192b2af270.wav,1.0
e292ff84-85b8-486e-984a-91ecceef4b90,coughvid_data/e292ff84-85b8-486e-984a-91ecceef4b90.wav,coughvid_data/e292ff84-85b8-486e-984a-91ecceef4b90.wav,1.0
3e0c201c-82e9-4a2e-a671-efe46ece35a6,coughvid_data/3e0c201c-82e9-4a2e-a671-efe46ece35a6.wav,coughvid_data/3e0c201c-82e9-4a2e-a671-efe46ece35a6.wav,0.0
456ab56d-dd79-44f6-8d10-6c4b2b656c5b,coughvid_data/456ab56d-dd79-44f6-8d10-6c4b2b656c5b.wav,coughvid_data/456ab56d-dd79-44f6-8d10-6c4b2b656c5b.wav,0.0
010d8a17-18b2-43a7-930d-10aa72dd58d9,coughvid_data/010d8a17-18b2-43a7-930d-10aa72dd58d9.wav,coughvid_data/010d8a17-18b2-43a7-930d-10aa72dd58d9.wav,1.0
db425f4d-e094-46c1-9ed0-0b9d13460625,coughvid_data/db425f4d-e094-46c1-9ed0-0b9d13460625.wav,coughvid_data/db425f4d-e094-46c1-9ed0-0b9d13460625.wav,0.0
49cd9fb1-c7cd-4b2c-8bed-7e51bdc1e7c9,coughvid_data/49cd9fb1-c7cd-4b2c-8bed-7e51bdc1e7c9.wav,coughvid_data/49cd9fb1-c7cd-4b2c-8bed-7e51bdc1e7c9.wav,1.0
376362f7-358b-4b1a-befc-d3e4b0a1c27f,coughvid_data/376362f7-358b-4b1a-befc-d3e4b0a1c27f.wav,coughvid_data/376362f7-358b-4b1a-befc-d3e4b0a1c27f.wav,1.0
f6d253ab-64b6-4bb0-932d-8b3ce932eb13,coughvid_data/f6d253ab-64b6-4bb0-932d-8b3ce932eb13.wav,coughvid_data/f6d253ab-64b6-4bb0-932d-8b3ce932eb13.wav,1.0
68be047b-a17e-4b94-ade1-e891d51c0989,coughvid_data/68be047b-a17e-4b94-ade1-e891d51c0989.wav,coughvid_data/68be047b-a17e-4b94-ade1-e891d51c0989.wav,1.0
466f17ee-c19d-4b49-b8bd-c81ebf9f4032,coughvid_data/466f17ee-c19d-4b49-b8bd-c81ebf9f4032.wav,coughvid_data/466f17ee-c19d-4b49-b8bd-c81ebf9f4032.wav,1.0
c9acd3cf-e613-4c08-83ef-ab06ed69a864,coughvid_data/c9acd3cf-e613-4c08-83ef-ab06ed69a864.wav,coughvid_data/c9acd3cf-e613-4c08-83ef-ab06ed69a864.wav,0.0
1db59495-2f24-43e8-8cfa-4fdb76caf814,coughvid_data/1db59495-2f24-43e8-8cfa-4fdb76caf814.wav,coughvid_data/1db59495-2f24-43e8-8cfa-4fdb76caf814.wav,1.0
ae2df550-645c-4dea-8096-3c2b24ed23b4,coughvid_data/ae2df550-645c-4dea-8096-3c2b24ed23b4.wav,coughvid_data/ae2df550-645c-4dea-8096-3c2b24ed23b4.wav,1.0
8b3db10e-2a36-425f-b81a-e4cb6082b3c5,coughvid_data/8b3db10e-2a36-425f-b81a-e4cb6082b3c5.wav,coughvid_data/8b3db10e-2a36-425f-b81a-e4cb6082b3c5.wav,0.0
ec51b46e-b478-4ad5-8943-1bb3dd3b6b17,coughvid_data/ec51b46e-b478-4ad5-8943-1bb3dd3b6b17.wav,coughvid_data/ec51b46e-b478-4ad5-8943-1bb3dd3b6b17.wav,0.0
027b905a-4f0f-40fb-a4d2-779be42815d8,coughvid_data/027b905a-4f0f-40fb-a4d2-779be42815d8.wav,coughvid_data/027b905a-4f0f-40fb-a4d2-779be42815d8.wav,0.0
566fa3d9-a33b-4199-865a-82838e547b61,coughvid_data/566fa3d9-a33b-4199-865a-82838e547b61.wav,coughvid_data/566fa3d9-a33b-4199-865a-82838e547b61.wav,1.0
baffde9b-b49c-4b90-b10b-a25b7add60bd,coughvid_data/baffde9b-b49c-4b90-b10b-a25b7add60bd.wav,coughvid_data/baffde9b-b49c-4b90-b10b-a25b7add60bd.wav,0.0
85c2f949-bca5-48d7-8af1-bf17175a05bc,coughvid_data/85c2f949-bca5-48d7-8af1-bf17175a05bc.wav,coughvid_data/85c2f949-bca5-48d7-8af1-bf17175a05bc.wav,1.0
08d16cda-7b50-4d9d-9ce9-a05e1023cb9a,coughvid_data/08d16cda-7b50-4d9d-9ce9-a05e1023cb9a.wav,coughvid_data/08d16cda-7b50-4d9d-9ce9-a05e1023cb9a.wav,0.0
9aeff927-b0fb-41f8-8254-eeef7a78ac38,coughvid_data/9aeff927-b0fb-41f8-8254-eeef7a78ac38.wav,coughvid_data/9aeff927-b0fb-41f8-8254-eeef7a78ac38.wav,0.0
d3fa4e7f-2d21-430b-acc5-f825538b5c03,coughvid_data/d3fa4e7f-2d21-430b-acc5-f825538b5c03.wav,coughvid_data/d3fa4e7f-2d21-430b-acc5-f825538b5c03.wav,0.0
56994bd4-0416-4b43-bdf3-0c378b8cc773,coughvid_data/56994bd4-0416-4b43-bdf3-0c378b8cc773.wav,coughvid_data/56994bd4-0416-4b43-bdf3-0c378b8cc773.wav,1.0
81793a9d-a1d3-454f-9401-de315f3860e0,coughvid_data/81793a9d-a1d3-454f-9401-de315f3860e0.wav,coughvid_data/81793a9d-a1d3-454f-9401-de315f3860e0.wav,1.0
bcc118e3-39f2-45f9-8dae-46650d962729,coughvid_data/bcc118e3-39f2-45f9-8dae-46650d962729.wav,coughvid_data/bcc118e3-39f2-45f9-8dae-46650d962729.wav,1.0
5f2d9140-ab32-49bf-bd2a-327d7ac70b34,coughvid_data/5f2d9140-ab32-49bf-bd2a-327d7ac70b34.wav,coughvid_data/5f2d9140-ab32-49bf-bd2a-327d7ac70b34.wav,0.0
7ba1800f-987f-4a6b-bda8-964528e7bc86,coughvid_data/7ba1800f-987f-4a6b-bda8-964528e7bc86.wav,coughvid_data/7ba1800f-987f-4a6b-bda8-964528e7bc86.wav,1.0
db4992e2-aea0-4269-aace-4c6aedaab754,coughvid_data/db4992e2-aea0-4269-aace-4c6aedaab754.wav,coughvid_data/db4992e2-aea0-4269-aace-4c6aedaab754.wav,1.0
d41384b8-6117-43ad-947d-fe7c04c0668e,coughvid_data/d41384b8-6117-43ad-947d-fe7c04c0668e.wav,coughvid_data/d41384b8-6117-43ad-947d-fe7c04c0668e.wav,0.0
e2b217c3-6a14-46a2-b520-14eaff6134f3,coughvid_data/e2b217c3-6a14-46a2-b520-14eaff6134f3.wav,coughvid_data/e2b217c3-6a14-46a2-b520-14eaff6134f3.wav,1.0
a4b20dc9-f0cc-4f2e-a8e6-6a5fb87a2053,coughvid_data/a4b20dc9-f0cc-4f2e-a8e6-6a5fb87a2053.wav,coughvid_data/a4b20dc9-f0cc-4f2e-a8e6-6a5fb87a2053.wav,1.0
9816544d-4c54-4c1e-b8e3-47d0e11837e7,coughvid_data/9816544d-4c54-4c1e-b8e3-47d0e11837e7.wav,coughvid_data/9816544d-4c54-4c1e-b8e3-47d0e11837e7.wav,1.0
af511c3d-614c-4b89-abcf-8c9f9d2f9f3f,coughvid_data/af511c3d-614c-4b89-abcf-8c9f9d2f9f3f.wav,coughvid_data/af511c3d-614c-4b89-abcf-8c9f9d2f9f3f.wav,1.0
888b2298-cd89-4aa0-b211-6cb6fe3bd1cf,coughvid_data/888b2298-cd89-4aa0-b211-6cb6fe3bd1cf.wav,coughvid_data/888b2298-cd89-4aa0-b211-6cb6fe3bd1cf.wav,1.0
d4d30137-92f2-441a-bd4b-1a4cc0e91227,coughvid_data/d4d30137-92f2-441a-bd4b-1a4cc0e91227.wav,coughvid_data/d4d30137-92f2-441a-bd4b-1a4cc0e91227.wav,1.0
3ca45f72-bc2b-41b0-b163-965abc8e1cfd,coughvid_data/3ca45f72-bc2b-41b0-b163-965abc8e1cfd.wav,coughvid_data/3ca45f72-bc2b-41b0-b163-965abc8e1cfd.wav,1.0
990fcd7c-97bb-416e-8316-3d7a550f2775,coughvid_data/990fcd7c-97bb-416e-8316-3d7a550f2775.wav,coughvid_data/990fcd7c-97bb-416e-8316-3d7a550f2775.wav,0.0
4047f195-f373-4130-82cf-110bee9bc4c9,coughvid_data/4047f195-f373-4130-82cf-110bee9bc4c9.wav,coughvid_data/4047f195-f373-4130-82cf-110bee9bc4c9.wav,1.0
497bf229-9b7d-44af-858f-653c7658c120,coughvid_data/497bf229-9b7d-44af-858f-653c7658c120.wav,coughvid_data/497bf229-9b7d-44af-858f-653c7658c120.wav,0.0
0f38e7b9-b176-46f5-a846-f0f6e0766297,coughvid_data/0f38e7b9-b176-46f5-a846-f0f6e0766297.wav,coughvid_data/0f38e7b9-b176-46f5-a846-f0f6e0766297.wav,0.0
099cb544-c948-4a19-a226-90f1f5754b10,coughvid_data/099cb544-c948-4a19-a226-90f1f5754b10.wav,coughvid_data/099cb544-c948-4a19-a226-90f1f5754b10.wav,1.0
eeec21c5-77d6-4839-881a-91fc0d6574b4,coughvid_data/eeec21c5-77d6-4839-881a-91fc0d6574b4.wav,coughvid_data/eeec21c5-77d6-4839-881a-91fc0d6574b4.wav,0.0
3f992dca-637c-441d-9499-8af3b2eb954b,coughvid_data/3f992dca-637c-441d-9499-8af3b2eb954b.wav,coughvid_data/3f992dca-637c-441d-9499-8af3b2eb954b.wav,1.0
0b35d226-9927-4ddc-b5ea-cca273d43f66,coughvid_data/0b35d226-9927-4ddc-b5ea-cca273d43f66.wav,coughvid_data/0b35d226-9927-4ddc-b5ea-cca273d43f66.wav,1.0
4062d13a-71b4-4e5e-b2e5-1489136dc70b,coughvid_data/4062d13a-71b4-4e5e-b2e5-1489136dc70b.wav,coughvid_data/4062d13a-71b4-4e5e-b2e5-1489136dc70b.wav,0.0
0fb681c9-dee3-44a1-ba9d-05418c481a2a,coughvid_data/0fb681c9-dee3-44a1-ba9d-05418c481a2a.wav,coughvid_data/0fb681c9-dee3-44a1-ba9d-05418c481a2a.wav,1.0
124e433b-228a-4e67-9ed6-755ed83b7e79,coughvid_data/124e433b-228a-4e67-9ed6-755ed83b7e79.wav,coughvid_data/124e433b-228a-4e67-9ed6-755ed83b7e79.wav,0.0
54cb7946-fdb1-41c1-a751-3aaaa3b0c3ec,coughvid_data/54cb7946-fdb1-41c1-a751-3aaaa3b0c3ec.wav,coughvid_data/54cb7946-fdb1-41c1-a751-3aaaa3b0c3ec.wav,1.0
2ca97bbb-8bc5-464e-88c4-12b5132b42fc,coughvid_data/2ca97bbb-8bc5-464e-88c4-12b5132b42fc.wav,coughvid_data/2ca97bbb-8bc5-464e-88c4-12b5132b42fc.wav,0.0
cd803263-118f-4b70-875a-0aec698d281a,coughvid_data/cd803263-118f-4b70-875a-0aec698d281a.wav,coughvid_data/cd803263-118f-4b70-875a-0aec698d281a.wav,1.0
426dc7e6-36fe-4ace-a75e-956a86b80a5a,coughvid_data/426dc7e6-36fe-4ace-a75e-956a86b80a5a.wav,coughvid_data/426dc7e6-36fe-4ace-a75e-956a86b80a5a.wav,1.0
a57981b9-6bd2-4789-9890-d9d0ee8398ff,coughvid_data/a57981b9-6bd2-4789-9890-d9d0ee8398ff.wav,coughvid_data/a57981b9-6bd2-4789-9890-d9d0ee8398ff.wav,1.0
02211bc7-9df8-4eab-94b2-b87b08fcba22,coughvid_data/02211bc7-9df8-4eab-94b2-b87b08fcba22.wav,coughvid_data/02211bc7-9df8-4eab-94b2-b87b08fcba22.wav,0.0
087fe1dc-3936-421e-ab52-bfcb37847933,coughvid_data/087fe1dc-3936-421e-ab52-bfcb37847933.wav,coughvid_data/087fe1dc-3936-421e-ab52-bfcb37847933.wav,1.0
2c1877ec-7a96-4223-a28b-3188e5bbb55e,coughvid_data/2c1877ec-7a96-4223-a28b-3188e5bbb55e.wav,coughvid_data/2c1877ec-7a96-4223-a28b-3188e5bbb55e.wav,1.0
f84da85b-dabc-44be-9d3b-4b3215ed78e2,coughvid_data/f84da85b-dabc-44be-9d3b-4b3215ed78e2.wav,coughvid_data/f84da85b-dabc-44be-9d3b-4b3215ed78e2.wav,0.0
736db8b2-a127-4aad-a73e-c5ad638bb2be,coughvid_data/736db8b2-a127-4aad-a73e-c5ad638bb2be.wav,coughvid_data/736db8b2-a127-4aad-a73e-c5ad638bb2be.wav,1.0
6ac56082-ecef-45c2-ab6e-1b124e153cce,coughvid_data/6ac56082-ecef-45c2-ab6e-1b124e153cce.wav,coughvid_data/6ac56082-ecef-45c2-ab6e-1b124e153cce.wav,0.0
2f424420-e4b9-4eb1-846b-96af62cc4da3,coughvid_data/2f424420-e4b9-4eb1-846b-96af62cc4da3.wav,coughvid_data/2f424420-e4b9-4eb1-846b-96af62cc4da3.wav,1.0
b1c6c2f7-37f2-47f5-83c0-91686e33cf31,coughvid_data/b1c6c2f7-37f2-47f5-83c0-91686e33cf31.wav,coughvid_data/b1c6c2f7-37f2-47f5-83c0-91686e33cf31.wav,0.0
d0041e6d-aefb-4fd6-971c-5fce1cbe3c56,coughvid_data/d0041e6d-aefb-4fd6-971c-5fce1cbe3c56.wav,coughvid_data/d0041e6d-aefb-4fd6-971c-5fce1cbe3c56.wav,0.0
2ae09fcd-a375-4175-9572-751dcd4e900a,coughvid_data/2ae09fcd-a375-4175-9572-751dcd4e900a.wav,coughvid_data/2ae09fcd-a375-4175-9572-751dcd4e900a.wav,1.0
e7cb816e-6ba5-488c-a35a-fa08388f9674,coughvid_data/e7cb816e-6ba5-488c-a35a-fa08388f9674.wav,coughvid_data/e7cb816e-6ba5-488c-a35a-fa08388f9674.wav,1.0
14736cbc-9df4-4b3a-bc97-183a08600790,coughvid_data/14736cbc-9df4-4b3a-bc97-183a08600790.wav,coughvid_data/14736cbc-9df4-4b3a-bc97-183a08600790.wav,0.0
fe964fca-26ef-408e-9fc6-f1d04eab9036,coughvid_data/fe964fca-26ef-408e-9fc6-f1d04eab9036.wav,coughvid_data/fe964fca-26ef-408e-9fc6-f1d04eab9036.wav,1.0
68e7eab3-c583-4da6-8d69-bf807e759cea,coughvid_data/68e7eab3-c583-4da6-8d69-bf807e759cea.wav,coughvid_data/68e7eab3-c583-4da6-8d69-bf807e759cea.wav,0.0
f640ebdd-d6ed-4f9a-959a-216df5a8b19f,coughvid_data/f640ebdd-d6ed-4f9a-959a-216df5a8b19f.wav,coughvid_data/f640ebdd-d6ed-4f9a-959a-216df5a8b19f.wav,1.0
48cd5552-06e6-40d5-8c6d-f6fe58678bbc,coughvid_data/48cd5552-06e6-40d5-8c6d-f6fe58678bbc.wav,coughvid_data/48cd5552-06e6-40d5-8c6d-f6fe58678bbc.wav,1.0
85574d32-d857-4783-b363-a98a8b4b81fc,coughvid_data/85574d32-d857-4783-b363-a98a8b4b81fc.wav,coughvid_data/85574d32-d857-4783-b363-a98a8b4b81fc.wav,1.0
2079b1f8-6d1b-452f-89f4-23488f062f36,coughvid_data/2079b1f8-6d1b-452f-89f4-23488f062f36.wav,coughvid_data/2079b1f8-6d1b-452f-89f4-23488f062f36.wav,1.0
733597ed-27e5-4ada-996c-76b005416fbb,coughvid_data/733597ed-27e5-4ada-996c-76b005416fbb.wav,coughvid_data/733597ed-27e5-4ada-996c-76b005416fbb.wav,1.0
b39457b0-4f45-4bb0-8c40-3d8422a997f3,coughvid_data/b39457b0-4f45-4bb0-8c40-3d8422a997f3.wav,coughvid_data/b39457b0-4f45-4bb0-8c40-3d8422a997f3.wav,0.0
cb986adb-6afc-499b-b77a-e7aee4e26ec2,coughvid_data/cb986adb-6afc-499b-b77a-e7aee4e26ec2.wav,coughvid_data/cb986adb-6afc-499b-b77a-e7aee4e26ec2.wav,1.0
73f46c0e-008d-4f14-a2e1-0b30bd49547a,coughvid_data/73f46c0e-008d-4f14-a2e1-0b30bd49547a.wav,coughvid_data/73f46c0e-008d-4f14-a2e1-0b30bd49547a.wav,1.0
b97e6429-d7e6-45fb-badf-49e52d85d030,coughvid_data/b97e6429-d7e6-45fb-badf-49e52d85d030.wav,coughvid_data/b97e6429-d7e6-45fb-badf-49e52d85d030.wav,0.0
1a3302fb-a77e-43f9-859e-3ded6a212f41,coughvid_data/1a3302fb-a77e-43f9-859e-3ded6a212f41.wav,coughvid_data/1a3302fb-a77e-43f9-859e-3ded6a212f41.wav,0.0
7dbf1787-8afa-41cc-a338-3d6289d4f30e,coughvid_data/7dbf1787-8afa-41cc-a338-3d6289d4f30e.wav,coughvid_data/7dbf1787-8afa-41cc-a338-3d6289d4f30e.wav,0.0
01cc0555-d950-43f5-9bef-9be6dee3a892,coughvid_data/01cc0555-d950-43f5-9bef-9be6dee3a892.wav,coughvid_data/01cc0555-d950-43f5-9bef-9be6dee3a892.wav,0.0
6fea9e46-954b-476c-8255-ffa94ee17315,coughvid_data/6fea9e46-954b-476c-8255-ffa94ee17315.wav,coughvid_data/6fea9e46-954b-476c-8255-ffa94ee17315.wav,0.0
ea3b3f6f-5b07-479e-85e0-e284f6c39286,coughvid_data/ea3b3f6f-5b07-479e-85e0-e284f6c39286.wav,coughvid_data/ea3b3f6f-5b07-479e-85e0-e284f6c39286.wav,0.0
07a7a81c-dda7-4b5c-8175-c20580dda9b9,coughvid_data/07a7a81c-dda7-4b5c-8175-c20580dda9b9.wav,coughvid_data/07a7a81c-dda7-4b5c-8175-c20580dda9b9.wav,1.0
ea8b1411-bcc8-47f3-8ba7-9b3585b83319,coughvid_data/ea8b1411-bcc8-47f3-8ba7-9b3585b83319.wav,coughvid_data/ea8b1411-bcc8-47f3-8ba7-9b3585b83319.wav,1.0
78192b44-f639-45d6-85f2-eeafbef078b4,coughvid_data/78192b44-f639-45d6-85f2-eeafbef078b4.wav,coughvid_data/78192b44-f639-45d6-85f2-eeafbef078b4.wav,0.0
f9c4e39b-ad65-47a2-98bd-af70af6749a8,coughvid_data/f9c4e39b-ad65-47a2-98bd-af70af6749a8.wav,coughvid_data/f9c4e39b-ad65-47a2-98bd-af70af6749a8.wav,1.0
85de4a3b-f588-496c-9cc6-df20494ba43f,coughvid_data/85de4a3b-f588-496c-9cc6-df20494ba43f.wav,coughvid_data/85de4a3b-f588-496c-9cc6-df20494ba43f.wav,0.0
2128f621-44e1-4b07-a5b3-dfde76e3a81f,coughvid_data/2128f621-44e1-4b07-a5b3-dfde76e3a81f.wav,coughvid_data/2128f621-44e1-4b07-a5b3-dfde76e3a81f.wav,0.0
5d5fc57e-7a90-4f9f-9a8a-24b871d798fb,coughvid_data/5d5fc57e-7a90-4f9f-9a8a-24b871d798fb.wav,coughvid_data/5d5fc57e-7a90-4f9f-9a8a-24b871d798fb.wav,0.0
d060356b-741a-4a9d-9d86-b419b146a656,coughvid_data/d060356b-741a-4a9d-9d86-b419b146a656.wav,coughvid_data/d060356b-741a-4a9d-9d86-b419b146a656.wav,0.0
11a27756-1310-4f1b-9a88-2da919c8b493,coughvid_data/11a27756-1310-4f1b-9a88-2da919c8b493.wav,coughvid_data/11a27756-1310-4f1b-9a88-2da919c8b493.wav,0.0
191acca9-a962-4822-9a6d-3bc12124d34e,coughvid_data/191acca9-a962-4822-9a6d-3bc12124d34e.wav,coughvid_data/191acca9-a962-4822-9a6d-3bc12124d34e.wav,0.0
1e743bc7-40b5-49a8-8fa5-63428117fe6e,coughvid_data/1e743bc7-40b5-49a8-8fa5-63428117fe6e.wav,coughvid_data/1e743bc7-40b5-49a8-8fa5-63428117fe6e.wav,1.0
08a861f4-ed94-4890-85ef-9cb37e90a494,coughvid_data/08a861f4-ed94-4890-85ef-9cb37e90a494.wav,coughvid_data/08a861f4-ed94-4890-85ef-9cb37e90a494.wav,1.0
115ad470-f7fb-4ca6-8a4f-630067dcee63,coughvid_data/115ad470-f7fb-4ca6-8a4f-630067dcee63.wav,coughvid_data/115ad470-f7fb-4ca6-8a4f-630067dcee63.wav,0.0
b2b79210-d0a3-43fa-916f-6a9e26428667,coughvid_data/b2b79210-d0a3-43fa-916f-6a9e26428667.wav,coughvid_data/b2b79210-d0a3-43fa-916f-6a9e26428667.wav,0.0
91199726-a6fe-4f49-b65c-45161e3990cb,coughvid_data/91199726-a6fe-4f49-b65c-45161e3990cb.wav,coughvid_data/91199726-a6fe-4f49-b65c-45161e3990cb.wav,0.0
e2de0656-427d-4237-a2ad-69f85a0c9d93,coughvid_data/e2de0656-427d-4237-a2ad-69f85a0c9d93.wav,coughvid_data/e2de0656-427d-4237-a2ad-69f85a0c9d93.wav,0.0
e5a85d74-2f40-4d28-9903-75c381c73960,coughvid_data/e5a85d74-2f40-4d28-9903-75c381c73960.wav,coughvid_data/e5a85d74-2f40-4d28-9903-75c381c73960.wav,1.0
5ba6b00e-a193-4e2c-bf2c-54ed0aa27288,coughvid_data/5ba6b00e-a193-4e2c-bf2c-54ed0aa27288.wav,coughvid_data/5ba6b00e-a193-4e2c-bf2c-54ed0aa27288.wav,1.0
c61a63cc-7f02-452d-9231-44a95a95ade8,coughvid_data/c61a63cc-7f02-452d-9231-44a95a95ade8.wav,coughvid_data/c61a63cc-7f02-452d-9231-44a95a95ade8.wav,0.0
97d266b1-7856-47f3-9273-224e1f27be4c,coughvid_data/97d266b1-7856-47f3-9273-224e1f27be4c.wav,coughvid_data/97d266b1-7856-47f3-9273-224e1f27be4c.wav,1.0
3ed7e15a-96af-4ecc-9f5a-ad929daaba1d,coughvid_data/3ed7e15a-96af-4ecc-9f5a-ad929daaba1d.wav,coughvid_data/3ed7e15a-96af-4ecc-9f5a-ad929daaba1d.wav,1.0
d394ddbe-fd22-4baa-a6f6-05dcb1d62640,coughvid_data/d394ddbe-fd22-4baa-a6f6-05dcb1d62640.wav,coughvid_data/d394ddbe-fd22-4baa-a6f6-05dcb1d62640.wav,1.0
a7c2dd8c-ca28-49f6-991d-455d8629f3ee,coughvid_data/a7c2dd8c-ca28-49f6-991d-455d8629f3ee.wav,coughvid_data/a7c2dd8c-ca28-49f6-991d-455d8629f3ee.wav,1.0
9d5682ea-805a-4233-a93e-c7062ca65cfe,coughvid_data/9d5682ea-805a-4233-a93e-c7062ca65cfe.wav,coughvid_data/9d5682ea-805a-4233-a93e-c7062ca65cfe.wav,0.0
cec8d3ea-1808-4e86-8e0d-06ecbcee8765,coughvid_data/cec8d3ea-1808-4e86-8e0d-06ecbcee8765.wav,coughvid_data/cec8d3ea-1808-4e86-8e0d-06ecbcee8765.wav,0.0
16b16ff5-e875-4f0f-ad76-bd7ba27faca6,coughvid_data/16b16ff5-e875-4f0f-ad76-bd7ba27faca6.wav,coughvid_data/16b16ff5-e875-4f0f-ad76-bd7ba27faca6.wav,1.0
2219ffe7-dede-466d-9b87-9adca95b8b0a,coughvid_data/2219ffe7-dede-466d-9b87-9adca95b8b0a.wav,coughvid_data/2219ffe7-dede-466d-9b87-9adca95b8b0a.wav,0.0
f1761c24-c5cb-4d5e-9546-d95fdb6c6f44,coughvid_data/f1761c24-c5cb-4d5e-9546-d95fdb6c6f44.wav,coughvid_data/f1761c24-c5cb-4d5e-9546-d95fdb6c6f44.wav,1.0
7eeb54a4-846c-48df-a364-e34564a3f8cf,coughvid_data/7eeb54a4-846c-48df-a364-e34564a3f8cf.wav,coughvid_data/7eeb54a4-846c-48df-a364-e34564a3f8cf.wav,0.0
39bb9311-7867-4aac-8486-516426374e07,coughvid_data/39bb9311-7867-4aac-8486-516426374e07.wav,coughvid_data/39bb9311-7867-4aac-8486-516426374e07.wav,0.0
f9f521ef-bcba-461f-8dcc-b4df6f6beb2f,coughvid_data/f9f521ef-bcba-461f-8dcc-b4df6f6beb2f.wav,coughvid_data/f9f521ef-bcba-461f-8dcc-b4df6f6beb2f.wav,1.0
538b445d-86fb-4736-9997-8eeffa911c14,coughvid_data/538b445d-86fb-4736-9997-8eeffa911c14.wav,coughvid_data/538b445d-86fb-4736-9997-8eeffa911c14.wav,1.0
ac0dfa09-6d24-4594-8c10-d2f8da59e57f,coughvid_data/ac0dfa09-6d24-4594-8c10-d2f8da59e57f.wav,coughvid_data/ac0dfa09-6d24-4594-8c10-d2f8da59e57f.wav,1.0
844a999f-04be-47a8-9ccc-ca8db65ba6d2,coughvid_data/844a999f-04be-47a8-9ccc-ca8db65ba6d2.wav,coughvid_data/844a999f-04be-47a8-9ccc-ca8db65ba6d2.wav,0.0
d7080219-fe63-4583-8ba3-4c1ce20743d5,coughvid_data/d7080219-fe63-4583-8ba3-4c1ce20743d5.wav,coughvid_data/d7080219-fe63-4583-8ba3-4c1ce20743d5.wav,1.0
1ad85358-38e5-4bdb-bb06-0d2d186956d8,coughvid_data/1ad85358-38e5-4bdb-bb06-0d2d186956d8.wav,coughvid_data/1ad85358-38e5-4bdb-bb06-0d2d186956d8.wav,0.0
d82b952c-46ba-41b5-9912-f14b65cc0b4e,coughvid_data/d82b952c-46ba-41b5-9912-f14b65cc0b4e.wav,coughvid_data/d82b952c-46ba-41b5-9912-f14b65cc0b4e.wav,1.0
f34eb6c1-2258-4e41-9e56-c039cb521173,coughvid_data/f34eb6c1-2258-4e41-9e56-c039cb521173.wav,coughvid_data/f34eb6c1-2258-4e41-9e56-c039cb521173.wav,1.0
0c9523b0-7900-4f41-b16f-8ac16094db8b,coughvid_data/0c9523b0-7900-4f41-b16f-8ac16094db8b.wav,coughvid_data/0c9523b0-7900-4f41-b16f-8ac16094db8b.wav,0.0
b6afa285-4152-4b3c-af04-e67005d88489,coughvid_data/b6afa285-4152-4b3c-af04-e67005d88489.wav,coughvid_data/b6afa285-4152-4b3c-af04-e67005d88489.wav,1.0
8b2ddf55-e5d1-410c-ad96-5fc460466e32,coughvid_data/8b2ddf55-e5d1-410c-ad96-5fc460466e32.wav,coughvid_data/8b2ddf55-e5d1-410c-ad96-5fc460466e32.wav,1.0
5f1eb445-42bf-4c5a-836d-4422a3501daf,coughvid_data/5f1eb445-42bf-4c5a-836d-4422a3501daf.wav,coughvid_data/5f1eb445-42bf-4c5a-836d-4422a3501daf.wav,0.0
613dc091-6316-4460-b640-8efb125a966c,coughvid_data/613dc091-6316-4460-b640-8efb125a966c.wav,coughvid_data/613dc091-6316-4460-b640-8efb125a966c.wav,1.0
b3f3b450-4933-4b46-85bb-a84ea3cbbbc0,coughvid_data/b3f3b450-4933-4b46-85bb-a84ea3cbbbc0.wav,coughvid_data/b3f3b450-4933-4b46-85bb-a84ea3cbbbc0.wav,0.0
c6671219-73a3-4fa0-bd88-8c1113b8afec,coughvid_data/c6671219-73a3-4fa0-bd88-8c1113b8afec.wav,coughvid_data/c6671219-73a3-4fa0-bd88-8c1113b8afec.wav,0.0
ec3b14e3-a875-43cc-84eb-bd968ff2a5bf,coughvid_data/ec3b14e3-a875-43cc-84eb-bd968ff2a5bf.wav,coughvid_data/ec3b14e3-a875-43cc-84eb-bd968ff2a5bf.wav,0.0
590b287d-12fd-416f-97f1-a00d7fdfcae1,coughvid_data/590b287d-12fd-416f-97f1-a00d7fdfcae1.wav,coughvid_data/590b287d-12fd-416f-97f1-a00d7fdfcae1.wav,1.0
27c4ee60-6df1-4357-87df-66d63387b2ce,coughvid_data/27c4ee60-6df1-4357-87df-66d63387b2ce.wav,coughvid_data/27c4ee60-6df1-4357-87df-66d63387b2ce.wav,1.0
e2f47c7b-cc27-4b6b-af0f-90d354baa172,coughvid_data/e2f47c7b-cc27-4b6b-af0f-90d354baa172.wav,coughvid_data/e2f47c7b-cc27-4b6b-af0f-90d354baa172.wav,0.0
011a31c2-9812-4521-aca4-ccb04be99a39,coughvid_data/011a31c2-9812-4521-aca4-ccb04be99a39.wav,coughvid_data/011a31c2-9812-4521-aca4-ccb04be99a39.wav,1.0
e74f30f3-63c0-483c-aa91-0afa4e54479a,coughvid_data/e74f30f3-63c0-483c-aa91-0afa4e54479a.wav,coughvid_data/e74f30f3-63c0-483c-aa91-0afa4e54479a.wav,1.0
bf276ec3-ad5a-475d-a73a-28f15568c9e1,coughvid_data/bf276ec3-ad5a-475d-a73a-28f15568c9e1.wav,coughvid_data/bf276ec3-ad5a-475d-a73a-28f15568c9e1.wav,1.0
caa8f995-06f5-4af0-b439-a34c9ad7142b,coughvid_data/caa8f995-06f5-4af0-b439-a34c9ad7142b.wav,coughvid_data/caa8f995-06f5-4af0-b439-a34c9ad7142b.wav,1.0
5b7418c3-53f2-4119-a48c-1048ad9b228a,coughvid_data/5b7418c3-53f2-4119-a48c-1048ad9b228a.wav,coughvid_data/5b7418c3-53f2-4119-a48c-1048ad9b228a.wav,1.0
9d877c1d-c02b-40db-8a80-876a83913a4c,coughvid_data/9d877c1d-c02b-40db-8a80-876a83913a4c.wav,coughvid_data/9d877c1d-c02b-40db-8a80-876a83913a4c.wav,0.0
5e81ab0c-8abf-4d9b-9097-fcaa2629febe,coughvid_data/5e81ab0c-8abf-4d9b-9097-fcaa2629febe.wav,coughvid_data/5e81ab0c-8abf-4d9b-9097-fcaa2629febe.wav,1.0
1815558e-7a10-406f-af9a-4c9c0ac627ce,coughvid_data/1815558e-7a10-406f-af9a-4c9c0ac627ce.wav,coughvid_data/1815558e-7a10-406f-af9a-4c9c0ac627ce.wav,0.0
4f2b8367-f275-4c44-aa71-fd47138ae975,coughvid_data/4f2b8367-f275-4c44-aa71-fd47138ae975.wav,coughvid_data/4f2b8367-f275-4c44-aa71-fd47138ae975.wav,0.0
2e477ef2-5a68-4701-8ab2-a6c6aee0186f,coughvid_data/2e477ef2-5a68-4701-8ab2-a6c6aee0186f.wav,coughvid_data/2e477ef2-5a68-4701-8ab2-a6c6aee0186f.wav,1.0
69976c94-e7a4-4db1-8625-ef49db1d3955,coughvid_data/69976c94-e7a4-4db1-8625-ef49db1d3955.wav,coughvid_data/69976c94-e7a4-4db1-8625-ef49db1d3955.wav,1.0
a335efed-6f82-4b0b-83af-655f77d6b806,coughvid_data/a335efed-6f82-4b0b-83af-655f77d6b806.wav,coughvid_data/a335efed-6f82-4b0b-83af-655f77d6b806.wav,1.0
7eb17cea-b0b8-42b4-9dd5-7fdfcd292a48,coughvid_data/7eb17cea-b0b8-42b4-9dd5-7fdfcd292a48.wav,coughvid_data/7eb17cea-b0b8-42b4-9dd5-7fdfcd292a48.wav,1.0
9f353c50-e249-42f7-8151-2ffd8bd5da4b,coughvid_data/9f353c50-e249-42f7-8151-2ffd8bd5da4b.wav,coughvid_data/9f353c50-e249-42f7-8151-2ffd8bd5da4b.wav,0.0
08d5d346-6219-4e6d-ac06-ef489f2d186c,coughvid_data/08d5d346-6219-4e6d-ac06-ef489f2d186c.wav,coughvid_data/08d5d346-6219-4e6d-ac06-ef489f2d186c.wav,1.0
a3303d3c-a4ee-4898-bbd6-3f50d918b6e7,coughvid_data/a3303d3c-a4ee-4898-bbd6-3f50d918b6e7.wav,coughvid_data/a3303d3c-a4ee-4898-bbd6-3f50d918b6e7.wav,1.0
6a6b6cf9-5414-4a87-9cc5-9cd9d0c4d01a,coughvid_data/6a6b6cf9-5414-4a87-9cc5-9cd9d0c4d01a.wav,coughvid_data/6a6b6cf9-5414-4a87-9cc5-9cd9d0c4d01a.wav,1.0
4a39216d-fdac-4a28-b2cc-367e39d098aa,coughvid_data/4a39216d-fdac-4a28-b2cc-367e39d098aa.wav,coughvid_data/4a39216d-fdac-4a28-b2cc-367e39d098aa.wav,1.0
1fa3b4c3-3a6b-4536-a5cc-3eca14fc05a5,coughvid_data/1fa3b4c3-3a6b-4536-a5cc-3eca14fc05a5.wav,coughvid_data/1fa3b4c3-3a6b-4536-a5cc-3eca14fc05a5.wav,0.0
bb254f57-59ac-4387-b341-f2b43deade5b,coughvid_data/bb254f57-59ac-4387-b341-f2b43deade5b.wav,coughvid_data/bb254f57-59ac-4387-b341-f2b43deade5b.wav,1.0
8577563b-6fe0-4bd8-8a7e-49a868d1f090,coughvid_data/8577563b-6fe0-4bd8-8a7e-49a868d1f090.wav,coughvid_data/8577563b-6fe0-4bd8-8a7e-49a868d1f090.wav,0.0
bef25fec-0287-4599-881f-80f85764f1f3,coughvid_data/bef25fec-0287-4599-881f-80f85764f1f3.wav,coughvid_data/bef25fec-0287-4599-881f-80f85764f1f3.wav,1.0
6febe1c8-0e11-4a51-a7c0-a7bd36fe37f3,coughvid_data/6febe1c8-0e11-4a51-a7c0-a7bd36fe37f3.wav,coughvid_data/6febe1c8-0e11-4a51-a7c0-a7bd36fe37f3.wav,1.0
0a57a054-22f7-476f-9529-ee12a1fbd04c,coughvid_data/0a57a054-22f7-476f-9529-ee12a1fbd04c.wav,coughvid_data/0a57a054-22f7-476f-9529-ee12a1fbd04c.wav,0.0
f855506a-6676-49c9-a166-2b6617fdbcb4,coughvid_data/f855506a-6676-49c9-a166-2b6617fdbcb4.wav,coughvid_data/f855506a-6676-49c9-a166-2b6617fdbcb4.wav,0.0
9ba36cad-f70d-46b0-8f90-8214e6e09e92,coughvid_data/9ba36cad-f70d-46b0-8f90-8214e6e09e92.wav,coughvid_data/9ba36cad-f70d-46b0-8f90-8214e6e09e92.wav,0.0
23b27f73-bbcc-4856-a5bd-8a9719e471db,coughvid_data/23b27f73-bbcc-4856-a5bd-8a9719e471db.wav,coughvid_data/23b27f73-bbcc-4856-a5bd-8a9719e471db.wav,1.0
a9a0b580-41e1-4ec1-877a-525a979529aa,coughvid_data/a9a0b580-41e1-4ec1-877a-525a979529aa.wav,coughvid_data/a9a0b580-41e1-4ec1-877a-525a979529aa.wav,1.0
bdb8e4d9-8964-41f5-9cb0-6f8983c5a1ed,coughvid_data/bdb8e4d9-8964-41f5-9cb0-6f8983c5a1ed.wav,coughvid_data/bdb8e4d9-8964-41f5-9cb0-6f8983c5a1ed.wav,0.0
6071255b-8bbb-49ea-8731-acc58153f716,coughvid_data/6071255b-8bbb-49ea-8731-acc58153f716.wav,coughvid_data/6071255b-8bbb-49ea-8731-acc58153f716.wav,1.0
16134688-3d56-43c6-b246-2e646c0e29ff,coughvid_data/16134688-3d56-43c6-b246-2e646c0e29ff.wav,coughvid_data/16134688-3d56-43c6-b246-2e646c0e29ff.wav,0.0
d988848b-c688-449e-9f5e-0baad666f0f0,coughvid_data/d988848b-c688-449e-9f5e-0baad666f0f0.wav,coughvid_data/d988848b-c688-449e-9f5e-0baad666f0f0.wav,1.0
4dac7527-c2c7-4e68-9005-df8c8e087d99,coughvid_data/4dac7527-c2c7-4e68-9005-df8c8e087d99.wav,coughvid_data/4dac7527-c2c7-4e68-9005-df8c8e087d99.wav,0.0
403a07fb-bd26-449a-bc84-619f96bcca72,coughvid_data/403a07fb-bd26-449a-bc84-619f96bcca72.wav,coughvid_data/403a07fb-bd26-449a-bc84-619f96bcca72.wav,0.0
b2ec0921-6175-44c7-b5ab-6a81908d139f,coughvid_data/b2ec0921-6175-44c7-b5ab-6a81908d139f.wav,coughvid_data/b2ec0921-6175-44c7-b5ab-6a81908d139f.wav,1.0
3a5f4dc8-97b8-4a3e-9516-bfca8d990b8f,coughvid_data/3a5f4dc8-97b8-4a3e-9516-bfca8d990b8f.wav,coughvid_data/3a5f4dc8-97b8-4a3e-9516-bfca8d990b8f.wav,1.0
9875412f-e7b8-4282-9a6c-d3014a4a059a,coughvid_data/9875412f-e7b8-4282-9a6c-d3014a4a059a.wav,coughvid_data/9875412f-e7b8-4282-9a6c-d3014a4a059a.wav,1.0
c597a3f9-4aa8-461a-939e-679627ea9452,coughvid_data/c597a3f9-4aa8-461a-939e-679627ea9452.wav,coughvid_data/c597a3f9-4aa8-461a-939e-679627ea9452.wav,0.0
b79acf69-577a-4c56-8f3e-6d1f4c305259,coughvid_data/b79acf69-577a-4c56-8f3e-6d1f4c305259.wav,coughvid_data/b79acf69-577a-4c56-8f3e-6d1f4c305259.wav,0.0
539a4a0b-c59c-4e05-85e5-c2874cb2e6a8,coughvid_data/539a4a0b-c59c-4e05-85e5-c2874cb2e6a8.wav,coughvid_data/539a4a0b-c59c-4e05-85e5-c2874cb2e6a8.wav,0.0
41171192-378f-4cdd-9512-6998f64425b4,coughvid_data/41171192-378f-4cdd-9512-6998f64425b4.wav,coughvid_data/41171192-378f-4cdd-9512-6998f64425b4.wav,1.0
a2f67e3d-47c2-4680-a09d-5355a3f99276,coughvid_data/a2f67e3d-47c2-4680-a09d-5355a3f99276.wav,coughvid_data/a2f67e3d-47c2-4680-a09d-5355a3f99276.wav,1.0
90de1576-89c4-476e-8bdc-9671a91f0075,coughvid_data/90de1576-89c4-476e-8bdc-9671a91f0075.wav,coughvid_data/90de1576-89c4-476e-8bdc-9671a91f0075.wav,0.0
230d5eb1-913e-4150-9678-75f8b7c9d319,coughvid_data/230d5eb1-913e-4150-9678-75f8b7c9d319.wav,coughvid_data/230d5eb1-913e-4150-9678-75f8b7c9d319.wav,1.0
4d58cad4-5ec6-4fde-9d87-267a351b15a3,coughvid_data/4d58cad4-5ec6-4fde-9d87-267a351b15a3.wav,coughvid_data/4d58cad4-5ec6-4fde-9d87-267a351b15a3.wav,1.0
39791f26-0507-4862-ada4-369e28225207,coughvid_data/39791f26-0507-4862-ada4-369e28225207.wav,coughvid_data/39791f26-0507-4862-ada4-369e28225207.wav,1.0
b8350121-7363-4a9b-bb81-a2c87d6568cd,coughvid_data/b8350121-7363-4a9b-bb81-a2c87d6568cd.wav,coughvid_data/b8350121-7363-4a9b-bb81-a2c87d6568cd.wav,1.0
c1d136ce-f511-4ff3-98a8-efdf4487cd5f,coughvid_data/c1d136ce-f511-4ff3-98a8-efdf4487cd5f.wav,coughvid_data/c1d136ce-f511-4ff3-98a8-efdf4487cd5f.wav,0.0
0160d81f-c516-4980-aa1d-1ef4cf08149c,coughvid_data/0160d81f-c516-4980-aa1d-1ef4cf08149c.wav,coughvid_data/0160d81f-c516-4980-aa1d-1ef4cf08149c.wav,1.0
60bc90d8-4083-4bc0-9633-1ce4bb70704a,coughvid_data/60bc90d8-4083-4bc0-9633-1ce4bb70704a.wav,coughvid_data/60bc90d8-4083-4bc0-9633-1ce4bb70704a.wav,1.0
66d2a9e1-d87a-4488-9d60-55583d6fb419,coughvid_data/66d2a9e1-d87a-4488-9d60-55583d6fb419.wav,coughvid_data/66d2a9e1-d87a-4488-9d60-55583d6fb419.wav,1.0
d63b37e5-7200-4aef-9dc3-b66517abb84b,coughvid_data/d63b37e5-7200-4aef-9dc3-b66517abb84b.wav,coughvid_data/d63b37e5-7200-4aef-9dc3-b66517abb84b.wav,1.0
92dcb315-edd8-4b61-9539-a65adbd766ce,coughvid_data/92dcb315-edd8-4b61-9539-a65adbd766ce.wav,coughvid_data/92dcb315-edd8-4b61-9539-a65adbd766ce.wav,0.0
07d08674-978e-45e5-8b76-c96961656880,coughvid_data/07d08674-978e-45e5-8b76-c96961656880.wav,coughvid_data/07d08674-978e-45e5-8b76-c96961656880.wav,0.0
6d2c407f-d8ea-4de1-bb74-c2b035bb006f,coughvid_data/6d2c407f-d8ea-4de1-bb74-c2b035bb006f.wav,coughvid_data/6d2c407f-d8ea-4de1-bb74-c2b035bb006f.wav,1.0
6eb6b7fd-e445-4230-af3c-b530d364cee1,coughvid_data/6eb6b7fd-e445-4230-af3c-b530d364cee1.wav,coughvid_data/6eb6b7fd-e445-4230-af3c-b530d364cee1.wav,1.0
a75689df-a41d-46c6-beca-b30f0fd8a1e7,coughvid_data/a75689df-a41d-46c6-beca-b30f0fd8a1e7.wav,coughvid_data/a75689df-a41d-46c6-beca-b30f0fd8a1e7.wav,1.0
7cbf0a1a-520f-4c67-a9e2-3cc375447917,coughvid_data/7cbf0a1a-520f-4c67-a9e2-3cc375447917.wav,coughvid_data/7cbf0a1a-520f-4c67-a9e2-3cc375447917.wav,1.0
d801aaa2-a086-4213-a552-7dd6fbf53943,coughvid_data/d801aaa2-a086-4213-a552-7dd6fbf53943.wav,coughvid_data/d801aaa2-a086-4213-a552-7dd6fbf53943.wav,1.0
a9201977-71bd-4711-839c-082e7e172d68,coughvid_data/a9201977-71bd-4711-839c-082e7e172d68.wav,coughvid_data/a9201977-71bd-4711-839c-082e7e172d68.wav,0.0
c91409af-d36d-4ec3-a26d-ba640c97c90c,coughvid_data/c91409af-d36d-4ec3-a26d-ba640c97c90c.wav,coughvid_data/c91409af-d36d-4ec3-a26d-ba640c97c90c.wav,1.0
b888c0cf-8844-45f1-b25c-96033c5f09f2,coughvid_data/b888c0cf-8844-45f1-b25c-96033c5f09f2.wav,coughvid_data/b888c0cf-8844-45f1-b25c-96033c5f09f2.wav,0.0
b31d66fb-080e-41e7-a5c5-c985f99ad408,coughvid_data/b31d66fb-080e-41e7-a5c5-c985f99ad408.wav,coughvid_data/b31d66fb-080e-41e7-a5c5-c985f99ad408.wav,0.0
0b016126-f6b1-422e-96e5-7f09334ea144,coughvid_data/0b016126-f6b1-422e-96e5-7f09334ea144.wav,coughvid_data/0b016126-f6b1-422e-96e5-7f09334ea144.wav,0.0
aba8270d-6320-4a1f-998e-5ecf49a60caf,coughvid_data/aba8270d-6320-4a1f-998e-5ecf49a60caf.wav,coughvid_data/aba8270d-6320-4a1f-998e-5ecf49a60caf.wav,1.0
088a7475-abc7-4b83-835b-0eeceb35441f,coughvid_data/088a7475-abc7-4b83-835b-0eeceb35441f.wav,coughvid_data/088a7475-abc7-4b83-835b-0eeceb35441f.wav,0.0
a8085892-150d-43d9-bc97-9a7497da34c6,coughvid_data/a8085892-150d-43d9-bc97-9a7497da34c6.wav,coughvid_data/a8085892-150d-43d9-bc97-9a7497da34c6.wav,1.0
d6549d28-0b78-4f83-8d95-1126512d2ce8,coughvid_data/d6549d28-0b78-4f83-8d95-1126512d2ce8.wav,coughvid_data/d6549d28-0b78-4f83-8d95-1126512d2ce8.wav,0.0
5896aff8-42d0-4de6-bbbb-c1038a6a0b32,coughvid_data/5896aff8-42d0-4de6-bbbb-c1038a6a0b32.wav,coughvid_data/5896aff8-42d0-4de6-bbbb-c1038a6a0b32.wav,0.0
278d4abf-1f9f-4aa9-a482-166b9a50691d,coughvid_data/278d4abf-1f9f-4aa9-a482-166b9a50691d.wav,coughvid_data/278d4abf-1f9f-4aa9-a482-166b9a50691d.wav,0.0
f06d1efb-586e-4844-9e19-11b3e04402e9,coughvid_data/f06d1efb-586e-4844-9e19-11b3e04402e9.wav,coughvid_data/f06d1efb-586e-4844-9e19-11b3e04402e9.wav,1.0
b9efed8b-2e7a-40b2-bdd9-dd5e861ca5d0,coughvid_data/b9efed8b-2e7a-40b2-bdd9-dd5e861ca5d0.wav,coughvid_data/b9efed8b-2e7a-40b2-bdd9-dd5e861ca5d0.wav,0.0
c43056de-946d-4eb7-8e20-99728d84d820,coughvid_data/c43056de-946d-4eb7-8e20-99728d84d820.wav,coughvid_data/c43056de-946d-4eb7-8e20-99728d84d820.wav,0.0
910d69de-4402-4922-862e-d2309e2714c8,coughvid_data/910d69de-4402-4922-862e-d2309e2714c8.wav,coughvid_data/910d69de-4402-4922-862e-d2309e2714c8.wav,0.0
b0e3848a-538f-4f29-aeda-9e42653ce8e9,coughvid_data/b0e3848a-538f-4f29-aeda-9e42653ce8e9.wav,coughvid_data/b0e3848a-538f-4f29-aeda-9e42653ce8e9.wav,0.0
7f1f564a-55eb-4357-b411-e0bf9818e56c,coughvid_data/7f1f564a-55eb-4357-b411-e0bf9818e56c.wav,coughvid_data/7f1f564a-55eb-4357-b411-e0bf9818e56c.wav,1.0
8854cf34-01af-460f-b5bc-bb54bd460987,coughvid_data/8854cf34-01af-460f-b5bc-bb54bd460987.wav,coughvid_data/8854cf34-01af-460f-b5bc-bb54bd460987.wav,1.0
e97640ae-1e7e-44e4-b435-87ac1560ea83,coughvid_data/e97640ae-1e7e-44e4-b435-87ac1560ea83.wav,coughvid_data/e97640ae-1e7e-44e4-b435-87ac1560ea83.wav,0.0
059eb180-bd06-4f60-aa98-8f24a2a79a0a,coughvid_data/059eb180-bd06-4f60-aa98-8f24a2a79a0a.wav,coughvid_data/059eb180-bd06-4f60-aa98-8f24a2a79a0a.wav,0.0
97146ed2-5930-48ca-be12-cf3857e21944,coughvid_data/97146ed2-5930-48ca-be12-cf3857e21944.wav,coughvid_data/97146ed2-5930-48ca-be12-cf3857e21944.wav,1.0
0aed7f53-9941-4a24-9b28-a64f68c6b435,coughvid_data/0aed7f53-9941-4a24-9b28-a64f68c6b435.wav,coughvid_data/0aed7f53-9941-4a24-9b28-a64f68c6b435.wav,0.0
4fe6492a-87ea-42c2-b1e1-4c302e930095,coughvid_data/4fe6492a-87ea-42c2-b1e1-4c302e930095.wav,coughvid_data/4fe6492a-87ea-42c2-b1e1-4c302e930095.wav,0.0
1a98ac12-c60b-4a5d-960f-891520787371,coughvid_data/1a98ac12-c60b-4a5d-960f-891520787371.wav,coughvid_data/1a98ac12-c60b-4a5d-960f-891520787371.wav,0.0
1b32ac32-49c2-4334-b90e-406dbfdb63ec,coughvid_data/1b32ac32-49c2-4334-b90e-406dbfdb63ec.wav,coughvid_data/1b32ac32-49c2-4334-b90e-406dbfdb63ec.wav,0.0
52cbe24a-895c-467a-b32f-4a33a40d841d,coughvid_data/52cbe24a-895c-467a-b32f-4a33a40d841d.wav,coughvid_data/52cbe24a-895c-467a-b32f-4a33a40d841d.wav,0.0
46a647cb-8f90-4020-affb-775bf931e775,coughvid_data/46a647cb-8f90-4020-affb-775bf931e775.wav,coughvid_data/46a647cb-8f90-4020-affb-775bf931e775.wav,1.0
e6ec050d-ae9d-401a-bd28-728bf32624e0,coughvid_data/e6ec050d-ae9d-401a-bd28-728bf32624e0.wav,coughvid_data/e6ec050d-ae9d-401a-bd28-728bf32624e0.wav,0.0
9ef03bd7-d2b4-4e92-9cc8-bacf4d6933b7,coughvid_data/9ef03bd7-d2b4-4e92-9cc8-bacf4d6933b7.wav,coughvid_data/9ef03bd7-d2b4-4e92-9cc8-bacf4d6933b7.wav,0.0
668c6e03-edc6-45aa-98d1-429fe5bd92fa,coughvid_data/668c6e03-edc6-45aa-98d1-429fe5bd92fa.wav,coughvid_data/668c6e03-edc6-45aa-98d1-429fe5bd92fa.wav,1.0
743f3740-8385-4c7c-8ae6-a8230657572f,coughvid_data/743f3740-8385-4c7c-8ae6-a8230657572f.wav,coughvid_data/743f3740-8385-4c7c-8ae6-a8230657572f.wav,1.0
e9018527-5782-431e-b9e8-1dfd6ccfa4ab,coughvid_data/e9018527-5782-431e-b9e8-1dfd6ccfa4ab.wav,coughvid_data/e9018527-5782-431e-b9e8-1dfd6ccfa4ab.wav,0.0
82aa74eb-9a0a-4e39-8014-5ecce0587737,coughvid_data/82aa74eb-9a0a-4e39-8014-5ecce0587737.wav,coughvid_data/82aa74eb-9a0a-4e39-8014-5ecce0587737.wav,1.0
20b86a36-26ba-4b57-840c-e7441a202eec,coughvid_data/20b86a36-26ba-4b57-840c-e7441a202eec.wav,coughvid_data/20b86a36-26ba-4b57-840c-e7441a202eec.wav,0.0
2fce4a79-29e7-43a0-bdf1-2a68fc03f7fa,coughvid_data/2fce4a79-29e7-43a0-bdf1-2a68fc03f7fa.wav,coughvid_data/2fce4a79-29e7-43a0-bdf1-2a68fc03f7fa.wav,1.0
b6165d05-e841-44cc-bb13-a59d6ceed6ed,coughvid_data/b6165d05-e841-44cc-bb13-a59d6ceed6ed.wav,coughvid_data/b6165d05-e841-44cc-bb13-a59d6ceed6ed.wav,1.0
673c153e-ab5b-42e2-85c7-578fd55fc1ff,coughvid_data/673c153e-ab5b-42e2-85c7-578fd55fc1ff.wav,coughvid_data/673c153e-ab5b-42e2-85c7-578fd55fc1ff.wav,1.0
34e4c711-fd77-4f76-babf-76437885227e,coughvid_data/34e4c711-fd77-4f76-babf-76437885227e.wav,coughvid_data/34e4c711-fd77-4f76-babf-76437885227e.wav,1.0
1f3cf027-3ec6-4592-9447-2e1e713742ee,coughvid_data/1f3cf027-3ec6-4592-9447-2e1e713742ee.wav,coughvid_data/1f3cf027-3ec6-4592-9447-2e1e713742ee.wav,1.0
3e1fa99c-0152-4ab0-9d4d-640ada91227e,coughvid_data/3e1fa99c-0152-4ab0-9d4d-640ada91227e.wav,coughvid_data/3e1fa99c-0152-4ab0-9d4d-640ada91227e.wav,1.0
95e10231-36ad-46d5-9a62-32aeda2f915b,coughvid_data/95e10231-36ad-46d5-9a62-32aeda2f915b.wav,coughvid_data/95e10231-36ad-46d5-9a62-32aeda2f915b.wav,0.0
5c6aacf8-c4b3-48c2-813d-777a4bfd6ecd,coughvid_data/5c6aacf8-c4b3-48c2-813d-777a4bfd6ecd.wav,coughvid_data/5c6aacf8-c4b3-48c2-813d-777a4bfd6ecd.wav,0.0
5a394271-11a1-4021-8c94-c32748a25896,coughvid_data/5a394271-11a1-4021-8c94-c32748a25896.wav,coughvid_data/5a394271-11a1-4021-8c94-c32748a25896.wav,0.0
a80543d0-200a-41a8-95d2-9651a5e2ad19,coughvid_data/a80543d0-200a-41a8-95d2-9651a5e2ad19.wav,coughvid_data/a80543d0-200a-41a8-95d2-9651a5e2ad19.wav,0.0
909f7f8b-d304-4238-83b0-de0e4114d3e2,coughvid_data/909f7f8b-d304-4238-83b0-de0e4114d3e2.wav,coughvid_data/909f7f8b-d304-4238-83b0-de0e4114d3e2.wav,1.0
1438c8ae-65ec-4518-9f3e-8a48c80223b4,coughvid_data/1438c8ae-65ec-4518-9f3e-8a48c80223b4.wav,coughvid_data/1438c8ae-65ec-4518-9f3e-8a48c80223b4.wav,0.0
463dbe6f-21a6-40f0-8a55-c3b075bc019d,coughvid_data/463dbe6f-21a6-40f0-8a55-c3b075bc019d.wav,coughvid_data/463dbe6f-21a6-40f0-8a55-c3b075bc019d.wav,1.0
c4e09717-fb84-4e64-978b-62fa65ef9e7f,coughvid_data/c4e09717-fb84-4e64-978b-62fa65ef9e7f.wav,coughvid_data/c4e09717-fb84-4e64-978b-62fa65ef9e7f.wav,0.0
39dccfda-3dc7-487c-85f6-05d45d737787,coughvid_data/39dccfda-3dc7-487c-85f6-05d45d737787.wav,coughvid_data/39dccfda-3dc7-487c-85f6-05d45d737787.wav,0.0
61d5e5b9-0780-441f-9a86-779c9962b461,coughvid_data/61d5e5b9-0780-441f-9a86-779c9962b461.wav,coughvid_data/61d5e5b9-0780-441f-9a86-779c9962b461.wav,0.0
7db71a62-00ab-42d8-a770-7d6dd909b567,coughvid_data/7db71a62-00ab-42d8-a770-7d6dd909b567.wav,coughvid_data/7db71a62-00ab-42d8-a770-7d6dd909b567.wav,1.0
59cb6076-9e87-4452-a155-e0721a132820,coughvid_data/59cb6076-9e87-4452-a155-e0721a132820.wav,coughvid_data/59cb6076-9e87-4452-a155-e0721a132820.wav,0.0
5cee04e5-f3b1-4749-a68d-dfa6f7c4b2f0,coughvid_data/5cee04e5-f3b1-4749-a68d-dfa6f7c4b2f0.wav,coughvid_data/5cee04e5-f3b1-4749-a68d-dfa6f7c4b2f0.wav,0.0
cedd81db-b56f-4343-aef1-375d94a1c4ca,coughvid_data/cedd81db-b56f-4343-aef1-375d94a1c4ca.wav,coughvid_data/cedd81db-b56f-4343-aef1-375d94a1c4ca.wav,1.0
21d356cf-e291-4911-9ec8-5b035e77bff4,coughvid_data/21d356cf-e291-4911-9ec8-5b035e77bff4.wav,coughvid_data/21d356cf-e291-4911-9ec8-5b035e77bff4.wav,1.0
4643f2b9-314a-4c69-8b22-8803551d1a18,coughvid_data/4643f2b9-314a-4c69-8b22-8803551d1a18.wav,coughvid_data/4643f2b9-314a-4c69-8b22-8803551d1a18.wav,0.0
212e4a83-34b9-4973-b0c4-c05567acdd8c,coughvid_data/212e4a83-34b9-4973-b0c4-c05567acdd8c.wav,coughvid_data/212e4a83-34b9-4973-b0c4-c05567acdd8c.wav,0.0
a0a43cc1-db49-4445-8e79-2b4e6a2a1658,coughvid_data/a0a43cc1-db49-4445-8e79-2b4e6a2a1658.wav,coughvid_data/a0a43cc1-db49-4445-8e79-2b4e6a2a1658.wav,0.0
4f6ee61c-a786-441e-93c4-90f79c49aa3e,coughvid_data/4f6ee61c-a786-441e-93c4-90f79c49aa3e.wav,coughvid_data/4f6ee61c-a786-441e-93c4-90f79c49aa3e.wav,0.0
e2915418-7b71-4f81-a8a5-e2467db6c87e,coughvid_data/e2915418-7b71-4f81-a8a5-e2467db6c87e.wav,coughvid_data/e2915418-7b71-4f81-a8a5-e2467db6c87e.wav,0.0
8f779153-cb73-4735-adfa-6890aaacdb4d,coughvid_data/8f779153-cb73-4735-adfa-6890aaacdb4d.wav,coughvid_data/8f779153-cb73-4735-adfa-6890aaacdb4d.wav,0.0
abd6c883-84ef-461f-825e-d22412524d2e,coughvid_data/abd6c883-84ef-461f-825e-d22412524d2e.wav,coughvid_data/abd6c883-84ef-461f-825e-d22412524d2e.wav,1.0
66473f18-f709-4c0a-bc99-91e621b3af49,coughvid_data/66473f18-f709-4c0a-bc99-91e621b3af49.wav,coughvid_data/66473f18-f709-4c0a-bc99-91e621b3af49.wav,1.0
7e4cf3ef-9c9a-43ff-8e0e-527eddeff067,coughvid_data/7e4cf3ef-9c9a-43ff-8e0e-527eddeff067.wav,coughvid_data/7e4cf3ef-9c9a-43ff-8e0e-527eddeff067.wav,1.0
4678f70a-3e26-411e-a166-c26852fd8217,coughvid_data/4678f70a-3e26-411e-a166-c26852fd8217.wav,coughvid_data/4678f70a-3e26-411e-a166-c26852fd8217.wav,1.0
6954a96f-8c2d-4901-b75c-d2078ab2ce9b,coughvid_data/6954a96f-8c2d-4901-b75c-d2078ab2ce9b.wav,coughvid_data/6954a96f-8c2d-4901-b75c-d2078ab2ce9b.wav,1.0
5e4962ee-725d-4210-a63a-d63999ffb3ec,coughvid_data/5e4962ee-725d-4210-a63a-d63999ffb3ec.wav,coughvid_data/5e4962ee-725d-4210-a63a-d63999ffb3ec.wav,1.0
24a52451-be63-4197-9c64-a913e8d99a7c,coughvid_data/24a52451-be63-4197-9c64-a913e8d99a7c.wav,coughvid_data/24a52451-be63-4197-9c64-a913e8d99a7c.wav,1.0
e42d6480-8321-4306-b984-7c6e0073d0d3,coughvid_data/e42d6480-8321-4306-b984-7c6e0073d0d3.wav,coughvid_data/e42d6480-8321-4306-b984-7c6e0073d0d3.wav,1.0
bfd6109a-0642-4334-9d02-3caddacf51af,coughvid_data/bfd6109a-0642-4334-9d02-3caddacf51af.wav,coughvid_data/bfd6109a-0642-4334-9d02-3caddacf51af.wav,0.0
26227ed3-6d9e-4dea-b232-ee3346dd89f7,coughvid_data/26227ed3-6d9e-4dea-b232-ee3346dd89f7.wav,coughvid_data/26227ed3-6d9e-4dea-b232-ee3346dd89f7.wav,0.0
576f43c1-de90-4ea4-a488-1ca979401482,coughvid_data/576f43c1-de90-4ea4-a488-1ca979401482.wav,coughvid_data/576f43c1-de90-4ea4-a488-1ca979401482.wav,1.0
d0daf526-c063-4db7-840b-d05ca42cca6e,coughvid_data/d0daf526-c063-4db7-840b-d05ca42cca6e.wav,coughvid_data/d0daf526-c063-4db7-840b-d05ca42cca6e.wav,1.0
f0bd8e43-e7bf-44d3-975d-deb5629cb511,coughvid_data/f0bd8e43-e7bf-44d3-975d-deb5629cb511.wav,coughvid_data/f0bd8e43-e7bf-44d3-975d-deb5629cb511.wav,1.0
50b301e8-eb6f-4b88-8a5c-bbb21ba5660c,coughvid_data/50b301e8-eb6f-4b88-8a5c-bbb21ba5660c.wav,coughvid_data/50b301e8-eb6f-4b88-8a5c-bbb21ba5660c.wav,0.0
b931c88c-eca9-4e8c-859a-e53343df5f18,coughvid_data/b931c88c-eca9-4e8c-859a-e53343df5f18.wav,coughvid_data/b931c88c-eca9-4e8c-859a-e53343df5f18.wav,1.0
b8af8da0-2470-4038-b884-29ab339f81ff,coughvid_data/b8af8da0-2470-4038-b884-29ab339f81ff.wav,coughvid_data/b8af8da0-2470-4038-b884-29ab339f81ff.wav,0.0
41c05602-f87c-4adf-b197-13ba4a72fb3a,coughvid_data/41c05602-f87c-4adf-b197-13ba4a72fb3a.wav,coughvid_data/41c05602-f87c-4adf-b197-13ba4a72fb3a.wav,1.0
b68a0a4e-7622-4426-875e-0dd9d6604224,coughvid_data/b68a0a4e-7622-4426-875e-0dd9d6604224.wav,coughvid_data/b68a0a4e-7622-4426-875e-0dd9d6604224.wav,1.0
4b238b64-40f9-48cc-a6b0-6ba79d710023,coughvid_data/4b238b64-40f9-48cc-a6b0-6ba79d710023.wav,coughvid_data/4b238b64-40f9-48cc-a6b0-6ba79d710023.wav,0.0
b3da744c-5595-4876-9b8c-c09a9a288bfb,coughvid_data/b3da744c-5595-4876-9b8c-c09a9a288bfb.wav,coughvid_data/b3da744c-5595-4876-9b8c-c09a9a288bfb.wav,0.0
03e6943b-c3e6-420d-8ded-a667f4ddc565,coughvid_data/03e6943b-c3e6-420d-8ded-a667f4ddc565.wav,coughvid_data/03e6943b-c3e6-420d-8ded-a667f4ddc565.wav,0.0
2e9f905a-697c-48db-883e-7e905873172f,coughvid_data/2e9f905a-697c-48db-883e-7e905873172f.wav,coughvid_data/2e9f905a-697c-48db-883e-7e905873172f.wav,1.0
b197010e-ae38-43ca-adcd-253ccd45ad3b,coughvid_data/b197010e-ae38-43ca-adcd-253ccd45ad3b.wav,coughvid_data/b197010e-ae38-43ca-adcd-253ccd45ad3b.wav,0.0
d9ab064b-3903-445f-9f20-1ca354411c49,coughvid_data/d9ab064b-3903-445f-9f20-1ca354411c49.wav,coughvid_data/d9ab064b-3903-445f-9f20-1ca354411c49.wav,1.0
28aeb434-f7a6-4ed9-abe8-407270158d42,coughvid_data/28aeb434-f7a6-4ed9-abe8-407270158d42.wav,coughvid_data/28aeb434-f7a6-4ed9-abe8-407270158d42.wav,0.0
ae0692e1-c07c-4eb4-94eb-34ae58932550,coughvid_data/ae0692e1-c07c-4eb4-94eb-34ae58932550.wav,coughvid_data/ae0692e1-c07c-4eb4-94eb-34ae58932550.wav,0.0
b17e7db8-041b-40e9-81f3-8771bafc010a,coughvid_data/b17e7db8-041b-40e9-81f3-8771bafc010a.wav,coughvid_data/b17e7db8-041b-40e9-81f3-8771bafc010a.wav,0.0
496ec905-7295-4f98-b94b-c33b33a679b9,coughvid_data/496ec905-7295-4f98-b94b-c33b33a679b9.wav,coughvid_data/496ec905-7295-4f98-b94b-c33b33a679b9.wav,1.0
d5eb9a9b-fd4d-425a-b75c-067b27dc1949,coughvid_data/d5eb9a9b-fd4d-425a-b75c-067b27dc1949.wav,coughvid_data/d5eb9a9b-fd4d-425a-b75c-067b27dc1949.wav,0.0
503dec28-1c32-4c27-8670-8d77c6081051,coughvid_data/503dec28-1c32-4c27-8670-8d77c6081051.wav,coughvid_data/503dec28-1c32-4c27-8670-8d77c6081051.wav,1.0
7049b7d7-714b-4a4a-ad30-af906e882556,coughvid_data/7049b7d7-714b-4a4a-ad30-af906e882556.wav,coughvid_data/7049b7d7-714b-4a4a-ad30-af906e882556.wav,0.0
61f6a828-616a-47bc-a4cb-6b7b400a3c72,coughvid_data/61f6a828-616a-47bc-a4cb-6b7b400a3c72.wav,coughvid_data/61f6a828-616a-47bc-a4cb-6b7b400a3c72.wav,1.0
250d83bb-8008-4a92-a3a8-ec88a733f084,coughvid_data/250d83bb-8008-4a92-a3a8-ec88a733f084.wav,coughvid_data/250d83bb-8008-4a92-a3a8-ec88a733f084.wav,1.0
15504c9f-e2cc-459c-a62c-eb3bdf2fd809,coughvid_data/15504c9f-e2cc-459c-a62c-eb3bdf2fd809.wav,coughvid_data/15504c9f-e2cc-459c-a62c-eb3bdf2fd809.wav,1.0
02d9d3f1-0004-4d00-937a-9c26598ab707,coughvid_data/02d9d3f1-0004-4d00-937a-9c26598ab707.wav,coughvid_data/02d9d3f1-0004-4d00-937a-9c26598ab707.wav,1.0
26abd7b6-569b-41ed-955e-0481ed0368dd,coughvid_data/26abd7b6-569b-41ed-955e-0481ed0368dd.wav,coughvid_data/26abd7b6-569b-41ed-955e-0481ed0368dd.wav,1.0
ce55f43b-b4b6-4f47-89ad-08cb9d002c2c,coughvid_data/ce55f43b-b4b6-4f47-89ad-08cb9d002c2c.wav,coughvid_data/ce55f43b-b4b6-4f47-89ad-08cb9d002c2c.wav,1.0
e599c4dd-fbfc-43c2-b732-8b087ba5d955,coughvid_data/e599c4dd-fbfc-43c2-b732-8b087ba5d955.wav,coughvid_data/e599c4dd-fbfc-43c2-b732-8b087ba5d955.wav,0.0
819567ca-457c-4be8-8e31-d3a94c322f00,coughvid_data/819567ca-457c-4be8-8e31-d3a94c322f00.wav,coughvid_data/819567ca-457c-4be8-8e31-d3a94c322f00.wav,0.0
42e0b01c-4689-44e9-8493-344609bde136,coughvid_data/42e0b01c-4689-44e9-8493-344609bde136.wav,coughvid_data/42e0b01c-4689-44e9-8493-344609bde136.wav,0.0
0e43e310-9fc7-4d45-beb3-bcba1bba5492,coughvid_data/0e43e310-9fc7-4d45-beb3-bcba1bba5492.wav,coughvid_data/0e43e310-9fc7-4d45-beb3-bcba1bba5492.wav,1.0
756909b8-bfd3-4dd9-ab6b-0431db0d35c9,coughvid_data/756909b8-bfd3-4dd9-ab6b-0431db0d35c9.wav,coughvid_data/756909b8-bfd3-4dd9-ab6b-0431db0d35c9.wav,0.0
2a55a130-c638-40cd-b61b-f55d48becfb7,coughvid_data/2a55a130-c638-40cd-b61b-f55d48becfb7.wav,coughvid_data/2a55a130-c638-40cd-b61b-f55d48becfb7.wav,1.0
9843d9be-42c4-4514-a867-01e533073009,coughvid_data/9843d9be-42c4-4514-a867-01e533073009.wav,coughvid_data/9843d9be-42c4-4514-a867-01e533073009.wav,1.0
f3ab745e-7a1c-4fd0-b722-c9104b8c3054,coughvid_data/f3ab745e-7a1c-4fd0-b722-c9104b8c3054.wav,coughvid_data/f3ab745e-7a1c-4fd0-b722-c9104b8c3054.wav,1.0
b2be88de-c9b4-4792-b6ac-8d64deb9ba03,coughvid_data/b2be88de-c9b4-4792-b6ac-8d64deb9ba03.wav,coughvid_data/b2be88de-c9b4-4792-b6ac-8d64deb9ba03.wav,0.0
2e5c6fce-719f-40d6-b25b-381c54b55dbe,coughvid_data/2e5c6fce-719f-40d6-b25b-381c54b55dbe.wav,coughvid_data/2e5c6fce-719f-40d6-b25b-381c54b55dbe.wav,1.0
82d5d7af-8ab6-4c92-8cdd-b0bcc01948f0,coughvid_data/82d5d7af-8ab6-4c92-8cdd-b0bcc01948f0.wav,coughvid_data/82d5d7af-8ab6-4c92-8cdd-b0bcc01948f0.wav,0.0
f7d6f613-e3a3-443a-a743-d550fae66aa8,coughvid_data/f7d6f613-e3a3-443a-a743-d550fae66aa8.wav,coughvid_data/f7d6f613-e3a3-443a-a743-d550fae66aa8.wav,1.0
714e62ee-9e48-457c-a79f-70619dbeced1,coughvid_data/714e62ee-9e48-457c-a79f-70619dbeced1.wav,coughvid_data/714e62ee-9e48-457c-a79f-70619dbeced1.wav,0.0
59851e9d-39f7-4d54-8ba8-2ba60b124f02,coughvid_data/59851e9d-39f7-4d54-8ba8-2ba60b124f02.wav,coughvid_data/59851e9d-39f7-4d54-8ba8-2ba60b124f02.wav,1.0
8eee0406-bbb0-42a1-ae07-13e16c9bc02e,coughvid_data/8eee0406-bbb0-42a1-ae07-13e16c9bc02e.wav,coughvid_data/8eee0406-bbb0-42a1-ae07-13e16c9bc02e.wav,1.0
66243973-2048-411f-adfe-84ce81598ea7,coughvid_data/66243973-2048-411f-adfe-84ce81598ea7.wav,coughvid_data/66243973-2048-411f-adfe-84ce81598ea7.wav,1.0
6ed0abf2-8f4f-4f4c-a5da-5eb0edac612f,coughvid_data/6ed0abf2-8f4f-4f4c-a5da-5eb0edac612f.wav,coughvid_data/6ed0abf2-8f4f-4f4c-a5da-5eb0edac612f.wav,0.0
b3586314-8a5c-44cf-a2d1-a60578c664f5,coughvid_data/b3586314-8a5c-44cf-a2d1-a60578c664f5.wav,coughvid_data/b3586314-8a5c-44cf-a2d1-a60578c664f5.wav,1.0
2d78355d-1387-4215-9f88-044cd7d80f00,coughvid_data/2d78355d-1387-4215-9f88-044cd7d80f00.wav,coughvid_data/2d78355d-1387-4215-9f88-044cd7d80f00.wav,1.0
bf45b598-06ac-4a93-982e-0b5a86faf50f,coughvid_data/bf45b598-06ac-4a93-982e-0b5a86faf50f.wav,coughvid_data/bf45b598-06ac-4a93-982e-0b5a86faf50f.wav,0.0
b07fa8f9-d305-4ee9-bee5-8f45fa7b4e52,coughvid_data/b07fa8f9-d305-4ee9-bee5-8f45fa7b4e52.wav,coughvid_data/b07fa8f9-d305-4ee9-bee5-8f45fa7b4e52.wav,0.0
c1434607-bbfc-4fc9-84cd-6f2d0010718d,coughvid_data/c1434607-bbfc-4fc9-84cd-6f2d0010718d.wav,coughvid_data/c1434607-bbfc-4fc9-84cd-6f2d0010718d.wav,0.0
6ea5658e-78aa-4295-bc6a-33e938a65f35,coughvid_data/6ea5658e-78aa-4295-bc6a-33e938a65f35.wav,coughvid_data/6ea5658e-78aa-4295-bc6a-33e938a65f35.wav,1.0
74330a38-1d0f-4486-af7d-3c00fc52d296,coughvid_data/74330a38-1d0f-4486-af7d-3c00fc52d296.wav,coughvid_data/74330a38-1d0f-4486-af7d-3c00fc52d296.wav,1.0
65258a62-619d-4d23-b017-0a2270253237,coughvid_data/65258a62-619d-4d23-b017-0a2270253237.wav,coughvid_data/65258a62-619d-4d23-b017-0a2270253237.wav,0.0
3e57844a-13a9-4bed-9d71-400177dea506,coughvid_data/3e57844a-13a9-4bed-9d71-400177dea506.wav,coughvid_data/3e57844a-13a9-4bed-9d71-400177dea506.wav,1.0
0f8fb3e0-1a30-4bd3-982a-24342a0bdc70,coughvid_data/0f8fb3e0-1a30-4bd3-982a-24342a0bdc70.wav,coughvid_data/0f8fb3e0-1a30-4bd3-982a-24342a0bdc70.wav,1.0
096dad76-5bc7-4b7d-b534-29769e2e447a,coughvid_data/096dad76-5bc7-4b7d-b534-29769e2e447a.wav,coughvid_data/096dad76-5bc7-4b7d-b534-29769e2e447a.wav,0.0
e7f3f877-57ab-40b4-a3e5-22e55c20b01d,coughvid_data/e7f3f877-57ab-40b4-a3e5-22e55c20b01d.wav,coughvid_data/e7f3f877-57ab-40b4-a3e5-22e55c20b01d.wav,0.0
db24c1d2-d8b4-4be7-a0a8-85892c32739f,coughvid_data/db24c1d2-d8b4-4be7-a0a8-85892c32739f.wav,coughvid_data/db24c1d2-d8b4-4be7-a0a8-85892c32739f.wav,0.0
7fc55fc8-71e8-438e-aadf-96a2b5276e70,coughvid_data/7fc55fc8-71e8-438e-aadf-96a2b5276e70.wav,coughvid_data/7fc55fc8-71e8-438e-aadf-96a2b5276e70.wav,0.0
87019bb9-f78e-4d87-aa46-77b674639bfb,coughvid_data/87019bb9-f78e-4d87-aa46-77b674639bfb.wav,coughvid_data/87019bb9-f78e-4d87-aa46-77b674639bfb.wav,0.0
ac4ea2db-4fff-4a7f-a5fe-3a9ade2f1020,coughvid_data/ac4ea2db-4fff-4a7f-a5fe-3a9ade2f1020.wav,coughvid_data/ac4ea2db-4fff-4a7f-a5fe-3a9ade2f1020.wav,1.0
a46e0dfd-f746-4fdc-9736-ceba1e74ecd1,coughvid_data/a46e0dfd-f746-4fdc-9736-ceba1e74ecd1.wav,coughvid_data/a46e0dfd-f746-4fdc-9736-ceba1e74ecd1.wav,1.0
879f956b-5241-449f-92d2-6d6e059582c6,coughvid_data/879f956b-5241-449f-92d2-6d6e059582c6.wav,coughvid_data/879f956b-5241-449f-92d2-6d6e059582c6.wav,1.0
65f3b296-5517-4e1f-a594-4385059130e0,coughvid_data/65f3b296-5517-4e1f-a594-4385059130e0.wav,coughvid_data/65f3b296-5517-4e1f-a594-4385059130e0.wav,0.0
e506f620-0167-466d-8c42-f71a955d3802,coughvid_data/e506f620-0167-466d-8c42-f71a955d3802.wav,coughvid_data/e506f620-0167-466d-8c42-f71a955d3802.wav,0.0
707d9dbf-1621-4eac-a157-1393de750d7b,coughvid_data/707d9dbf-1621-4eac-a157-1393de750d7b.wav,coughvid_data/707d9dbf-1621-4eac-a157-1393de750d7b.wav,1.0
707c8272-53e9-4ea0-9387-00206f2063fa,coughvid_data/707c8272-53e9-4ea0-9387-00206f2063fa.wav,coughvid_data/707c8272-53e9-4ea0-9387-00206f2063fa.wav,1.0
b14da193-8f2a-442f-ae33-ca9c33b9596d,coughvid_data/b14da193-8f2a-442f-ae33-ca9c33b9596d.wav,coughvid_data/b14da193-8f2a-442f-ae33-ca9c33b9596d.wav,1.0
86e08bf0-623f-43ad-b26a-d2b4c7c1f350,coughvid_data/86e08bf0-623f-43ad-b26a-d2b4c7c1f350.wav,coughvid_data/86e08bf0-623f-43ad-b26a-d2b4c7c1f350.wav,0.0
9653ab3d-ec3e-43e7-a692-ac2661d72d75,coughvid_data/9653ab3d-ec3e-43e7-a692-ac2661d72d75.wav,coughvid_data/9653ab3d-ec3e-43e7-a692-ac2661d72d75.wav,0.0
7ee0a8f4-f146-4582-86ab-9186cba9294d,coughvid_data/7ee0a8f4-f146-4582-86ab-9186cba9294d.wav,coughvid_data/7ee0a8f4-f146-4582-86ab-9186cba9294d.wav,1.0
03e6b285-99d4-4ab1-b0f7-308ee42f9561,coughvid_data/03e6b285-99d4-4ab1-b0f7-308ee42f9561.wav,coughvid_data/03e6b285-99d4-4ab1-b0f7-308ee42f9561.wav,0.0
642178bb-080a-4f6c-8eae-3c789e4e6b6e,coughvid_data/642178bb-080a-4f6c-8eae-3c789e4e6b6e.wav,coughvid_data/642178bb-080a-4f6c-8eae-3c789e4e6b6e.wav,1.0
d8a84e56-aff4-456e-8665-61d17cc45798,coughvid_data/d8a84e56-aff4-456e-8665-61d17cc45798.wav,coughvid_data/d8a84e56-aff4-456e-8665-61d17cc45798.wav,0.0
053b59c7-d5cb-4015-8726-1fbb06f6c721,coughvid_data/053b59c7-d5cb-4015-8726-1fbb06f6c721.wav,coughvid_data/053b59c7-d5cb-4015-8726-1fbb06f6c721.wav,0.0
34b36a91-df4c-4213-9d7c-ac7bd201e96a,coughvid_data/34b36a91-df4c-4213-9d7c-ac7bd201e96a.wav,coughvid_data/34b36a91-df4c-4213-9d7c-ac7bd201e96a.wav,0.0
9d50b228-0c6f-4883-b927-67dd11a5f2d1,coughvid_data/9d50b228-0c6f-4883-b927-67dd11a5f2d1.wav,coughvid_data/9d50b228-0c6f-4883-b927-67dd11a5f2d1.wav,1.0
98df6b19-069d-4a51-9090-bd573392651d,coughvid_data/98df6b19-069d-4a51-9090-bd573392651d.wav,coughvid_data/98df6b19-069d-4a51-9090-bd573392651d.wav,1.0
cf0f1e63-9b40-4a11-98ad-f1424831ea89,coughvid_data/cf0f1e63-9b40-4a11-98ad-f1424831ea89.wav,coughvid_data/cf0f1e63-9b40-4a11-98ad-f1424831ea89.wav,0.0
512c81ae-cd22-455e-8c20-660a324a7abc,coughvid_data/512c81ae-cd22-455e-8c20-660a324a7abc.wav,coughvid_data/512c81ae-cd22-455e-8c20-660a324a7abc.wav,1.0
2cc4fa4e-8649-43c0-9a9e-9f7a8ee65baa,coughvid_data/2cc4fa4e-8649-43c0-9a9e-9f7a8ee65baa.wav,coughvid_data/2cc4fa4e-8649-43c0-9a9e-9f7a8ee65baa.wav,1.0
3fdcd5b4-37cd-47aa-ac58-272afd85beef,coughvid_data/3fdcd5b4-37cd-47aa-ac58-272afd85beef.wav,coughvid_data/3fdcd5b4-37cd-47aa-ac58-272afd85beef.wav,0.0
983ef2b1-d949-4e53-b6ec-e7125470c106,coughvid_data/983ef2b1-d949-4e53-b6ec-e7125470c106.wav,coughvid_data/983ef2b1-d949-4e53-b6ec-e7125470c106.wav,1.0
72b35d79-1fb5-48b3-844c-a01a8fe70ba1,coughvid_data/72b35d79-1fb5-48b3-844c-a01a8fe70ba1.wav,coughvid_data/72b35d79-1fb5-48b3-844c-a01a8fe70ba1.wav,1.0
59647918-69e1-4214-9d3b-210e6f95b380,coughvid_data/59647918-69e1-4214-9d3b-210e6f95b380.wav,coughvid_data/59647918-69e1-4214-9d3b-210e6f95b380.wav,1.0
aa735a09-a89e-4dd8-82b7-38e5138527f1,coughvid_data/aa735a09-a89e-4dd8-82b7-38e5138527f1.wav,coughvid_data/aa735a09-a89e-4dd8-82b7-38e5138527f1.wav,0.0
41ef8038-b679-44e0-85f2-da3e81e21091,coughvid_data/41ef8038-b679-44e0-85f2-da3e81e21091.wav,coughvid_data/41ef8038-b679-44e0-85f2-da3e81e21091.wav,1.0
060ac963-b7bc-43d5-81d0-aa9f5778bea3,coughvid_data/060ac963-b7bc-43d5-81d0-aa9f5778bea3.wav,coughvid_data/060ac963-b7bc-43d5-81d0-aa9f5778bea3.wav,1.0
a30c48ff-c1de-45b5-a286-ca51ae5a3d47,coughvid_data/a30c48ff-c1de-45b5-a286-ca51ae5a3d47.wav,coughvid_data/a30c48ff-c1de-45b5-a286-ca51ae5a3d47.wav,1.0
c2e2039a-7bef-4430-907c-276de3fa44bb,coughvid_data/c2e2039a-7bef-4430-907c-276de3fa44bb.wav,coughvid_data/c2e2039a-7bef-4430-907c-276de3fa44bb.wav,1.0
cedb0c7f-0efa-4650-af7a-25a94c183698,coughvid_data/cedb0c7f-0efa-4650-af7a-25a94c183698.wav,coughvid_data/cedb0c7f-0efa-4650-af7a-25a94c183698.wav,1.0
2ec9faa4-b837-422d-bb60-042f1d5aef48,coughvid_data/2ec9faa4-b837-422d-bb60-042f1d5aef48.wav,coughvid_data/2ec9faa4-b837-422d-bb60-042f1d5aef48.wav,1.0
6fe78956-537f-476c-9cb4-e0dd038cb813,coughvid_data/6fe78956-537f-476c-9cb4-e0dd038cb813.wav,coughvid_data/6fe78956-537f-476c-9cb4-e0dd038cb813.wav,0.0
4e09bc81-ea5b-4238-8685-7302c95b3646,coughvid_data/4e09bc81-ea5b-4238-8685-7302c95b3646.wav,coughvid_data/4e09bc81-ea5b-4238-8685-7302c95b3646.wav,1.0
9b97704f-f4d4-45bc-a462-f74d5b485b55,coughvid_data/9b97704f-f4d4-45bc-a462-f74d5b485b55.wav,coughvid_data/9b97704f-f4d4-45bc-a462-f74d5b485b55.wav,0.0
f8e542cd-28a5-484d-98aa-7249469ce78a,coughvid_data/f8e542cd-28a5-484d-98aa-7249469ce78a.wav,coughvid_data/f8e542cd-28a5-484d-98aa-7249469ce78a.wav,1.0
b3505a8c-d9ec-49dc-bedc-5bac9e00747e,coughvid_data/b3505a8c-d9ec-49dc-bedc-5bac9e00747e.wav,coughvid_data/b3505a8c-d9ec-49dc-bedc-5bac9e00747e.wav,0.0
b00956dc-29e2-4ff4-b289-4def00de46ae,coughvid_data/b00956dc-29e2-4ff4-b289-4def00de46ae.wav,coughvid_data/b00956dc-29e2-4ff4-b289-4def00de46ae.wav,1.0
2e92c93b-1676-4717-bc5a-cd903193105b,coughvid_data/2e92c93b-1676-4717-bc5a-cd903193105b.wav,coughvid_data/2e92c93b-1676-4717-bc5a-cd903193105b.wav,0.0
1c7c6903-0560-48ee-804a-15c86672f117,coughvid_data/1c7c6903-0560-48ee-804a-15c86672f117.wav,coughvid_data/1c7c6903-0560-48ee-804a-15c86672f117.wav,0.0
33dd938d-7654-4238-a207-cbc3fad63349,coughvid_data/33dd938d-7654-4238-a207-cbc3fad63349.wav,coughvid_data/33dd938d-7654-4238-a207-cbc3fad63349.wav,1.0
7b03a5ab-4cd2-447d-b663-23df0fe06cf2,coughvid_data/7b03a5ab-4cd2-447d-b663-23df0fe06cf2.wav,coughvid_data/7b03a5ab-4cd2-447d-b663-23df0fe06cf2.wav,1.0
cce40430-fff7-4717-a578-c78229bd6d41,coughvid_data/cce40430-fff7-4717-a578-c78229bd6d41.wav,coughvid_data/cce40430-fff7-4717-a578-c78229bd6d41.wav,0.0
6b22d6a6-e64f-427f-8744-599553c40bf7,coughvid_data/6b22d6a6-e64f-427f-8744-599553c40bf7.wav,coughvid_data/6b22d6a6-e64f-427f-8744-599553c40bf7.wav,0.0
874066f1-3489-44e3-bb9d-7eb5e66c4690,coughvid_data/874066f1-3489-44e3-bb9d-7eb5e66c4690.wav,coughvid_data/874066f1-3489-44e3-bb9d-7eb5e66c4690.wav,0.0
de46736f-3b53-4364-a58b-871b37304dd4,coughvid_data/de46736f-3b53-4364-a58b-871b37304dd4.wav,coughvid_data/de46736f-3b53-4364-a58b-871b37304dd4.wav,1.0
5f2258c6-b140-4390-9465-b8f84f6fa0ab,coughvid_data/5f2258c6-b140-4390-9465-b8f84f6fa0ab.wav,coughvid_data/5f2258c6-b140-4390-9465-b8f84f6fa0ab.wav,1.0
62bee148-9988-43bc-a3a8-88389ed94b28,coughvid_data/62bee148-9988-43bc-a3a8-88389ed94b28.wav,coughvid_data/62bee148-9988-43bc-a3a8-88389ed94b28.wav,0.0
7c997d60-09a6-4726-856b-758693693110,coughvid_data/7c997d60-09a6-4726-856b-758693693110.wav,coughvid_data/7c997d60-09a6-4726-856b-758693693110.wav,1.0
a5dfc64d-bb2c-4d09-84ad-cda9a7ce7c99,coughvid_data/a5dfc64d-bb2c-4d09-84ad-cda9a7ce7c99.wav,coughvid_data/a5dfc64d-bb2c-4d09-84ad-cda9a7ce7c99.wav,0.0
92c92b0e-bdb8-445b-b4ed-ee9e30727cf0,coughvid_data/92c92b0e-bdb8-445b-b4ed-ee9e30727cf0.wav,coughvid_data/92c92b0e-bdb8-445b-b4ed-ee9e30727cf0.wav,1.0
3a0e0750-9bbb-4287-8680-aa7463d461b6,coughvid_data/3a0e0750-9bbb-4287-8680-aa7463d461b6.wav,coughvid_data/3a0e0750-9bbb-4287-8680-aa7463d461b6.wav,1.0
1dfc3491-fd64-495f-92d4-19902394c163,coughvid_data/1dfc3491-fd64-495f-92d4-19902394c163.wav,coughvid_data/1dfc3491-fd64-495f-92d4-19902394c163.wav,0.0
a9989137-d428-4de5-9984-f93466fc9aeb,coughvid_data/a9989137-d428-4de5-9984-f93466fc9aeb.wav,coughvid_data/a9989137-d428-4de5-9984-f93466fc9aeb.wav,1.0
0d789e28-1f46-4672-8523-94e0237c1595,coughvid_data/0d789e28-1f46-4672-8523-94e0237c1595.wav,coughvid_data/0d789e28-1f46-4672-8523-94e0237c1595.wav,1.0
cd1f6d9c-4054-4b9a-906f-8f3d601d6273,coughvid_data/cd1f6d9c-4054-4b9a-906f-8f3d601d6273.wav,coughvid_data/cd1f6d9c-4054-4b9a-906f-8f3d601d6273.wav,0.0
62adaa7d-8bc6-40f0-a233-4e5a8b18e969,coughvid_data/62adaa7d-8bc6-40f0-a233-4e5a8b18e969.wav,coughvid_data/62adaa7d-8bc6-40f0-a233-4e5a8b18e969.wav,0.0
cea2987a-c780-413f-b69a-7821e105334a,coughvid_data/cea2987a-c780-413f-b69a-7821e105334a.wav,coughvid_data/cea2987a-c780-413f-b69a-7821e105334a.wav,1.0
af974993-6f6b-428a-b3b8-b9581cbd3ebd,coughvid_data/af974993-6f6b-428a-b3b8-b9581cbd3ebd.wav,coughvid_data/af974993-6f6b-428a-b3b8-b9581cbd3ebd.wav,0.0
2ba1edda-3fc6-43f6-91b6-4e5c766425a3,coughvid_data/2ba1edda-3fc6-43f6-91b6-4e5c766425a3.wav,coughvid_data/2ba1edda-3fc6-43f6-91b6-4e5c766425a3.wav,1.0
47542eab-f336-44a3-a87c-f925bbf1c4ec,coughvid_data/47542eab-f336-44a3-a87c-f925bbf1c4ec.wav,coughvid_data/47542eab-f336-44a3-a87c-f925bbf1c4ec.wav,0.0
811de856-d353-4145-9504-bc4f73d9f368,coughvid_data/811de856-d353-4145-9504-bc4f73d9f368.wav,coughvid_data/811de856-d353-4145-9504-bc4f73d9f368.wav,1.0
eaf4e498-35f6-4348-9008-89436e88d235,coughvid_data/eaf4e498-35f6-4348-9008-89436e88d235.wav,coughvid_data/eaf4e498-35f6-4348-9008-89436e88d235.wav,1.0
09f30522-004a-41db-9971-efd1aec2ee89,coughvid_data/09f30522-004a-41db-9971-efd1aec2ee89.wav,coughvid_data/09f30522-004a-41db-9971-efd1aec2ee89.wav,0.0
bbd3f28d-21cc-4f92-98ed-30fdd3955c96,coughvid_data/bbd3f28d-21cc-4f92-98ed-30fdd3955c96.wav,coughvid_data/bbd3f28d-21cc-4f92-98ed-30fdd3955c96.wav,0.0
f0be2916-492b-4de5-9061-015407dfe010,coughvid_data/f0be2916-492b-4de5-9061-015407dfe010.wav,coughvid_data/f0be2916-492b-4de5-9061-015407dfe010.wav,1.0
747131a6-71fe-43f2-8393-3b5ba028feb9,coughvid_data/747131a6-71fe-43f2-8393-3b5ba028feb9.wav,coughvid_data/747131a6-71fe-43f2-8393-3b5ba028feb9.wav,0.0
8254b396-cceb-4644-a723-5747cade8cf9,coughvid_data/8254b396-cceb-4644-a723-5747cade8cf9.wav,coughvid_data/8254b396-cceb-4644-a723-5747cade8cf9.wav,1.0
1d8101a3-75b0-4ba8-840d-965eb76ab547,coughvid_data/1d8101a3-75b0-4ba8-840d-965eb76ab547.wav,coughvid_data/1d8101a3-75b0-4ba8-840d-965eb76ab547.wav,1.0
e339c45d-998d-4f9b-a8f4-300a63985aa2,coughvid_data/e339c45d-998d-4f9b-a8f4-300a63985aa2.wav,coughvid_data/e339c45d-998d-4f9b-a8f4-300a63985aa2.wav,1.0
5c8933f3-aac4-484e-bd99-d7112809a431,coughvid_data/5c8933f3-aac4-484e-bd99-d7112809a431.wav,coughvid_data/5c8933f3-aac4-484e-bd99-d7112809a431.wav,1.0
b62f03ee-e324-4d27-82ff-0d5cd7ca37be,coughvid_data/b62f03ee-e324-4d27-82ff-0d5cd7ca37be.wav,coughvid_data/b62f03ee-e324-4d27-82ff-0d5cd7ca37be.wav,1.0
66dcc53c-6181-4452-8d46-9c13962fc748,coughvid_data/66dcc53c-6181-4452-8d46-9c13962fc748.wav,coughvid_data/66dcc53c-6181-4452-8d46-9c13962fc748.wav,0.0
b392ae80-f91a-4a78-bad3-2e8a8c8130d2,coughvid_data/b392ae80-f91a-4a78-bad3-2e8a8c8130d2.wav,coughvid_data/b392ae80-f91a-4a78-bad3-2e8a8c8130d2.wav,1.0
8a10adbb-c322-44a2-9164-c71f94710d76,coughvid_data/8a10adbb-c322-44a2-9164-c71f94710d76.wav,coughvid_data/8a10adbb-c322-44a2-9164-c71f94710d76.wav,1.0
f97e59ca-9aae-4a57-a739-6ce03a05abd1,coughvid_data/f97e59ca-9aae-4a57-a739-6ce03a05abd1.wav,coughvid_data/f97e59ca-9aae-4a57-a739-6ce03a05abd1.wav,0.0
49f2c606-33ce-4434-b918-376974c51b9b,coughvid_data/49f2c606-33ce-4434-b918-376974c51b9b.wav,coughvid_data/49f2c606-33ce-4434-b918-376974c51b9b.wav,0.0
34a7b57b-6f7d-43f4-b210-0b21058f7afb,coughvid_data/34a7b57b-6f7d-43f4-b210-0b21058f7afb.wav,coughvid_data/34a7b57b-6f7d-43f4-b210-0b21058f7afb.wav,1.0
7555d2f0-27a2-4545-ad6b-e8321409d66e,coughvid_data/7555d2f0-27a2-4545-ad6b-e8321409d66e.wav,coughvid_data/7555d2f0-27a2-4545-ad6b-e8321409d66e.wav,1.0
c786bed8-5e29-44a2-a127-1e34ce187bd5,coughvid_data/c786bed8-5e29-44a2-a127-1e34ce187bd5.wav,coughvid_data/c786bed8-5e29-44a2-a127-1e34ce187bd5.wav,0.0
d3f0c8e8-783e-48d1-8a4d-eb8dde284a2f,coughvid_data/d3f0c8e8-783e-48d1-8a4d-eb8dde284a2f.wav,coughvid_data/d3f0c8e8-783e-48d1-8a4d-eb8dde284a2f.wav,1.0
a0ae0c72-0bd1-4b9a-9e91-3210db4e9996,coughvid_data/a0ae0c72-0bd1-4b9a-9e91-3210db4e9996.wav,coughvid_data/a0ae0c72-0bd1-4b9a-9e91-3210db4e9996.wav,1.0
391ded75-e4e4-41cb-950b-5616f5668350,coughvid_data/391ded75-e4e4-41cb-950b-5616f5668350.wav,coughvid_data/391ded75-e4e4-41cb-950b-5616f5668350.wav,1.0
8733c9aa-3b66-47c0-b6b3-0ad214dbc70e,coughvid_data/8733c9aa-3b66-47c0-b6b3-0ad214dbc70e.wav,coughvid_data/8733c9aa-3b66-47c0-b6b3-0ad214dbc70e.wav,1.0
6df58252-39c7-454a-a927-87d2bb597e43,coughvid_data/6df58252-39c7-454a-a927-87d2bb597e43.wav,coughvid_data/6df58252-39c7-454a-a927-87d2bb597e43.wav,0.0
a649bd89-6584-41e5-a251-033caa07d08a,coughvid_data/a649bd89-6584-41e5-a251-033caa07d08a.wav,coughvid_data/a649bd89-6584-41e5-a251-033caa07d08a.wav,1.0
1129baff-0783-418e-88c8-c8e5d7907e0c,coughvid_data/1129baff-0783-418e-88c8-c8e5d7907e0c.wav,coughvid_data/1129baff-0783-418e-88c8-c8e5d7907e0c.wav,1.0
2fb7cc00-ee9d-42ba-81be-e3a4ad63aaa3,coughvid_data/2fb7cc00-ee9d-42ba-81be-e3a4ad63aaa3.wav,coughvid_data/2fb7cc00-ee9d-42ba-81be-e3a4ad63aaa3.wav,1.0
f6cf1903-b1a6-4420-9eb9-839f5dcadb44,coughvid_data/f6cf1903-b1a6-4420-9eb9-839f5dcadb44.wav,coughvid_data/f6cf1903-b1a6-4420-9eb9-839f5dcadb44.wav,1.0
f7c0a229-049b-49cb-a6f3-ad2b0e7bb90d,coughvid_data/f7c0a229-049b-49cb-a6f3-ad2b0e7bb90d.wav,coughvid_data/f7c0a229-049b-49cb-a6f3-ad2b0e7bb90d.wav,1.0
fce59fbd-c24a-4bb5-8e9d-fed61407eaeb,coughvid_data/fce59fbd-c24a-4bb5-8e9d-fed61407eaeb.wav,coughvid_data/fce59fbd-c24a-4bb5-8e9d-fed61407eaeb.wav,0.0
30b6ac00-1c03-4fb1-be39-4d8eacec4581,coughvid_data/30b6ac00-1c03-4fb1-be39-4d8eacec4581.wav,coughvid_data/30b6ac00-1c03-4fb1-be39-4d8eacec4581.wav,0.0
dfecc93b-0a23-4322-80fe-8ce45139490c,coughvid_data/dfecc93b-0a23-4322-80fe-8ce45139490c.wav,coughvid_data/dfecc93b-0a23-4322-80fe-8ce45139490c.wav,0.0
2ed7dd63-bc60-4cfc-b7ac-1b0303df90ee,coughvid_data/2ed7dd63-bc60-4cfc-b7ac-1b0303df90ee.wav,coughvid_data/2ed7dd63-bc60-4cfc-b7ac-1b0303df90ee.wav,0.0
b5b51cda-904f-4b48-9d1b-9ac800957924,coughvid_data/b5b51cda-904f-4b48-9d1b-9ac800957924.wav,coughvid_data/b5b51cda-904f-4b48-9d1b-9ac800957924.wav,0.0
568c58f5-3a30-4166-bc06-b65f06bfcc51,coughvid_data/568c58f5-3a30-4166-bc06-b65f06bfcc51.wav,coughvid_data/568c58f5-3a30-4166-bc06-b65f06bfcc51.wav,1.0
9b0c64c8-0f60-4486-b339-2dc7582e7185,coughvid_data/9b0c64c8-0f60-4486-b339-2dc7582e7185.wav,coughvid_data/9b0c64c8-0f60-4486-b339-2dc7582e7185.wav,0.0
449beff1-69f2-492e-bc3c-e9f0377538fb,coughvid_data/449beff1-69f2-492e-bc3c-e9f0377538fb.wav,coughvid_data/449beff1-69f2-492e-bc3c-e9f0377538fb.wav,1.0
85f987da-84c6-4422-94c0-af634b3495a5,coughvid_data/85f987da-84c6-4422-94c0-af634b3495a5.wav,coughvid_data/85f987da-84c6-4422-94c0-af634b3495a5.wav,0.0
3c337439-cca6-4954-9cad-7fba051e9cd3,coughvid_data/3c337439-cca6-4954-9cad-7fba051e9cd3.wav,coughvid_data/3c337439-cca6-4954-9cad-7fba051e9cd3.wav,1.0
c2ef82d3-df3d-41d5-9c9b-56bf69610be1,coughvid_data/c2ef82d3-df3d-41d5-9c9b-56bf69610be1.wav,coughvid_data/c2ef82d3-df3d-41d5-9c9b-56bf69610be1.wav,0.0
5c44c3a0-d1ed-4b05-9a07-ea46ef46d4bc,coughvid_data/5c44c3a0-d1ed-4b05-9a07-ea46ef46d4bc.wav,coughvid_data/5c44c3a0-d1ed-4b05-9a07-ea46ef46d4bc.wav,1.0
35150705-3dfd-4cd0-80f6-8f9b04870c3f,coughvid_data/35150705-3dfd-4cd0-80f6-8f9b04870c3f.wav,coughvid_data/35150705-3dfd-4cd0-80f6-8f9b04870c3f.wav,1.0
8c515f5e-1c6e-4124-9461-b7bddab6ea2f,coughvid_data/8c515f5e-1c6e-4124-9461-b7bddab6ea2f.wav,coughvid_data/8c515f5e-1c6e-4124-9461-b7bddab6ea2f.wav,1.0
14f14095-063e-4e3f-ad62-09bd19815dd5,coughvid_data/14f14095-063e-4e3f-ad62-09bd19815dd5.wav,coughvid_data/14f14095-063e-4e3f-ad62-09bd19815dd5.wav,0.0
e17b3f60-2c88-494d-956d-7924d37c6ba0,coughvid_data/e17b3f60-2c88-494d-956d-7924d37c6ba0.wav,coughvid_data/e17b3f60-2c88-494d-956d-7924d37c6ba0.wav,1.0
38b75ed8-194b-4ec9-9133-dab396143cb4,coughvid_data/38b75ed8-194b-4ec9-9133-dab396143cb4.wav,coughvid_data/38b75ed8-194b-4ec9-9133-dab396143cb4.wav,1.0
843b9f27-0cb3-40b7-9361-670051e61233,coughvid_data/843b9f27-0cb3-40b7-9361-670051e61233.wav,coughvid_data/843b9f27-0cb3-40b7-9361-670051e61233.wav,1.0
6bed4542-d104-4d62-85ec-5c9455e8a4c8,coughvid_data/6bed4542-d104-4d62-85ec-5c9455e8a4c8.wav,coughvid_data/6bed4542-d104-4d62-85ec-5c9455e8a4c8.wav,1.0
3ef7a5a5-32f3-41ba-b67e-6bd7db209144,coughvid_data/3ef7a5a5-32f3-41ba-b67e-6bd7db209144.wav,coughvid_data/3ef7a5a5-32f3-41ba-b67e-6bd7db209144.wav,0.0
6666a47d-6964-48f4-83a8-6b0c9c7ef64d,coughvid_data/6666a47d-6964-48f4-83a8-6b0c9c7ef64d.wav,coughvid_data/6666a47d-6964-48f4-83a8-6b0c9c7ef64d.wav,0.0
ce0606f2-67d8-4836-8d81-c620dfab4bd4,coughvid_data/ce0606f2-67d8-4836-8d81-c620dfab4bd4.wav,coughvid_data/ce0606f2-67d8-4836-8d81-c620dfab4bd4.wav,1.0
15f541bd-df87-4250-bda7-be1377354d7f,coughvid_data/15f541bd-df87-4250-bda7-be1377354d7f.wav,coughvid_data/15f541bd-df87-4250-bda7-be1377354d7f.wav,0.0
7a963229-e38d-49b0-b5af-15d1721667ca,coughvid_data/7a963229-e38d-49b0-b5af-15d1721667ca.wav,coughvid_data/7a963229-e38d-49b0-b5af-15d1721667ca.wav,1.0
8958e02e-6861-49ba-a8eb-43f8c9f81268,coughvid_data/8958e02e-6861-49ba-a8eb-43f8c9f81268.wav,coughvid_data/8958e02e-6861-49ba-a8eb-43f8c9f81268.wav,0.0
0397e4f9-19a2-43fa-8924-b5e135e1d7ae,coughvid_data/0397e4f9-19a2-43fa-8924-b5e135e1d7ae.wav,coughvid_data/0397e4f9-19a2-43fa-8924-b5e135e1d7ae.wav,1.0
c33119bf-a534-468f-bf0e-5c69e8c7c138,coughvid_data/c33119bf-a534-468f-bf0e-5c69e8c7c138.wav,coughvid_data/c33119bf-a534-468f-bf0e-5c69e8c7c138.wav,0.0
9473b0b0-3fdf-4ac2-a386-8e9cc88e5cbc,coughvid_data/9473b0b0-3fdf-4ac2-a386-8e9cc88e5cbc.wav,coughvid_data/9473b0b0-3fdf-4ac2-a386-8e9cc88e5cbc.wav,0.0
193b54fb-c560-4adc-b4fb-fa882021ce2c,coughvid_data/193b54fb-c560-4adc-b4fb-fa882021ce2c.wav,coughvid_data/193b54fb-c560-4adc-b4fb-fa882021ce2c.wav,0.0
4afb3c5f-9d50-4e81-84ae-aab7d5ea9fc9,coughvid_data/4afb3c5f-9d50-4e81-84ae-aab7d5ea9fc9.wav,coughvid_data/4afb3c5f-9d50-4e81-84ae-aab7d5ea9fc9.wav,1.0
700b3452-629f-420e-93b2-9eed345a76be,coughvid_data/700b3452-629f-420e-93b2-9eed345a76be.wav,coughvid_data/700b3452-629f-420e-93b2-9eed345a76be.wav,0.0
e6143e14-177d-40d5-a772-69545e409d8a,coughvid_data/e6143e14-177d-40d5-a772-69545e409d8a.wav,coughvid_data/e6143e14-177d-40d5-a772-69545e409d8a.wav,0.0
3da31fc4-adc8-417a-874b-4d0621d74772,coughvid_data/3da31fc4-adc8-417a-874b-4d0621d74772.wav,coughvid_data/3da31fc4-adc8-417a-874b-4d0621d74772.wav,0.0
38c46a34-20e7-4d93-8040-ae3a57d505ef,coughvid_data/38c46a34-20e7-4d93-8040-ae3a57d505ef.wav,coughvid_data/38c46a34-20e7-4d93-8040-ae3a57d505ef.wav,0.0
33eb8909-bc3e-4896-a87c-e766f7fe6e6c,coughvid_data/33eb8909-bc3e-4896-a87c-e766f7fe6e6c.wav,coughvid_data/33eb8909-bc3e-4896-a87c-e766f7fe6e6c.wav,0.0
65442658-ae85-4010-ac75-b3c19c250bfd,coughvid_data/65442658-ae85-4010-ac75-b3c19c250bfd.wav,coughvid_data/65442658-ae85-4010-ac75-b3c19c250bfd.wav,0.0
aae680dc-e412-4e57-b5d8-352aae4ed1c5,coughvid_data/aae680dc-e412-4e57-b5d8-352aae4ed1c5.wav,coughvid_data/aae680dc-e412-4e57-b5d8-352aae4ed1c5.wav,0.0
f7ef6d19-20cb-4ba5-8d68-8768885afe29,coughvid_data/f7ef6d19-20cb-4ba5-8d68-8768885afe29.wav,coughvid_data/f7ef6d19-20cb-4ba5-8d68-8768885afe29.wav,0.0
7d1135e7-e985-460f-aa14-d71d159139cf,coughvid_data/7d1135e7-e985-460f-aa14-d71d159139cf.wav,coughvid_data/7d1135e7-e985-460f-aa14-d71d159139cf.wav,1.0
448f59f5-7ed7-47ac-bd2f-7eaff5aebfce,coughvid_data/448f59f5-7ed7-47ac-bd2f-7eaff5aebfce.wav,coughvid_data/448f59f5-7ed7-47ac-bd2f-7eaff5aebfce.wav,1.0
3dab7d23-f62c-4e27-a48b-5ccee990293d,coughvid_data/3dab7d23-f62c-4e27-a48b-5ccee990293d.wav,coughvid_data/3dab7d23-f62c-4e27-a48b-5ccee990293d.wav,1.0
6204b385-b2a5-43e2-bd9a-e3c37ccd867e,coughvid_data/6204b385-b2a5-43e2-bd9a-e3c37ccd867e.wav,coughvid_data/6204b385-b2a5-43e2-bd9a-e3c37ccd867e.wav,0.0
c93b8c89-08c3-4278-9aee-0ba444be8314,coughvid_data/c93b8c89-08c3-4278-9aee-0ba444be8314.wav,coughvid_data/c93b8c89-08c3-4278-9aee-0ba444be8314.wav,1.0
c1740e9c-a1a3-4d8e-9e1e-75991976ac63,coughvid_data/c1740e9c-a1a3-4d8e-9e1e-75991976ac63.wav,coughvid_data/c1740e9c-a1a3-4d8e-9e1e-75991976ac63.wav,0.0
b9f027b4-d9e0-45c3-95d7-41fd5fcedf75,coughvid_data/b9f027b4-d9e0-45c3-95d7-41fd5fcedf75.wav,coughvid_data/b9f027b4-d9e0-45c3-95d7-41fd5fcedf75.wav,1.0
cd470941-e5ca-470d-9037-2563fb8b6c0a,coughvid_data/cd470941-e5ca-470d-9037-2563fb8b6c0a.wav,coughvid_data/cd470941-e5ca-470d-9037-2563fb8b6c0a.wav,1.0
01fb755e-4885-4b2e-82ff-c4d43a4d6b0e,coughvid_data/01fb755e-4885-4b2e-82ff-c4d43a4d6b0e.wav,coughvid_data/01fb755e-4885-4b2e-82ff-c4d43a4d6b0e.wav,1.0
ca646ddb-7c9d-4027-8ce8-a3afee09f93e,coughvid_data/ca646ddb-7c9d-4027-8ce8-a3afee09f93e.wav,coughvid_data/ca646ddb-7c9d-4027-8ce8-a3afee09f93e.wav,1.0
ff5498e3-127b-4013-8445-a85d51b27bd7,coughvid_data/ff5498e3-127b-4013-8445-a85d51b27bd7.wav,coughvid_data/ff5498e3-127b-4013-8445-a85d51b27bd7.wav,0.0
b15c3415-b586-4b4b-bd3e-784c65adb56e,coughvid_data/b15c3415-b586-4b4b-bd3e-784c65adb56e.wav,coughvid_data/b15c3415-b586-4b4b-bd3e-784c65adb56e.wav,0.0
95c41fec-38ea-4144-a071-22baf4981bdb,coughvid_data/95c41fec-38ea-4144-a071-22baf4981bdb.wav,coughvid_data/95c41fec-38ea-4144-a071-22baf4981bdb.wav,1.0
4c4ecadf-96f2-4bc8-b7c1-bcca65e11873,coughvid_data/4c4ecadf-96f2-4bc8-b7c1-bcca65e11873.wav,coughvid_data/4c4ecadf-96f2-4bc8-b7c1-bcca65e11873.wav,0.0
db9d17a8-6694-4a2d-9eab-6a8a96a0662c,coughvid_data/db9d17a8-6694-4a2d-9eab-6a8a96a0662c.wav,coughvid_data/db9d17a8-6694-4a2d-9eab-6a8a96a0662c.wav,0.0
d4497885-4649-407c-8d8a-479a15fa9e05,coughvid_data/d4497885-4649-407c-8d8a-479a15fa9e05.wav,coughvid_data/d4497885-4649-407c-8d8a-479a15fa9e05.wav,1.0
881e7c95-4467-4b01-a63d-a42910a6fb7f,coughvid_data/881e7c95-4467-4b01-a63d-a42910a6fb7f.wav,coughvid_data/881e7c95-4467-4b01-a63d-a42910a6fb7f.wav,1.0
85f3f401-4e87-4d4e-952a-fefc81e25565,coughvid_data/85f3f401-4e87-4d4e-952a-fefc81e25565.wav,coughvid_data/85f3f401-4e87-4d4e-952a-fefc81e25565.wav,0.0
68908d50-aba6-429d-a043-df0b2786de8e,coughvid_data/68908d50-aba6-429d-a043-df0b2786de8e.wav,coughvid_data/68908d50-aba6-429d-a043-df0b2786de8e.wav,0.0
cf6cac68-d0de-47ef-9723-ea5674a0df22,coughvid_data/cf6cac68-d0de-47ef-9723-ea5674a0df22.wav,coughvid_data/cf6cac68-d0de-47ef-9723-ea5674a0df22.wav,0.0
715d0bea-a91c-490d-9c6f-cc2274ab52a5,coughvid_data/715d0bea-a91c-490d-9c6f-cc2274ab52a5.wav,coughvid_data/715d0bea-a91c-490d-9c6f-cc2274ab52a5.wav,1.0
fb366a59-7de1-4ca9-8b3c-d86c48592252,coughvid_data/fb366a59-7de1-4ca9-8b3c-d86c48592252.wav,coughvid_data/fb366a59-7de1-4ca9-8b3c-d86c48592252.wav,0.0
9dab4c76-ec5f-4dd8-b609-68f7825f0337,coughvid_data/9dab4c76-ec5f-4dd8-b609-68f7825f0337.wav,coughvid_data/9dab4c76-ec5f-4dd8-b609-68f7825f0337.wav,1.0
cbb5f46b-3aea-43c3-9382-c3d501d356c5,coughvid_data/cbb5f46b-3aea-43c3-9382-c3d501d356c5.wav,coughvid_data/cbb5f46b-3aea-43c3-9382-c3d501d356c5.wav,0.0
888858e7-604d-407d-b10d-075a669ae3e4,coughvid_data/888858e7-604d-407d-b10d-075a669ae3e4.wav,coughvid_data/888858e7-604d-407d-b10d-075a669ae3e4.wav,1.0
fa0c06fa-4589-4eb9-95e8-00e2771a8965,coughvid_data/fa0c06fa-4589-4eb9-95e8-00e2771a8965.wav,coughvid_data/fa0c06fa-4589-4eb9-95e8-00e2771a8965.wav,0.0
864dc104-a3ab-4491-8dfa-0caafe0d8a79,coughvid_data/864dc104-a3ab-4491-8dfa-0caafe0d8a79.wav,coughvid_data/864dc104-a3ab-4491-8dfa-0caafe0d8a79.wav,1.0
188df9f8-4da3-4711-b09a-c49c22375574,coughvid_data/188df9f8-4da3-4711-b09a-c49c22375574.wav,coughvid_data/188df9f8-4da3-4711-b09a-c49c22375574.wav,0.0
415414ce-6f2f-44d8-a458-df49ce39a8bc,coughvid_data/415414ce-6f2f-44d8-a458-df49ce39a8bc.wav,coughvid_data/415414ce-6f2f-44d8-a458-df49ce39a8bc.wav,0.0
475a8edf-e031-4329-a76e-00aa1b180ed7,coughvid_data/475a8edf-e031-4329-a76e-00aa1b180ed7.wav,coughvid_data/475a8edf-e031-4329-a76e-00aa1b180ed7.wav,1.0
5a7f6d25-1bbb-446f-b47f-54a61b3ca56c,coughvid_data/5a7f6d25-1bbb-446f-b47f-54a61b3ca56c.wav,coughvid_data/5a7f6d25-1bbb-446f-b47f-54a61b3ca56c.wav,1.0
3ea02249-9519-4f7c-8ec4-436bd1ed4bf1,coughvid_data/3ea02249-9519-4f7c-8ec4-436bd1ed4bf1.wav,coughvid_data/3ea02249-9519-4f7c-8ec4-436bd1ed4bf1.wav,1.0
7d2e4cca-416e-4768-a078-e24a01eca930,coughvid_data/7d2e4cca-416e-4768-a078-e24a01eca930.wav,coughvid_data/7d2e4cca-416e-4768-a078-e24a01eca930.wav,1.0
d93d7303-c286-47c0-97d7-a618d69280c8,coughvid_data/d93d7303-c286-47c0-97d7-a618d69280c8.wav,coughvid_data/d93d7303-c286-47c0-97d7-a618d69280c8.wav,1.0
0bb977b3-9bda-4b6c-8df8-b865fff6b985,coughvid_data/0bb977b3-9bda-4b6c-8df8-b865fff6b985.wav,coughvid_data/0bb977b3-9bda-4b6c-8df8-b865fff6b985.wav,1.0
881d892d-f3a9-4409-82d3-1f43c7ce5047,coughvid_data/881d892d-f3a9-4409-82d3-1f43c7ce5047.wav,coughvid_data/881d892d-f3a9-4409-82d3-1f43c7ce5047.wav,1.0
ef0185ed-6b9b-4c12-b1a6-800ed89b4413,coughvid_data/ef0185ed-6b9b-4c12-b1a6-800ed89b4413.wav,coughvid_data/ef0185ed-6b9b-4c12-b1a6-800ed89b4413.wav,1.0
39a18f58-2483-4446-bbf0-7c847980cc9d,coughvid_data/39a18f58-2483-4446-bbf0-7c847980cc9d.wav,coughvid_data/39a18f58-2483-4446-bbf0-7c847980cc9d.wav,0.0
cd705212-e64b-4bf9-b25f-5c2f1f07e643,coughvid_data/cd705212-e64b-4bf9-b25f-5c2f1f07e643.wav,coughvid_data/cd705212-e64b-4bf9-b25f-5c2f1f07e643.wav,0.0
91f0951e-c858-4cf2-bf14-693c0d4013a0,coughvid_data/91f0951e-c858-4cf2-bf14-693c0d4013a0.wav,coughvid_data/91f0951e-c858-4cf2-bf14-693c0d4013a0.wav,1.0
5e0695a2-30ae-4d11-a1f1-8dd4cc708b14,coughvid_data/5e0695a2-30ae-4d11-a1f1-8dd4cc708b14.wav,coughvid_data/5e0695a2-30ae-4d11-a1f1-8dd4cc708b14.wav,1.0
e9153c37-8004-4027-b7fd-3b5b0ef71b10,coughvid_data/e9153c37-8004-4027-b7fd-3b5b0ef71b10.wav,coughvid_data/e9153c37-8004-4027-b7fd-3b5b0ef71b10.wav,1.0
e614bfdf-0264-4094-8585-a1cd4068f503,coughvid_data/e614bfdf-0264-4094-8585-a1cd4068f503.wav,coughvid_data/e614bfdf-0264-4094-8585-a1cd4068f503.wav,1.0
88b167c6-11c9-49bf-ae60-8a05892f90e1,coughvid_data/88b167c6-11c9-49bf-ae60-8a05892f90e1.wav,coughvid_data/88b167c6-11c9-49bf-ae60-8a05892f90e1.wav,1.0
de299dcc-a576-4c96-b772-a51095c04aa4,coughvid_data/de299dcc-a576-4c96-b772-a51095c04aa4.wav,coughvid_data/de299dcc-a576-4c96-b772-a51095c04aa4.wav,1.0
4829ca7e-5150-4624-b2e4-6753b3f7d8aa,coughvid_data/4829ca7e-5150-4624-b2e4-6753b3f7d8aa.wav,coughvid_data/4829ca7e-5150-4624-b2e4-6753b3f7d8aa.wav,0.0
1e7bf53e-a2f0-4e3f-8004-4d95045f7ab6,coughvid_data/1e7bf53e-a2f0-4e3f-8004-4d95045f7ab6.wav,coughvid_data/1e7bf53e-a2f0-4e3f-8004-4d95045f7ab6.wav,1.0
f1c2e6c0-dc49-4261-8f85-fcd6c32914df,coughvid_data/f1c2e6c0-dc49-4261-8f85-fcd6c32914df.wav,coughvid_data/f1c2e6c0-dc49-4261-8f85-fcd6c32914df.wav,1.0
77f4b676-9d1f-49d4-b694-49f2edb225bd,coughvid_data/77f4b676-9d1f-49d4-b694-49f2edb225bd.wav,coughvid_data/77f4b676-9d1f-49d4-b694-49f2edb225bd.wav,1.0
79b3260d-c9b3-49e0-a1b7-4c4d6638b568,coughvid_data/79b3260d-c9b3-49e0-a1b7-4c4d6638b568.wav,coughvid_data/79b3260d-c9b3-49e0-a1b7-4c4d6638b568.wav,1.0
9bc7a471-3ba1-45d5-99c5-464951831f46,coughvid_data/9bc7a471-3ba1-45d5-99c5-464951831f46.wav,coughvid_data/9bc7a471-3ba1-45d5-99c5-464951831f46.wav,0.0
00753bb4-cffb-472b-b391-09337558a678,coughvid_data/00753bb4-cffb-472b-b391-09337558a678.wav,coughvid_data/00753bb4-cffb-472b-b391-09337558a678.wav,1.0
2dee4073-4643-4706-9456-5d78ae69d592,coughvid_data/2dee4073-4643-4706-9456-5d78ae69d592.wav,coughvid_data/2dee4073-4643-4706-9456-5d78ae69d592.wav,1.0
589f9a32-571c-42d3-8b4a-92ca39895658,coughvid_data/589f9a32-571c-42d3-8b4a-92ca39895658.wav,coughvid_data/589f9a32-571c-42d3-8b4a-92ca39895658.wav,1.0
6dd2d1e3-e140-489f-905f-007a7f54321c,coughvid_data/6dd2d1e3-e140-489f-905f-007a7f54321c.wav,coughvid_data/6dd2d1e3-e140-489f-905f-007a7f54321c.wav,1.0
984970ee-3fb1-4fbe-9ab8-56ef75ebe67a,coughvid_data/984970ee-3fb1-4fbe-9ab8-56ef75ebe67a.wav,coughvid_data/984970ee-3fb1-4fbe-9ab8-56ef75ebe67a.wav,1.0
108b3e47-a947-42d2-bfa5-9dd983057434,coughvid_data/108b3e47-a947-42d2-bfa5-9dd983057434.wav,coughvid_data/108b3e47-a947-42d2-bfa5-9dd983057434.wav,1.0
3c903e81-9634-4d62-90f0-f09b95f382f7,coughvid_data/3c903e81-9634-4d62-90f0-f09b95f382f7.wav,coughvid_data/3c903e81-9634-4d62-90f0-f09b95f382f7.wav,1.0
5cebd9be-87e3-4860-a331-633a2c107842,coughvid_data/5cebd9be-87e3-4860-a331-633a2c107842.wav,coughvid_data/5cebd9be-87e3-4860-a331-633a2c107842.wav,0.0
9cb3ac28-701f-4b98-a4c4-534077532b5f,coughvid_data/9cb3ac28-701f-4b98-a4c4-534077532b5f.wav,coughvid_data/9cb3ac28-701f-4b98-a4c4-534077532b5f.wav,1.0
6841950e-8c29-44e8-82d0-dcd4be66d2aa,coughvid_data/6841950e-8c29-44e8-82d0-dcd4be66d2aa.wav,coughvid_data/6841950e-8c29-44e8-82d0-dcd4be66d2aa.wav,0.0
5a3f746a-7828-416d-ad45-06049ef21187,coughvid_data/5a3f746a-7828-416d-ad45-06049ef21187.wav,coughvid_data/5a3f746a-7828-416d-ad45-06049ef21187.wav,0.0
6ce34645-bbff-4b3c-acef-3ee070810b3c,coughvid_data/6ce34645-bbff-4b3c-acef-3ee070810b3c.wav,coughvid_data/6ce34645-bbff-4b3c-acef-3ee070810b3c.wav,1.0
c5179eac-84cc-46a8-9e06-78a85b3962bc,coughvid_data/c5179eac-84cc-46a8-9e06-78a85b3962bc.wav,coughvid_data/c5179eac-84cc-46a8-9e06-78a85b3962bc.wav,0.0
75be8a70-37fd-42ea-8daf-9ee78d1018a1,coughvid_data/75be8a70-37fd-42ea-8daf-9ee78d1018a1.wav,coughvid_data/75be8a70-37fd-42ea-8daf-9ee78d1018a1.wav,1.0
0b2389c8-7dea-4b05-91d2-ee885199256d,coughvid_data/0b2389c8-7dea-4b05-91d2-ee885199256d.wav,coughvid_data/0b2389c8-7dea-4b05-91d2-ee885199256d.wav,0.0
d4624112-4c32-4cbf-a6cb-2b798bf14eaa,coughvid_data/d4624112-4c32-4cbf-a6cb-2b798bf14eaa.wav,coughvid_data/d4624112-4c32-4cbf-a6cb-2b798bf14eaa.wav,0.0
99835ef6-49d5-476d-9163-17e49bf2f72e,coughvid_data/99835ef6-49d5-476d-9163-17e49bf2f72e.wav,coughvid_data/99835ef6-49d5-476d-9163-17e49bf2f72e.wav,0.0
6ce3ba61-4150-433d-99ff-0bd04980e010,coughvid_data/6ce3ba61-4150-433d-99ff-0bd04980e010.wav,coughvid_data/6ce3ba61-4150-433d-99ff-0bd04980e010.wav,1.0
f5e8d8ec-e234-4117-a4ab-2f7dba0066ef,coughvid_data/f5e8d8ec-e234-4117-a4ab-2f7dba0066ef.wav,coughvid_data/f5e8d8ec-e234-4117-a4ab-2f7dba0066ef.wav,1.0
e60738da-349c-41eb-b701-cff296485290,coughvid_data/e60738da-349c-41eb-b701-cff296485290.wav,coughvid_data/e60738da-349c-41eb-b701-cff296485290.wav,0.0
5b141e6d-88ab-48ef-b89c-672981b7be0f,coughvid_data/5b141e6d-88ab-48ef-b89c-672981b7be0f.wav,coughvid_data/5b141e6d-88ab-48ef-b89c-672981b7be0f.wav,1.0
4f65632b-6f4a-4bac-9c9b-64ff3b53e5d4,coughvid_data/4f65632b-6f4a-4bac-9c9b-64ff3b53e5d4.wav,coughvid_data/4f65632b-6f4a-4bac-9c9b-64ff3b53e5d4.wav,1.0
7cbcf53f-fa99-44a6-b8de-c37347db8f46,coughvid_data/7cbcf53f-fa99-44a6-b8de-c37347db8f46.wav,coughvid_data/7cbcf53f-fa99-44a6-b8de-c37347db8f46.wav,1.0
be5f63f3-2be9-448b-b57e-fa118eddc2e2,coughvid_data/be5f63f3-2be9-448b-b57e-fa118eddc2e2.wav,coughvid_data/be5f63f3-2be9-448b-b57e-fa118eddc2e2.wav,1.0
0f6a3a57-5f19-4b41-b4e0-60040589fc59,coughvid_data/0f6a3a57-5f19-4b41-b4e0-60040589fc59.wav,coughvid_data/0f6a3a57-5f19-4b41-b4e0-60040589fc59.wav,0.0
76a38332-7323-492b-9740-bf3f1e6dbf19,coughvid_data/76a38332-7323-492b-9740-bf3f1e6dbf19.wav,coughvid_data/76a38332-7323-492b-9740-bf3f1e6dbf19.wav,1.0
70bd50d9-b143-4993-9d22-2a1f5e051cfa,coughvid_data/70bd50d9-b143-4993-9d22-2a1f5e051cfa.wav,coughvid_data/70bd50d9-b143-4993-9d22-2a1f5e051cfa.wav,0.0
c7bbc177-f846-4824-9690-063483fc55a8,coughvid_data/c7bbc177-f846-4824-9690-063483fc55a8.wav,coughvid_data/c7bbc177-f846-4824-9690-063483fc55a8.wav,1.0
6da12ddb-c89f-4404-bdfa-a67b6a3d2174,coughvid_data/6da12ddb-c89f-4404-bdfa-a67b6a3d2174.wav,coughvid_data/6da12ddb-c89f-4404-bdfa-a67b6a3d2174.wav,1.0
aa1e04aa-d324-405e-a8f8-46ef5e6f9307,coughvid_data/aa1e04aa-d324-405e-a8f8-46ef5e6f9307.wav,coughvid_data/aa1e04aa-d324-405e-a8f8-46ef5e6f9307.wav,1.0
c1243982-1f22-433f-b178-a27ebdef63ae,coughvid_data/c1243982-1f22-433f-b178-a27ebdef63ae.wav,coughvid_data/c1243982-1f22-433f-b178-a27ebdef63ae.wav,1.0
6613f239-60f5-451e-8ca8-f778b1a2a9fc,coughvid_data/6613f239-60f5-451e-8ca8-f778b1a2a9fc.wav,coughvid_data/6613f239-60f5-451e-8ca8-f778b1a2a9fc.wav,0.0
d5bcc9b2-2857-482e-aece-7f367c9cdbbd,coughvid_data/d5bcc9b2-2857-482e-aece-7f367c9cdbbd.wav,coughvid_data/d5bcc9b2-2857-482e-aece-7f367c9cdbbd.wav,0.0
4118cb33-b3df-4f67-9f54-4f12c59d09be,coughvid_data/4118cb33-b3df-4f67-9f54-4f12c59d09be.wav,coughvid_data/4118cb33-b3df-4f67-9f54-4f12c59d09be.wav,1.0
e83fd86c-da45-425e-80e8-c39b22cebeaa,coughvid_data/e83fd86c-da45-425e-80e8-c39b22cebeaa.wav,coughvid_data/e83fd86c-da45-425e-80e8-c39b22cebeaa.wav,0.0
78eea71d-d5d4-48ca-92a9-43c51b436dd4,coughvid_data/78eea71d-d5d4-48ca-92a9-43c51b436dd4.wav,coughvid_data/78eea71d-d5d4-48ca-92a9-43c51b436dd4.wav,0.0
2d35f251-6617-4065-acb4-063eeaffab2c,coughvid_data/2d35f251-6617-4065-acb4-063eeaffab2c.wav,coughvid_data/2d35f251-6617-4065-acb4-063eeaffab2c.wav,0.0
44793cf4-f2a2-4b66-bf26-4f21b9fe2342,coughvid_data/44793cf4-f2a2-4b66-bf26-4f21b9fe2342.wav,coughvid_data/44793cf4-f2a2-4b66-bf26-4f21b9fe2342.wav,1.0
2f3f318d-e9ec-4444-bb6b-07b37afa353f,coughvid_data/2f3f318d-e9ec-4444-bb6b-07b37afa353f.wav,coughvid_data/2f3f318d-e9ec-4444-bb6b-07b37afa353f.wav,1.0
191f0319-70d5-42cd-a7c1-3240b0dd3d3d,coughvid_data/191f0319-70d5-42cd-a7c1-3240b0dd3d3d.wav,coughvid_data/191f0319-70d5-42cd-a7c1-3240b0dd3d3d.wav,0.0
aaadd560-9353-4913-9923-c92786f9c57d,coughvid_data/aaadd560-9353-4913-9923-c92786f9c57d.wav,coughvid_data/aaadd560-9353-4913-9923-c92786f9c57d.wav,0.0
cd7aeb8d-7fae-4c93-bc19-340496e94b53,coughvid_data/cd7aeb8d-7fae-4c93-bc19-340496e94b53.wav,coughvid_data/cd7aeb8d-7fae-4c93-bc19-340496e94b53.wav,1.0
d12bd194-c3bd-4bef-b68d-43d92397e077,coughvid_data/d12bd194-c3bd-4bef-b68d-43d92397e077.wav,coughvid_data/d12bd194-c3bd-4bef-b68d-43d92397e077.wav,1.0
e2058a54-4d36-4acb-ae7c-78ec73d879e7,coughvid_data/e2058a54-4d36-4acb-ae7c-78ec73d879e7.wav,coughvid_data/e2058a54-4d36-4acb-ae7c-78ec73d879e7.wav,1.0
1236a3a8-5c5c-4bad-baa5-def6bd33b226,coughvid_data/1236a3a8-5c5c-4bad-baa5-def6bd33b226.wav,coughvid_data/1236a3a8-5c5c-4bad-baa5-def6bd33b226.wav,1.0
28c7ca02-e254-4564-9575-eb0a15396ce0,coughvid_data/28c7ca02-e254-4564-9575-eb0a15396ce0.wav,coughvid_data/28c7ca02-e254-4564-9575-eb0a15396ce0.wav,1.0
b0f187db-9026-4791-90dd-f845cdb3f90e,coughvid_data/b0f187db-9026-4791-90dd-f845cdb3f90e.wav,coughvid_data/b0f187db-9026-4791-90dd-f845cdb3f90e.wav,1.0
38a0ca1d-5b25-4269-aad1-09d4d7864bef,coughvid_data/38a0ca1d-5b25-4269-aad1-09d4d7864bef.wav,coughvid_data/38a0ca1d-5b25-4269-aad1-09d4d7864bef.wav,0.0
ec183b79-1b19-4feb-b3c5-d94e6651fd77,coughvid_data/ec183b79-1b19-4feb-b3c5-d94e6651fd77.wav,coughvid_data/ec183b79-1b19-4feb-b3c5-d94e6651fd77.wav,1.0
cd9de27d-87fa-43e6-a452-8cdaba3eae4c,coughvid_data/cd9de27d-87fa-43e6-a452-8cdaba3eae4c.wav,coughvid_data/cd9de27d-87fa-43e6-a452-8cdaba3eae4c.wav,1.0
aa5a073e-9319-477b-b2ad-7465765d6340,coughvid_data/aa5a073e-9319-477b-b2ad-7465765d6340.wav,coughvid_data/aa5a073e-9319-477b-b2ad-7465765d6340.wav,1.0
61f1cf82-dd33-4e8e-b97c-febf35a6dac4,coughvid_data/61f1cf82-dd33-4e8e-b97c-febf35a6dac4.wav,coughvid_data/61f1cf82-dd33-4e8e-b97c-febf35a6dac4.wav,0.0
62df4e7b-5faf-43b6-9096-fe7a7845ea43,coughvid_data/62df4e7b-5faf-43b6-9096-fe7a7845ea43.wav,coughvid_data/62df4e7b-5faf-43b6-9096-fe7a7845ea43.wav,0.0
16af8331-f890-4f2e-bf49-2b42985d379e,coughvid_data/16af8331-f890-4f2e-bf49-2b42985d379e.wav,coughvid_data/16af8331-f890-4f2e-bf49-2b42985d379e.wav,1.0
05eae3a5-8352-4b3e-b8a3-ff97ec528636,coughvid_data/05eae3a5-8352-4b3e-b8a3-ff97ec528636.wav,coughvid_data/05eae3a5-8352-4b3e-b8a3-ff97ec528636.wav,0.0
4fcde1b7-4380-47cd-aafc-56070ac37772,coughvid_data/4fcde1b7-4380-47cd-aafc-56070ac37772.wav,coughvid_data/4fcde1b7-4380-47cd-aafc-56070ac37772.wav,1.0
0c35e382-31cd-42cb-bc87-8a84b9c52a41,coughvid_data/0c35e382-31cd-42cb-bc87-8a84b9c52a41.wav,coughvid_data/0c35e382-31cd-42cb-bc87-8a84b9c52a41.wav,1.0
31ba5ade-186b-40f2-90e9-9cc90a6631ff,coughvid_data/31ba5ade-186b-40f2-90e9-9cc90a6631ff.wav,coughvid_data/31ba5ade-186b-40f2-90e9-9cc90a6631ff.wav,1.0
7471c42e-cdaf-4d11-b249-47ce49c2c84e,coughvid_data/7471c42e-cdaf-4d11-b249-47ce49c2c84e.wav,coughvid_data/7471c42e-cdaf-4d11-b249-47ce49c2c84e.wav,1.0
e19a246c-0e69-4b23-acd8-792ac74fdb07,coughvid_data/e19a246c-0e69-4b23-acd8-792ac74fdb07.wav,coughvid_data/e19a246c-0e69-4b23-acd8-792ac74fdb07.wav,0.0
c1712abb-0a25-46ba-ba5c-9ccf52ce2104,coughvid_data/c1712abb-0a25-46ba-ba5c-9ccf52ce2104.wav,coughvid_data/c1712abb-0a25-46ba-ba5c-9ccf52ce2104.wav,1.0
e92ed6f0-70a8-425f-8dee-1b0443381224,coughvid_data/e92ed6f0-70a8-425f-8dee-1b0443381224.wav,coughvid_data/e92ed6f0-70a8-425f-8dee-1b0443381224.wav,1.0
d422b34a-b8bc-4d4a-94cd-5c004e0f7a8d,coughvid_data/d422b34a-b8bc-4d4a-94cd-5c004e0f7a8d.wav,coughvid_data/d422b34a-b8bc-4d4a-94cd-5c004e0f7a8d.wav,0.0
266a9266-9c67-425a-9a92-304f09634832,coughvid_data/266a9266-9c67-425a-9a92-304f09634832.wav,coughvid_data/266a9266-9c67-425a-9a92-304f09634832.wav,0.0
e240cca5-cf19-49f3-8ee8-942edf727ac8,coughvid_data/e240cca5-cf19-49f3-8ee8-942edf727ac8.wav,coughvid_data/e240cca5-cf19-49f3-8ee8-942edf727ac8.wav,0.0
bb76d0ae-e57a-4c16-bca5-238d67917c45,coughvid_data/bb76d0ae-e57a-4c16-bca5-238d67917c45.wav,coughvid_data/bb76d0ae-e57a-4c16-bca5-238d67917c45.wav,0.0
be9bc358-bd14-4deb-8edc-4ccd1b7854e3,coughvid_data/be9bc358-bd14-4deb-8edc-4ccd1b7854e3.wav,coughvid_data/be9bc358-bd14-4deb-8edc-4ccd1b7854e3.wav,0.0
1b5b8035-9c39-46f6-8a20-5ae9e728955b,coughvid_data/1b5b8035-9c39-46f6-8a20-5ae9e728955b.wav,coughvid_data/1b5b8035-9c39-46f6-8a20-5ae9e728955b.wav,1.0
6c1152e4-3e45-4603-9e4a-68259b64e254,coughvid_data/6c1152e4-3e45-4603-9e4a-68259b64e254.wav,coughvid_data/6c1152e4-3e45-4603-9e4a-68259b64e254.wav,1.0
55b0a115-62f9-4a80-8c3b-843afcad3bb0,coughvid_data/55b0a115-62f9-4a80-8c3b-843afcad3bb0.wav,coughvid_data/55b0a115-62f9-4a80-8c3b-843afcad3bb0.wav,1.0
84b4cde5-3702-4fb3-9b39-9ce1ac794c13,coughvid_data/84b4cde5-3702-4fb3-9b39-9ce1ac794c13.wav,coughvid_data/84b4cde5-3702-4fb3-9b39-9ce1ac794c13.wav,1.0
b3b51049-5836-4629-91a4-c8be7d2b1688,coughvid_data/b3b51049-5836-4629-91a4-c8be7d2b1688.wav,coughvid_data/b3b51049-5836-4629-91a4-c8be7d2b1688.wav,0.0
34d83d1b-8f6d-4129-81e8-d675c4a777ba,coughvid_data/34d83d1b-8f6d-4129-81e8-d675c4a777ba.wav,coughvid_data/34d83d1b-8f6d-4129-81e8-d675c4a777ba.wav,0.0
7b44a82a-301b-4629-90d9-1dc4ef609015,coughvid_data/7b44a82a-301b-4629-90d9-1dc4ef609015.wav,coughvid_data/7b44a82a-301b-4629-90d9-1dc4ef609015.wav,0.0
909884ce-48ec-44ab-9b6d-f6bd0f20e0a0,coughvid_data/909884ce-48ec-44ab-9b6d-f6bd0f20e0a0.wav,coughvid_data/909884ce-48ec-44ab-9b6d-f6bd0f20e0a0.wav,0.0
45a7ee31-c7de-42ba-ba30-cd1e5d6598e8,coughvid_data/45a7ee31-c7de-42ba-ba30-cd1e5d6598e8.wav,coughvid_data/45a7ee31-c7de-42ba-ba30-cd1e5d6598e8.wav,0.0
16904689-4254-4ba7-a5f4-785a24a10419,coughvid_data/16904689-4254-4ba7-a5f4-785a24a10419.wav,coughvid_data/16904689-4254-4ba7-a5f4-785a24a10419.wav,0.0
c5f67655-99be-4321-a27e-85bcfcadd113,coughvid_data/c5f67655-99be-4321-a27e-85bcfcadd113.wav,coughvid_data/c5f67655-99be-4321-a27e-85bcfcadd113.wav,0.0
f36d957d-0965-42a7-941e-5a17f7c96de6,coughvid_data/f36d957d-0965-42a7-941e-5a17f7c96de6.wav,coughvid_data/f36d957d-0965-42a7-941e-5a17f7c96de6.wav,0.0
fb07cc85-4342-48ab-a748-6f71ac975aff,coughvid_data/fb07cc85-4342-48ab-a748-6f71ac975aff.wav,coughvid_data/fb07cc85-4342-48ab-a748-6f71ac975aff.wav,0.0
23de62c6-dc05-4833-aee8-cb08466d9420,coughvid_data/23de62c6-dc05-4833-aee8-cb08466d9420.wav,coughvid_data/23de62c6-dc05-4833-aee8-cb08466d9420.wav,0.0
63a3559a-d5a5-47ba-8747-a0b5259e753b,coughvid_data/63a3559a-d5a5-47ba-8747-a0b5259e753b.wav,coughvid_data/63a3559a-d5a5-47ba-8747-a0b5259e753b.wav,0.0
068a0cf4-90fb-4ef7-b286-c60d0924ec66,coughvid_data/068a0cf4-90fb-4ef7-b286-c60d0924ec66.wav,coughvid_data/068a0cf4-90fb-4ef7-b286-c60d0924ec66.wav,0.0
9dc6841b-ba28-4767-8253-7bc51fb38807,coughvid_data/9dc6841b-ba28-4767-8253-7bc51fb38807.wav,coughvid_data/9dc6841b-ba28-4767-8253-7bc51fb38807.wav,1.0
66f00919-6f17-402d-aea4-8e4adfed07f1,coughvid_data/66f00919-6f17-402d-aea4-8e4adfed07f1.wav,coughvid_data/66f00919-6f17-402d-aea4-8e4adfed07f1.wav,0.0
60ccca12-2502-4e7f-8ae1-ad4d60fd3a8d,coughvid_data/60ccca12-2502-4e7f-8ae1-ad4d60fd3a8d.wav,coughvid_data/60ccca12-2502-4e7f-8ae1-ad4d60fd3a8d.wav,0.0
5086ac82-4d93-4cf8-a2c5-1cced5e967f9,coughvid_data/5086ac82-4d93-4cf8-a2c5-1cced5e967f9.wav,coughvid_data/5086ac82-4d93-4cf8-a2c5-1cced5e967f9.wav,0.0
ef0dfde5-ec56-4b9b-b8d3-12429a9431bb,coughvid_data/ef0dfde5-ec56-4b9b-b8d3-12429a9431bb.wav,coughvid_data/ef0dfde5-ec56-4b9b-b8d3-12429a9431bb.wav,1.0
d86897bb-12c7-4209-8c40-c2a2f404a9e4,coughvid_data/d86897bb-12c7-4209-8c40-c2a2f404a9e4.wav,coughvid_data/d86897bb-12c7-4209-8c40-c2a2f404a9e4.wav,0.0
b7fe0ac9-b5d0-447a-87bd-b0947224e8e7,coughvid_data/b7fe0ac9-b5d0-447a-87bd-b0947224e8e7.wav,coughvid_data/b7fe0ac9-b5d0-447a-87bd-b0947224e8e7.wav,1.0
063cb72a-e2ec-472a-a96e-04c5cec2b1b1,coughvid_data/063cb72a-e2ec-472a-a96e-04c5cec2b1b1.wav,coughvid_data/063cb72a-e2ec-472a-a96e-04c5cec2b1b1.wav,0.0
cce4c83e-b685-4f20-9802-1b73159828ca,coughvid_data/cce4c83e-b685-4f20-9802-1b73159828ca.wav,coughvid_data/cce4c83e-b685-4f20-9802-1b73159828ca.wav,0.0
8d14a6a7-5dbb-4e91-a378-056a332e5b03,coughvid_data/8d14a6a7-5dbb-4e91-a378-056a332e5b03.wav,coughvid_data/8d14a6a7-5dbb-4e91-a378-056a332e5b03.wav,0.0
9da7545c-b6d8-439f-a909-a61536dd77fb,coughvid_data/9da7545c-b6d8-439f-a909-a61536dd77fb.wav,coughvid_data/9da7545c-b6d8-439f-a909-a61536dd77fb.wav,0.0
977592cb-c1f2-4b5e-bad1-6132b5cd2ad0,coughvid_data/977592cb-c1f2-4b5e-bad1-6132b5cd2ad0.wav,coughvid_data/977592cb-c1f2-4b5e-bad1-6132b5cd2ad0.wav,1.0
ac01ef6b-422a-4489-9b75-7028abd29581,coughvid_data/ac01ef6b-422a-4489-9b75-7028abd29581.wav,coughvid_data/ac01ef6b-422a-4489-9b75-7028abd29581.wav,1.0
f2fa1ed0-4d32-47f4-9756-9b2a9e730ee3,coughvid_data/f2fa1ed0-4d32-47f4-9756-9b2a9e730ee3.wav,coughvid_data/f2fa1ed0-4d32-47f4-9756-9b2a9e730ee3.wav,1.0
23c6b435-b7e8-4a31-a9fe-65176c55c4e3,coughvid_data/23c6b435-b7e8-4a31-a9fe-65176c55c4e3.wav,coughvid_data/23c6b435-b7e8-4a31-a9fe-65176c55c4e3.wav,0.0
979f074f-6660-438a-87f8-29ead396d8af,coughvid_data/979f074f-6660-438a-87f8-29ead396d8af.wav,coughvid_data/979f074f-6660-438a-87f8-29ead396d8af.wav,1.0
f4fe91ad-2fc9-4502-a954-f001a355039e,coughvid_data/f4fe91ad-2fc9-4502-a954-f001a355039e.wav,coughvid_data/f4fe91ad-2fc9-4502-a954-f001a355039e.wav,1.0
f4f7ec10-64a1-4d73-87b8-f4f8048b8c16,coughvid_data/f4f7ec10-64a1-4d73-87b8-f4f8048b8c16.wav,coughvid_data/f4f7ec10-64a1-4d73-87b8-f4f8048b8c16.wav,1.0
7e2da339-1a46-472c-80bb-dda46373285f,coughvid_data/7e2da339-1a46-472c-80bb-dda46373285f.wav,coughvid_data/7e2da339-1a46-472c-80bb-dda46373285f.wav,1.0
ef118b98-dc9d-476d-8aad-6de54efa058d,coughvid_data/ef118b98-dc9d-476d-8aad-6de54efa058d.wav,coughvid_data/ef118b98-dc9d-476d-8aad-6de54efa058d.wav,0.0
e4ca1e92-f40b-402d-8cff-6a04074fee4b,coughvid_data/e4ca1e92-f40b-402d-8cff-6a04074fee4b.wav,coughvid_data/e4ca1e92-f40b-402d-8cff-6a04074fee4b.wav,1.0
68073c49-7f79-4bb1-a8ad-be22abd8b1c9,coughvid_data/68073c49-7f79-4bb1-a8ad-be22abd8b1c9.wav,coughvid_data/68073c49-7f79-4bb1-a8ad-be22abd8b1c9.wav,0.0
c0205277-e586-4fd2-aa87-b3fc76fae1b9,coughvid_data/c0205277-e586-4fd2-aa87-b3fc76fae1b9.wav,coughvid_data/c0205277-e586-4fd2-aa87-b3fc76fae1b9.wav,1.0
220f2b18-802a-42a8-94de-0acb83951729,coughvid_data/220f2b18-802a-42a8-94de-0acb83951729.wav,coughvid_data/220f2b18-802a-42a8-94de-0acb83951729.wav,1.0
5a0916fc-c2ff-4689-99cf-b2871aca8848,coughvid_data/5a0916fc-c2ff-4689-99cf-b2871aca8848.wav,coughvid_data/5a0916fc-c2ff-4689-99cf-b2871aca8848.wav,1.0
8107d217-8446-4bba-a3eb-2ad947cd31f1,coughvid_data/8107d217-8446-4bba-a3eb-2ad947cd31f1.wav,coughvid_data/8107d217-8446-4bba-a3eb-2ad947cd31f1.wav,0.0
bdc48f16-7e09-4bd4-a130-b1cde2c0caf6,coughvid_data/bdc48f16-7e09-4bd4-a130-b1cde2c0caf6.wav,coughvid_data/bdc48f16-7e09-4bd4-a130-b1cde2c0caf6.wav,0.0
283a31ea-4f05-4ab1-898a-67372658ba3f,coughvid_data/283a31ea-4f05-4ab1-898a-67372658ba3f.wav,coughvid_data/283a31ea-4f05-4ab1-898a-67372658ba3f.wav,1.0
21ca140f-2099-4d5c-946c-304fd8abf209,coughvid_data/21ca140f-2099-4d5c-946c-304fd8abf209.wav,coughvid_data/21ca140f-2099-4d5c-946c-304fd8abf209.wav,0.0
bd63520f-82c6-4abf-81d2-1d2c60401222,coughvid_data/bd63520f-82c6-4abf-81d2-1d2c60401222.wav,coughvid_data/bd63520f-82c6-4abf-81d2-1d2c60401222.wav,1.0
0545d1c0-f8ef-46a6-891f-34a2a6a70a66,coughvid_data/0545d1c0-f8ef-46a6-891f-34a2a6a70a66.wav,coughvid_data/0545d1c0-f8ef-46a6-891f-34a2a6a70a66.wav,0.0
0be7aa0b-b694-4c8f-91df-b118f6d36fff,coughvid_data/0be7aa0b-b694-4c8f-91df-b118f6d36fff.wav,coughvid_data/0be7aa0b-b694-4c8f-91df-b118f6d36fff.wav,1.0
aaa665ba-b4ca-401b-8bc0-0d1037bcaf9d,coughvid_data/aaa665ba-b4ca-401b-8bc0-0d1037bcaf9d.wav,coughvid_data/aaa665ba-b4ca-401b-8bc0-0d1037bcaf9d.wav,1.0
7f3ecb89-eb41-4a2a-8abf-58fa47c14ead,coughvid_data/7f3ecb89-eb41-4a2a-8abf-58fa47c14ead.wav,coughvid_data/7f3ecb89-eb41-4a2a-8abf-58fa47c14ead.wav,0.0
e397e500-7d0f-4a91-86f7-1111a3ddebe1,coughvid_data/e397e500-7d0f-4a91-86f7-1111a3ddebe1.wav,coughvid_data/e397e500-7d0f-4a91-86f7-1111a3ddebe1.wav,0.0
256d5970-c34a-4640-b81a-7ba03c4a1725,coughvid_data/256d5970-c34a-4640-b81a-7ba03c4a1725.wav,coughvid_data/256d5970-c34a-4640-b81a-7ba03c4a1725.wav,0.0
512a800c-ad33-41c2-8130-0b7a31fd1cb0,coughvid_data/512a800c-ad33-41c2-8130-0b7a31fd1cb0.wav,coughvid_data/512a800c-ad33-41c2-8130-0b7a31fd1cb0.wav,1.0
c9780cf6-8426-437b-8bb5-b6bf98e26d09,coughvid_data/c9780cf6-8426-437b-8bb5-b6bf98e26d09.wav,coughvid_data/c9780cf6-8426-437b-8bb5-b6bf98e26d09.wav,1.0
54d6b720-8c48-4423-a044-7f0c6944453f,coughvid_data/54d6b720-8c48-4423-a044-7f0c6944453f.wav,coughvid_data/54d6b720-8c48-4423-a044-7f0c6944453f.wav,1.0
90592e5b-47eb-42de-984d-956a510e4d0b,coughvid_data/90592e5b-47eb-42de-984d-956a510e4d0b.wav,coughvid_data/90592e5b-47eb-42de-984d-956a510e4d0b.wav,1.0
00c24aac-b6c8-4065-a999-079cb48fcf86,coughvid_data/00c24aac-b6c8-4065-a999-079cb48fcf86.wav,coughvid_data/00c24aac-b6c8-4065-a999-079cb48fcf86.wav,1.0
e4551a8e-901e-4782-8bc6-d9a4ea248bd6,coughvid_data/e4551a8e-901e-4782-8bc6-d9a4ea248bd6.wav,coughvid_data/e4551a8e-901e-4782-8bc6-d9a4ea248bd6.wav,1.0
fa7269f6-4fab-4d66-a7a8-47dc6910c211,coughvid_data/fa7269f6-4fab-4d66-a7a8-47dc6910c211.wav,coughvid_data/fa7269f6-4fab-4d66-a7a8-47dc6910c211.wav,0.0
ded09b41-d73c-4f73-ad4b-9d658be84973,coughvid_data/ded09b41-d73c-4f73-ad4b-9d658be84973.wav,coughvid_data/ded09b41-d73c-4f73-ad4b-9d658be84973.wav,0.0
a4423069-d732-4861-82ed-3beab5e6eaba,coughvid_data/a4423069-d732-4861-82ed-3beab5e6eaba.wav,coughvid_data/a4423069-d732-4861-82ed-3beab5e6eaba.wav,0.0
76dfe390-59f5-4934-8766-f9da32dddfcd,coughvid_data/76dfe390-59f5-4934-8766-f9da32dddfcd.wav,coughvid_data/76dfe390-59f5-4934-8766-f9da32dddfcd.wav,0.0
5fb8785a-476c-4bcb-a516-0bae5ac2078d,coughvid_data/5fb8785a-476c-4bcb-a516-0bae5ac2078d.wav,coughvid_data/5fb8785a-476c-4bcb-a516-0bae5ac2078d.wav,0.0
bb6cdd96-eca0-40a3-a450-c367d5489711,coughvid_data/bb6cdd96-eca0-40a3-a450-c367d5489711.wav,coughvid_data/bb6cdd96-eca0-40a3-a450-c367d5489711.wav,1.0
395dd314-4321-4cae-af29-7caf48cc61b3,coughvid_data/395dd314-4321-4cae-af29-7caf48cc61b3.wav,coughvid_data/395dd314-4321-4cae-af29-7caf48cc61b3.wav,0.0
f1e2d4c5-1915-40b2-b94e-e8a7a50e1824,coughvid_data/f1e2d4c5-1915-40b2-b94e-e8a7a50e1824.wav,coughvid_data/f1e2d4c5-1915-40b2-b94e-e8a7a50e1824.wav,1.0
c5cb817e-04a2-42c4-a239-6380339ca5a8,coughvid_data/c5cb817e-04a2-42c4-a239-6380339ca5a8.wav,coughvid_data/c5cb817e-04a2-42c4-a239-6380339ca5a8.wav,0.0
55e2c83e-913f-40e0-8d1d-538a3bb28d09,coughvid_data/55e2c83e-913f-40e0-8d1d-538a3bb28d09.wav,coughvid_data/55e2c83e-913f-40e0-8d1d-538a3bb28d09.wav,1.0
bb690a7e-9ab7-4b7d-bd5b-d2633362a082,coughvid_data/bb690a7e-9ab7-4b7d-bd5b-d2633362a082.wav,coughvid_data/bb690a7e-9ab7-4b7d-bd5b-d2633362a082.wav,1.0
d551a262-676b-4856-ae36-5b6334c6b586,coughvid_data/d551a262-676b-4856-ae36-5b6334c6b586.wav,coughvid_data/d551a262-676b-4856-ae36-5b6334c6b586.wav,1.0
edf1fe4f-3117-4d80-b1af-b3fd62fa77b1,coughvid_data/edf1fe4f-3117-4d80-b1af-b3fd62fa77b1.wav,coughvid_data/edf1fe4f-3117-4d80-b1af-b3fd62fa77b1.wav,0.0
d16cc6c3-5775-4949-bf56-2f08fe3903cd,coughvid_data/d16cc6c3-5775-4949-bf56-2f08fe3903cd.wav,coughvid_data/d16cc6c3-5775-4949-bf56-2f08fe3903cd.wav,0.0
bad8e770-fd50-47fc-81de-f0e3fe837430,coughvid_data/bad8e770-fd50-47fc-81de-f0e3fe837430.wav,coughvid_data/bad8e770-fd50-47fc-81de-f0e3fe837430.wav,1.0
23d511ab-7df2-4ae0-91bd-ff631ded7da3,coughvid_data/23d511ab-7df2-4ae0-91bd-ff631ded7da3.wav,coughvid_data/23d511ab-7df2-4ae0-91bd-ff631ded7da3.wav,1.0
8e3ea887-d60f-4fa5-aa6a-fd87ca9c1d89,coughvid_data/8e3ea887-d60f-4fa5-aa6a-fd87ca9c1d89.wav,coughvid_data/8e3ea887-d60f-4fa5-aa6a-fd87ca9c1d89.wav,0.0
ad4e4752-2168-4138-a5b8-a07c0332a921,coughvid_data/ad4e4752-2168-4138-a5b8-a07c0332a921.wav,coughvid_data/ad4e4752-2168-4138-a5b8-a07c0332a921.wav,1.0
90df4728-8750-4646-a0a4-027f2c9cd544,coughvid_data/90df4728-8750-4646-a0a4-027f2c9cd544.wav,coughvid_data/90df4728-8750-4646-a0a4-027f2c9cd544.wav,1.0
035efb03-9ace-47a1-b825-0ddef8ba5dc9,coughvid_data/035efb03-9ace-47a1-b825-0ddef8ba5dc9.wav,coughvid_data/035efb03-9ace-47a1-b825-0ddef8ba5dc9.wav,1.0
5d8538b1-0958-4d99-8702-bfc253e71a81,coughvid_data/5d8538b1-0958-4d99-8702-bfc253e71a81.wav,coughvid_data/5d8538b1-0958-4d99-8702-bfc253e71a81.wav,0.0
6a279144-01fc-4bce-a371-f135c3a252cc,coughvid_data/6a279144-01fc-4bce-a371-f135c3a252cc.wav,coughvid_data/6a279144-01fc-4bce-a371-f135c3a252cc.wav,1.0
c5890353-46d3-4991-9f2d-91720194b0bc,coughvid_data/c5890353-46d3-4991-9f2d-91720194b0bc.wav,coughvid_data/c5890353-46d3-4991-9f2d-91720194b0bc.wav,1.0
44e9099f-aac3-4669-a80c-2ee40d65faef,coughvid_data/44e9099f-aac3-4669-a80c-2ee40d65faef.wav,coughvid_data/44e9099f-aac3-4669-a80c-2ee40d65faef.wav,1.0
23cfb2b5-9ad7-456d-8c37-f0712ed6667a,coughvid_data/23cfb2b5-9ad7-456d-8c37-f0712ed6667a.wav,coughvid_data/23cfb2b5-9ad7-456d-8c37-f0712ed6667a.wav,0.0
94b478e2-0f19-44d8-93cd-60f91f7b9f0d,coughvid_data/94b478e2-0f19-44d8-93cd-60f91f7b9f0d.wav,coughvid_data/94b478e2-0f19-44d8-93cd-60f91f7b9f0d.wav,0.0
ceb00a88-f408-4537-b453-9b777f74c376,coughvid_data/ceb00a88-f408-4537-b453-9b777f74c376.wav,coughvid_data/ceb00a88-f408-4537-b453-9b777f74c376.wav,1.0
c6f79cc6-6341-4251-a715-6b736566346e,coughvid_data/c6f79cc6-6341-4251-a715-6b736566346e.wav,coughvid_data/c6f79cc6-6341-4251-a715-6b736566346e.wav,0.0
a024e229-8af5-4985-83f4-dd42948cee93,coughvid_data/a024e229-8af5-4985-83f4-dd42948cee93.wav,coughvid_data/a024e229-8af5-4985-83f4-dd42948cee93.wav,0.0
32da4656-c92b-4ed4-ac30-8c832cac3e11,coughvid_data/32da4656-c92b-4ed4-ac30-8c832cac3e11.wav,coughvid_data/32da4656-c92b-4ed4-ac30-8c832cac3e11.wav,0.0
8a308331-2860-4afb-b5d1-d84235dc1a6e,coughvid_data/8a308331-2860-4afb-b5d1-d84235dc1a6e.wav,coughvid_data/8a308331-2860-4afb-b5d1-d84235dc1a6e.wav,0.0
bc1b5ebf-755d-42dc-9885-56782a172ac8,coughvid_data/bc1b5ebf-755d-42dc-9885-56782a172ac8.wav,coughvid_data/bc1b5ebf-755d-42dc-9885-56782a172ac8.wav,0.0
1bef3147-0527-4264-81d6-d15e39ef42d6,coughvid_data/1bef3147-0527-4264-81d6-d15e39ef42d6.wav,coughvid_data/1bef3147-0527-4264-81d6-d15e39ef42d6.wav,1.0
aa3f354d-d585-45b3-b728-4638a61d5e16,coughvid_data/aa3f354d-d585-45b3-b728-4638a61d5e16.wav,coughvid_data/aa3f354d-d585-45b3-b728-4638a61d5e16.wav,0.0
6aa8ddfa-7a61-40a9-97c8-098898273d19,coughvid_data/6aa8ddfa-7a61-40a9-97c8-098898273d19.wav,coughvid_data/6aa8ddfa-7a61-40a9-97c8-098898273d19.wav,0.0
e800f235-a201-4379-901c-0bcfbfffa94d,coughvid_data/e800f235-a201-4379-901c-0bcfbfffa94d.wav,coughvid_data/e800f235-a201-4379-901c-0bcfbfffa94d.wav,0.0
09d98bd7-b325-4331-ac74-cc6db8555eed,coughvid_data/09d98bd7-b325-4331-ac74-cc6db8555eed.wav,coughvid_data/09d98bd7-b325-4331-ac74-cc6db8555eed.wav,0.0
d2ccf768-4b84-41c7-9cc9-e8f9b671c4cf,coughvid_data/d2ccf768-4b84-41c7-9cc9-e8f9b671c4cf.wav,coughvid_data/d2ccf768-4b84-41c7-9cc9-e8f9b671c4cf.wav,0.0
56bd6987-d80e-4446-b0b3-e0c99a867984,coughvid_data/56bd6987-d80e-4446-b0b3-e0c99a867984.wav,coughvid_data/56bd6987-d80e-4446-b0b3-e0c99a867984.wav,1.0
2860d7f4-604b-4b77-8c09-eade6e7116ac,coughvid_data/2860d7f4-604b-4b77-8c09-eade6e7116ac.wav,coughvid_data/2860d7f4-604b-4b77-8c09-eade6e7116ac.wav,0.0
74ee1858-7df8-456f-8e9d-0440f8bcb0d1,coughvid_data/74ee1858-7df8-456f-8e9d-0440f8bcb0d1.wav,coughvid_data/74ee1858-7df8-456f-8e9d-0440f8bcb0d1.wav,0.0
9e1eac96-e3a0-46d2-b2fc-efb310671ea7,coughvid_data/9e1eac96-e3a0-46d2-b2fc-efb310671ea7.wav,coughvid_data/9e1eac96-e3a0-46d2-b2fc-efb310671ea7.wav,0.0
03b2c772-9baf-4350-ab9d-bb65bc51e3d8,coughvid_data/03b2c772-9baf-4350-ab9d-bb65bc51e3d8.wav,coughvid_data/03b2c772-9baf-4350-ab9d-bb65bc51e3d8.wav,1.0
3a2156c4-aaa9-4e84-aa54-f40c6ad1876d,coughvid_data/3a2156c4-aaa9-4e84-aa54-f40c6ad1876d.wav,coughvid_data/3a2156c4-aaa9-4e84-aa54-f40c6ad1876d.wav,0.0
612418c1-6880-43ee-b858-842d6267c7f7,coughvid_data/612418c1-6880-43ee-b858-842d6267c7f7.wav,coughvid_data/612418c1-6880-43ee-b858-842d6267c7f7.wav,0.0
7787ffe8-78e6-4882-bd9d-35e0f502fd69,coughvid_data/7787ffe8-78e6-4882-bd9d-35e0f502fd69.wav,coughvid_data/7787ffe8-78e6-4882-bd9d-35e0f502fd69.wav,1.0
4d72142f-9932-47f4-8d86-29757ea3f78d,coughvid_data/4d72142f-9932-47f4-8d86-29757ea3f78d.wav,coughvid_data/4d72142f-9932-47f4-8d86-29757ea3f78d.wav,1.0
e1d839ec-21d1-4a50-8d05-47b24a90d4ca,coughvid_data/e1d839ec-21d1-4a50-8d05-47b24a90d4ca.wav,coughvid_data/e1d839ec-21d1-4a50-8d05-47b24a90d4ca.wav,1.0
8bf017c1-9923-4649-8e3a-344cf6364c27,coughvid_data/8bf017c1-9923-4649-8e3a-344cf6364c27.wav,coughvid_data/8bf017c1-9923-4649-8e3a-344cf6364c27.wav,0.0
62f7d0f0-0057-440f-9212-a99e110dc2ff,coughvid_data/62f7d0f0-0057-440f-9212-a99e110dc2ff.wav,coughvid_data/62f7d0f0-0057-440f-9212-a99e110dc2ff.wav,0.0
1959e861-38b2-45cb-927d-1b918abb9450,coughvid_data/1959e861-38b2-45cb-927d-1b918abb9450.wav,coughvid_data/1959e861-38b2-45cb-927d-1b918abb9450.wav,0.0
45777cca-1d51-4024-b2fa-d7d950a28e79,coughvid_data/45777cca-1d51-4024-b2fa-d7d950a28e79.wav,coughvid_data/45777cca-1d51-4024-b2fa-d7d950a28e79.wav,1.0
51780e79-2abc-4daf-b019-32565b13f153,coughvid_data/51780e79-2abc-4daf-b019-32565b13f153.wav,coughvid_data/51780e79-2abc-4daf-b019-32565b13f153.wav,1.0
93cb69e1-66e8-44e5-8e9c-a8e58bc48dd2,coughvid_data/93cb69e1-66e8-44e5-8e9c-a8e58bc48dd2.wav,coughvid_data/93cb69e1-66e8-44e5-8e9c-a8e58bc48dd2.wav,1.0
d7d03d52-29c8-4242-bdf5-269b9b3b4598,coughvid_data/d7d03d52-29c8-4242-bdf5-269b9b3b4598.wav,coughvid_data/d7d03d52-29c8-4242-bdf5-269b9b3b4598.wav,0.0
c63c5cc4-4149-48cf-bdcf-f44df4fec354,coughvid_data/c63c5cc4-4149-48cf-bdcf-f44df4fec354.wav,coughvid_data/c63c5cc4-4149-48cf-bdcf-f44df4fec354.wav,1.0
1ba551a5-40af-4099-8a0d-0877ac10cac2,coughvid_data/1ba551a5-40af-4099-8a0d-0877ac10cac2.wav,coughvid_data/1ba551a5-40af-4099-8a0d-0877ac10cac2.wav,1.0
e9650512-35f6-4872-acca-c8aca7cd228b,coughvid_data/e9650512-35f6-4872-acca-c8aca7cd228b.wav,coughvid_data/e9650512-35f6-4872-acca-c8aca7cd228b.wav,1.0
eff08b1e-fc39-40e4-a807-7b2651644a8a,coughvid_data/eff08b1e-fc39-40e4-a807-7b2651644a8a.wav,coughvid_data/eff08b1e-fc39-40e4-a807-7b2651644a8a.wav,1.0
0970af31-9d5d-41f5-b896-699531f57f38,coughvid_data/0970af31-9d5d-41f5-b896-699531f57f38.wav,coughvid_data/0970af31-9d5d-41f5-b896-699531f57f38.wav,1.0
b6be200d-ee0b-4a96-a74f-561596075373,coughvid_data/b6be200d-ee0b-4a96-a74f-561596075373.wav,coughvid_data/b6be200d-ee0b-4a96-a74f-561596075373.wav,1.0
ccb06d6f-c355-44fb-bab7-91106514f0c3,coughvid_data/ccb06d6f-c355-44fb-bab7-91106514f0c3.wav,coughvid_data/ccb06d6f-c355-44fb-bab7-91106514f0c3.wav,0.0
2e6aef10-f3e8-4c7a-a4b4-5d071e2e9878,coughvid_data/2e6aef10-f3e8-4c7a-a4b4-5d071e2e9878.wav,coughvid_data/2e6aef10-f3e8-4c7a-a4b4-5d071e2e9878.wav,0.0
4a33bd61-77cd-40c0-8175-f95e45055c74,coughvid_data/4a33bd61-77cd-40c0-8175-f95e45055c74.wav,coughvid_data/4a33bd61-77cd-40c0-8175-f95e45055c74.wav,0.0
1d9490a3-155d-4eb5-a34d-acef154740ed,coughvid_data/1d9490a3-155d-4eb5-a34d-acef154740ed.wav,coughvid_data/1d9490a3-155d-4eb5-a34d-acef154740ed.wav,0.0
f9d559a3-e06e-4087-9015-63c6fef64abf,coughvid_data/f9d559a3-e06e-4087-9015-63c6fef64abf.wav,coughvid_data/f9d559a3-e06e-4087-9015-63c6fef64abf.wav,1.0
a0950131-b35b-4c65-86f1-2223c122ce17,coughvid_data/a0950131-b35b-4c65-86f1-2223c122ce17.wav,coughvid_data/a0950131-b35b-4c65-86f1-2223c122ce17.wav,0.0
7c242c98-eeda-4a24-8c00-dbf48776a153,coughvid_data/7c242c98-eeda-4a24-8c00-dbf48776a153.wav,coughvid_data/7c242c98-eeda-4a24-8c00-dbf48776a153.wav,1.0
60ba097e-76f1-4406-902f-5c0b8c3470b4,coughvid_data/60ba097e-76f1-4406-902f-5c0b8c3470b4.wav,coughvid_data/60ba097e-76f1-4406-902f-5c0b8c3470b4.wav,0.0
87d4e292-7e94-49b4-9e11-c944e3ae63f8,coughvid_data/87d4e292-7e94-49b4-9e11-c944e3ae63f8.wav,coughvid_data/87d4e292-7e94-49b4-9e11-c944e3ae63f8.wav,1.0
46f9f3f2-73ed-47a3-8baa-a261f170291f,coughvid_data/46f9f3f2-73ed-47a3-8baa-a261f170291f.wav,coughvid_data/46f9f3f2-73ed-47a3-8baa-a261f170291f.wav,0.0
ef23d3d2-c6c7-49fd-99c2-366e98283710,coughvid_data/ef23d3d2-c6c7-49fd-99c2-366e98283710.wav,coughvid_data/ef23d3d2-c6c7-49fd-99c2-366e98283710.wav,1.0
4dd1aaab-e0c4-4b17-8448-bdd5f0683dee,coughvid_data/4dd1aaab-e0c4-4b17-8448-bdd5f0683dee.wav,coughvid_data/4dd1aaab-e0c4-4b17-8448-bdd5f0683dee.wav,0.0
5ba1d821-b106-41b9-be03-dceb81f61106,coughvid_data/5ba1d821-b106-41b9-be03-dceb81f61106.wav,coughvid_data/5ba1d821-b106-41b9-be03-dceb81f61106.wav,1.0
99d680f2-d4ca-40f2-8b29-9aa7c754ca0e,coughvid_data/99d680f2-d4ca-40f2-8b29-9aa7c754ca0e.wav,coughvid_data/99d680f2-d4ca-40f2-8b29-9aa7c754ca0e.wav,0.0
7e1907fb-cb3c-4e18-92a2-776de51b4c51,coughvid_data/7e1907fb-cb3c-4e18-92a2-776de51b4c51.wav,coughvid_data/7e1907fb-cb3c-4e18-92a2-776de51b4c51.wav,0.0
b75030dd-564a-4bec-960b-ef570c3f2cff,coughvid_data/b75030dd-564a-4bec-960b-ef570c3f2cff.wav,coughvid_data/b75030dd-564a-4bec-960b-ef570c3f2cff.wav,0.0
0df18e06-35c3-408e-8f82-bb4523ccdb08,coughvid_data/0df18e06-35c3-408e-8f82-bb4523ccdb08.wav,coughvid_data/0df18e06-35c3-408e-8f82-bb4523ccdb08.wav,1.0
08fb3344-aa00-4bb3-b07d-78066dbf9fdb,coughvid_data/08fb3344-aa00-4bb3-b07d-78066dbf9fdb.wav,coughvid_data/08fb3344-aa00-4bb3-b07d-78066dbf9fdb.wav,1.0
8aab7d49-1137-4937-9b07-1e6e714adac4,coughvid_data/8aab7d49-1137-4937-9b07-1e6e714adac4.wav,coughvid_data/8aab7d49-1137-4937-9b07-1e6e714adac4.wav,0.0
08cf6344-b322-4c83-bf2f-4c0f96cd63dc,coughvid_data/08cf6344-b322-4c83-bf2f-4c0f96cd63dc.wav,coughvid_data/08cf6344-b322-4c83-bf2f-4c0f96cd63dc.wav,1.0
ca67178e-597b-4169-950a-abc997326c57,coughvid_data/ca67178e-597b-4169-950a-abc997326c57.wav,coughvid_data/ca67178e-597b-4169-950a-abc997326c57.wav,1.0
d9df9ee0-aa06-4c4c-953d-939a6a8b6a8e,coughvid_data/d9df9ee0-aa06-4c4c-953d-939a6a8b6a8e.wav,coughvid_data/d9df9ee0-aa06-4c4c-953d-939a6a8b6a8e.wav,1.0
46d08335-061f-49b5-9e69-60a620e58adf,coughvid_data/46d08335-061f-49b5-9e69-60a620e58adf.wav,coughvid_data/46d08335-061f-49b5-9e69-60a620e58adf.wav,1.0
f8d423ad-5d4f-40b5-8ec1-64e0071ae3dd,coughvid_data/f8d423ad-5d4f-40b5-8ec1-64e0071ae3dd.wav,coughvid_data/f8d423ad-5d4f-40b5-8ec1-64e0071ae3dd.wav,0.0
9696e81b-2fe8-47e7-8229-ecb599569c5a,coughvid_data/9696e81b-2fe8-47e7-8229-ecb599569c5a.wav,coughvid_data/9696e81b-2fe8-47e7-8229-ecb599569c5a.wav,0.0
612e7b76-8d8d-4d65-8f18-284472d5def7,coughvid_data/612e7b76-8d8d-4d65-8f18-284472d5def7.wav,coughvid_data/612e7b76-8d8d-4d65-8f18-284472d5def7.wav,0.0
b5ace401-ff97-4aa1-8e35-4855f3393645,coughvid_data/b5ace401-ff97-4aa1-8e35-4855f3393645.wav,coughvid_data/b5ace401-ff97-4aa1-8e35-4855f3393645.wav,0.0
77eb7619-d1e9-44f9-9cfa-d2c2b8366bbc,coughvid_data/77eb7619-d1e9-44f9-9cfa-d2c2b8366bbc.wav,coughvid_data/77eb7619-d1e9-44f9-9cfa-d2c2b8366bbc.wav,1.0
94f21c88-98b1-4c44-944f-75ff8f51e9d1,coughvid_data/94f21c88-98b1-4c44-944f-75ff8f51e9d1.wav,coughvid_data/94f21c88-98b1-4c44-944f-75ff8f51e9d1.wav,1.0
c3e438ce-112b-4422-b90c-17efa1ef78ba,coughvid_data/c3e438ce-112b-4422-b90c-17efa1ef78ba.wav,coughvid_data/c3e438ce-112b-4422-b90c-17efa1ef78ba.wav,0.0
43fae19e-793d-4041-882f-7d0c1bc0572a,coughvid_data/43fae19e-793d-4041-882f-7d0c1bc0572a.wav,coughvid_data/43fae19e-793d-4041-882f-7d0c1bc0572a.wav,1.0
3226648a-6c6a-4b58-8112-66f148a53ade,coughvid_data/3226648a-6c6a-4b58-8112-66f148a53ade.wav,coughvid_data/3226648a-6c6a-4b58-8112-66f148a53ade.wav,0.0
3cdede8b-ce5e-439f-b5f5-af8cc6b9e7ed,coughvid_data/3cdede8b-ce5e-439f-b5f5-af8cc6b9e7ed.wav,coughvid_data/3cdede8b-ce5e-439f-b5f5-af8cc6b9e7ed.wav,0.0
962b470f-bf9f-419d-89b4-9ccc2344a3f8,coughvid_data/962b470f-bf9f-419d-89b4-9ccc2344a3f8.wav,coughvid_data/962b470f-bf9f-419d-89b4-9ccc2344a3f8.wav,0.0
682ec597-28ae-470e-8ee0-7a4d68dd4ed3,coughvid_data/682ec597-28ae-470e-8ee0-7a4d68dd4ed3.wav,coughvid_data/682ec597-28ae-470e-8ee0-7a4d68dd4ed3.wav,1.0
9276ac15-9562-47be-9f2f-40d3d03d7eb1,coughvid_data/9276ac15-9562-47be-9f2f-40d3d03d7eb1.wav,coughvid_data/9276ac15-9562-47be-9f2f-40d3d03d7eb1.wav,1.0
d72adb9b-0488-4c37-9bf4-a19be93c6c93,coughvid_data/d72adb9b-0488-4c37-9bf4-a19be93c6c93.wav,coughvid_data/d72adb9b-0488-4c37-9bf4-a19be93c6c93.wav,0.0
2eb27700-2e26-456a-87df-518a5be8cf66,coughvid_data/2eb27700-2e26-456a-87df-518a5be8cf66.wav,coughvid_data/2eb27700-2e26-456a-87df-518a5be8cf66.wav,1.0
943c9b33-87cf-4a48-b05c-c6ce57a252d5,coughvid_data/943c9b33-87cf-4a48-b05c-c6ce57a252d5.wav,coughvid_data/943c9b33-87cf-4a48-b05c-c6ce57a252d5.wav,1.0
1d4e43bd-bbc0-4947-ab34-de8a6822349a,coughvid_data/1d4e43bd-bbc0-4947-ab34-de8a6822349a.wav,coughvid_data/1d4e43bd-bbc0-4947-ab34-de8a6822349a.wav,1.0
0a6fe71c-7a8a-40c5-bb47-9baf9ddaaa5c,coughvid_data/0a6fe71c-7a8a-40c5-bb47-9baf9ddaaa5c.wav,coughvid_data/0a6fe71c-7a8a-40c5-bb47-9baf9ddaaa5c.wav,1.0
29fc09a6-c3c9-4a34-b3c7-25019a99ee47,coughvid_data/29fc09a6-c3c9-4a34-b3c7-25019a99ee47.wav,coughvid_data/29fc09a6-c3c9-4a34-b3c7-25019a99ee47.wav,1.0
da1428b5-d5e2-4f78-8371-d7ac4316baea,coughvid_data/da1428b5-d5e2-4f78-8371-d7ac4316baea.wav,coughvid_data/da1428b5-d5e2-4f78-8371-d7ac4316baea.wav,1.0
c2b58f72-fed2-4cd9-be4b-7f6b0a7302fd,coughvid_data/c2b58f72-fed2-4cd9-be4b-7f6b0a7302fd.wav,coughvid_data/c2b58f72-fed2-4cd9-be4b-7f6b0a7302fd.wav,1.0
35aa5dc5-a4cd-460a-826e-18c6d94bc1b4,coughvid_data/35aa5dc5-a4cd-460a-826e-18c6d94bc1b4.wav,coughvid_data/35aa5dc5-a4cd-460a-826e-18c6d94bc1b4.wav,0.0
c8e450d7-a803-4196-a49f-91221c9c1e7b,coughvid_data/c8e450d7-a803-4196-a49f-91221c9c1e7b.wav,coughvid_data/c8e450d7-a803-4196-a49f-91221c9c1e7b.wav,0.0
a0b65b65-e021-4b9e-905a-5872380cac51,coughvid_data/a0b65b65-e021-4b9e-905a-5872380cac51.wav,coughvid_data/a0b65b65-e021-4b9e-905a-5872380cac51.wav,1.0
0ac97b6c-853f-43bf-95ae-86938aa857d2,coughvid_data/0ac97b6c-853f-43bf-95ae-86938aa857d2.wav,coughvid_data/0ac97b6c-853f-43bf-95ae-86938aa857d2.wav,0.0
a1deb984-ed6e-4b6a-96ba-a18d14064664,coughvid_data/a1deb984-ed6e-4b6a-96ba-a18d14064664.wav,coughvid_data/a1deb984-ed6e-4b6a-96ba-a18d14064664.wav,1.0
39fc7508-62ba-41f5-ba87-fbb328b61101,coughvid_data/39fc7508-62ba-41f5-ba87-fbb328b61101.wav,coughvid_data/39fc7508-62ba-41f5-ba87-fbb328b61101.wav,1.0
d1147932-9fc4-4324-9b02-4dd219ca6843,coughvid_data/d1147932-9fc4-4324-9b02-4dd219ca6843.wav,coughvid_data/d1147932-9fc4-4324-9b02-4dd219ca6843.wav,1.0
0803473a-6bab-4bd3-a1a2-1e0423a28749,coughvid_data/0803473a-6bab-4bd3-a1a2-1e0423a28749.wav,coughvid_data/0803473a-6bab-4bd3-a1a2-1e0423a28749.wav,0.0
ce468c06-5a71-4498-8b0d-4d75551094b3,coughvid_data/ce468c06-5a71-4498-8b0d-4d75551094b3.wav,coughvid_data/ce468c06-5a71-4498-8b0d-4d75551094b3.wav,1.0
48ff5e27-832e-4450-9ea5-288a0e6967db,coughvid_data/48ff5e27-832e-4450-9ea5-288a0e6967db.wav,coughvid_data/48ff5e27-832e-4450-9ea5-288a0e6967db.wav,1.0
d9296701-513a-4521-8e0e-9d2a26c9f12d,coughvid_data/d9296701-513a-4521-8e0e-9d2a26c9f12d.wav,coughvid_data/d9296701-513a-4521-8e0e-9d2a26c9f12d.wav,0.0
cbbbe2c4-51c4-48e3-807d-5ad37ad220e4,coughvid_data/cbbbe2c4-51c4-48e3-807d-5ad37ad220e4.wav,coughvid_data/cbbbe2c4-51c4-48e3-807d-5ad37ad220e4.wav,1.0
80f02788-4e3a-46fa-ab4e-e4ae30bc5863,coughvid_data/80f02788-4e3a-46fa-ab4e-e4ae30bc5863.wav,coughvid_data/80f02788-4e3a-46fa-ab4e-e4ae30bc5863.wav,0.0
bfb42485-dd9c-4a55-a6d1-2512b8a418cb,coughvid_data/bfb42485-dd9c-4a55-a6d1-2512b8a418cb.wav,coughvid_data/bfb42485-dd9c-4a55-a6d1-2512b8a418cb.wav,1.0
8696aea2-42ad-4042-9486-f7699feaf13e,coughvid_data/8696aea2-42ad-4042-9486-f7699feaf13e.wav,coughvid_data/8696aea2-42ad-4042-9486-f7699feaf13e.wav,1.0
37f38d9d-29b7-48d6-a247-112e75da858b,coughvid_data/37f38d9d-29b7-48d6-a247-112e75da858b.wav,coughvid_data/37f38d9d-29b7-48d6-a247-112e75da858b.wav,1.0
c0f48a05-1586-46ca-b1f6-85d54bd97d3a,coughvid_data/c0f48a05-1586-46ca-b1f6-85d54bd97d3a.wav,coughvid_data/c0f48a05-1586-46ca-b1f6-85d54bd97d3a.wav,1.0
0e272c94-cfd2-4872-b376-ffa5fee6f562,coughvid_data/0e272c94-cfd2-4872-b376-ffa5fee6f562.wav,coughvid_data/0e272c94-cfd2-4872-b376-ffa5fee6f562.wav,0.0
4a5ddace-467b-4a0a-9647-c1160ec4d8f9,coughvid_data/4a5ddace-467b-4a0a-9647-c1160ec4d8f9.wav,coughvid_data/4a5ddace-467b-4a0a-9647-c1160ec4d8f9.wav,1.0
f0d84e03-9a4e-41ce-a9ab-da9541b578ca,coughvid_data/f0d84e03-9a4e-41ce-a9ab-da9541b578ca.wav,coughvid_data/f0d84e03-9a4e-41ce-a9ab-da9541b578ca.wav,0.0
a19626b3-990a-4482-babb-ddcd0d4d6442,coughvid_data/a19626b3-990a-4482-babb-ddcd0d4d6442.wav,coughvid_data/a19626b3-990a-4482-babb-ddcd0d4d6442.wav,1.0
df336bbe-aab4-4388-92b3-2baf55a183f1,coughvid_data/df336bbe-aab4-4388-92b3-2baf55a183f1.wav,coughvid_data/df336bbe-aab4-4388-92b3-2baf55a183f1.wav,0.0
4ccac7d2-68c3-416a-bbc5-656dfc54e415,coughvid_data/4ccac7d2-68c3-416a-bbc5-656dfc54e415.wav,coughvid_data/4ccac7d2-68c3-416a-bbc5-656dfc54e415.wav,0.0
0744becc-affd-449a-aa2a-274ed1f096c4,coughvid_data/0744becc-affd-449a-aa2a-274ed1f096c4.wav,coughvid_data/0744becc-affd-449a-aa2a-274ed1f096c4.wav,1.0
b5eacca6-0659-4ca4-93bb-29f5083469fc,coughvid_data/b5eacca6-0659-4ca4-93bb-29f5083469fc.wav,coughvid_data/b5eacca6-0659-4ca4-93bb-29f5083469fc.wav,1.0
6aaca76c-b2d8-41f1-b96f-1af52fa053c0,coughvid_data/6aaca76c-b2d8-41f1-b96f-1af52fa053c0.wav,coughvid_data/6aaca76c-b2d8-41f1-b96f-1af52fa053c0.wav,0.0
0e6c54fd-2bab-410a-a56f-d318347cc51a,coughvid_data/0e6c54fd-2bab-410a-a56f-d318347cc51a.wav,coughvid_data/0e6c54fd-2bab-410a-a56f-d318347cc51a.wav,1.0
cdd65c87-7176-41e3-87e1-eb9abbd39f01,coughvid_data/cdd65c87-7176-41e3-87e1-eb9abbd39f01.wav,coughvid_data/cdd65c87-7176-41e3-87e1-eb9abbd39f01.wav,0.0
18dc76ea-76eb-4640-bc22-ee6173b26621,coughvid_data/18dc76ea-76eb-4640-bc22-ee6173b26621.wav,coughvid_data/18dc76ea-76eb-4640-bc22-ee6173b26621.wav,0.0
afc7da63-81a8-43c2-b030-1ab5e8e70c65,coughvid_data/afc7da63-81a8-43c2-b030-1ab5e8e70c65.wav,coughvid_data/afc7da63-81a8-43c2-b030-1ab5e8e70c65.wav,0.0
cabf8ac2-14be-4761-9a05-e3e9d18b96eb,coughvid_data/cabf8ac2-14be-4761-9a05-e3e9d18b96eb.wav,coughvid_data/cabf8ac2-14be-4761-9a05-e3e9d18b96eb.wav,1.0
5d80da79-cf2d-4a6e-9adb-1846cc3b502c,coughvid_data/5d80da79-cf2d-4a6e-9adb-1846cc3b502c.wav,coughvid_data/5d80da79-cf2d-4a6e-9adb-1846cc3b502c.wav,0.0
12310e7f-7c6b-4e7a-aa20-d250bd09241a,coughvid_data/12310e7f-7c6b-4e7a-aa20-d250bd09241a.wav,coughvid_data/12310e7f-7c6b-4e7a-aa20-d250bd09241a.wav,0.0
2e962ab5-00c0-425e-9f38-ea86e107f361,coughvid_data/2e962ab5-00c0-425e-9f38-ea86e107f361.wav,coughvid_data/2e962ab5-00c0-425e-9f38-ea86e107f361.wav,1.0
354ae6d7-7cd7-4d3f-a176-244b80243fe2,coughvid_data/354ae6d7-7cd7-4d3f-a176-244b80243fe2.wav,coughvid_data/354ae6d7-7cd7-4d3f-a176-244b80243fe2.wav,1.0
dd4ceb3a-13db-4e4f-8b95-e2af633ff96f,coughvid_data/dd4ceb3a-13db-4e4f-8b95-e2af633ff96f.wav,coughvid_data/dd4ceb3a-13db-4e4f-8b95-e2af633ff96f.wav,1.0
34bc4438-865f-4a76-bb61-7bd0bea36ecd,coughvid_data/34bc4438-865f-4a76-bb61-7bd0bea36ecd.wav,coughvid_data/34bc4438-865f-4a76-bb61-7bd0bea36ecd.wav,1.0
14b70186-77fe-435a-829d-92c2688fd541,coughvid_data/14b70186-77fe-435a-829d-92c2688fd541.wav,coughvid_data/14b70186-77fe-435a-829d-92c2688fd541.wav,1.0
d866ff21-5fad-4647-9043-83718675f906,coughvid_data/d866ff21-5fad-4647-9043-83718675f906.wav,coughvid_data/d866ff21-5fad-4647-9043-83718675f906.wav,0.0
f35e6131-b38c-483d-9c67-0e95fe219c09,coughvid_data/f35e6131-b38c-483d-9c67-0e95fe219c09.wav,coughvid_data/f35e6131-b38c-483d-9c67-0e95fe219c09.wav,0.0
7ffea3f0-64d3-46aa-9e2c-fd403288a325,coughvid_data/7ffea3f0-64d3-46aa-9e2c-fd403288a325.wav,coughvid_data/7ffea3f0-64d3-46aa-9e2c-fd403288a325.wav,1.0
8036ba19-5420-4c1c-ab27-4a4a8f703da4,coughvid_data/8036ba19-5420-4c1c-ab27-4a4a8f703da4.wav,coughvid_data/8036ba19-5420-4c1c-ab27-4a4a8f703da4.wav,1.0
2b30027a-66c3-47be-96c5-74b363559b3b,coughvid_data/2b30027a-66c3-47be-96c5-74b363559b3b.wav,coughvid_data/2b30027a-66c3-47be-96c5-74b363559b3b.wav,0.0
619cecde-1cf6-48ee-b598-9308a83f42ec,coughvid_data/619cecde-1cf6-48ee-b598-9308a83f42ec.wav,coughvid_data/619cecde-1cf6-48ee-b598-9308a83f42ec.wav,0.0
43064dbd-7575-4033-a310-267cb0969d05,coughvid_data/43064dbd-7575-4033-a310-267cb0969d05.wav,coughvid_data/43064dbd-7575-4033-a310-267cb0969d05.wav,1.0
4170c699-6d4c-426b-9e7b-5d486ed4e09c,coughvid_data/4170c699-6d4c-426b-9e7b-5d486ed4e09c.wav,coughvid_data/4170c699-6d4c-426b-9e7b-5d486ed4e09c.wav,1.0
3ccf6dc6-d311-4e8b-9838-722d0a833518,coughvid_data/3ccf6dc6-d311-4e8b-9838-722d0a833518.wav,coughvid_data/3ccf6dc6-d311-4e8b-9838-722d0a833518.wav,0.0
87492525-55ef-4fcf-890d-260423bd7a63,coughvid_data/87492525-55ef-4fcf-890d-260423bd7a63.wav,coughvid_data/87492525-55ef-4fcf-890d-260423bd7a63.wav,0.0
c3668f67-ea5a-42aa-a89c-5579f120dcc4,coughvid_data/c3668f67-ea5a-42aa-a89c-5579f120dcc4.wav,coughvid_data/c3668f67-ea5a-42aa-a89c-5579f120dcc4.wav,1.0
22b3beeb-fb69-4cc9-8813-0f3c50db0873,coughvid_data/22b3beeb-fb69-4cc9-8813-0f3c50db0873.wav,coughvid_data/22b3beeb-fb69-4cc9-8813-0f3c50db0873.wav,0.0
b514ce9c-146b-4143-a40b-498f993a8067,coughvid_data/b514ce9c-146b-4143-a40b-498f993a8067.wav,coughvid_data/b514ce9c-146b-4143-a40b-498f993a8067.wav,0.0
3bd374e0-d6b9-488d-a0a8-6f1ed232b4d3,coughvid_data/3bd374e0-d6b9-488d-a0a8-6f1ed232b4d3.wav,coughvid_data/3bd374e0-d6b9-488d-a0a8-6f1ed232b4d3.wav,0.0
3a7c30a2-8bd0-4128-a33a-7bf790ce315f,coughvid_data/3a7c30a2-8bd0-4128-a33a-7bf790ce315f.wav,coughvid_data/3a7c30a2-8bd0-4128-a33a-7bf790ce315f.wav,1.0
cb3d6c75-e74f-49a8-8e18-97b1e95038a1,coughvid_data/cb3d6c75-e74f-49a8-8e18-97b1e95038a1.wav,coughvid_data/cb3d6c75-e74f-49a8-8e18-97b1e95038a1.wav,1.0
b8cb9483-ef13-4d06-aa50-d36d9e0e1cf5,coughvid_data/b8cb9483-ef13-4d06-aa50-d36d9e0e1cf5.wav,coughvid_data/b8cb9483-ef13-4d06-aa50-d36d9e0e1cf5.wav,1.0
6c076190-d355-49cb-a87e-88a4c0766853,coughvid_data/6c076190-d355-49cb-a87e-88a4c0766853.wav,coughvid_data/6c076190-d355-49cb-a87e-88a4c0766853.wav,0.0
65527aae-ed02-4b2a-988a-b59e09c8b8e0,coughvid_data/65527aae-ed02-4b2a-988a-b59e09c8b8e0.wav,coughvid_data/65527aae-ed02-4b2a-988a-b59e09c8b8e0.wav,1.0
5f995336-d4b0-4518-92b9-a55cd62bfb8c,coughvid_data/5f995336-d4b0-4518-92b9-a55cd62bfb8c.wav,coughvid_data/5f995336-d4b0-4518-92b9-a55cd62bfb8c.wav,0.0
1847e872-f108-4144-9792-4cb6669f5dfc,coughvid_data/1847e872-f108-4144-9792-4cb6669f5dfc.wav,coughvid_data/1847e872-f108-4144-9792-4cb6669f5dfc.wav,0.0
ec949ee4-edc0-4fc4-8981-ae8525776f70,coughvid_data/ec949ee4-edc0-4fc4-8981-ae8525776f70.wav,coughvid_data/ec949ee4-edc0-4fc4-8981-ae8525776f70.wav,0.0
8ed0ac32-d016-4d9f-82fc-4fee8c6844c1,coughvid_data/8ed0ac32-d016-4d9f-82fc-4fee8c6844c1.wav,coughvid_data/8ed0ac32-d016-4d9f-82fc-4fee8c6844c1.wav,0.0
a0c1c2e8-56a3-462c-9eb0-02943b27c766,coughvid_data/a0c1c2e8-56a3-462c-9eb0-02943b27c766.wav,coughvid_data/a0c1c2e8-56a3-462c-9eb0-02943b27c766.wav,0.0
50504bd2-ed3f-4ed6-9432-a93648954deb,coughvid_data/50504bd2-ed3f-4ed6-9432-a93648954deb.wav,coughvid_data/50504bd2-ed3f-4ed6-9432-a93648954deb.wav,0.0
f3176d2d-d6ff-44bb-acee-f241b7e5db2e,coughvid_data/f3176d2d-d6ff-44bb-acee-f241b7e5db2e.wav,coughvid_data/f3176d2d-d6ff-44bb-acee-f241b7e5db2e.wav,0.0
b0e3578e-af82-4f89-b99e-3f59ae679d6e,coughvid_data/b0e3578e-af82-4f89-b99e-3f59ae679d6e.wav,coughvid_data/b0e3578e-af82-4f89-b99e-3f59ae679d6e.wav,0.0
6bcbb91f-60e1-4785-ac36-f30247d7408d,coughvid_data/6bcbb91f-60e1-4785-ac36-f30247d7408d.wav,coughvid_data/6bcbb91f-60e1-4785-ac36-f30247d7408d.wav,0.0
41d44897-1d84-4ac9-8320-863179e900c6,coughvid_data/41d44897-1d84-4ac9-8320-863179e900c6.wav,coughvid_data/41d44897-1d84-4ac9-8320-863179e900c6.wav,0.0
35278fd7-0df1-42f1-abf5-5faefc38f6eb,coughvid_data/35278fd7-0df1-42f1-abf5-5faefc38f6eb.wav,coughvid_data/35278fd7-0df1-42f1-abf5-5faefc38f6eb.wav,0.0
ce651ef8-6199-424a-ac78-98b30142a716,coughvid_data/ce651ef8-6199-424a-ac78-98b30142a716.wav,coughvid_data/ce651ef8-6199-424a-ac78-98b30142a716.wav,1.0
e358f6d2-5faf-4c10-8ee7-5e4c79e110fb,coughvid_data/e358f6d2-5faf-4c10-8ee7-5e4c79e110fb.wav,coughvid_data/e358f6d2-5faf-4c10-8ee7-5e4c79e110fb.wav,0.0
5c6f7b9e-d03a-4209-b1ea-ff6d25cf5a64,coughvid_data/5c6f7b9e-d03a-4209-b1ea-ff6d25cf5a64.wav,coughvid_data/5c6f7b9e-d03a-4209-b1ea-ff6d25cf5a64.wav,1.0
57b51fa4-d773-4bc3-b9b6-4f58677385d4,coughvid_data/57b51fa4-d773-4bc3-b9b6-4f58677385d4.wav,coughvid_data/57b51fa4-d773-4bc3-b9b6-4f58677385d4.wav,1.0
574e1e21-50de-40c6-a206-aa6702f675fd,coughvid_data/574e1e21-50de-40c6-a206-aa6702f675fd.wav,coughvid_data/574e1e21-50de-40c6-a206-aa6702f675fd.wav,1.0
8a04f1cc-4e72-40aa-b65d-878d7d306399,coughvid_data/8a04f1cc-4e72-40aa-b65d-878d7d306399.wav,coughvid_data/8a04f1cc-4e72-40aa-b65d-878d7d306399.wav,1.0
542a474a-c33a-44e2-b499-88a943df27a6,coughvid_data/542a474a-c33a-44e2-b499-88a943df27a6.wav,coughvid_data/542a474a-c33a-44e2-b499-88a943df27a6.wav,1.0
153442b5-522c-4f21-a3e0-4406350513fb,coughvid_data/153442b5-522c-4f21-a3e0-4406350513fb.wav,coughvid_data/153442b5-522c-4f21-a3e0-4406350513fb.wav,0.0
df7e5d75-2dae-44a9-9f19-faf0f99a7299,coughvid_data/df7e5d75-2dae-44a9-9f19-faf0f99a7299.wav,coughvid_data/df7e5d75-2dae-44a9-9f19-faf0f99a7299.wav,0.0
fcddabd5-6714-4fa7-94a3-b1a07a3b433f,coughvid_data/fcddabd5-6714-4fa7-94a3-b1a07a3b433f.wav,coughvid_data/fcddabd5-6714-4fa7-94a3-b1a07a3b433f.wav,1.0
37b19dfc-46dc-4b5c-ac4b-62b1c00bb07f,coughvid_data/37b19dfc-46dc-4b5c-ac4b-62b1c00bb07f.wav,coughvid_data/37b19dfc-46dc-4b5c-ac4b-62b1c00bb07f.wav,0.0
f0068025-508b-47a6-94f6-57ed380453ed,coughvid_data/f0068025-508b-47a6-94f6-57ed380453ed.wav,coughvid_data/f0068025-508b-47a6-94f6-57ed380453ed.wav,1.0
b167cfc1-06bb-4947-bd5c-9b678ef29883,coughvid_data/b167cfc1-06bb-4947-bd5c-9b678ef29883.wav,coughvid_data/b167cfc1-06bb-4947-bd5c-9b678ef29883.wav,0.0
aab9a474-f290-4971-bbb0-4e917d3de399,coughvid_data/aab9a474-f290-4971-bbb0-4e917d3de399.wav,coughvid_data/aab9a474-f290-4971-bbb0-4e917d3de399.wav,0.0
f5069737-38c1-4d3e-805d-1b24ec98aefe,coughvid_data/f5069737-38c1-4d3e-805d-1b24ec98aefe.wav,coughvid_data/f5069737-38c1-4d3e-805d-1b24ec98aefe.wav,1.0
417018ba-8853-4956-8c6c-f1146000f589,coughvid_data/417018ba-8853-4956-8c6c-f1146000f589.wav,coughvid_data/417018ba-8853-4956-8c6c-f1146000f589.wav,1.0
4ad7f735-eee2-41d2-b6c4-452a38b797e4,coughvid_data/4ad7f735-eee2-41d2-b6c4-452a38b797e4.wav,coughvid_data/4ad7f735-eee2-41d2-b6c4-452a38b797e4.wav,1.0
ce3e4edb-3da6-4cd1-b7ce-5bb19a922e39,coughvid_data/ce3e4edb-3da6-4cd1-b7ce-5bb19a922e39.wav,coughvid_data/ce3e4edb-3da6-4cd1-b7ce-5bb19a922e39.wav,0.0
9ebde599-a287-478f-9b0f-7b057a49eb71,coughvid_data/9ebde599-a287-478f-9b0f-7b057a49eb71.wav,coughvid_data/9ebde599-a287-478f-9b0f-7b057a49eb71.wav,1.0
ec4b345a-ef53-4be1-8a98-8115cd80cf72,coughvid_data/ec4b345a-ef53-4be1-8a98-8115cd80cf72.wav,coughvid_data/ec4b345a-ef53-4be1-8a98-8115cd80cf72.wav,1.0
550f24b5-7af2-4745-8a27-ac3d168b84b1,coughvid_data/550f24b5-7af2-4745-8a27-ac3d168b84b1.wav,coughvid_data/550f24b5-7af2-4745-8a27-ac3d168b84b1.wav,0.0
94e6510b-0597-4544-aea8-35c427615791,coughvid_data/94e6510b-0597-4544-aea8-35c427615791.wav,coughvid_data/94e6510b-0597-4544-aea8-35c427615791.wav,1.0
d4debad9-171f-4408-ae5d-a883b59f3204,coughvid_data/d4debad9-171f-4408-ae5d-a883b59f3204.wav,coughvid_data/d4debad9-171f-4408-ae5d-a883b59f3204.wav,0.0
a67bc27f-df74-47c1-810a-d150da897c48,coughvid_data/a67bc27f-df74-47c1-810a-d150da897c48.wav,coughvid_data/a67bc27f-df74-47c1-810a-d150da897c48.wav,0.0
9cb306f5-47a1-441c-888a-34ad29f5983c,coughvid_data/9cb306f5-47a1-441c-888a-34ad29f5983c.wav,coughvid_data/9cb306f5-47a1-441c-888a-34ad29f5983c.wav,1.0
f06efeed-76a7-45bc-a1cb-8a5bc4b1d878,coughvid_data/f06efeed-76a7-45bc-a1cb-8a5bc4b1d878.wav,coughvid_data/f06efeed-76a7-45bc-a1cb-8a5bc4b1d878.wav,0.0
00eead73-a2c2-480d-b2ee-d79b1a526871,coughvid_data/00eead73-a2c2-480d-b2ee-d79b1a526871.wav,coughvid_data/00eead73-a2c2-480d-b2ee-d79b1a526871.wav,1.0
f1011537-eb18-4673-a2e7-67b460200124,coughvid_data/f1011537-eb18-4673-a2e7-67b460200124.wav,coughvid_data/f1011537-eb18-4673-a2e7-67b460200124.wav,0.0
e497502e-9cdc-4173-a181-6beb47a04fcd,coughvid_data/e497502e-9cdc-4173-a181-6beb47a04fcd.wav,coughvid_data/e497502e-9cdc-4173-a181-6beb47a04fcd.wav,1.0
d222a172-9257-43ee-918d-53037f9f9463,coughvid_data/d222a172-9257-43ee-918d-53037f9f9463.wav,coughvid_data/d222a172-9257-43ee-918d-53037f9f9463.wav,0.0
27affacb-c223-47c1-a643-f8ebe229e582,coughvid_data/27affacb-c223-47c1-a643-f8ebe229e582.wav,coughvid_data/27affacb-c223-47c1-a643-f8ebe229e582.wav,1.0
4a94fc41-56fc-4cce-89a9-227a385064f2,coughvid_data/4a94fc41-56fc-4cce-89a9-227a385064f2.wav,coughvid_data/4a94fc41-56fc-4cce-89a9-227a385064f2.wav,0.0
23af8bd7-29db-44ff-8dde-d068d3b6713a,coughvid_data/23af8bd7-29db-44ff-8dde-d068d3b6713a.wav,coughvid_data/23af8bd7-29db-44ff-8dde-d068d3b6713a.wav,1.0
f5949cf1-4452-41e4-8f39-aa7d34bf389e,coughvid_data/f5949cf1-4452-41e4-8f39-aa7d34bf389e.wav,coughvid_data/f5949cf1-4452-41e4-8f39-aa7d34bf389e.wav,0.0
b986fda8-71e3-4de9-8702-5cc2c82b5faa,coughvid_data/b986fda8-71e3-4de9-8702-5cc2c82b5faa.wav,coughvid_data/b986fda8-71e3-4de9-8702-5cc2c82b5faa.wav,1.0
a14e3c03-2dfe-43ee-a22e-d96b7ad50743,coughvid_data/a14e3c03-2dfe-43ee-a22e-d96b7ad50743.wav,coughvid_data/a14e3c03-2dfe-43ee-a22e-d96b7ad50743.wav,0.0
af18cc8e-8bf7-4a0c-944a-fe31a69042af,coughvid_data/af18cc8e-8bf7-4a0c-944a-fe31a69042af.wav,coughvid_data/af18cc8e-8bf7-4a0c-944a-fe31a69042af.wav,0.0
60337089-8f4d-41a7-95b0-eec8135f1437,coughvid_data/60337089-8f4d-41a7-95b0-eec8135f1437.wav,coughvid_data/60337089-8f4d-41a7-95b0-eec8135f1437.wav,1.0
ac2e70a2-8583-4945-96fb-cab2fb837804,coughvid_data/ac2e70a2-8583-4945-96fb-cab2fb837804.wav,coughvid_data/ac2e70a2-8583-4945-96fb-cab2fb837804.wav,0.0
d97766fa-c6b9-4da2-b61c-8ac637db9beb,coughvid_data/d97766fa-c6b9-4da2-b61c-8ac637db9beb.wav,coughvid_data/d97766fa-c6b9-4da2-b61c-8ac637db9beb.wav,0.0
131bd120-433d-4db9-acfb-5b48c5c99f5a,coughvid_data/131bd120-433d-4db9-acfb-5b48c5c99f5a.wav,coughvid_data/131bd120-433d-4db9-acfb-5b48c5c99f5a.wav,1.0
58947573-4518-4e13-92c4-2391f189a467,coughvid_data/58947573-4518-4e13-92c4-2391f189a467.wav,coughvid_data/58947573-4518-4e13-92c4-2391f189a467.wav,1.0
18d16e2b-2916-47f9-80c4-84b9b90e7b5b,coughvid_data/18d16e2b-2916-47f9-80c4-84b9b90e7b5b.wav,coughvid_data/18d16e2b-2916-47f9-80c4-84b9b90e7b5b.wav,1.0
e5ccd6f0-088f-4c61-8ccf-6cb0c896937e,coughvid_data/e5ccd6f0-088f-4c61-8ccf-6cb0c896937e.wav,coughvid_data/e5ccd6f0-088f-4c61-8ccf-6cb0c896937e.wav,0.0
03c1afa7-eee5-4c18-bd40-c4d91e6d320e,coughvid_data/03c1afa7-eee5-4c18-bd40-c4d91e6d320e.wav,coughvid_data/03c1afa7-eee5-4c18-bd40-c4d91e6d320e.wav,0.0
e94675ce-2566-4dae-a89c-02b759f88dbe,coughvid_data/e94675ce-2566-4dae-a89c-02b759f88dbe.wav,coughvid_data/e94675ce-2566-4dae-a89c-02b759f88dbe.wav,1.0
4b809588-74a1-43a7-b77c-ec8a5c0f385d,coughvid_data/4b809588-74a1-43a7-b77c-ec8a5c0f385d.wav,coughvid_data/4b809588-74a1-43a7-b77c-ec8a5c0f385d.wav,0.0
7de0eea3-1eda-4162-b4eb-73541889f311,coughvid_data/7de0eea3-1eda-4162-b4eb-73541889f311.wav,coughvid_data/7de0eea3-1eda-4162-b4eb-73541889f311.wav,1.0
0f4b619a-862b-49aa-b751-ea93cde09f98,coughvid_data/0f4b619a-862b-49aa-b751-ea93cde09f98.wav,coughvid_data/0f4b619a-862b-49aa-b751-ea93cde09f98.wav,1.0
b694763f-70c6-4f29-bb00-0e8d7d7c9a0f,coughvid_data/b694763f-70c6-4f29-bb00-0e8d7d7c9a0f.wav,coughvid_data/b694763f-70c6-4f29-bb00-0e8d7d7c9a0f.wav,1.0
853de289-0552-46bb-acae-7253ada8a91e,coughvid_data/853de289-0552-46bb-acae-7253ada8a91e.wav,coughvid_data/853de289-0552-46bb-acae-7253ada8a91e.wav,0.0
701e4a84-5004-4784-b1b2-d1ba96d0d524,coughvid_data/701e4a84-5004-4784-b1b2-d1ba96d0d524.wav,coughvid_data/701e4a84-5004-4784-b1b2-d1ba96d0d524.wav,1.0
8ef97b05-1bd1-4547-abbd-b0b3ac6d81a4,coughvid_data/8ef97b05-1bd1-4547-abbd-b0b3ac6d81a4.wav,coughvid_data/8ef97b05-1bd1-4547-abbd-b0b3ac6d81a4.wav,0.0
8e6d9480-0338-437f-8631-378f7369a134,coughvid_data/8e6d9480-0338-437f-8631-378f7369a134.wav,coughvid_data/8e6d9480-0338-437f-8631-378f7369a134.wav,1.0
586f9e95-691e-4e9e-b4ca-093594f16115,coughvid_data/586f9e95-691e-4e9e-b4ca-093594f16115.wav,coughvid_data/586f9e95-691e-4e9e-b4ca-093594f16115.wav,1.0
464532f3-6133-45b2-8cb0-38630160691f,coughvid_data/464532f3-6133-45b2-8cb0-38630160691f.wav,coughvid_data/464532f3-6133-45b2-8cb0-38630160691f.wav,0.0
43a2dde5-4809-40c8-9034-868d77800094,coughvid_data/43a2dde5-4809-40c8-9034-868d77800094.wav,coughvid_data/43a2dde5-4809-40c8-9034-868d77800094.wav,0.0
7e8f6929-a966-46a5-ae14-f5f9b5f13358,coughvid_data/7e8f6929-a966-46a5-ae14-f5f9b5f13358.wav,coughvid_data/7e8f6929-a966-46a5-ae14-f5f9b5f13358.wav,1.0
67f8a578-1ef9-4920-8dbd-60ec909cc413,coughvid_data/67f8a578-1ef9-4920-8dbd-60ec909cc413.wav,coughvid_data/67f8a578-1ef9-4920-8dbd-60ec909cc413.wav,1.0
731c9e3c-2701-452f-bc72-9e0f9747161a,coughvid_data/731c9e3c-2701-452f-bc72-9e0f9747161a.wav,coughvid_data/731c9e3c-2701-452f-bc72-9e0f9747161a.wav,1.0
d260ddd0-0584-445f-968b-d1446da1d9bc,coughvid_data/d260ddd0-0584-445f-968b-d1446da1d9bc.wav,coughvid_data/d260ddd0-0584-445f-968b-d1446da1d9bc.wav,0.0
944ca489-d63e-40e9-af02-f36d5984aa18,coughvid_data/944ca489-d63e-40e9-af02-f36d5984aa18.wav,coughvid_data/944ca489-d63e-40e9-af02-f36d5984aa18.wav,1.0
2d5fff7a-1c3a-4253-bc61-e851e2315951,coughvid_data/2d5fff7a-1c3a-4253-bc61-e851e2315951.wav,coughvid_data/2d5fff7a-1c3a-4253-bc61-e851e2315951.wav,1.0
3b7bfea2-50f9-4a6e-a4c3-5a798d790136,coughvid_data/3b7bfea2-50f9-4a6e-a4c3-5a798d790136.wav,coughvid_data/3b7bfea2-50f9-4a6e-a4c3-5a798d790136.wav,1.0
141d59c5-1d62-424e-a942-891c122071df,coughvid_data/141d59c5-1d62-424e-a942-891c122071df.wav,coughvid_data/141d59c5-1d62-424e-a942-891c122071df.wav,1.0
19330939-8cf4-47cb-bd9b-1cf57d1fe985,coughvid_data/19330939-8cf4-47cb-bd9b-1cf57d1fe985.wav,coughvid_data/19330939-8cf4-47cb-bd9b-1cf57d1fe985.wav,0.0
14dffdb9-4a5e-48c4-972f-aea0e510e988,coughvid_data/14dffdb9-4a5e-48c4-972f-aea0e510e988.wav,coughvid_data/14dffdb9-4a5e-48c4-972f-aea0e510e988.wav,0.0
0a33e5bd-366f-4fe2-8e44-c78ab352f592,coughvid_data/0a33e5bd-366f-4fe2-8e44-c78ab352f592.wav,coughvid_data/0a33e5bd-366f-4fe2-8e44-c78ab352f592.wav,0.0
0781ff8a-3b0f-451b-920c-dd43328d56d4,coughvid_data/0781ff8a-3b0f-451b-920c-dd43328d56d4.wav,coughvid_data/0781ff8a-3b0f-451b-920c-dd43328d56d4.wav,0.0
c20d8407-e428-4082-b36a-4b2d1af395d3,coughvid_data/c20d8407-e428-4082-b36a-4b2d1af395d3.wav,coughvid_data/c20d8407-e428-4082-b36a-4b2d1af395d3.wav,0.0
b8fa5f2a-d7b2-46a8-9c2d-1ffcf0664d53,coughvid_data/b8fa5f2a-d7b2-46a8-9c2d-1ffcf0664d53.wav,coughvid_data/b8fa5f2a-d7b2-46a8-9c2d-1ffcf0664d53.wav,0.0
c10fe76d-d4c8-4b6b-aa37-596d9dbd17b8,coughvid_data/c10fe76d-d4c8-4b6b-aa37-596d9dbd17b8.wav,coughvid_data/c10fe76d-d4c8-4b6b-aa37-596d9dbd17b8.wav,0.0
3dc4fb2d-0f8c-4839-99fc-c418f97946ed,coughvid_data/3dc4fb2d-0f8c-4839-99fc-c418f97946ed.wav,coughvid_data/3dc4fb2d-0f8c-4839-99fc-c418f97946ed.wav,1.0
32e31205-d4d0-4575-be06-f01ffa9a3bee,coughvid_data/32e31205-d4d0-4575-be06-f01ffa9a3bee.wav,coughvid_data/32e31205-d4d0-4575-be06-f01ffa9a3bee.wav,1.0
c480cfe9-1039-46aa-b877-b0c636d577b7,coughvid_data/c480cfe9-1039-46aa-b877-b0c636d577b7.wav,coughvid_data/c480cfe9-1039-46aa-b877-b0c636d577b7.wav,1.0
767f2235-7847-44f8-b8bd-c3eee78b39c9,coughvid_data/767f2235-7847-44f8-b8bd-c3eee78b39c9.wav,coughvid_data/767f2235-7847-44f8-b8bd-c3eee78b39c9.wav,0.0
ccb1c1a0-4598-4acf-958d-a9fc1e8a6196,coughvid_data/ccb1c1a0-4598-4acf-958d-a9fc1e8a6196.wav,coughvid_data/ccb1c1a0-4598-4acf-958d-a9fc1e8a6196.wav,1.0
3fc89d32-a79a-47bc-b117-a04bd39b85b6,coughvid_data/3fc89d32-a79a-47bc-b117-a04bd39b85b6.wav,coughvid_data/3fc89d32-a79a-47bc-b117-a04bd39b85b6.wav,1.0
94479e93-6f2a-4235-a73c-33d2fd083a42,coughvid_data/94479e93-6f2a-4235-a73c-33d2fd083a42.wav,coughvid_data/94479e93-6f2a-4235-a73c-33d2fd083a42.wav,1.0
0e4966b0-04f3-4337-9635-39bc9feb238c,coughvid_data/0e4966b0-04f3-4337-9635-39bc9feb238c.wav,coughvid_data/0e4966b0-04f3-4337-9635-39bc9feb238c.wav,0.0
5cb92048-3bfe-4335-afba-5a6afa7af9a4,coughvid_data/5cb92048-3bfe-4335-afba-5a6afa7af9a4.wav,coughvid_data/5cb92048-3bfe-4335-afba-5a6afa7af9a4.wav,1.0
ffa8bc1f-7ef8-48ef-a951-78a4f2897c0c,coughvid_data/ffa8bc1f-7ef8-48ef-a951-78a4f2897c0c.wav,coughvid_data/ffa8bc1f-7ef8-48ef-a951-78a4f2897c0c.wav,0.0
9b919757-54c4-4d09-a3a5-9e4b534d8ed6,coughvid_data/9b919757-54c4-4d09-a3a5-9e4b534d8ed6.wav,coughvid_data/9b919757-54c4-4d09-a3a5-9e4b534d8ed6.wav,1.0
01de5e23-26db-4ae9-927c-1cbaa73c0850,coughvid_data/01de5e23-26db-4ae9-927c-1cbaa73c0850.wav,coughvid_data/01de5e23-26db-4ae9-927c-1cbaa73c0850.wav,0.0
d0932344-dbc7-49dc-8a08-ae8a5b51e229,coughvid_data/d0932344-dbc7-49dc-8a08-ae8a5b51e229.wav,coughvid_data/d0932344-dbc7-49dc-8a08-ae8a5b51e229.wav,0.0
59c02f34-1999-470e-a4fc-c056143d6fb5,coughvid_data/59c02f34-1999-470e-a4fc-c056143d6fb5.wav,coughvid_data/59c02f34-1999-470e-a4fc-c056143d6fb5.wav,1.0
0ef84465-3801-49dc-89be-67365f1105a1,coughvid_data/0ef84465-3801-49dc-89be-67365f1105a1.wav,coughvid_data/0ef84465-3801-49dc-89be-67365f1105a1.wav,1.0
01fefda4-7f5e-4bf3-ab0f-87ca954eee51,coughvid_data/01fefda4-7f5e-4bf3-ab0f-87ca954eee51.wav,coughvid_data/01fefda4-7f5e-4bf3-ab0f-87ca954eee51.wav,0.0
41d6a526-f308-40b1-a31e-5f211f0f484d,coughvid_data/41d6a526-f308-40b1-a31e-5f211f0f484d.wav,coughvid_data/41d6a526-f308-40b1-a31e-5f211f0f484d.wav,1.0
05a78ad3-27d6-4c38-bc5d-d2c5f389db17,coughvid_data/05a78ad3-27d6-4c38-bc5d-d2c5f389db17.wav,coughvid_data/05a78ad3-27d6-4c38-bc5d-d2c5f389db17.wav,1.0
0593e9bf-e162-46c2-b1d5-3bc34ef1fc6f,coughvid_data/0593e9bf-e162-46c2-b1d5-3bc34ef1fc6f.wav,coughvid_data/0593e9bf-e162-46c2-b1d5-3bc34ef1fc6f.wav,1.0
0debc034-8e0c-4055-bf3b-fc4de9d006d1,coughvid_data/0debc034-8e0c-4055-bf3b-fc4de9d006d1.wav,coughvid_data/0debc034-8e0c-4055-bf3b-fc4de9d006d1.wav,0.0
adddfa9b-c016-4e58-8275-308501fc13d9,coughvid_data/adddfa9b-c016-4e58-8275-308501fc13d9.wav,coughvid_data/adddfa9b-c016-4e58-8275-308501fc13d9.wav,1.0
583d1baa-7174-4c63-a2a5-74c18f28267a,coughvid_data/583d1baa-7174-4c63-a2a5-74c18f28267a.wav,coughvid_data/583d1baa-7174-4c63-a2a5-74c18f28267a.wav,0.0
33d67255-2abf-4ed0-8779-7c2f9251462d,coughvid_data/33d67255-2abf-4ed0-8779-7c2f9251462d.wav,coughvid_data/33d67255-2abf-4ed0-8779-7c2f9251462d.wav,1.0
fee76448-7da9-4a35-8c30-162be74dfc04,coughvid_data/fee76448-7da9-4a35-8c30-162be74dfc04.wav,coughvid_data/fee76448-7da9-4a35-8c30-162be74dfc04.wav,1.0
3c7998c5-5bc9-4854-9dfe-0d6ef4d88449,coughvid_data/3c7998c5-5bc9-4854-9dfe-0d6ef4d88449.wav,coughvid_data/3c7998c5-5bc9-4854-9dfe-0d6ef4d88449.wav,1.0
a3c957b2-dac5-417e-ac87-a1d60d12a748,coughvid_data/a3c957b2-dac5-417e-ac87-a1d60d12a748.wav,coughvid_data/a3c957b2-dac5-417e-ac87-a1d60d12a748.wav,0.0
ae6cd88f-277d-4f8f-acb9-c25903bc5b8b,coughvid_data/ae6cd88f-277d-4f8f-acb9-c25903bc5b8b.wav,coughvid_data/ae6cd88f-277d-4f8f-acb9-c25903bc5b8b.wav,1.0
20fad8c1-fac6-40f1-8f9a-c6055e529abc,coughvid_data/20fad8c1-fac6-40f1-8f9a-c6055e529abc.wav,coughvid_data/20fad8c1-fac6-40f1-8f9a-c6055e529abc.wav,1.0
a2168575-df64-49f2-bf32-4ea0d1675c2d,coughvid_data/a2168575-df64-49f2-bf32-4ea0d1675c2d.wav,coughvid_data/a2168575-df64-49f2-bf32-4ea0d1675c2d.wav,0.0
16b04038-377d-4aef-8238-992f741852c8,coughvid_data/16b04038-377d-4aef-8238-992f741852c8.wav,coughvid_data/16b04038-377d-4aef-8238-992f741852c8.wav,1.0
1e4aa9db-9c0e-41bd-8d70-5e9768832757,coughvid_data/1e4aa9db-9c0e-41bd-8d70-5e9768832757.wav,coughvid_data/1e4aa9db-9c0e-41bd-8d70-5e9768832757.wav,0.0
0aa7fe21-1eb3-4929-8d6e-1e6fc932dd1c,coughvid_data/0aa7fe21-1eb3-4929-8d6e-1e6fc932dd1c.wav,coughvid_data/0aa7fe21-1eb3-4929-8d6e-1e6fc932dd1c.wav,0.0
eb43188d-19a8-4be9-a7c7-1f2bb744c6d5,coughvid_data/eb43188d-19a8-4be9-a7c7-1f2bb744c6d5.wav,coughvid_data/eb43188d-19a8-4be9-a7c7-1f2bb744c6d5.wav,0.0
7ea75aa9-71c5-46a8-99ca-8257f79bb807,coughvid_data/7ea75aa9-71c5-46a8-99ca-8257f79bb807.wav,coughvid_data/7ea75aa9-71c5-46a8-99ca-8257f79bb807.wav,1.0
92844d74-de3d-4f44-b98b-c23e252d1404,coughvid_data/92844d74-de3d-4f44-b98b-c23e252d1404.wav,coughvid_data/92844d74-de3d-4f44-b98b-c23e252d1404.wav,1.0
6a346999-4999-4df3-adaa-805abab26c89,coughvid_data/6a346999-4999-4df3-adaa-805abab26c89.wav,coughvid_data/6a346999-4999-4df3-adaa-805abab26c89.wav,0.0
55507e51-6d39-4644-ba30-7bf7ac44ada8,coughvid_data/55507e51-6d39-4644-ba30-7bf7ac44ada8.wav,coughvid_data/55507e51-6d39-4644-ba30-7bf7ac44ada8.wav,0.0
bd14922a-f88e-4b99-a338-360789a40b69,coughvid_data/bd14922a-f88e-4b99-a338-360789a40b69.wav,coughvid_data/bd14922a-f88e-4b99-a338-360789a40b69.wav,1.0
bcda2c12-cad2-4046-8dc7-3be4e790482f,coughvid_data/bcda2c12-cad2-4046-8dc7-3be4e790482f.wav,coughvid_data/bcda2c12-cad2-4046-8dc7-3be4e790482f.wav,1.0
fe4ace73-cf87-47d4-8384-c5145d43c64c,coughvid_data/fe4ace73-cf87-47d4-8384-c5145d43c64c.wav,coughvid_data/fe4ace73-cf87-47d4-8384-c5145d43c64c.wav,1.0
ee12514a-3ad4-41c8-8c27-a24310fd95f6,coughvid_data/ee12514a-3ad4-41c8-8c27-a24310fd95f6.wav,coughvid_data/ee12514a-3ad4-41c8-8c27-a24310fd95f6.wav,1.0
10271cf2-3c1c-4d14-92b2-f2bc097518bb,coughvid_data/10271cf2-3c1c-4d14-92b2-f2bc097518bb.wav,coughvid_data/10271cf2-3c1c-4d14-92b2-f2bc097518bb.wav,1.0
86ce4bfd-d029-48b7-9437-c63db0d6ed8f,coughvid_data/86ce4bfd-d029-48b7-9437-c63db0d6ed8f.wav,coughvid_data/86ce4bfd-d029-48b7-9437-c63db0d6ed8f.wav,1.0
5289b3d5-116b-480b-900e-741196cafb24,coughvid_data/5289b3d5-116b-480b-900e-741196cafb24.wav,coughvid_data/5289b3d5-116b-480b-900e-741196cafb24.wav,1.0
a390650f-8739-4cae-a796-ed02a82000a5,coughvid_data/a390650f-8739-4cae-a796-ed02a82000a5.wav,coughvid_data/a390650f-8739-4cae-a796-ed02a82000a5.wav,1.0
a2990a45-ce3e-40fd-b7c6-a7e86fd92696,coughvid_data/a2990a45-ce3e-40fd-b7c6-a7e86fd92696.wav,coughvid_data/a2990a45-ce3e-40fd-b7c6-a7e86fd92696.wav,1.0
1b9fe355-7a78-429a-9e75-a1c547506b2d,coughvid_data/1b9fe355-7a78-429a-9e75-a1c547506b2d.wav,coughvid_data/1b9fe355-7a78-429a-9e75-a1c547506b2d.wav,0.0
34d6b6f7-d65f-43a8-9fb1-de9034e7b796,coughvid_data/34d6b6f7-d65f-43a8-9fb1-de9034e7b796.wav,coughvid_data/34d6b6f7-d65f-43a8-9fb1-de9034e7b796.wav,0.0
90c9e634-4c11-467e-8652-8550dca89f54,coughvid_data/90c9e634-4c11-467e-8652-8550dca89f54.wav,coughvid_data/90c9e634-4c11-467e-8652-8550dca89f54.wav,1.0
38163598-cfb8-431b-ba8c-c635d811923f,coughvid_data/38163598-cfb8-431b-ba8c-c635d811923f.wav,coughvid_data/38163598-cfb8-431b-ba8c-c635d811923f.wav,0.0
85d7a186-4506-477c-8029-081912e3ad7b,coughvid_data/85d7a186-4506-477c-8029-081912e3ad7b.wav,coughvid_data/85d7a186-4506-477c-8029-081912e3ad7b.wav,1.0
d9036c30-8043-4ace-aaf9-13965551fecc,coughvid_data/d9036c30-8043-4ace-aaf9-13965551fecc.wav,coughvid_data/d9036c30-8043-4ace-aaf9-13965551fecc.wav,0.0
3735a357-7018-42b5-a87e-fa4456cb709f,coughvid_data/3735a357-7018-42b5-a87e-fa4456cb709f.wav,coughvid_data/3735a357-7018-42b5-a87e-fa4456cb709f.wav,1.0
05191b34-794e-432d-b6ea-254c570c5e17,coughvid_data/05191b34-794e-432d-b6ea-254c570c5e17.wav,coughvid_data/05191b34-794e-432d-b6ea-254c570c5e17.wav,1.0
1b558910-b971-41df-8432-f28b9d3cec78,coughvid_data/1b558910-b971-41df-8432-f28b9d3cec78.wav,coughvid_data/1b558910-b971-41df-8432-f28b9d3cec78.wav,1.0
690a03b3-31f0-4806-b313-f26fee15693f,coughvid_data/690a03b3-31f0-4806-b313-f26fee15693f.wav,coughvid_data/690a03b3-31f0-4806-b313-f26fee15693f.wav,1.0
4f80d714-0eaa-405e-a665-81c4037b4019,coughvid_data/4f80d714-0eaa-405e-a665-81c4037b4019.wav,coughvid_data/4f80d714-0eaa-405e-a665-81c4037b4019.wav,0.0
dc66d97d-be9e-4713-a564-038c437d8bcb,coughvid_data/dc66d97d-be9e-4713-a564-038c437d8bcb.wav,coughvid_data/dc66d97d-be9e-4713-a564-038c437d8bcb.wav,1.0
cba6d1e3-ed3b-45e6-ad1c-6bfdfe40e924,coughvid_data/cba6d1e3-ed3b-45e6-ad1c-6bfdfe40e924.wav,coughvid_data/cba6d1e3-ed3b-45e6-ad1c-6bfdfe40e924.wav,0.0
c2873e4d-b800-4d01-81bf-e03bec4609af,coughvid_data/c2873e4d-b800-4d01-81bf-e03bec4609af.wav,coughvid_data/c2873e4d-b800-4d01-81bf-e03bec4609af.wav,0.0
d395c946-85a2-4eab-8b4b-d49c0671f9d0,coughvid_data/d395c946-85a2-4eab-8b4b-d49c0671f9d0.wav,coughvid_data/d395c946-85a2-4eab-8b4b-d49c0671f9d0.wav,0.0
918737f9-0a1b-4176-9ffa-c0707d28f253,coughvid_data/918737f9-0a1b-4176-9ffa-c0707d28f253.wav,coughvid_data/918737f9-0a1b-4176-9ffa-c0707d28f253.wav,1.0
6975f8d3-62e1-409f-ba3a-10f4cbbbc1ed,coughvid_data/6975f8d3-62e1-409f-ba3a-10f4cbbbc1ed.wav,coughvid_data/6975f8d3-62e1-409f-ba3a-10f4cbbbc1ed.wav,0.0
269a05c6-4e42-4af3-8c8d-fcdf0d6b9fc4,coughvid_data/269a05c6-4e42-4af3-8c8d-fcdf0d6b9fc4.wav,coughvid_data/269a05c6-4e42-4af3-8c8d-fcdf0d6b9fc4.wav,1.0
d0c8edfe-fa41-42b0-a59f-c47a6599309f,coughvid_data/d0c8edfe-fa41-42b0-a59f-c47a6599309f.wav,coughvid_data/d0c8edfe-fa41-42b0-a59f-c47a6599309f.wav,1.0
1a422b2a-c44f-4121-a4a2-3945a02aafb2,coughvid_data/1a422b2a-c44f-4121-a4a2-3945a02aafb2.wav,coughvid_data/1a422b2a-c44f-4121-a4a2-3945a02aafb2.wav,0.0
fe649351-1e1f-4f74-948a-1e880d47a23c,coughvid_data/fe649351-1e1f-4f74-948a-1e880d47a23c.wav,coughvid_data/fe649351-1e1f-4f74-948a-1e880d47a23c.wav,1.0
bedb6d7b-5d1a-4ef6-a228-37d0a69116da,coughvid_data/bedb6d7b-5d1a-4ef6-a228-37d0a69116da.wav,coughvid_data/bedb6d7b-5d1a-4ef6-a228-37d0a69116da.wav,1.0
b06c3ef7-97cf-40c0-896f-b50bf20a6a17,coughvid_data/b06c3ef7-97cf-40c0-896f-b50bf20a6a17.wav,coughvid_data/b06c3ef7-97cf-40c0-896f-b50bf20a6a17.wav,1.0
27bfbb49-3141-4d9e-9746-0e830e859907,coughvid_data/27bfbb49-3141-4d9e-9746-0e830e859907.wav,coughvid_data/27bfbb49-3141-4d9e-9746-0e830e859907.wav,1.0
44ee7100-9dfc-4699-9fa5-4b906789aed7,coughvid_data/44ee7100-9dfc-4699-9fa5-4b906789aed7.wav,coughvid_data/44ee7100-9dfc-4699-9fa5-4b906789aed7.wav,0.0
54f10ceb-1011-4e52-9633-c9e901fa27f7,coughvid_data/54f10ceb-1011-4e52-9633-c9e901fa27f7.wav,coughvid_data/54f10ceb-1011-4e52-9633-c9e901fa27f7.wav,1.0
d6d5725e-9733-4c3b-9071-5af44dd6570c,coughvid_data/d6d5725e-9733-4c3b-9071-5af44dd6570c.wav,coughvid_data/d6d5725e-9733-4c3b-9071-5af44dd6570c.wav,1.0
64e1dbc5-0902-4732-9f7f-a1d398aabf92,coughvid_data/64e1dbc5-0902-4732-9f7f-a1d398aabf92.wav,coughvid_data/64e1dbc5-0902-4732-9f7f-a1d398aabf92.wav,1.0
6880f3cd-6a78-4bd0-8b32-17c11c8d4695,coughvid_data/6880f3cd-6a78-4bd0-8b32-17c11c8d4695.wav,coughvid_data/6880f3cd-6a78-4bd0-8b32-17c11c8d4695.wav,1.0
cd99d9c4-3ec2-4cc8-803b-e2db85f02c8a,coughvid_data/cd99d9c4-3ec2-4cc8-803b-e2db85f02c8a.wav,coughvid_data/cd99d9c4-3ec2-4cc8-803b-e2db85f02c8a.wav,1.0
80cb70ea-369c-44aa-b304-b72b5fe3d07b,coughvid_data/80cb70ea-369c-44aa-b304-b72b5fe3d07b.wav,coughvid_data/80cb70ea-369c-44aa-b304-b72b5fe3d07b.wav,1.0
99b2dc16-7b5f-4d45-99b2-c3768262be3a,coughvid_data/99b2dc16-7b5f-4d45-99b2-c3768262be3a.wav,coughvid_data/99b2dc16-7b5f-4d45-99b2-c3768262be3a.wav,1.0
76633e81-84f4-4c15-b374-eab1dae40188,coughvid_data/76633e81-84f4-4c15-b374-eab1dae40188.wav,coughvid_data/76633e81-84f4-4c15-b374-eab1dae40188.wav,1.0
0797f05b-5b4b-4c63-8834-9ebaba94a0dd,coughvid_data/0797f05b-5b4b-4c63-8834-9ebaba94a0dd.wav,coughvid_data/0797f05b-5b4b-4c63-8834-9ebaba94a0dd.wav,1.0
ef4f2d04-e916-4727-b74c-821f100491fa,coughvid_data/ef4f2d04-e916-4727-b74c-821f100491fa.wav,coughvid_data/ef4f2d04-e916-4727-b74c-821f100491fa.wav,1.0
65023fb3-4e70-4710-8953-da50bd760ed5,coughvid_data/65023fb3-4e70-4710-8953-da50bd760ed5.wav,coughvid_data/65023fb3-4e70-4710-8953-da50bd760ed5.wav,1.0
11868614-0744-4ae9-af2a-e6b81f2fc1ce,coughvid_data/11868614-0744-4ae9-af2a-e6b81f2fc1ce.wav,coughvid_data/11868614-0744-4ae9-af2a-e6b81f2fc1ce.wav,0.0
54550c30-26a2-4b3b-8dcd-9c0d18176b1f,coughvid_data/54550c30-26a2-4b3b-8dcd-9c0d18176b1f.wav,coughvid_data/54550c30-26a2-4b3b-8dcd-9c0d18176b1f.wav,1.0
02582fe2-1495-42a4-a2e3-5a727e38e117,coughvid_data/02582fe2-1495-42a4-a2e3-5a727e38e117.wav,coughvid_data/02582fe2-1495-42a4-a2e3-5a727e38e117.wav,1.0
b3c8a3c3-38bb-43b2-84ab-981ae5a07580,coughvid_data/b3c8a3c3-38bb-43b2-84ab-981ae5a07580.wav,coughvid_data/b3c8a3c3-38bb-43b2-84ab-981ae5a07580.wav,1.0
641a25a8-413c-4a45-b74f-a46edc276724,coughvid_data/641a25a8-413c-4a45-b74f-a46edc276724.wav,coughvid_data/641a25a8-413c-4a45-b74f-a46edc276724.wav,1.0
76f9d2cf-0ee1-4c38-9f49-02e59b8d6fb3,coughvid_data/76f9d2cf-0ee1-4c38-9f49-02e59b8d6fb3.wav,coughvid_data/76f9d2cf-0ee1-4c38-9f49-02e59b8d6fb3.wav,1.0
fe2f692e-4414-48b7-b678-80468f32f5e8,coughvid_data/fe2f692e-4414-48b7-b678-80468f32f5e8.wav,coughvid_data/fe2f692e-4414-48b7-b678-80468f32f5e8.wav,1.0
2f896264-b14f-4bb0-bbea-b11ce903f1e7,coughvid_data/2f896264-b14f-4bb0-bbea-b11ce903f1e7.wav,coughvid_data/2f896264-b14f-4bb0-bbea-b11ce903f1e7.wav,1.0
d57d4c31-4f34-41cd-9fdf-84e4df3f2dcc,coughvid_data/d57d4c31-4f34-41cd-9fdf-84e4df3f2dcc.wav,coughvid_data/d57d4c31-4f34-41cd-9fdf-84e4df3f2dcc.wav,1.0
9a80a95e-6d74-4d45-bfd0-62c3eb40471a,coughvid_data/9a80a95e-6d74-4d45-bfd0-62c3eb40471a.wav,coughvid_data/9a80a95e-6d74-4d45-bfd0-62c3eb40471a.wav,1.0
6cb18402-7793-4bd7-a90e-0b6e16efc05b,coughvid_data/6cb18402-7793-4bd7-a90e-0b6e16efc05b.wav,coughvid_data/6cb18402-7793-4bd7-a90e-0b6e16efc05b.wav,1.0
a0fc63fc-3f2c-4404-ab07-4c0c2a63be84,coughvid_data/a0fc63fc-3f2c-4404-ab07-4c0c2a63be84.wav,coughvid_data/a0fc63fc-3f2c-4404-ab07-4c0c2a63be84.wav,0.0
5ca0fb46-9e71-43a2-8725-11c68df3292c,coughvid_data/5ca0fb46-9e71-43a2-8725-11c68df3292c.wav,coughvid_data/5ca0fb46-9e71-43a2-8725-11c68df3292c.wav,0.0
7e2591aa-a854-48b7-8417-96bc17babecf,coughvid_data/7e2591aa-a854-48b7-8417-96bc17babecf.wav,coughvid_data/7e2591aa-a854-48b7-8417-96bc17babecf.wav,1.0
1576a9cd-4893-4d05-bc38-8620e3087ccb,coughvid_data/1576a9cd-4893-4d05-bc38-8620e3087ccb.wav,coughvid_data/1576a9cd-4893-4d05-bc38-8620e3087ccb.wav,1.0
bf17dd60-54a2-4595-8d8a-019e1dd0062e,coughvid_data/bf17dd60-54a2-4595-8d8a-019e1dd0062e.wav,coughvid_data/bf17dd60-54a2-4595-8d8a-019e1dd0062e.wav,1.0
d70fbb56-0de5-46b1-a486-8c9095453d6e,coughvid_data/d70fbb56-0de5-46b1-a486-8c9095453d6e.wav,coughvid_data/d70fbb56-0de5-46b1-a486-8c9095453d6e.wav,0.0
70ea204c-0ac3-494c-a998-ac38df39b2ac,coughvid_data/70ea204c-0ac3-494c-a998-ac38df39b2ac.wav,coughvid_data/70ea204c-0ac3-494c-a998-ac38df39b2ac.wav,1.0
757f568f-f142-4b8a-87f3-ec9b5abfc11d,coughvid_data/757f568f-f142-4b8a-87f3-ec9b5abfc11d.wav,coughvid_data/757f568f-f142-4b8a-87f3-ec9b5abfc11d.wav,1.0
7234b112-4ea3-43ab-89ad-c1fd9aa33a3b,coughvid_data/7234b112-4ea3-43ab-89ad-c1fd9aa33a3b.wav,coughvid_data/7234b112-4ea3-43ab-89ad-c1fd9aa33a3b.wav,1.0
3a2918b2-df70-4255-bfcb-6c09dd82669a,coughvid_data/3a2918b2-df70-4255-bfcb-6c09dd82669a.wav,coughvid_data/3a2918b2-df70-4255-bfcb-6c09dd82669a.wav,1.0
06a8ccad-3f53-4665-a418-2713596f0672,coughvid_data/06a8ccad-3f53-4665-a418-2713596f0672.wav,coughvid_data/06a8ccad-3f53-4665-a418-2713596f0672.wav,1.0
8155e054-73c9-462d-840d-64b03b5a20db,coughvid_data/8155e054-73c9-462d-840d-64b03b5a20db.wav,coughvid_data/8155e054-73c9-462d-840d-64b03b5a20db.wav,0.0
2d3798dc-51ab-4e80-8fca-e5e64b8d267e,coughvid_data/2d3798dc-51ab-4e80-8fca-e5e64b8d267e.wav,coughvid_data/2d3798dc-51ab-4e80-8fca-e5e64b8d267e.wav,1.0
2f7fd53e-e5dc-47b2-b685-e53775cac7bc,coughvid_data/2f7fd53e-e5dc-47b2-b685-e53775cac7bc.wav,coughvid_data/2f7fd53e-e5dc-47b2-b685-e53775cac7bc.wav,1.0
16d7e379-9b4c-4c72-88b4-2767777115a2,coughvid_data/16d7e379-9b4c-4c72-88b4-2767777115a2.wav,coughvid_data/16d7e379-9b4c-4c72-88b4-2767777115a2.wav,0.0
d690d5bf-b1ab-4cde-995c-a0cb76e4ee07,coughvid_data/d690d5bf-b1ab-4cde-995c-a0cb76e4ee07.wav,coughvid_data/d690d5bf-b1ab-4cde-995c-a0cb76e4ee07.wav,1.0
2a0eefa7-1477-4480-9ad4-a773675a6c8b,coughvid_data/2a0eefa7-1477-4480-9ad4-a773675a6c8b.wav,coughvid_data/2a0eefa7-1477-4480-9ad4-a773675a6c8b.wav,1.0
49a3e9e9-c020-47fe-aefa-9a12a3bd848b,coughvid_data/49a3e9e9-c020-47fe-aefa-9a12a3bd848b.wav,coughvid_data/49a3e9e9-c020-47fe-aefa-9a12a3bd848b.wav,0.0
6a23f351-a9a9-4866-a094-1808b235c7e3,coughvid_data/6a23f351-a9a9-4866-a094-1808b235c7e3.wav,coughvid_data/6a23f351-a9a9-4866-a094-1808b235c7e3.wav,1.0
e3d41a55-cc7c-4328-a805-1f1d9c86a2ee,coughvid_data/e3d41a55-cc7c-4328-a805-1f1d9c86a2ee.wav,coughvid_data/e3d41a55-cc7c-4328-a805-1f1d9c86a2ee.wav,1.0
6c7893ac-4ca9-47af-8a91-fd0926dd7f39,coughvid_data/6c7893ac-4ca9-47af-8a91-fd0926dd7f39.wav,coughvid_data/6c7893ac-4ca9-47af-8a91-fd0926dd7f39.wav,1.0
a5f30818-88b0-44ba-be43-5e0c84bb09cb,coughvid_data/a5f30818-88b0-44ba-be43-5e0c84bb09cb.wav,coughvid_data/a5f30818-88b0-44ba-be43-5e0c84bb09cb.wav,0.0
14608b79-43b1-45a8-bd2f-25002ea1a20d,coughvid_data/14608b79-43b1-45a8-bd2f-25002ea1a20d.wav,coughvid_data/14608b79-43b1-45a8-bd2f-25002ea1a20d.wav,0.0
23f571d3-2d89-4636-a437-a9ae54b5ea51,coughvid_data/23f571d3-2d89-4636-a437-a9ae54b5ea51.wav,coughvid_data/23f571d3-2d89-4636-a437-a9ae54b5ea51.wav,0.0
2bb1b207-483f-48cb-9b02-0b5352c2fc37,coughvid_data/2bb1b207-483f-48cb-9b02-0b5352c2fc37.wav,coughvid_data/2bb1b207-483f-48cb-9b02-0b5352c2fc37.wav,1.0
ff6a6ea8-9850-4dd7-a1e8-d6cf34a69233,coughvid_data/ff6a6ea8-9850-4dd7-a1e8-d6cf34a69233.wav,coughvid_data/ff6a6ea8-9850-4dd7-a1e8-d6cf34a69233.wav,0.0
953d2139-a1cd-43d1-ac64-623c36788bda,coughvid_data/953d2139-a1cd-43d1-ac64-623c36788bda.wav,coughvid_data/953d2139-a1cd-43d1-ac64-623c36788bda.wav,0.0
616a44b6-9a50-4821-a356-b74f0df2c096,coughvid_data/616a44b6-9a50-4821-a356-b74f0df2c096.wav,coughvid_data/616a44b6-9a50-4821-a356-b74f0df2c096.wav,1.0
fe40afee-154b-4092-8626-baf91e2860ff,coughvid_data/fe40afee-154b-4092-8626-baf91e2860ff.wav,coughvid_data/fe40afee-154b-4092-8626-baf91e2860ff.wav,1.0
6cae429b-640d-4e36-a422-4011660dd7b6,coughvid_data/6cae429b-640d-4e36-a422-4011660dd7b6.wav,coughvid_data/6cae429b-640d-4e36-a422-4011660dd7b6.wav,0.0
a029c968-7b60-431a-8213-9efa530e4a6b,coughvid_data/a029c968-7b60-431a-8213-9efa530e4a6b.wav,coughvid_data/a029c968-7b60-431a-8213-9efa530e4a6b.wav,0.0
0a2b926e-9b29-4f78-8108-167992ce8a36,coughvid_data/0a2b926e-9b29-4f78-8108-167992ce8a36.wav,coughvid_data/0a2b926e-9b29-4f78-8108-167992ce8a36.wav,1.0
f9648cec-77dd-4625-90df-80861435716a,coughvid_data/f9648cec-77dd-4625-90df-80861435716a.wav,coughvid_data/f9648cec-77dd-4625-90df-80861435716a.wav,0.0
631cd0f0-bb19-4fb5-8744-013d2c25cc16,coughvid_data/631cd0f0-bb19-4fb5-8744-013d2c25cc16.wav,coughvid_data/631cd0f0-bb19-4fb5-8744-013d2c25cc16.wav,0.0
401eeee9-9d28-4779-8656-a7987aebefff,coughvid_data/401eeee9-9d28-4779-8656-a7987aebefff.wav,coughvid_data/401eeee9-9d28-4779-8656-a7987aebefff.wav,1.0
685d3670-c8f6-4229-90e1-8916bf36fbbb,coughvid_data/685d3670-c8f6-4229-90e1-8916bf36fbbb.wav,coughvid_data/685d3670-c8f6-4229-90e1-8916bf36fbbb.wav,0.0
e0dc0df4-49ec-4c74-ac82-8347861e1356,coughvid_data/e0dc0df4-49ec-4c74-ac82-8347861e1356.wav,coughvid_data/e0dc0df4-49ec-4c74-ac82-8347861e1356.wav,1.0
b1f63582-c45c-4e68-9071-c3259c88706b,coughvid_data/b1f63582-c45c-4e68-9071-c3259c88706b.wav,coughvid_data/b1f63582-c45c-4e68-9071-c3259c88706b.wav,1.0
7a6f39dd-8390-4e75-94d1-f4cd7609ab47,coughvid_data/7a6f39dd-8390-4e75-94d1-f4cd7609ab47.wav,coughvid_data/7a6f39dd-8390-4e75-94d1-f4cd7609ab47.wav,0.0
6757d0e2-5b98-4d16-ab10-71aa1227dfa5,coughvid_data/6757d0e2-5b98-4d16-ab10-71aa1227dfa5.wav,coughvid_data/6757d0e2-5b98-4d16-ab10-71aa1227dfa5.wav,1.0
802f78b3-f76d-4f6f-9cfd-1dd6bb77bc5d,coughvid_data/802f78b3-f76d-4f6f-9cfd-1dd6bb77bc5d.wav,coughvid_data/802f78b3-f76d-4f6f-9cfd-1dd6bb77bc5d.wav,0.0
be963123-568f-42b2-a4da-e03d50c8e5a7,coughvid_data/be963123-568f-42b2-a4da-e03d50c8e5a7.wav,coughvid_data/be963123-568f-42b2-a4da-e03d50c8e5a7.wav,0.0
0982ccad-4e5a-4ac4-90ce-3c39bf9bf3be,coughvid_data/0982ccad-4e5a-4ac4-90ce-3c39bf9bf3be.wav,coughvid_data/0982ccad-4e5a-4ac4-90ce-3c39bf9bf3be.wav,1.0
430bcb03-60bb-40b0-a270-c26283de30a0,coughvid_data/430bcb03-60bb-40b0-a270-c26283de30a0.wav,coughvid_data/430bcb03-60bb-40b0-a270-c26283de30a0.wav,0.0
d85c7f83-2046-4562-b4d1-34db19d657a7,coughvid_data/d85c7f83-2046-4562-b4d1-34db19d657a7.wav,coughvid_data/d85c7f83-2046-4562-b4d1-34db19d657a7.wav,1.0
135e55a6-abaa-40b5-9d40-632e5636eb53,coughvid_data/135e55a6-abaa-40b5-9d40-632e5636eb53.wav,coughvid_data/135e55a6-abaa-40b5-9d40-632e5636eb53.wav,1.0
03d30b8b-03f8-4089-bda8-0e14deec7d82,coughvid_data/03d30b8b-03f8-4089-bda8-0e14deec7d82.wav,coughvid_data/03d30b8b-03f8-4089-bda8-0e14deec7d82.wav,1.0
4eab6d7e-32c1-4a7f-be8c-b1cbcffe2420,coughvid_data/4eab6d7e-32c1-4a7f-be8c-b1cbcffe2420.wav,coughvid_data/4eab6d7e-32c1-4a7f-be8c-b1cbcffe2420.wav,1.0
3b977c82-0883-476c-aee6-0e7d6368c4b4,coughvid_data/3b977c82-0883-476c-aee6-0e7d6368c4b4.wav,coughvid_data/3b977c82-0883-476c-aee6-0e7d6368c4b4.wav,0.0
8f69f785-7ac8-45fd-b524-d7a9c39fcd9e,coughvid_data/8f69f785-7ac8-45fd-b524-d7a9c39fcd9e.wav,coughvid_data/8f69f785-7ac8-45fd-b524-d7a9c39fcd9e.wav,0.0
439aa808-a4e0-432e-9c72-1ad2b9dccf10,coughvid_data/439aa808-a4e0-432e-9c72-1ad2b9dccf10.wav,coughvid_data/439aa808-a4e0-432e-9c72-1ad2b9dccf10.wav,1.0
f3a694a0-0e7c-4204-a9a1-0f90df54e34f,coughvid_data/f3a694a0-0e7c-4204-a9a1-0f90df54e34f.wav,coughvid_data/f3a694a0-0e7c-4204-a9a1-0f90df54e34f.wav,1.0
43fe5db6-f8bc-482a-a64a-315039fedb5f,coughvid_data/43fe5db6-f8bc-482a-a64a-315039fedb5f.wav,coughvid_data/43fe5db6-f8bc-482a-a64a-315039fedb5f.wav,1.0
06cbe68d-8daa-49f9-8b53-0f1515f11b91,coughvid_data/06cbe68d-8daa-49f9-8b53-0f1515f11b91.wav,coughvid_data/06cbe68d-8daa-49f9-8b53-0f1515f11b91.wav,0.0
7bf3c29d-37f0-416a-aebd-bf872811caf5,coughvid_data/7bf3c29d-37f0-416a-aebd-bf872811caf5.wav,coughvid_data/7bf3c29d-37f0-416a-aebd-bf872811caf5.wav,1.0
6e045497-cd3a-4af5-b39b-240db5464bc1,coughvid_data/6e045497-cd3a-4af5-b39b-240db5464bc1.wav,coughvid_data/6e045497-cd3a-4af5-b39b-240db5464bc1.wav,1.0
4b71f7b3-eb54-4a99-be2f-03c2a8103908,coughvid_data/4b71f7b3-eb54-4a99-be2f-03c2a8103908.wav,coughvid_data/4b71f7b3-eb54-4a99-be2f-03c2a8103908.wav,1.0
407d7b4f-2ecf-4706-a5b5-c983b1d23c52,coughvid_data/407d7b4f-2ecf-4706-a5b5-c983b1d23c52.wav,coughvid_data/407d7b4f-2ecf-4706-a5b5-c983b1d23c52.wav,0.0
a46654b3-b91b-4f95-8a69-3dcd1d428ea0,coughvid_data/a46654b3-b91b-4f95-8a69-3dcd1d428ea0.wav,coughvid_data/a46654b3-b91b-4f95-8a69-3dcd1d428ea0.wav,1.0
a5a93d7b-3e03-463a-b769-c101f115d81e,coughvid_data/a5a93d7b-3e03-463a-b769-c101f115d81e.wav,coughvid_data/a5a93d7b-3e03-463a-b769-c101f115d81e.wav,0.0
861a7de1-7335-44e0-95ec-abc7e4a86b4b,coughvid_data/861a7de1-7335-44e0-95ec-abc7e4a86b4b.wav,coughvid_data/861a7de1-7335-44e0-95ec-abc7e4a86b4b.wav,0.0
1a60ba13-a45a-4888-a7fe-d831e7f2cf5d,coughvid_data/1a60ba13-a45a-4888-a7fe-d831e7f2cf5d.wav,coughvid_data/1a60ba13-a45a-4888-a7fe-d831e7f2cf5d.wav,1.0
621bff5e-5286-4586-afcb-525620d733b8,coughvid_data/621bff5e-5286-4586-afcb-525620d733b8.wav,coughvid_data/621bff5e-5286-4586-afcb-525620d733b8.wav,1.0
637f9989-3e90-4088-9796-fda9c229d23d,coughvid_data/637f9989-3e90-4088-9796-fda9c229d23d.wav,coughvid_data/637f9989-3e90-4088-9796-fda9c229d23d.wav,0.0
85879f6f-ae88-4912-9d0e-f9e5d2a261a3,coughvid_data/85879f6f-ae88-4912-9d0e-f9e5d2a261a3.wav,coughvid_data/85879f6f-ae88-4912-9d0e-f9e5d2a261a3.wav,1.0
8265cc92-ef3e-43ff-83cb-dd741b5e35b2,coughvid_data/8265cc92-ef3e-43ff-83cb-dd741b5e35b2.wav,coughvid_data/8265cc92-ef3e-43ff-83cb-dd741b5e35b2.wav,1.0
c16ae17d-bc6f-4533-a609-3e3d664e2d3d,coughvid_data/c16ae17d-bc6f-4533-a609-3e3d664e2d3d.wav,coughvid_data/c16ae17d-bc6f-4533-a609-3e3d664e2d3d.wav,0.0
45955fec-dc08-43cb-b9aa-ad86874c29f9,coughvid_data/45955fec-dc08-43cb-b9aa-ad86874c29f9.wav,coughvid_data/45955fec-dc08-43cb-b9aa-ad86874c29f9.wav,0.0
3de45f48-1c33-432d-9da5-745fddf9e00b,coughvid_data/3de45f48-1c33-432d-9da5-745fddf9e00b.wav,coughvid_data/3de45f48-1c33-432d-9da5-745fddf9e00b.wav,0.0
d0dc3bb9-5864-4587-b17b-b55188234760,coughvid_data/d0dc3bb9-5864-4587-b17b-b55188234760.wav,coughvid_data/d0dc3bb9-5864-4587-b17b-b55188234760.wav,1.0
cdecc60f-d0ad-4523-a6b0-d5a49d8e7a5b,coughvid_data/cdecc60f-d0ad-4523-a6b0-d5a49d8e7a5b.wav,coughvid_data/cdecc60f-d0ad-4523-a6b0-d5a49d8e7a5b.wav,0.0
b4acf2a8-1a5d-4fcc-9f7f-26b510041553,coughvid_data/b4acf2a8-1a5d-4fcc-9f7f-26b510041553.wav,coughvid_data/b4acf2a8-1a5d-4fcc-9f7f-26b510041553.wav,1.0
63fcca51-c454-46b3-bd0e-4c18e1b7825a,coughvid_data/63fcca51-c454-46b3-bd0e-4c18e1b7825a.wav,coughvid_data/63fcca51-c454-46b3-bd0e-4c18e1b7825a.wav,1.0
95fa0f1d-b00d-47f9-9fe2-252070b10f97,coughvid_data/95fa0f1d-b00d-47f9-9fe2-252070b10f97.wav,coughvid_data/95fa0f1d-b00d-47f9-9fe2-252070b10f97.wav,0.0
43ac5f3e-7fc1-4c95-a621-2542ec2e70f3,coughvid_data/43ac5f3e-7fc1-4c95-a621-2542ec2e70f3.wav,coughvid_data/43ac5f3e-7fc1-4c95-a621-2542ec2e70f3.wav,1.0
5beb35b9-3683-4b64-b4af-eaf43656904a,coughvid_data/5beb35b9-3683-4b64-b4af-eaf43656904a.wav,coughvid_data/5beb35b9-3683-4b64-b4af-eaf43656904a.wav,1.0
61b31a8e-2938-472b-8a6f-9e842eb56f7e,coughvid_data/61b31a8e-2938-472b-8a6f-9e842eb56f7e.wav,coughvid_data/61b31a8e-2938-472b-8a6f-9e842eb56f7e.wav,0.0
79393d28-c0bd-4a58-989a-a6104b5a67fd,coughvid_data/79393d28-c0bd-4a58-989a-a6104b5a67fd.wav,coughvid_data/79393d28-c0bd-4a58-989a-a6104b5a67fd.wav,0.0
b7eab8ca-c046-463e-9f22-8f29f4768d10,coughvid_data/b7eab8ca-c046-463e-9f22-8f29f4768d10.wav,coughvid_data/b7eab8ca-c046-463e-9f22-8f29f4768d10.wav,0.0
0aa7889e-6b72-4e0c-83b4-5fb342979241,coughvid_data/0aa7889e-6b72-4e0c-83b4-5fb342979241.wav,coughvid_data/0aa7889e-6b72-4e0c-83b4-5fb342979241.wav,0.0
ba41f34c-9d40-4e34-9d58-7d6c846740e9,coughvid_data/ba41f34c-9d40-4e34-9d58-7d6c846740e9.wav,coughvid_data/ba41f34c-9d40-4e34-9d58-7d6c846740e9.wav,1.0
ae354d5e-23c0-4147-84ba-8cf4f65745f4,coughvid_data/ae354d5e-23c0-4147-84ba-8cf4f65745f4.wav,coughvid_data/ae354d5e-23c0-4147-84ba-8cf4f65745f4.wav,1.0
03741bc1-124e-47a9-931c-f0e6ba3b70fa,coughvid_data/03741bc1-124e-47a9-931c-f0e6ba3b70fa.wav,coughvid_data/03741bc1-124e-47a9-931c-f0e6ba3b70fa.wav,0.0
cc3f82e6-0702-4431-b02a-e8491362e0a8,coughvid_data/cc3f82e6-0702-4431-b02a-e8491362e0a8.wav,coughvid_data/cc3f82e6-0702-4431-b02a-e8491362e0a8.wav,0.0
82c58f92-9baf-46af-b4dd-a285c148176c,coughvid_data/82c58f92-9baf-46af-b4dd-a285c148176c.wav,coughvid_data/82c58f92-9baf-46af-b4dd-a285c148176c.wav,1.0
8c26bb1b-7355-4cab-9728-30da59cc0781,coughvid_data/8c26bb1b-7355-4cab-9728-30da59cc0781.wav,coughvid_data/8c26bb1b-7355-4cab-9728-30da59cc0781.wav,1.0
ad27b2cc-317e-41b4-9bcd-2d87f7166830,coughvid_data/ad27b2cc-317e-41b4-9bcd-2d87f7166830.wav,coughvid_data/ad27b2cc-317e-41b4-9bcd-2d87f7166830.wav,1.0
55cd3278-7993-4549-9a4a-7d453285a553,coughvid_data/55cd3278-7993-4549-9a4a-7d453285a553.wav,coughvid_data/55cd3278-7993-4549-9a4a-7d453285a553.wav,1.0
65685ec0-3cda-4b0c-b7cf-02cf0fdd58b5,coughvid_data/65685ec0-3cda-4b0c-b7cf-02cf0fdd58b5.wav,coughvid_data/65685ec0-3cda-4b0c-b7cf-02cf0fdd58b5.wav,1.0
44621179-3f68-427a-9293-9223a8164095,coughvid_data/44621179-3f68-427a-9293-9223a8164095.wav,coughvid_data/44621179-3f68-427a-9293-9223a8164095.wav,0.0
7d7b2b16-da77-4e78-96df-db465366ef6a,coughvid_data/7d7b2b16-da77-4e78-96df-db465366ef6a.wav,coughvid_data/7d7b2b16-da77-4e78-96df-db465366ef6a.wav,0.0
5839aeaf-87f6-41c9-a59d-6e94ec64c505,coughvid_data/5839aeaf-87f6-41c9-a59d-6e94ec64c505.wav,coughvid_data/5839aeaf-87f6-41c9-a59d-6e94ec64c505.wav,1.0
c6a05780-dde3-4817-a32c-683f0343b0c2,coughvid_data/c6a05780-dde3-4817-a32c-683f0343b0c2.wav,coughvid_data/c6a05780-dde3-4817-a32c-683f0343b0c2.wav,1.0
12f6cada-6751-492d-9ca8-d98ffc871a7b,coughvid_data/12f6cada-6751-492d-9ca8-d98ffc871a7b.wav,coughvid_data/12f6cada-6751-492d-9ca8-d98ffc871a7b.wav,1.0
9a4e28f4-3c56-4638-9e40-ff9bd29fb9f6,coughvid_data/9a4e28f4-3c56-4638-9e40-ff9bd29fb9f6.wav,coughvid_data/9a4e28f4-3c56-4638-9e40-ff9bd29fb9f6.wav,0.0
8aa95c58-4f0f-4df6-89a2-4b3b5d7841bb,coughvid_data/8aa95c58-4f0f-4df6-89a2-4b3b5d7841bb.wav,coughvid_data/8aa95c58-4f0f-4df6-89a2-4b3b5d7841bb.wav,1.0
8aa580a5-5e45-432e-b89e-297e30e1048c,coughvid_data/8aa580a5-5e45-432e-b89e-297e30e1048c.wav,coughvid_data/8aa580a5-5e45-432e-b89e-297e30e1048c.wav,0.0
fcd7caa2-6034-457c-a8ab-6b838bf60d2b,coughvid_data/fcd7caa2-6034-457c-a8ab-6b838bf60d2b.wav,coughvid_data/fcd7caa2-6034-457c-a8ab-6b838bf60d2b.wav,1.0
bd14b92b-bfc0-4d4f-ac76-91756c670917,coughvid_data/bd14b92b-bfc0-4d4f-ac76-91756c670917.wav,coughvid_data/bd14b92b-bfc0-4d4f-ac76-91756c670917.wav,0.0
0e1e7761-b4dc-4941-8fbb-b83bd76a5c7e,coughvid_data/0e1e7761-b4dc-4941-8fbb-b83bd76a5c7e.wav,coughvid_data/0e1e7761-b4dc-4941-8fbb-b83bd76a5c7e.wav,1.0
ce39ee1d-a017-43af-b176-6d5c7de92d22,coughvid_data/ce39ee1d-a017-43af-b176-6d5c7de92d22.wav,coughvid_data/ce39ee1d-a017-43af-b176-6d5c7de92d22.wav,0.0
4263d661-267f-4b92-8b3e-17a63b74d6a3,coughvid_data/4263d661-267f-4b92-8b3e-17a63b74d6a3.wav,coughvid_data/4263d661-267f-4b92-8b3e-17a63b74d6a3.wav,1.0
200c3b62-5bd6-4fd2-a558-4a677256f106,coughvid_data/200c3b62-5bd6-4fd2-a558-4a677256f106.wav,coughvid_data/200c3b62-5bd6-4fd2-a558-4a677256f106.wav,0.0
17ab8401-cf43-42dd-b1f9-874059e35968,coughvid_data/17ab8401-cf43-42dd-b1f9-874059e35968.wav,coughvid_data/17ab8401-cf43-42dd-b1f9-874059e35968.wav,1.0
16c7c4ef-17ea-4599-a56f-887337b6728f,coughvid_data/16c7c4ef-17ea-4599-a56f-887337b6728f.wav,coughvid_data/16c7c4ef-17ea-4599-a56f-887337b6728f.wav,1.0
7e1a6d9f-df58-430f-80e7-5209635c21c7,coughvid_data/7e1a6d9f-df58-430f-80e7-5209635c21c7.wav,coughvid_data/7e1a6d9f-df58-430f-80e7-5209635c21c7.wav,0.0
aa6b16b2-c66c-437f-bcd4-c1d70ad970f7,coughvid_data/aa6b16b2-c66c-437f-bcd4-c1d70ad970f7.wav,coughvid_data/aa6b16b2-c66c-437f-bcd4-c1d70ad970f7.wav,1.0
437fd2af-de5e-4478-acb8-518ebe193ce0,coughvid_data/437fd2af-de5e-4478-acb8-518ebe193ce0.wav,coughvid_data/437fd2af-de5e-4478-acb8-518ebe193ce0.wav,0.0
f767b88e-d77a-488e-b553-6cd454930c0c,coughvid_data/f767b88e-d77a-488e-b553-6cd454930c0c.wav,coughvid_data/f767b88e-d77a-488e-b553-6cd454930c0c.wav,1.0
dfcf2474-f5d9-4db6-8292-1ac8be746076,coughvid_data/dfcf2474-f5d9-4db6-8292-1ac8be746076.wav,coughvid_data/dfcf2474-f5d9-4db6-8292-1ac8be746076.wav,0.0
ab4518fc-e26b-4f40-8546-cc0c1f045cc4,coughvid_data/ab4518fc-e26b-4f40-8546-cc0c1f045cc4.wav,coughvid_data/ab4518fc-e26b-4f40-8546-cc0c1f045cc4.wav,0.0
13bbc1cd-358b-4e90-9a35-31428809eb2a,coughvid_data/13bbc1cd-358b-4e90-9a35-31428809eb2a.wav,coughvid_data/13bbc1cd-358b-4e90-9a35-31428809eb2a.wav,1.0
3f74271d-6133-46f2-91b6-a878a4481632,coughvid_data/3f74271d-6133-46f2-91b6-a878a4481632.wav,coughvid_data/3f74271d-6133-46f2-91b6-a878a4481632.wav,1.0
cdfa748c-d2fc-41bb-ae29-4bfe0bfe34d6,coughvid_data/cdfa748c-d2fc-41bb-ae29-4bfe0bfe34d6.wav,coughvid_data/cdfa748c-d2fc-41bb-ae29-4bfe0bfe34d6.wav,1.0
fe9b3568-9a3b-42c0-925e-f6755e21177a,coughvid_data/fe9b3568-9a3b-42c0-925e-f6755e21177a.wav,coughvid_data/fe9b3568-9a3b-42c0-925e-f6755e21177a.wav,0.0
211e478d-f373-4f73-beee-2f358e012fe0,coughvid_data/211e478d-f373-4f73-beee-2f358e012fe0.wav,coughvid_data/211e478d-f373-4f73-beee-2f358e012fe0.wav,1.0
542db002-c9b8-4646-85fc-1f5b76730c1f,coughvid_data/542db002-c9b8-4646-85fc-1f5b76730c1f.wav,coughvid_data/542db002-c9b8-4646-85fc-1f5b76730c1f.wav,1.0
b6e2e320-f7a4-44d4-9132-ca70f786455d,coughvid_data/b6e2e320-f7a4-44d4-9132-ca70f786455d.wav,coughvid_data/b6e2e320-f7a4-44d4-9132-ca70f786455d.wav,0.0
c5a977cb-3d9a-40f2-abfc-40759b35dd73,coughvid_data/c5a977cb-3d9a-40f2-abfc-40759b35dd73.wav,coughvid_data/c5a977cb-3d9a-40f2-abfc-40759b35dd73.wav,1.0
d403f987-3a58-4f6b-8172-ccc10631e6cd,coughvid_data/d403f987-3a58-4f6b-8172-ccc10631e6cd.wav,coughvid_data/d403f987-3a58-4f6b-8172-ccc10631e6cd.wav,0.0
35172561-c4d1-4b23-ab33-963b97b2a206,coughvid_data/35172561-c4d1-4b23-ab33-963b97b2a206.wav,coughvid_data/35172561-c4d1-4b23-ab33-963b97b2a206.wav,1.0
b37c9efb-bdac-440e-b412-f7a943d786ad,coughvid_data/b37c9efb-bdac-440e-b412-f7a943d786ad.wav,coughvid_data/b37c9efb-bdac-440e-b412-f7a943d786ad.wav,0.0
a9429a2a-88e7-42c7-bdc5-a5d9269e909b,coughvid_data/a9429a2a-88e7-42c7-bdc5-a5d9269e909b.wav,coughvid_data/a9429a2a-88e7-42c7-bdc5-a5d9269e909b.wav,0.0
af1c98bb-8937-4797-bca3-1b0b87da7abb,coughvid_data/af1c98bb-8937-4797-bca3-1b0b87da7abb.wav,coughvid_data/af1c98bb-8937-4797-bca3-1b0b87da7abb.wav,1.0
ce088c8b-9a5e-4510-b728-d78b96416f90,coughvid_data/ce088c8b-9a5e-4510-b728-d78b96416f90.wav,coughvid_data/ce088c8b-9a5e-4510-b728-d78b96416f90.wav,1.0
7f96a9e4-9aa4-4985-936c-2bcc4a8e86ad,coughvid_data/7f96a9e4-9aa4-4985-936c-2bcc4a8e86ad.wav,coughvid_data/7f96a9e4-9aa4-4985-936c-2bcc4a8e86ad.wav,1.0
c6b6ca20-c470-430e-bc0e-3e7dea84da6c,coughvid_data/c6b6ca20-c470-430e-bc0e-3e7dea84da6c.wav,coughvid_data/c6b6ca20-c470-430e-bc0e-3e7dea84da6c.wav,1.0
5af70915-9bfe-46a1-adcf-108d1c6ba375,coughvid_data/5af70915-9bfe-46a1-adcf-108d1c6ba375.wav,coughvid_data/5af70915-9bfe-46a1-adcf-108d1c6ba375.wav,0.0
bec8de9b-7bf3-400e-bd0b-6f08a5f64339,coughvid_data/bec8de9b-7bf3-400e-bd0b-6f08a5f64339.wav,coughvid_data/bec8de9b-7bf3-400e-bd0b-6f08a5f64339.wav,1.0
e7967ec5-8d68-4460-9ef8-7a6ea9e7dbf0,coughvid_data/e7967ec5-8d68-4460-9ef8-7a6ea9e7dbf0.wav,coughvid_data/e7967ec5-8d68-4460-9ef8-7a6ea9e7dbf0.wav,0.0
c4b4e7e6-906d-40e3-81f6-b6eda7d639be,coughvid_data/c4b4e7e6-906d-40e3-81f6-b6eda7d639be.wav,coughvid_data/c4b4e7e6-906d-40e3-81f6-b6eda7d639be.wav,0.0
b6d871cf-9fdc-40b1-8764-e5114dd34976,coughvid_data/b6d871cf-9fdc-40b1-8764-e5114dd34976.wav,coughvid_data/b6d871cf-9fdc-40b1-8764-e5114dd34976.wav,1.0
afe8f462-a172-4a25-8c4c-2e18b3c8ec6b,coughvid_data/afe8f462-a172-4a25-8c4c-2e18b3c8ec6b.wav,coughvid_data/afe8f462-a172-4a25-8c4c-2e18b3c8ec6b.wav,1.0
a15d789f-b13d-4244-824b-a43a6dcc22c4,coughvid_data/a15d789f-b13d-4244-824b-a43a6dcc22c4.wav,coughvid_data/a15d789f-b13d-4244-824b-a43a6dcc22c4.wav,1.0
736817e9-345f-4b73-871a-889310a783e6,coughvid_data/736817e9-345f-4b73-871a-889310a783e6.wav,coughvid_data/736817e9-345f-4b73-871a-889310a783e6.wav,0.0
7ee87af0-8242-45ba-a49b-853b5b3d8534,coughvid_data/7ee87af0-8242-45ba-a49b-853b5b3d8534.wav,coughvid_data/7ee87af0-8242-45ba-a49b-853b5b3d8534.wav,0.0
a243f738-2adc-4f83-8f80-ebab54e411bd,coughvid_data/a243f738-2adc-4f83-8f80-ebab54e411bd.wav,coughvid_data/a243f738-2adc-4f83-8f80-ebab54e411bd.wav,0.0
5556c8c1-7a49-4bcd-bf90-36f9c00c691d,coughvid_data/5556c8c1-7a49-4bcd-bf90-36f9c00c691d.wav,coughvid_data/5556c8c1-7a49-4bcd-bf90-36f9c00c691d.wav,0.0
9f1f56a1-466d-4f56-be7f-28ca1fb183b8,coughvid_data/9f1f56a1-466d-4f56-be7f-28ca1fb183b8.wav,coughvid_data/9f1f56a1-466d-4f56-be7f-28ca1fb183b8.wav,1.0
ce0c989e-2592-46b1-839f-a63c6fbe3198,coughvid_data/ce0c989e-2592-46b1-839f-a63c6fbe3198.wav,coughvid_data/ce0c989e-2592-46b1-839f-a63c6fbe3198.wav,1.0
b326dcd4-4cf5-4ac9-9ffa-4780f8a53cc7,coughvid_data/b326dcd4-4cf5-4ac9-9ffa-4780f8a53cc7.wav,coughvid_data/b326dcd4-4cf5-4ac9-9ffa-4780f8a53cc7.wav,1.0
d5d6c771-171b-4aa1-9647-cb31369e2af0,coughvid_data/d5d6c771-171b-4aa1-9647-cb31369e2af0.wav,coughvid_data/d5d6c771-171b-4aa1-9647-cb31369e2af0.wav,1.0
9cadbbd2-e569-4282-bd01-bd8d5365eb82,coughvid_data/9cadbbd2-e569-4282-bd01-bd8d5365eb82.wav,coughvid_data/9cadbbd2-e569-4282-bd01-bd8d5365eb82.wav,1.0
c33ec852-dbc1-444a-ad17-f0cf49cbb2a5,coughvid_data/c33ec852-dbc1-444a-ad17-f0cf49cbb2a5.wav,coughvid_data/c33ec852-dbc1-444a-ad17-f0cf49cbb2a5.wav,0.0
036821ca-1454-4ba0-93c1-4c3fe82fe9a7,coughvid_data/036821ca-1454-4ba0-93c1-4c3fe82fe9a7.wav,coughvid_data/036821ca-1454-4ba0-93c1-4c3fe82fe9a7.wav,0.0
d4317340-3a6c-49b6-bbc8-ebfd82fa1642,coughvid_data/d4317340-3a6c-49b6-bbc8-ebfd82fa1642.wav,coughvid_data/d4317340-3a6c-49b6-bbc8-ebfd82fa1642.wav,1.0
c8c6d7ad-f067-430f-94bb-bb5969b06839,coughvid_data/c8c6d7ad-f067-430f-94bb-bb5969b06839.wav,coughvid_data/c8c6d7ad-f067-430f-94bb-bb5969b06839.wav,1.0
93375adc-484f-419c-af41-2de42ecc82f2,coughvid_data/93375adc-484f-419c-af41-2de42ecc82f2.wav,coughvid_data/93375adc-484f-419c-af41-2de42ecc82f2.wav,0.0
7852e1ec-f522-48d0-893b-6f2f3b8c2994,coughvid_data/7852e1ec-f522-48d0-893b-6f2f3b8c2994.wav,coughvid_data/7852e1ec-f522-48d0-893b-6f2f3b8c2994.wav,1.0
b7f13523-ebbb-499c-8c49-c4d342973a39,coughvid_data/b7f13523-ebbb-499c-8c49-c4d342973a39.wav,coughvid_data/b7f13523-ebbb-499c-8c49-c4d342973a39.wav,0.0
82d0033b-4513-48fb-8325-bf9d759edf3a,coughvid_data/82d0033b-4513-48fb-8325-bf9d759edf3a.wav,coughvid_data/82d0033b-4513-48fb-8325-bf9d759edf3a.wav,1.0
8f64b83c-402e-4507-a80e-cdc3fe75b007,coughvid_data/8f64b83c-402e-4507-a80e-cdc3fe75b007.wav,coughvid_data/8f64b83c-402e-4507-a80e-cdc3fe75b007.wav,1.0
82a470c6-d6f5-4816-8aa5-ee4acf684a81,coughvid_data/82a470c6-d6f5-4816-8aa5-ee4acf684a81.wav,coughvid_data/82a470c6-d6f5-4816-8aa5-ee4acf684a81.wav,1.0
4fba8344-ed0d-49c2-8ad5-bbb30e7e0844,coughvid_data/4fba8344-ed0d-49c2-8ad5-bbb30e7e0844.wav,coughvid_data/4fba8344-ed0d-49c2-8ad5-bbb30e7e0844.wav,0.0
1ea0b539-6306-4b05-8126-a90d3e8579a3,coughvid_data/1ea0b539-6306-4b05-8126-a90d3e8579a3.wav,coughvid_data/1ea0b539-6306-4b05-8126-a90d3e8579a3.wav,0.0
6bc3c2de-c149-49ff-918b-da02fda79690,coughvid_data/6bc3c2de-c149-49ff-918b-da02fda79690.wav,coughvid_data/6bc3c2de-c149-49ff-918b-da02fda79690.wav,1.0
7c970b83-8851-4bd5-b97c-40a69305e2d3,coughvid_data/7c970b83-8851-4bd5-b97c-40a69305e2d3.wav,coughvid_data/7c970b83-8851-4bd5-b97c-40a69305e2d3.wav,0.0
784aa2b2-1ed8-4a4b-8802-eb017aea95e0,coughvid_data/784aa2b2-1ed8-4a4b-8802-eb017aea95e0.wav,coughvid_data/784aa2b2-1ed8-4a4b-8802-eb017aea95e0.wav,0.0
ed3cc769-c2b4-4a6e-b249-752142c0dc2c,coughvid_data/ed3cc769-c2b4-4a6e-b249-752142c0dc2c.wav,coughvid_data/ed3cc769-c2b4-4a6e-b249-752142c0dc2c.wav,1.0
8f6d3e2e-93c3-4c8d-b5ad-8b608350352f,coughvid_data/8f6d3e2e-93c3-4c8d-b5ad-8b608350352f.wav,coughvid_data/8f6d3e2e-93c3-4c8d-b5ad-8b608350352f.wav,1.0
ad0e0559-97b5-47d8-9d2a-9e1d748759bc,coughvid_data/ad0e0559-97b5-47d8-9d2a-9e1d748759bc.wav,coughvid_data/ad0e0559-97b5-47d8-9d2a-9e1d748759bc.wav,0.0
04146659-df4f-45bb-8c4d-ec129605a615,coughvid_data/04146659-df4f-45bb-8c4d-ec129605a615.wav,coughvid_data/04146659-df4f-45bb-8c4d-ec129605a615.wav,1.0
cbe174cb-63d3-4d6c-95d0-db9a5567a9a3,coughvid_data/cbe174cb-63d3-4d6c-95d0-db9a5567a9a3.wav,coughvid_data/cbe174cb-63d3-4d6c-95d0-db9a5567a9a3.wav,1.0
fc2f82d9-d306-4eee-91f8-ecc0e6b4c88c,coughvid_data/fc2f82d9-d306-4eee-91f8-ecc0e6b4c88c.wav,coughvid_data/fc2f82d9-d306-4eee-91f8-ecc0e6b4c88c.wav,0.0
bbb9f9a3-5730-46b0-861f-66611f064b40,coughvid_data/bbb9f9a3-5730-46b0-861f-66611f064b40.wav,coughvid_data/bbb9f9a3-5730-46b0-861f-66611f064b40.wav,0.0
ea079518-1629-47e7-96eb-9a79f17d6376,coughvid_data/ea079518-1629-47e7-96eb-9a79f17d6376.wav,coughvid_data/ea079518-1629-47e7-96eb-9a79f17d6376.wav,0.0
f56e5cc1-cf91-4e7c-9a88-2cc0ded1140f,coughvid_data/f56e5cc1-cf91-4e7c-9a88-2cc0ded1140f.wav,coughvid_data/f56e5cc1-cf91-4e7c-9a88-2cc0ded1140f.wav,0.0
a35e5e6e-e627-402f-b7bb-126e3ccee31e,coughvid_data/a35e5e6e-e627-402f-b7bb-126e3ccee31e.wav,coughvid_data/a35e5e6e-e627-402f-b7bb-126e3ccee31e.wav,1.0
30a5db00-28b0-4b44-9da8-625e0dfe08a2,coughvid_data/30a5db00-28b0-4b44-9da8-625e0dfe08a2.wav,coughvid_data/30a5db00-28b0-4b44-9da8-625e0dfe08a2.wav,0.0
c5260e7e-c927-464a-8946-bf1559afa0cf,coughvid_data/c5260e7e-c927-464a-8946-bf1559afa0cf.wav,coughvid_data/c5260e7e-c927-464a-8946-bf1559afa0cf.wav,1.0
71d9be79-b147-4e13-b4e8-3913f3172ec6,coughvid_data/71d9be79-b147-4e13-b4e8-3913f3172ec6.wav,coughvid_data/71d9be79-b147-4e13-b4e8-3913f3172ec6.wav,0.0
7413c7dd-6f46-4b39-b9f9-07425f99ee9e,coughvid_data/7413c7dd-6f46-4b39-b9f9-07425f99ee9e.wav,coughvid_data/7413c7dd-6f46-4b39-b9f9-07425f99ee9e.wav,0.0
2e3c8b72-126d-41c6-9523-a9d5f8c7fcfa,coughvid_data/2e3c8b72-126d-41c6-9523-a9d5f8c7fcfa.wav,coughvid_data/2e3c8b72-126d-41c6-9523-a9d5f8c7fcfa.wav,0.0
930799c9-2b14-4f04-9295-cdaf8dd1ab03,coughvid_data/930799c9-2b14-4f04-9295-cdaf8dd1ab03.wav,coughvid_data/930799c9-2b14-4f04-9295-cdaf8dd1ab03.wav,0.0
ae0dbd78-8503-4d4b-8063-9295ed31eb0c,coughvid_data/ae0dbd78-8503-4d4b-8063-9295ed31eb0c.wav,coughvid_data/ae0dbd78-8503-4d4b-8063-9295ed31eb0c.wav,1.0
642a6684-d25f-4a5d-ac28-55429968c8ed,coughvid_data/642a6684-d25f-4a5d-ac28-55429968c8ed.wav,coughvid_data/642a6684-d25f-4a5d-ac28-55429968c8ed.wav,1.0
e7e13d4e-0e6e-4501-b57a-1184570383c7,coughvid_data/e7e13d4e-0e6e-4501-b57a-1184570383c7.wav,coughvid_data/e7e13d4e-0e6e-4501-b57a-1184570383c7.wav,0.0
64a46f0d-4a36-481f-9a20-384c0fd611a0,coughvid_data/64a46f0d-4a36-481f-9a20-384c0fd611a0.wav,coughvid_data/64a46f0d-4a36-481f-9a20-384c0fd611a0.wav,0.0
83df3f37-4215-4ce0-a232-f9678cb228d3,coughvid_data/83df3f37-4215-4ce0-a232-f9678cb228d3.wav,coughvid_data/83df3f37-4215-4ce0-a232-f9678cb228d3.wav,0.0
cd82e4ad-dc19-46cd-984a-374fb02a228e,coughvid_data/cd82e4ad-dc19-46cd-984a-374fb02a228e.wav,coughvid_data/cd82e4ad-dc19-46cd-984a-374fb02a228e.wav,1.0
ebef083c-4d99-423b-8b02-d06e53d3af34,coughvid_data/ebef083c-4d99-423b-8b02-d06e53d3af34.wav,coughvid_data/ebef083c-4d99-423b-8b02-d06e53d3af34.wav,1.0
54adb1da-a401-4f48-b08b-b626490e31d3,coughvid_data/54adb1da-a401-4f48-b08b-b626490e31d3.wav,coughvid_data/54adb1da-a401-4f48-b08b-b626490e31d3.wav,0.0
b37de72a-41ea-426e-8d79-ea2e37c270e0,coughvid_data/b37de72a-41ea-426e-8d79-ea2e37c270e0.wav,coughvid_data/b37de72a-41ea-426e-8d79-ea2e37c270e0.wav,0.0
8ab47018-54ee-40e6-bc5e-198960809d65,coughvid_data/8ab47018-54ee-40e6-bc5e-198960809d65.wav,coughvid_data/8ab47018-54ee-40e6-bc5e-198960809d65.wav,1.0
ce047b79-fd52-4ac5-a451-f27d8a368985,coughvid_data/ce047b79-fd52-4ac5-a451-f27d8a368985.wav,coughvid_data/ce047b79-fd52-4ac5-a451-f27d8a368985.wav,1.0
658bd444-c728-4672-84ac-ba2220608e6c,coughvid_data/658bd444-c728-4672-84ac-ba2220608e6c.wav,coughvid_data/658bd444-c728-4672-84ac-ba2220608e6c.wav,1.0
ec0286aa-f6e1-49d8-b9c6-8c69fb4c8789,coughvid_data/ec0286aa-f6e1-49d8-b9c6-8c69fb4c8789.wav,coughvid_data/ec0286aa-f6e1-49d8-b9c6-8c69fb4c8789.wav,0.0
04e9d33a-f084-4c39-95a0-b97cdd278e33,coughvid_data/04e9d33a-f084-4c39-95a0-b97cdd278e33.wav,coughvid_data/04e9d33a-f084-4c39-95a0-b97cdd278e33.wav,1.0
1ecfd17f-9dde-4b57-bbbf-cbeedc8b0f38,coughvid_data/1ecfd17f-9dde-4b57-bbbf-cbeedc8b0f38.wav,coughvid_data/1ecfd17f-9dde-4b57-bbbf-cbeedc8b0f38.wav,1.0
689735ad-83fe-43ab-a09a-e9f9f6aaa8ab,coughvid_data/689735ad-83fe-43ab-a09a-e9f9f6aaa8ab.wav,coughvid_data/689735ad-83fe-43ab-a09a-e9f9f6aaa8ab.wav,1.0
ea14155e-a4bf-4cfb-89bd-0f2c7cae0a33,coughvid_data/ea14155e-a4bf-4cfb-89bd-0f2c7cae0a33.wav,coughvid_data/ea14155e-a4bf-4cfb-89bd-0f2c7cae0a33.wav,0.0
ae104957-cb20-4cfd-9523-9acf6bc0aefd,coughvid_data/ae104957-cb20-4cfd-9523-9acf6bc0aefd.wav,coughvid_data/ae104957-cb20-4cfd-9523-9acf6bc0aefd.wav,1.0
da7b7282-8080-453c-ab67-58d4bee1f742,coughvid_data/da7b7282-8080-453c-ab67-58d4bee1f742.wav,coughvid_data/da7b7282-8080-453c-ab67-58d4bee1f742.wav,1.0
c0a1d562-0041-448d-8302-289ca4491b45,coughvid_data/c0a1d562-0041-448d-8302-289ca4491b45.wav,coughvid_data/c0a1d562-0041-448d-8302-289ca4491b45.wav,1.0
f23ee4be-d96c-43ff-a06c-99e1050b7ffe,coughvid_data/f23ee4be-d96c-43ff-a06c-99e1050b7ffe.wav,coughvid_data/f23ee4be-d96c-43ff-a06c-99e1050b7ffe.wav,1.0
9c76dc4e-fadf-4f44-8043-dc1465b4f79c,coughvid_data/9c76dc4e-fadf-4f44-8043-dc1465b4f79c.wav,coughvid_data/9c76dc4e-fadf-4f44-8043-dc1465b4f79c.wav,1.0
44cd7f18-32c9-47b6-b09a-6f40fe79e323,coughvid_data/44cd7f18-32c9-47b6-b09a-6f40fe79e323.wav,coughvid_data/44cd7f18-32c9-47b6-b09a-6f40fe79e323.wav,1.0
e33ce323-ce57-4de7-b5b3-10c65953a8d6,coughvid_data/e33ce323-ce57-4de7-b5b3-10c65953a8d6.wav,coughvid_data/e33ce323-ce57-4de7-b5b3-10c65953a8d6.wav,1.0
4569db62-0e9a-439e-a141-12796fcbb45f,coughvid_data/4569db62-0e9a-439e-a141-12796fcbb45f.wav,coughvid_data/4569db62-0e9a-439e-a141-12796fcbb45f.wav,0.0
e410061f-552b-4145-a83f-1bd98981dc16,coughvid_data/e410061f-552b-4145-a83f-1bd98981dc16.wav,coughvid_data/e410061f-552b-4145-a83f-1bd98981dc16.wav,0.0
639c6225-edd2-4f9c-8c7f-5fedd57ef73f,coughvid_data/639c6225-edd2-4f9c-8c7f-5fedd57ef73f.wav,coughvid_data/639c6225-edd2-4f9c-8c7f-5fedd57ef73f.wav,1.0
c3bcea97-1dfc-4978-88a2-654bd8303244,coughvid_data/c3bcea97-1dfc-4978-88a2-654bd8303244.wav,coughvid_data/c3bcea97-1dfc-4978-88a2-654bd8303244.wav,1.0
108d0962-dc4a-4704-8e26-2e2371fb5387,coughvid_data/108d0962-dc4a-4704-8e26-2e2371fb5387.wav,coughvid_data/108d0962-dc4a-4704-8e26-2e2371fb5387.wav,0.0
9abefc50-7674-4633-8575-fe4ef61516d9,coughvid_data/9abefc50-7674-4633-8575-fe4ef61516d9.wav,coughvid_data/9abefc50-7674-4633-8575-fe4ef61516d9.wav,0.0
34595f6f-98e1-4b57-90c1-b822472050a9,coughvid_data/34595f6f-98e1-4b57-90c1-b822472050a9.wav,coughvid_data/34595f6f-98e1-4b57-90c1-b822472050a9.wav,1.0
8c6a45ec-32bc-4d99-9f99-ec38e35a7918,coughvid_data/8c6a45ec-32bc-4d99-9f99-ec38e35a7918.wav,coughvid_data/8c6a45ec-32bc-4d99-9f99-ec38e35a7918.wav,0.0
7602f4fa-cdda-4f3b-a46c-20144e44d1a4,coughvid_data/7602f4fa-cdda-4f3b-a46c-20144e44d1a4.wav,coughvid_data/7602f4fa-cdda-4f3b-a46c-20144e44d1a4.wav,0.0
2bebf716-83c7-4877-8015-ee85d49a6d1d,coughvid_data/2bebf716-83c7-4877-8015-ee85d49a6d1d.wav,coughvid_data/2bebf716-83c7-4877-8015-ee85d49a6d1d.wav,0.0
b0cd7b12-da69-4410-8ea2-9415f242425c,coughvid_data/b0cd7b12-da69-4410-8ea2-9415f242425c.wav,coughvid_data/b0cd7b12-da69-4410-8ea2-9415f242425c.wav,0.0
b4bb4865-8c4f-4e4b-b2bd-954f1db6ffc1,coughvid_data/b4bb4865-8c4f-4e4b-b2bd-954f1db6ffc1.wav,coughvid_data/b4bb4865-8c4f-4e4b-b2bd-954f1db6ffc1.wav,0.0
d9936aee-41cf-4917-a02e-99b76db504c9,coughvid_data/d9936aee-41cf-4917-a02e-99b76db504c9.wav,coughvid_data/d9936aee-41cf-4917-a02e-99b76db504c9.wav,1.0
0a73ebfd-ff81-4f48-9cdc-472db1fde25f,coughvid_data/0a73ebfd-ff81-4f48-9cdc-472db1fde25f.wav,coughvid_data/0a73ebfd-ff81-4f48-9cdc-472db1fde25f.wav,1.0
fb2c5d95-eb2e-410c-a226-dbb061b88746,coughvid_data/fb2c5d95-eb2e-410c-a226-dbb061b88746.wav,coughvid_data/fb2c5d95-eb2e-410c-a226-dbb061b88746.wav,1.0
4f346cc4-ee85-4b54-ae3d-8f3f268c4c53,coughvid_data/4f346cc4-ee85-4b54-ae3d-8f3f268c4c53.wav,coughvid_data/4f346cc4-ee85-4b54-ae3d-8f3f268c4c53.wav,1.0
52838f47-5e5d-43bf-82b0-f46842d38d0a,coughvid_data/52838f47-5e5d-43bf-82b0-f46842d38d0a.wav,coughvid_data/52838f47-5e5d-43bf-82b0-f46842d38d0a.wav,1.0
09fd1de3-f32f-4797-b0a5-d3fb211c7d9b,coughvid_data/09fd1de3-f32f-4797-b0a5-d3fb211c7d9b.wav,coughvid_data/09fd1de3-f32f-4797-b0a5-d3fb211c7d9b.wav,0.0
43a58af3-3360-4ed5-9f9c-360c5995f2f1,coughvid_data/43a58af3-3360-4ed5-9f9c-360c5995f2f1.wav,coughvid_data/43a58af3-3360-4ed5-9f9c-360c5995f2f1.wav,0.0
64522664-f2f7-4141-9b74-ba0b9d181c31,coughvid_data/64522664-f2f7-4141-9b74-ba0b9d181c31.wav,coughvid_data/64522664-f2f7-4141-9b74-ba0b9d181c31.wav,1.0
c8989fe8-6c94-459a-ae01-0fc23fcc6c63,coughvid_data/c8989fe8-6c94-459a-ae01-0fc23fcc6c63.wav,coughvid_data/c8989fe8-6c94-459a-ae01-0fc23fcc6c63.wav,0.0
745f63fc-ed86-44b9-95ce-004fc48860d9,coughvid_data/745f63fc-ed86-44b9-95ce-004fc48860d9.wav,coughvid_data/745f63fc-ed86-44b9-95ce-004fc48860d9.wav,1.0
47c59596-5ec1-4496-9241-a014bf65a481,coughvid_data/47c59596-5ec1-4496-9241-a014bf65a481.wav,coughvid_data/47c59596-5ec1-4496-9241-a014bf65a481.wav,1.0
967f4441-5894-4c5c-8cb3-96a844778f9c,coughvid_data/967f4441-5894-4c5c-8cb3-96a844778f9c.wav,coughvid_data/967f4441-5894-4c5c-8cb3-96a844778f9c.wav,1.0
4e33ae88-4131-4cfe-a419-decf2748a7fc,coughvid_data/4e33ae88-4131-4cfe-a419-decf2748a7fc.wav,coughvid_data/4e33ae88-4131-4cfe-a419-decf2748a7fc.wav,0.0
17ceec2b-b351-4854-912c-d18fbbdb1493,coughvid_data/17ceec2b-b351-4854-912c-d18fbbdb1493.wav,coughvid_data/17ceec2b-b351-4854-912c-d18fbbdb1493.wav,0.0
983a0312-f88b-4a37-b632-d9dd5cd29407,coughvid_data/983a0312-f88b-4a37-b632-d9dd5cd29407.wav,coughvid_data/983a0312-f88b-4a37-b632-d9dd5cd29407.wav,0.0
a41864ca-8ce0-4b47-a5b7-c22b75e9139f,coughvid_data/a41864ca-8ce0-4b47-a5b7-c22b75e9139f.wav,coughvid_data/a41864ca-8ce0-4b47-a5b7-c22b75e9139f.wav,1.0
9ee376a0-375e-4cb2-9337-71f9f5a4f5a5,coughvid_data/9ee376a0-375e-4cb2-9337-71f9f5a4f5a5.wav,coughvid_data/9ee376a0-375e-4cb2-9337-71f9f5a4f5a5.wav,1.0
3bfbddb4-fa42-4370-97a4-77341feb34a3,coughvid_data/3bfbddb4-fa42-4370-97a4-77341feb34a3.wav,coughvid_data/3bfbddb4-fa42-4370-97a4-77341feb34a3.wav,1.0
3d651732-33c2-4b85-ad88-e982eac0efea,coughvid_data/3d651732-33c2-4b85-ad88-e982eac0efea.wav,coughvid_data/3d651732-33c2-4b85-ad88-e982eac0efea.wav,1.0
e368db4f-9b72-427a-9699-ba2a6e2b3728,coughvid_data/e368db4f-9b72-427a-9699-ba2a6e2b3728.wav,coughvid_data/e368db4f-9b72-427a-9699-ba2a6e2b3728.wav,0.0
5e27bb8b-95a3-4679-9630-10b4e118af26,coughvid_data/5e27bb8b-95a3-4679-9630-10b4e118af26.wav,coughvid_data/5e27bb8b-95a3-4679-9630-10b4e118af26.wav,0.0
3fb18c70-f448-4d78-bd17-80819f3b0bdf,coughvid_data/3fb18c70-f448-4d78-bd17-80819f3b0bdf.wav,coughvid_data/3fb18c70-f448-4d78-bd17-80819f3b0bdf.wav,1.0
de28ba74-f561-4c5d-8708-37ad2ebd770f,coughvid_data/de28ba74-f561-4c5d-8708-37ad2ebd770f.wav,coughvid_data/de28ba74-f561-4c5d-8708-37ad2ebd770f.wav,1.0
ac9da9f0-6bff-47fc-b73d-83180b8fdd25,coughvid_data/ac9da9f0-6bff-47fc-b73d-83180b8fdd25.wav,coughvid_data/ac9da9f0-6bff-47fc-b73d-83180b8fdd25.wav,1.0
1402be0f-6cc7-407f-abd0-63bcb2e86f71,coughvid_data/1402be0f-6cc7-407f-abd0-63bcb2e86f71.wav,coughvid_data/1402be0f-6cc7-407f-abd0-63bcb2e86f71.wav,1.0
54d34d12-efcb-4d99-84d3-3022c9c7f538,coughvid_data/54d34d12-efcb-4d99-84d3-3022c9c7f538.wav,coughvid_data/54d34d12-efcb-4d99-84d3-3022c9c7f538.wav,0.0
babe5764-afbd-48c6-8ab7-d39494a0d361,coughvid_data/babe5764-afbd-48c6-8ab7-d39494a0d361.wav,coughvid_data/babe5764-afbd-48c6-8ab7-d39494a0d361.wav,0.0
3a71f728-4bc0-4867-a69c-66969cf8470a,coughvid_data/3a71f728-4bc0-4867-a69c-66969cf8470a.wav,coughvid_data/3a71f728-4bc0-4867-a69c-66969cf8470a.wav,1.0
d94e42c4-819e-4daf-a119-a67458517abf,coughvid_data/d94e42c4-819e-4daf-a119-a67458517abf.wav,coughvid_data/d94e42c4-819e-4daf-a119-a67458517abf.wav,1.0
cd420cd5-c413-480f-913c-64a16e00810b,coughvid_data/cd420cd5-c413-480f-913c-64a16e00810b.wav,coughvid_data/cd420cd5-c413-480f-913c-64a16e00810b.wav,0.0
ae18328e-da30-4137-a717-a718ffe2412e,coughvid_data/ae18328e-da30-4137-a717-a718ffe2412e.wav,coughvid_data/ae18328e-da30-4137-a717-a718ffe2412e.wav,1.0
b5f5ad98-1813-4722-9dde-c62560266ac9,coughvid_data/b5f5ad98-1813-4722-9dde-c62560266ac9.wav,coughvid_data/b5f5ad98-1813-4722-9dde-c62560266ac9.wav,1.0
6fcfa5de-2e3b-48f3-9979-cf2635c50ff5,coughvid_data/6fcfa5de-2e3b-48f3-9979-cf2635c50ff5.wav,coughvid_data/6fcfa5de-2e3b-48f3-9979-cf2635c50ff5.wav,1.0
691954cb-5aa9-4a24-88b2-06825b5998e9,coughvid_data/691954cb-5aa9-4a24-88b2-06825b5998e9.wav,coughvid_data/691954cb-5aa9-4a24-88b2-06825b5998e9.wav,1.0
fbe802c9-19c6-42b5-a52f-a345a3c8f0e6,coughvid_data/fbe802c9-19c6-42b5-a52f-a345a3c8f0e6.wav,coughvid_data/fbe802c9-19c6-42b5-a52f-a345a3c8f0e6.wav,1.0
99e11289-9406-41fe-92da-81ff56206dee,coughvid_data/99e11289-9406-41fe-92da-81ff56206dee.wav,coughvid_data/99e11289-9406-41fe-92da-81ff56206dee.wav,0.0
5b7312df-3d0b-4a64-8884-e9072acceb41,coughvid_data/5b7312df-3d0b-4a64-8884-e9072acceb41.wav,coughvid_data/5b7312df-3d0b-4a64-8884-e9072acceb41.wav,1.0
2b486360-b5cb-46d0-b1b0-d18892703746,coughvid_data/2b486360-b5cb-46d0-b1b0-d18892703746.wav,coughvid_data/2b486360-b5cb-46d0-b1b0-d18892703746.wav,1.0
760c23bb-c73e-4e3b-8657-8a8c854f3459,coughvid_data/760c23bb-c73e-4e3b-8657-8a8c854f3459.wav,coughvid_data/760c23bb-c73e-4e3b-8657-8a8c854f3459.wav,1.0
f2a76818-8d40-4033-9a48-10845fa9df29,coughvid_data/f2a76818-8d40-4033-9a48-10845fa9df29.wav,coughvid_data/f2a76818-8d40-4033-9a48-10845fa9df29.wav,1.0
35e9d0da-b594-4797-af9a-38ecfe521131,coughvid_data/35e9d0da-b594-4797-af9a-38ecfe521131.wav,coughvid_data/35e9d0da-b594-4797-af9a-38ecfe521131.wav,1.0
3ec0e190-a8c6-4a6e-9cd1-621a1fbaaad1,coughvid_data/3ec0e190-a8c6-4a6e-9cd1-621a1fbaaad1.wav,coughvid_data/3ec0e190-a8c6-4a6e-9cd1-621a1fbaaad1.wav,0.0
edb5cf20-6493-4e80-bfbf-15de869cd1b1,coughvid_data/edb5cf20-6493-4e80-bfbf-15de869cd1b1.wav,coughvid_data/edb5cf20-6493-4e80-bfbf-15de869cd1b1.wav,0.0
687330b3-330a-455b-a0ae-445b0ffa6d95,coughvid_data/687330b3-330a-455b-a0ae-445b0ffa6d95.wav,coughvid_data/687330b3-330a-455b-a0ae-445b0ffa6d95.wav,1.0
c9c17bea-4fb9-40de-8d10-a45f61420be0,coughvid_data/c9c17bea-4fb9-40de-8d10-a45f61420be0.wav,coughvid_data/c9c17bea-4fb9-40de-8d10-a45f61420be0.wav,1.0
0f2929c0-f610-4169-9dd3-58793857fb6a,coughvid_data/0f2929c0-f610-4169-9dd3-58793857fb6a.wav,coughvid_data/0f2929c0-f610-4169-9dd3-58793857fb6a.wav,0.0
ce7114e2-e1eb-426a-a309-c76332709c1d,coughvid_data/ce7114e2-e1eb-426a-a309-c76332709c1d.wav,coughvid_data/ce7114e2-e1eb-426a-a309-c76332709c1d.wav,1.0
db29b5a6-5295-4380-a5f5-35e288c965a4,coughvid_data/db29b5a6-5295-4380-a5f5-35e288c965a4.wav,coughvid_data/db29b5a6-5295-4380-a5f5-35e288c965a4.wav,1.0
6c9aa7fa-ece7-44c7-961d-2f8f7db0dda5,coughvid_data/6c9aa7fa-ece7-44c7-961d-2f8f7db0dda5.wav,coughvid_data/6c9aa7fa-ece7-44c7-961d-2f8f7db0dda5.wav,0.0
9442d683-5645-4682-86d2-f554c40c1332,coughvid_data/9442d683-5645-4682-86d2-f554c40c1332.wav,coughvid_data/9442d683-5645-4682-86d2-f554c40c1332.wav,0.0
0b0fcb49-00ae-490d-8755-76f2297f5be0,coughvid_data/0b0fcb49-00ae-490d-8755-76f2297f5be0.wav,coughvid_data/0b0fcb49-00ae-490d-8755-76f2297f5be0.wav,1.0
c1d68161-2f3a-46c2-a986-501ebc08eb11,coughvid_data/c1d68161-2f3a-46c2-a986-501ebc08eb11.wav,coughvid_data/c1d68161-2f3a-46c2-a986-501ebc08eb11.wav,0.0
20504dac-75db-4166-8d24-4c7dc5782765,coughvid_data/20504dac-75db-4166-8d24-4c7dc5782765.wav,coughvid_data/20504dac-75db-4166-8d24-4c7dc5782765.wav,1.0
ae83ce6a-eead-4f4f-aa87-7e0918e002ef,coughvid_data/ae83ce6a-eead-4f4f-aa87-7e0918e002ef.wav,coughvid_data/ae83ce6a-eead-4f4f-aa87-7e0918e002ef.wav,0.0
0d5df6f6-2740-4d10-9a57-bb7b22f68f61,coughvid_data/0d5df6f6-2740-4d10-9a57-bb7b22f68f61.wav,coughvid_data/0d5df6f6-2740-4d10-9a57-bb7b22f68f61.wav,0.0
a94a9da4-7a54-46e6-bdc5-e588525b3633,coughvid_data/a94a9da4-7a54-46e6-bdc5-e588525b3633.wav,coughvid_data/a94a9da4-7a54-46e6-bdc5-e588525b3633.wav,0.0
fc608242-2927-4398-a8d0-dc25ff11ddbc,coughvid_data/fc608242-2927-4398-a8d0-dc25ff11ddbc.wav,coughvid_data/fc608242-2927-4398-a8d0-dc25ff11ddbc.wav,0.0
7232a65c-973c-48f8-b0e6-f6f885bcc425,coughvid_data/7232a65c-973c-48f8-b0e6-f6f885bcc425.wav,coughvid_data/7232a65c-973c-48f8-b0e6-f6f885bcc425.wav,0.0
467d6abf-9296-4439-bd24-6adc4667b1d2,coughvid_data/467d6abf-9296-4439-bd24-6adc4667b1d2.wav,coughvid_data/467d6abf-9296-4439-bd24-6adc4667b1d2.wav,0.0
ed735b8d-bcbe-43dc-a5d1-28e4cff7c118,coughvid_data/ed735b8d-bcbe-43dc-a5d1-28e4cff7c118.wav,coughvid_data/ed735b8d-bcbe-43dc-a5d1-28e4cff7c118.wav,1.0
bb94a4f2-cd95-479d-bf4a-f74aa552fc6b,coughvid_data/bb94a4f2-cd95-479d-bf4a-f74aa552fc6b.wav,coughvid_data/bb94a4f2-cd95-479d-bf4a-f74aa552fc6b.wav,1.0
b6b02d8a-d3ea-4ce5-ba67-45faeb414f4c,coughvid_data/b6b02d8a-d3ea-4ce5-ba67-45faeb414f4c.wav,coughvid_data/b6b02d8a-d3ea-4ce5-ba67-45faeb414f4c.wav,0.0
4b4cb391-a43c-4b3a-9c05-0b07196672f2,coughvid_data/4b4cb391-a43c-4b3a-9c05-0b07196672f2.wav,coughvid_data/4b4cb391-a43c-4b3a-9c05-0b07196672f2.wav,0.0
e0ee6c84-7828-4d44-85e0-33a639286bfd,coughvid_data/e0ee6c84-7828-4d44-85e0-33a639286bfd.wav,coughvid_data/e0ee6c84-7828-4d44-85e0-33a639286bfd.wav,0.0
7973ab09-305c-4f3c-ab00-15ef90dd0855,coughvid_data/7973ab09-305c-4f3c-ab00-15ef90dd0855.wav,coughvid_data/7973ab09-305c-4f3c-ab00-15ef90dd0855.wav,1.0
bd57cb89-66eb-49fb-9feb-f83d4818e837,coughvid_data/bd57cb89-66eb-49fb-9feb-f83d4818e837.wav,coughvid_data/bd57cb89-66eb-49fb-9feb-f83d4818e837.wav,0.0
991684bd-f636-4e17-9306-fad4ddcd948f,coughvid_data/991684bd-f636-4e17-9306-fad4ddcd948f.wav,coughvid_data/991684bd-f636-4e17-9306-fad4ddcd948f.wav,1.0
a30b77bb-94e5-4345-9e0c-3dd736e3b050,coughvid_data/a30b77bb-94e5-4345-9e0c-3dd736e3b050.wav,coughvid_data/a30b77bb-94e5-4345-9e0c-3dd736e3b050.wav,1.0
fe4f7540-1c7b-484b-913b-10f3f026cf46,coughvid_data/fe4f7540-1c7b-484b-913b-10f3f026cf46.wav,coughvid_data/fe4f7540-1c7b-484b-913b-10f3f026cf46.wav,0.0
66d11c23-0c45-41aa-abb8-4598f6e9750d,coughvid_data/66d11c23-0c45-41aa-abb8-4598f6e9750d.wav,coughvid_data/66d11c23-0c45-41aa-abb8-4598f6e9750d.wav,0.0
6124fb96-b04a-45cf-af44-c3b3cfe8dc16,coughvid_data/6124fb96-b04a-45cf-af44-c3b3cfe8dc16.wav,coughvid_data/6124fb96-b04a-45cf-af44-c3b3cfe8dc16.wav,1.0
bcee7007-0490-4e60-82f7-065bae9455eb,coughvid_data/bcee7007-0490-4e60-82f7-065bae9455eb.wav,coughvid_data/bcee7007-0490-4e60-82f7-065bae9455eb.wav,0.0
5d7fa55b-a619-4b41-9515-5d7c0f42bb83,coughvid_data/5d7fa55b-a619-4b41-9515-5d7c0f42bb83.wav,coughvid_data/5d7fa55b-a619-4b41-9515-5d7c0f42bb83.wav,1.0
f3417941-7f58-4c6f-8cf6-1b83463b5a63,coughvid_data/f3417941-7f58-4c6f-8cf6-1b83463b5a63.wav,coughvid_data/f3417941-7f58-4c6f-8cf6-1b83463b5a63.wav,0.0
eb6b391c-2a3e-4c23-99da-46bd2d3b27b4,coughvid_data/eb6b391c-2a3e-4c23-99da-46bd2d3b27b4.wav,coughvid_data/eb6b391c-2a3e-4c23-99da-46bd2d3b27b4.wav,1.0
05c74476-c82f-40ec-8335-61c0076fe358,coughvid_data/05c74476-c82f-40ec-8335-61c0076fe358.wav,coughvid_data/05c74476-c82f-40ec-8335-61c0076fe358.wav,1.0
6e077d5c-bd8b-4cc8-85ac-90fd5168cd98,coughvid_data/6e077d5c-bd8b-4cc8-85ac-90fd5168cd98.wav,coughvid_data/6e077d5c-bd8b-4cc8-85ac-90fd5168cd98.wav,0.0
12043fd3-066a-4ce5-896c-1feecacac9fc,coughvid_data/12043fd3-066a-4ce5-896c-1feecacac9fc.wav,coughvid_data/12043fd3-066a-4ce5-896c-1feecacac9fc.wav,1.0
66ed6834-a618-40e8-9e84-b17261b69e1d,coughvid_data/66ed6834-a618-40e8-9e84-b17261b69e1d.wav,coughvid_data/66ed6834-a618-40e8-9e84-b17261b69e1d.wav,1.0
1e288295-8cd0-46a6-ad07-ffbccc15a2c1,coughvid_data/1e288295-8cd0-46a6-ad07-ffbccc15a2c1.wav,coughvid_data/1e288295-8cd0-46a6-ad07-ffbccc15a2c1.wav,1.0
51f78658-6bc5-463a-ab0a-0a294b14bde6,coughvid_data/51f78658-6bc5-463a-ab0a-0a294b14bde6.wav,coughvid_data/51f78658-6bc5-463a-ab0a-0a294b14bde6.wav,1.0
d593d42f-35fa-467e-abbd-d976f026ad8f,coughvid_data/d593d42f-35fa-467e-abbd-d976f026ad8f.wav,coughvid_data/d593d42f-35fa-467e-abbd-d976f026ad8f.wav,0.0
3e273e38-d655-4f31-ad30-530577c78d40,coughvid_data/3e273e38-d655-4f31-ad30-530577c78d40.wav,coughvid_data/3e273e38-d655-4f31-ad30-530577c78d40.wav,1.0
83006fcf-4777-4e94-8989-832bcc196d2d,coughvid_data/83006fcf-4777-4e94-8989-832bcc196d2d.wav,coughvid_data/83006fcf-4777-4e94-8989-832bcc196d2d.wav,0.0
461cc5c9-b04c-453a-8921-e3f642bcdc3a,coughvid_data/461cc5c9-b04c-453a-8921-e3f642bcdc3a.wav,coughvid_data/461cc5c9-b04c-453a-8921-e3f642bcdc3a.wav,1.0
61030c28-b42a-48d0-815e-d29804cd917b,coughvid_data/61030c28-b42a-48d0-815e-d29804cd917b.wav,coughvid_data/61030c28-b42a-48d0-815e-d29804cd917b.wav,0.0
5263f953-b9da-410c-a2ec-25b24a0de4ab,coughvid_data/5263f953-b9da-410c-a2ec-25b24a0de4ab.wav,coughvid_data/5263f953-b9da-410c-a2ec-25b24a0de4ab.wav,0.0
78c1ff2f-f003-46a5-8b43-36aabca302c3,coughvid_data/78c1ff2f-f003-46a5-8b43-36aabca302c3.wav,coughvid_data/78c1ff2f-f003-46a5-8b43-36aabca302c3.wav,1.0
10c2cd2a-d467-4535-8b63-f8cf8208da80,coughvid_data/10c2cd2a-d467-4535-8b63-f8cf8208da80.wav,coughvid_data/10c2cd2a-d467-4535-8b63-f8cf8208da80.wav,0.0
e206e88e-4a9e-4eab-b9c3-f1d5ed807c96,coughvid_data/e206e88e-4a9e-4eab-b9c3-f1d5ed807c96.wav,coughvid_data/e206e88e-4a9e-4eab-b9c3-f1d5ed807c96.wav,1.0
c56cb889-9b61-4040-9d38-57102d570a0a,coughvid_data/c56cb889-9b61-4040-9d38-57102d570a0a.wav,coughvid_data/c56cb889-9b61-4040-9d38-57102d570a0a.wav,1.0
50409000-39cf-4ddb-bccb-3ded4027f7d3,coughvid_data/50409000-39cf-4ddb-bccb-3ded4027f7d3.wav,coughvid_data/50409000-39cf-4ddb-bccb-3ded4027f7d3.wav,0.0
c43dc045-fae7-4f1d-bc22-28ffbf94a7f9,coughvid_data/c43dc045-fae7-4f1d-bc22-28ffbf94a7f9.wav,coughvid_data/c43dc045-fae7-4f1d-bc22-28ffbf94a7f9.wav,1.0
a9108704-75af-4d2c-afb2-5c8ca33cb9e0,coughvid_data/a9108704-75af-4d2c-afb2-5c8ca33cb9e0.wav,coughvid_data/a9108704-75af-4d2c-afb2-5c8ca33cb9e0.wav,1.0
9a1c99d6-7f56-47be-9040-1b7f18d5688e,coughvid_data/9a1c99d6-7f56-47be-9040-1b7f18d5688e.wav,coughvid_data/9a1c99d6-7f56-47be-9040-1b7f18d5688e.wav,0.0
c4a53b64-4274-483a-9551-57f946506450,coughvid_data/c4a53b64-4274-483a-9551-57f946506450.wav,coughvid_data/c4a53b64-4274-483a-9551-57f946506450.wav,1.0
8f588d63-12cf-4390-ac81-b438ca808e6c,coughvid_data/8f588d63-12cf-4390-ac81-b438ca808e6c.wav,coughvid_data/8f588d63-12cf-4390-ac81-b438ca808e6c.wav,0.0
5b5baa97-50c4-4c11-8a60-a2b39c34e56b,coughvid_data/5b5baa97-50c4-4c11-8a60-a2b39c34e56b.wav,coughvid_data/5b5baa97-50c4-4c11-8a60-a2b39c34e56b.wav,1.0
76f9ca30-911d-4db3-aefe-5de887a8d2c3,coughvid_data/76f9ca30-911d-4db3-aefe-5de887a8d2c3.wav,coughvid_data/76f9ca30-911d-4db3-aefe-5de887a8d2c3.wav,1.0
1f58e110-f753-4085-a5b8-6f56225afe28,coughvid_data/1f58e110-f753-4085-a5b8-6f56225afe28.wav,coughvid_data/1f58e110-f753-4085-a5b8-6f56225afe28.wav,0.0
ede282c6-9511-4d0d-af8f-abd4755b73c4,coughvid_data/ede282c6-9511-4d0d-af8f-abd4755b73c4.wav,coughvid_data/ede282c6-9511-4d0d-af8f-abd4755b73c4.wav,1.0
c0bdd1bb-f749-4a19-ac1e-fd68ad51f06c,coughvid_data/c0bdd1bb-f749-4a19-ac1e-fd68ad51f06c.wav,coughvid_data/c0bdd1bb-f749-4a19-ac1e-fd68ad51f06c.wav,1.0
87afcc54-2b3c-45c1-a4c7-2e68a8e30280,coughvid_data/87afcc54-2b3c-45c1-a4c7-2e68a8e30280.wav,coughvid_data/87afcc54-2b3c-45c1-a4c7-2e68a8e30280.wav,1.0
99b6ed8e-c068-4a63-89bc-7567d43a3ace,coughvid_data/99b6ed8e-c068-4a63-89bc-7567d43a3ace.wav,coughvid_data/99b6ed8e-c068-4a63-89bc-7567d43a3ace.wav,1.0
68d9905b-9139-443b-9c09-7a1eb1260f12,coughvid_data/68d9905b-9139-443b-9c09-7a1eb1260f12.wav,coughvid_data/68d9905b-9139-443b-9c09-7a1eb1260f12.wav,1.0
b4606a7c-002c-4f6d-a17b-c78a1a9fe089,coughvid_data/b4606a7c-002c-4f6d-a17b-c78a1a9fe089.wav,coughvid_data/b4606a7c-002c-4f6d-a17b-c78a1a9fe089.wav,0.0
71303ab7-3ec0-43c5-a947-4c21f76a18d2,coughvid_data/71303ab7-3ec0-43c5-a947-4c21f76a18d2.wav,coughvid_data/71303ab7-3ec0-43c5-a947-4c21f76a18d2.wav,1.0
46e1ee38-287a-4091-83a4-9141775fb61b,coughvid_data/46e1ee38-287a-4091-83a4-9141775fb61b.wav,coughvid_data/46e1ee38-287a-4091-83a4-9141775fb61b.wav,1.0
9f9ce9a8-3c12-4a0c-8636-1149440537b1,coughvid_data/9f9ce9a8-3c12-4a0c-8636-1149440537b1.wav,coughvid_data/9f9ce9a8-3c12-4a0c-8636-1149440537b1.wav,0.0
b6c46035-6bd6-4451-a13e-1a57faaa55c9,coughvid_data/b6c46035-6bd6-4451-a13e-1a57faaa55c9.wav,coughvid_data/b6c46035-6bd6-4451-a13e-1a57faaa55c9.wav,0.0
1a5c828e-1780-48a5-9099-60a06331a487,coughvid_data/1a5c828e-1780-48a5-9099-60a06331a487.wav,coughvid_data/1a5c828e-1780-48a5-9099-60a06331a487.wav,1.0
d4798ef8-ebf1-40ec-aca1-dd8cbf37c866,coughvid_data/d4798ef8-ebf1-40ec-aca1-dd8cbf37c866.wav,coughvid_data/d4798ef8-ebf1-40ec-aca1-dd8cbf37c866.wav,1.0
e636e9d1-9d48-4124-929d-7836f6ab5a0a,coughvid_data/e636e9d1-9d48-4124-929d-7836f6ab5a0a.wav,coughvid_data/e636e9d1-9d48-4124-929d-7836f6ab5a0a.wav,0.0
ee4fc3e3-58e6-4fc2-af56-2337683c9bff,coughvid_data/ee4fc3e3-58e6-4fc2-af56-2337683c9bff.wav,coughvid_data/ee4fc3e3-58e6-4fc2-af56-2337683c9bff.wav,0.0
381f0680-6270-4eca-9e2c-ab8fa0fdbbd7,coughvid_data/381f0680-6270-4eca-9e2c-ab8fa0fdbbd7.wav,coughvid_data/381f0680-6270-4eca-9e2c-ab8fa0fdbbd7.wav,1.0
6b3e1b5b-a3fd-441d-9621-5dbf60904d1c,coughvid_data/6b3e1b5b-a3fd-441d-9621-5dbf60904d1c.wav,coughvid_data/6b3e1b5b-a3fd-441d-9621-5dbf60904d1c.wav,0.0
7e5db16b-90e8-433c-b89a-008c48f05471,coughvid_data/7e5db16b-90e8-433c-b89a-008c48f05471.wav,coughvid_data/7e5db16b-90e8-433c-b89a-008c48f05471.wav,1.0
6647b629-2246-48c9-83ad-c3ad4795c891,coughvid_data/6647b629-2246-48c9-83ad-c3ad4795c891.wav,coughvid_data/6647b629-2246-48c9-83ad-c3ad4795c891.wav,1.0
3d1080d0-e600-40c9-b165-53f574f1b389,coughvid_data/3d1080d0-e600-40c9-b165-53f574f1b389.wav,coughvid_data/3d1080d0-e600-40c9-b165-53f574f1b389.wav,1.0
7e3ffbd3-1b3e-4db8-9a50-c2c56016259a,coughvid_data/7e3ffbd3-1b3e-4db8-9a50-c2c56016259a.wav,coughvid_data/7e3ffbd3-1b3e-4db8-9a50-c2c56016259a.wav,1.0
6cda4a3e-4fda-46ea-ab38-50dd38c9ed0d,coughvid_data/6cda4a3e-4fda-46ea-ab38-50dd38c9ed0d.wav,coughvid_data/6cda4a3e-4fda-46ea-ab38-50dd38c9ed0d.wav,1.0
0125f947-8993-4f98-8001-9af27cfbb7f6,coughvid_data/0125f947-8993-4f98-8001-9af27cfbb7f6.wav,coughvid_data/0125f947-8993-4f98-8001-9af27cfbb7f6.wav,0.0
48b283df-8bda-4766-b02e-0efee9f7e59c,coughvid_data/48b283df-8bda-4766-b02e-0efee9f7e59c.wav,coughvid_data/48b283df-8bda-4766-b02e-0efee9f7e59c.wav,1.0
2dec5796-ee63-4b9f-af53-3c60d1fa4123,coughvid_data/2dec5796-ee63-4b9f-af53-3c60d1fa4123.wav,coughvid_data/2dec5796-ee63-4b9f-af53-3c60d1fa4123.wav,0.0
b190f031-457b-4bb4-86a9-956c0edb9fa6,coughvid_data/b190f031-457b-4bb4-86a9-956c0edb9fa6.wav,coughvid_data/b190f031-457b-4bb4-86a9-956c0edb9fa6.wav,1.0
f3833a36-e990-424b-8110-5b1e1eacf55c,coughvid_data/f3833a36-e990-424b-8110-5b1e1eacf55c.wav,coughvid_data/f3833a36-e990-424b-8110-5b1e1eacf55c.wav,0.0
fbe554f3-1cbc-488b-a5b7-d825c657226f,coughvid_data/fbe554f3-1cbc-488b-a5b7-d825c657226f.wav,coughvid_data/fbe554f3-1cbc-488b-a5b7-d825c657226f.wav,0.0
101aa833-1f8e-4a11-af73-901919831954,coughvid_data/101aa833-1f8e-4a11-af73-901919831954.wav,coughvid_data/101aa833-1f8e-4a11-af73-901919831954.wav,1.0
b2cb680f-2b1f-4daf-824c-c83952cd639c,coughvid_data/b2cb680f-2b1f-4daf-824c-c83952cd639c.wav,coughvid_data/b2cb680f-2b1f-4daf-824c-c83952cd639c.wav,1.0
bc1270b1-9edc-47f5-8e6a-4600867d90dc,coughvid_data/bc1270b1-9edc-47f5-8e6a-4600867d90dc.wav,coughvid_data/bc1270b1-9edc-47f5-8e6a-4600867d90dc.wav,0.0
b9b4b0a2-a9e6-4a4a-8b2c-393f5b904091,coughvid_data/b9b4b0a2-a9e6-4a4a-8b2c-393f5b904091.wav,coughvid_data/b9b4b0a2-a9e6-4a4a-8b2c-393f5b904091.wav,0.0
1fbb54d0-64e1-4187-91f3-12bc64bbaa91,coughvid_data/1fbb54d0-64e1-4187-91f3-12bc64bbaa91.wav,coughvid_data/1fbb54d0-64e1-4187-91f3-12bc64bbaa91.wav,1.0
2eee7d9f-0460-4d30-8119-07f3fa333b2a,coughvid_data/2eee7d9f-0460-4d30-8119-07f3fa333b2a.wav,coughvid_data/2eee7d9f-0460-4d30-8119-07f3fa333b2a.wav,0.0
45ed97a1-d290-4c86-9875-7a47ef1fc7c5,coughvid_data/45ed97a1-d290-4c86-9875-7a47ef1fc7c5.wav,coughvid_data/45ed97a1-d290-4c86-9875-7a47ef1fc7c5.wav,0.0
c691536c-a9dc-4ad9-9a32-db1d5338b8b2,coughvid_data/c691536c-a9dc-4ad9-9a32-db1d5338b8b2.wav,coughvid_data/c691536c-a9dc-4ad9-9a32-db1d5338b8b2.wav,1.0
9f3eec99-7beb-4826-9d60-27b16e4f66ae,coughvid_data/9f3eec99-7beb-4826-9d60-27b16e4f66ae.wav,coughvid_data/9f3eec99-7beb-4826-9d60-27b16e4f66ae.wav,1.0
ecb53985-efae-451c-9bf5-3e10f6b61e41,coughvid_data/ecb53985-efae-451c-9bf5-3e10f6b61e41.wav,coughvid_data/ecb53985-efae-451c-9bf5-3e10f6b61e41.wav,1.0
92a69ee6-0f88-4d52-ba5b-2fed076b498c,coughvid_data/92a69ee6-0f88-4d52-ba5b-2fed076b498c.wav,coughvid_data/92a69ee6-0f88-4d52-ba5b-2fed076b498c.wav,1.0
01674aff-9899-437f-971f-a516afec2bf5,coughvid_data/01674aff-9899-437f-971f-a516afec2bf5.wav,coughvid_data/01674aff-9899-437f-971f-a516afec2bf5.wav,0.0
c63e740f-91e4-4dee-94a1-deffcd099a4b,coughvid_data/c63e740f-91e4-4dee-94a1-deffcd099a4b.wav,coughvid_data/c63e740f-91e4-4dee-94a1-deffcd099a4b.wav,0.0
b7ce9ff6-7e16-4e4e-84cc-5e264b364cc2,coughvid_data/b7ce9ff6-7e16-4e4e-84cc-5e264b364cc2.wav,coughvid_data/b7ce9ff6-7e16-4e4e-84cc-5e264b364cc2.wav,1.0
e65e935b-c799-4013-b824-34ff2be8d05a,coughvid_data/e65e935b-c799-4013-b824-34ff2be8d05a.wav,coughvid_data/e65e935b-c799-4013-b824-34ff2be8d05a.wav,1.0
c44c98c2-d6d0-48c8-bfd1-a67ae6ccc8bd,coughvid_data/c44c98c2-d6d0-48c8-bfd1-a67ae6ccc8bd.wav,coughvid_data/c44c98c2-d6d0-48c8-bfd1-a67ae6ccc8bd.wav,0.0
f1d06a82-1cb0-4dcd-a1e7-46bda99d2a9d,coughvid_data/f1d06a82-1cb0-4dcd-a1e7-46bda99d2a9d.wav,coughvid_data/f1d06a82-1cb0-4dcd-a1e7-46bda99d2a9d.wav,0.0
f280c1bd-1577-40dd-afdb-0f06f8e7693f,coughvid_data/f280c1bd-1577-40dd-afdb-0f06f8e7693f.wav,coughvid_data/f280c1bd-1577-40dd-afdb-0f06f8e7693f.wav,0.0
91507052-e21b-4268-8e68-86f1758f5823,coughvid_data/91507052-e21b-4268-8e68-86f1758f5823.wav,coughvid_data/91507052-e21b-4268-8e68-86f1758f5823.wav,1.0
6408b9b2-f0ac-4798-8fd4-91b90c6647e7,coughvid_data/6408b9b2-f0ac-4798-8fd4-91b90c6647e7.wav,coughvid_data/6408b9b2-f0ac-4798-8fd4-91b90c6647e7.wav,1.0
55826407-b076-45ca-9b76-00b1de74b17f,coughvid_data/55826407-b076-45ca-9b76-00b1de74b17f.wav,coughvid_data/55826407-b076-45ca-9b76-00b1de74b17f.wav,1.0
e8a5a97a-1f90-46d4-b34c-1924cb11e2ef,coughvid_data/e8a5a97a-1f90-46d4-b34c-1924cb11e2ef.wav,coughvid_data/e8a5a97a-1f90-46d4-b34c-1924cb11e2ef.wav,1.0
8897419b-1850-44f3-8633-5ce175004a0d,coughvid_data/8897419b-1850-44f3-8633-5ce175004a0d.wav,coughvid_data/8897419b-1850-44f3-8633-5ce175004a0d.wav,1.0
dc82a3d2-e9bb-40d2-8451-16ad60e188f2,coughvid_data/dc82a3d2-e9bb-40d2-8451-16ad60e188f2.wav,coughvid_data/dc82a3d2-e9bb-40d2-8451-16ad60e188f2.wav,1.0
bcac723a-dc01-49ef-9ca5-95e1911e4046,coughvid_data/bcac723a-dc01-49ef-9ca5-95e1911e4046.wav,coughvid_data/bcac723a-dc01-49ef-9ca5-95e1911e4046.wav,0.0
f2e1fe26-bd39-4dab-903a-98c8bab93317,coughvid_data/f2e1fe26-bd39-4dab-903a-98c8bab93317.wav,coughvid_data/f2e1fe26-bd39-4dab-903a-98c8bab93317.wav,1.0
acbfb9da-3125-4b69-9a88-839b430dcdd7,coughvid_data/acbfb9da-3125-4b69-9a88-839b430dcdd7.wav,coughvid_data/acbfb9da-3125-4b69-9a88-839b430dcdd7.wav,0.0
e7fe4f5b-fc5d-4c1e-a68a-be0ab363a58e,coughvid_data/e7fe4f5b-fc5d-4c1e-a68a-be0ab363a58e.wav,coughvid_data/e7fe4f5b-fc5d-4c1e-a68a-be0ab363a58e.wav,0.0
e7261da6-0852-40a2-8823-9f29fa4981f4,coughvid_data/e7261da6-0852-40a2-8823-9f29fa4981f4.wav,coughvid_data/e7261da6-0852-40a2-8823-9f29fa4981f4.wav,0.0
663f561b-234d-47b5-a78d-cc1f99761a8a,coughvid_data/663f561b-234d-47b5-a78d-cc1f99761a8a.wav,coughvid_data/663f561b-234d-47b5-a78d-cc1f99761a8a.wav,0.0
e143f6e3-e0a3-42f1-9bd5-d2487aa85cf2,coughvid_data/e143f6e3-e0a3-42f1-9bd5-d2487aa85cf2.wav,coughvid_data/e143f6e3-e0a3-42f1-9bd5-d2487aa85cf2.wav,1.0
9b123e45-ee3b-4fa5-a913-599a2244202d,coughvid_data/9b123e45-ee3b-4fa5-a913-599a2244202d.wav,coughvid_data/9b123e45-ee3b-4fa5-a913-599a2244202d.wav,1.0
e06afe7e-c8fe-4f4b-8411-d5cf50508f62,coughvid_data/e06afe7e-c8fe-4f4b-8411-d5cf50508f62.wav,coughvid_data/e06afe7e-c8fe-4f4b-8411-d5cf50508f62.wav,0.0
54138a2b-3f07-44aa-bc08-f254422e32ab,coughvid_data/54138a2b-3f07-44aa-bc08-f254422e32ab.wav,coughvid_data/54138a2b-3f07-44aa-bc08-f254422e32ab.wav,1.0
32b44415-5d33-4587-be34-601e7d3cbe9f,coughvid_data/32b44415-5d33-4587-be34-601e7d3cbe9f.wav,coughvid_data/32b44415-5d33-4587-be34-601e7d3cbe9f.wav,1.0
bc534535-9ced-4249-824c-f0b7ddbda1cf,coughvid_data/bc534535-9ced-4249-824c-f0b7ddbda1cf.wav,coughvid_data/bc534535-9ced-4249-824c-f0b7ddbda1cf.wav,0.0
a7e79300-5932-450d-8696-79e6bfe4d1f1,coughvid_data/a7e79300-5932-450d-8696-79e6bfe4d1f1.wav,coughvid_data/a7e79300-5932-450d-8696-79e6bfe4d1f1.wav,0.0
db3c2569-9576-4e3f-ad64-6d2289d8a1e2,coughvid_data/db3c2569-9576-4e3f-ad64-6d2289d8a1e2.wav,coughvid_data/db3c2569-9576-4e3f-ad64-6d2289d8a1e2.wav,0.0
28cade43-febb-4b23-b5b1-24ee43b570e7,coughvid_data/28cade43-febb-4b23-b5b1-24ee43b570e7.wav,coughvid_data/28cade43-febb-4b23-b5b1-24ee43b570e7.wav,0.0
a32cfed8-6cd4-46f4-a58e-c1ebfb8a1d3d,coughvid_data/a32cfed8-6cd4-46f4-a58e-c1ebfb8a1d3d.wav,coughvid_data/a32cfed8-6cd4-46f4-a58e-c1ebfb8a1d3d.wav,1.0
63acc1aa-2087-4c46-b0a8-56d38a3b1b10,coughvid_data/63acc1aa-2087-4c46-b0a8-56d38a3b1b10.wav,coughvid_data/63acc1aa-2087-4c46-b0a8-56d38a3b1b10.wav,1.0
32070fe8-09e2-4268-8732-f556a0add2cc,coughvid_data/32070fe8-09e2-4268-8732-f556a0add2cc.wav,coughvid_data/32070fe8-09e2-4268-8732-f556a0add2cc.wav,0.0
796748e0-b012-44f0-9725-dea2bf495f2f,coughvid_data/796748e0-b012-44f0-9725-dea2bf495f2f.wav,coughvid_data/796748e0-b012-44f0-9725-dea2bf495f2f.wav,1.0
ce791646-742b-4b99-944f-a288eca18ac4,coughvid_data/ce791646-742b-4b99-944f-a288eca18ac4.wav,coughvid_data/ce791646-742b-4b99-944f-a288eca18ac4.wav,0.0
9701dcea-b79a-412d-aa54-e5e4dd272277,coughvid_data/9701dcea-b79a-412d-aa54-e5e4dd272277.wav,coughvid_data/9701dcea-b79a-412d-aa54-e5e4dd272277.wav,1.0
ec35c4dc-d0d0-4aa7-b0c9-d94a25f5374d,coughvid_data/ec35c4dc-d0d0-4aa7-b0c9-d94a25f5374d.wav,coughvid_data/ec35c4dc-d0d0-4aa7-b0c9-d94a25f5374d.wav,0.0
ac92f03b-4c1b-40fa-b0f2-c30899d0866a,coughvid_data/ac92f03b-4c1b-40fa-b0f2-c30899d0866a.wav,coughvid_data/ac92f03b-4c1b-40fa-b0f2-c30899d0866a.wav,1.0
34a2f602-cd7c-460c-b765-dcbdb7607d25,coughvid_data/34a2f602-cd7c-460c-b765-dcbdb7607d25.wav,coughvid_data/34a2f602-cd7c-460c-b765-dcbdb7607d25.wav,1.0
82c7f9fa-6706-467e-90d7-ec482e7266db,coughvid_data/82c7f9fa-6706-467e-90d7-ec482e7266db.wav,coughvid_data/82c7f9fa-6706-467e-90d7-ec482e7266db.wav,1.0
230eb02a-14df-4430-9603-634552b985a3,coughvid_data/230eb02a-14df-4430-9603-634552b985a3.wav,coughvid_data/230eb02a-14df-4430-9603-634552b985a3.wav,0.0
01c45518-51ca-4777-83cd-28d58a244739,coughvid_data/01c45518-51ca-4777-83cd-28d58a244739.wav,coughvid_data/01c45518-51ca-4777-83cd-28d58a244739.wav,0.0
d655b53f-bb26-428e-8fc2-34adb46c4a3f,coughvid_data/d655b53f-bb26-428e-8fc2-34adb46c4a3f.wav,coughvid_data/d655b53f-bb26-428e-8fc2-34adb46c4a3f.wav,0.0
72ec929d-e3d5-4fe9-b132-a7c2b68ae9bf,coughvid_data/72ec929d-e3d5-4fe9-b132-a7c2b68ae9bf.wav,coughvid_data/72ec929d-e3d5-4fe9-b132-a7c2b68ae9bf.wav,1.0
b4b8c8d8-37cf-48e5-b5af-12009c442239,coughvid_data/b4b8c8d8-37cf-48e5-b5af-12009c442239.wav,coughvid_data/b4b8c8d8-37cf-48e5-b5af-12009c442239.wav,1.0
6ec4f820-4cdd-454c-bd50-9d2e47b34de5,coughvid_data/6ec4f820-4cdd-454c-bd50-9d2e47b34de5.wav,coughvid_data/6ec4f820-4cdd-454c-bd50-9d2e47b34de5.wav,1.0
a6e80f04-8264-4f0c-833b-da531c3e1cc2,coughvid_data/a6e80f04-8264-4f0c-833b-da531c3e1cc2.wav,coughvid_data/a6e80f04-8264-4f0c-833b-da531c3e1cc2.wav,0.0
33efacd9-4353-4cf5-8c18-99eb89adc36b,coughvid_data/33efacd9-4353-4cf5-8c18-99eb89adc36b.wav,coughvid_data/33efacd9-4353-4cf5-8c18-99eb89adc36b.wav,0.0
4dc60b51-b7a4-43f8-bde8-0101e9bfc804,coughvid_data/4dc60b51-b7a4-43f8-bde8-0101e9bfc804.wav,coughvid_data/4dc60b51-b7a4-43f8-bde8-0101e9bfc804.wav,1.0
98827fd1-ebc0-4268-8912-76413c4fe6da,coughvid_data/98827fd1-ebc0-4268-8912-76413c4fe6da.wav,coughvid_data/98827fd1-ebc0-4268-8912-76413c4fe6da.wav,1.0
f4306214-8c74-4cbe-bb81-9a8d450f6138,coughvid_data/f4306214-8c74-4cbe-bb81-9a8d450f6138.wav,coughvid_data/f4306214-8c74-4cbe-bb81-9a8d450f6138.wav,1.0
9a7559c6-dee1-4c92-9c1e-cc73bb15471f,coughvid_data/9a7559c6-dee1-4c92-9c1e-cc73bb15471f.wav,coughvid_data/9a7559c6-dee1-4c92-9c1e-cc73bb15471f.wav,1.0
fc0dbc6f-3e5b-4970-9ba6-0be29f4eb6cb,coughvid_data/fc0dbc6f-3e5b-4970-9ba6-0be29f4eb6cb.wav,coughvid_data/fc0dbc6f-3e5b-4970-9ba6-0be29f4eb6cb.wav,1.0
3ee0bb82-f385-41f9-a6bd-16c5ceee1daf,coughvid_data/3ee0bb82-f385-41f9-a6bd-16c5ceee1daf.wav,coughvid_data/3ee0bb82-f385-41f9-a6bd-16c5ceee1daf.wav,1.0
764d2729-f572-490a-8f22-1397e2e19906,coughvid_data/764d2729-f572-490a-8f22-1397e2e19906.wav,coughvid_data/764d2729-f572-490a-8f22-1397e2e19906.wav,1.0
befe031f-4e7f-4428-ba7e-4a5b2be87bb3,coughvid_data/befe031f-4e7f-4428-ba7e-4a5b2be87bb3.wav,coughvid_data/befe031f-4e7f-4428-ba7e-4a5b2be87bb3.wav,0.0
de324fec-9dc9-4529-8248-eda62427e2d1,coughvid_data/de324fec-9dc9-4529-8248-eda62427e2d1.wav,coughvid_data/de324fec-9dc9-4529-8248-eda62427e2d1.wav,1.0
3bb2669a-5789-44d8-9b63-837c02158abc,coughvid_data/3bb2669a-5789-44d8-9b63-837c02158abc.wav,coughvid_data/3bb2669a-5789-44d8-9b63-837c02158abc.wav,1.0
dc2701f2-a529-4fd2-931c-f5199b84d6f4,coughvid_data/dc2701f2-a529-4fd2-931c-f5199b84d6f4.wav,coughvid_data/dc2701f2-a529-4fd2-931c-f5199b84d6f4.wav,0.0
13a91855-e39c-4880-9537-b5cd18eed670,coughvid_data/13a91855-e39c-4880-9537-b5cd18eed670.wav,coughvid_data/13a91855-e39c-4880-9537-b5cd18eed670.wav,0.0
a93775fc-ed49-424f-964b-da510f5db928,coughvid_data/a93775fc-ed49-424f-964b-da510f5db928.wav,coughvid_data/a93775fc-ed49-424f-964b-da510f5db928.wav,1.0
4e0c6e9a-61b3-4622-b8c7-3caaac2d19e3,coughvid_data/4e0c6e9a-61b3-4622-b8c7-3caaac2d19e3.wav,coughvid_data/4e0c6e9a-61b3-4622-b8c7-3caaac2d19e3.wav,0.0
f5507b21-2154-4a04-b15b-d18b71320a52,coughvid_data/f5507b21-2154-4a04-b15b-d18b71320a52.wav,coughvid_data/f5507b21-2154-4a04-b15b-d18b71320a52.wav,0.0
784f76d0-64e6-422b-9340-6f166f72fc83,coughvid_data/784f76d0-64e6-422b-9340-6f166f72fc83.wav,coughvid_data/784f76d0-64e6-422b-9340-6f166f72fc83.wav,0.0
f317d0c4-8aa6-4c56-ba2b-6c47517092e1,coughvid_data/f317d0c4-8aa6-4c56-ba2b-6c47517092e1.wav,coughvid_data/f317d0c4-8aa6-4c56-ba2b-6c47517092e1.wav,0.0
65f54685-b9cb-41d5-b7ff-dd7f8c47356c,coughvid_data/65f54685-b9cb-41d5-b7ff-dd7f8c47356c.wav,coughvid_data/65f54685-b9cb-41d5-b7ff-dd7f8c47356c.wav,0.0
35cdb63c-cc79-46b6-b052-c144ff1dd138,coughvid_data/35cdb63c-cc79-46b6-b052-c144ff1dd138.wav,coughvid_data/35cdb63c-cc79-46b6-b052-c144ff1dd138.wav,1.0
796c8767-b3d3-4ab8-a7e0-1784181f9282,coughvid_data/796c8767-b3d3-4ab8-a7e0-1784181f9282.wav,coughvid_data/796c8767-b3d3-4ab8-a7e0-1784181f9282.wav,1.0
b0f537e2-d454-4b3b-b152-ee6397265ca9,coughvid_data/b0f537e2-d454-4b3b-b152-ee6397265ca9.wav,coughvid_data/b0f537e2-d454-4b3b-b152-ee6397265ca9.wav,0.0
0d675468-21ce-4630-8424-e0330eb18e94,coughvid_data/0d675468-21ce-4630-8424-e0330eb18e94.wav,coughvid_data/0d675468-21ce-4630-8424-e0330eb18e94.wav,1.0
b9d3a42e-caae-49a0-87c0-9e766112ee5d,coughvid_data/b9d3a42e-caae-49a0-87c0-9e766112ee5d.wav,coughvid_data/b9d3a42e-caae-49a0-87c0-9e766112ee5d.wav,1.0
30936eba-ecee-496c-b01a-6c9e8b697615,coughvid_data/30936eba-ecee-496c-b01a-6c9e8b697615.wav,coughvid_data/30936eba-ecee-496c-b01a-6c9e8b697615.wav,0.0
2daf940f-6253-4edb-b801-f3db88255d22,coughvid_data/2daf940f-6253-4edb-b801-f3db88255d22.wav,coughvid_data/2daf940f-6253-4edb-b801-f3db88255d22.wav,1.0
45e0b738-412d-40d4-82bf-9a55fe2e7b55,coughvid_data/45e0b738-412d-40d4-82bf-9a55fe2e7b55.wav,coughvid_data/45e0b738-412d-40d4-82bf-9a55fe2e7b55.wav,0.0
4ee908c8-442f-43e5-b095-6dffacfd58ef,coughvid_data/4ee908c8-442f-43e5-b095-6dffacfd58ef.wav,coughvid_data/4ee908c8-442f-43e5-b095-6dffacfd58ef.wav,1.0
5cf14d78-b9f5-4d40-a48b-8b75b119bfa2,coughvid_data/5cf14d78-b9f5-4d40-a48b-8b75b119bfa2.wav,coughvid_data/5cf14d78-b9f5-4d40-a48b-8b75b119bfa2.wav,0.0
86914dc4-3fba-4d39-ba31-a09e315463a9,coughvid_data/86914dc4-3fba-4d39-ba31-a09e315463a9.wav,coughvid_data/86914dc4-3fba-4d39-ba31-a09e315463a9.wav,1.0
dfb497f8-b4e6-49e3-a73c-6be01ea4b162,coughvid_data/dfb497f8-b4e6-49e3-a73c-6be01ea4b162.wav,coughvid_data/dfb497f8-b4e6-49e3-a73c-6be01ea4b162.wav,0.0
65c79c6f-7842-4120-9ef9-32ee224fe01f,coughvid_data/65c79c6f-7842-4120-9ef9-32ee224fe01f.wav,coughvid_data/65c79c6f-7842-4120-9ef9-32ee224fe01f.wav,0.0
5c5c5c1c-e049-4150-bc81-fe4f7bb5a78c,coughvid_data/5c5c5c1c-e049-4150-bc81-fe4f7bb5a78c.wav,coughvid_data/5c5c5c1c-e049-4150-bc81-fe4f7bb5a78c.wav,1.0
96f5606f-e163-46f4-bf05-cb1d9ed85042,coughvid_data/96f5606f-e163-46f4-bf05-cb1d9ed85042.wav,coughvid_data/96f5606f-e163-46f4-bf05-cb1d9ed85042.wav,1.0
26194021-bc50-4a4f-b49e-e36a01041b49,coughvid_data/26194021-bc50-4a4f-b49e-e36a01041b49.wav,coughvid_data/26194021-bc50-4a4f-b49e-e36a01041b49.wav,1.0
1ed60996-1488-407f-a623-4659bcc057ca,coughvid_data/1ed60996-1488-407f-a623-4659bcc057ca.wav,coughvid_data/1ed60996-1488-407f-a623-4659bcc057ca.wav,0.0
cb4d1421-4b6e-4ee3-b27c-702813ce403e,coughvid_data/cb4d1421-4b6e-4ee3-b27c-702813ce403e.wav,coughvid_data/cb4d1421-4b6e-4ee3-b27c-702813ce403e.wav,0.0
7e6ecfc0-a185-4e72-8c82-c8c646c0d1e2,coughvid_data/7e6ecfc0-a185-4e72-8c82-c8c646c0d1e2.wav,coughvid_data/7e6ecfc0-a185-4e72-8c82-c8c646c0d1e2.wav,0.0
d955549f-180c-48ba-9042-5474d3fa19e2,coughvid_data/d955549f-180c-48ba-9042-5474d3fa19e2.wav,coughvid_data/d955549f-180c-48ba-9042-5474d3fa19e2.wav,0.0
f82e2cc9-5631-46a9-ab12-cc2a3bf870e9,coughvid_data/f82e2cc9-5631-46a9-ab12-cc2a3bf870e9.wav,coughvid_data/f82e2cc9-5631-46a9-ab12-cc2a3bf870e9.wav,0.0
ddb73162-05c4-4b95-b0cd-0651508608d0,coughvid_data/ddb73162-05c4-4b95-b0cd-0651508608d0.wav,coughvid_data/ddb73162-05c4-4b95-b0cd-0651508608d0.wav,0.0
460e880a-12b6-4f1d-add0-6d108b879fc9,coughvid_data/460e880a-12b6-4f1d-add0-6d108b879fc9.wav,coughvid_data/460e880a-12b6-4f1d-add0-6d108b879fc9.wav,1.0
82f3a54d-8157-4206-9176-81951a2db810,coughvid_data/82f3a54d-8157-4206-9176-81951a2db810.wav,coughvid_data/82f3a54d-8157-4206-9176-81951a2db810.wav,0.0
a2b7b253-c7b7-4a85-ad83-369e70de3fdf,coughvid_data/a2b7b253-c7b7-4a85-ad83-369e70de3fdf.wav,coughvid_data/a2b7b253-c7b7-4a85-ad83-369e70de3fdf.wav,0.0
8cc92837-35c3-4fb8-8d16-bac04c1adb78,coughvid_data/8cc92837-35c3-4fb8-8d16-bac04c1adb78.wav,coughvid_data/8cc92837-35c3-4fb8-8d16-bac04c1adb78.wav,0.0
c8e282db-51bf-4176-9b29-75bf460852fd,coughvid_data/c8e282db-51bf-4176-9b29-75bf460852fd.wav,coughvid_data/c8e282db-51bf-4176-9b29-75bf460852fd.wav,0.0
7bb0c1ea-b926-44ea-a46a-a1e0d8ca3f1e,coughvid_data/7bb0c1ea-b926-44ea-a46a-a1e0d8ca3f1e.wav,coughvid_data/7bb0c1ea-b926-44ea-a46a-a1e0d8ca3f1e.wav,0.0
7c5e4d94-0b5f-4781-83f2-6eb262ff4fed,coughvid_data/7c5e4d94-0b5f-4781-83f2-6eb262ff4fed.wav,coughvid_data/7c5e4d94-0b5f-4781-83f2-6eb262ff4fed.wav,1.0
18cdc3db-efa7-46d3-8618-5e88a66f83a9,coughvid_data/18cdc3db-efa7-46d3-8618-5e88a66f83a9.wav,coughvid_data/18cdc3db-efa7-46d3-8618-5e88a66f83a9.wav,0.0
1c03b787-975d-4150-8228-8cd9f67403a9,coughvid_data/1c03b787-975d-4150-8228-8cd9f67403a9.wav,coughvid_data/1c03b787-975d-4150-8228-8cd9f67403a9.wav,1.0
1ca3e646-38cb-4dae-89f8-a1fdd0162e8e,coughvid_data/1ca3e646-38cb-4dae-89f8-a1fdd0162e8e.wav,coughvid_data/1ca3e646-38cb-4dae-89f8-a1fdd0162e8e.wav,0.0
00420d07-89f8-464d-88dd-8e893f0c3f56,coughvid_data/00420d07-89f8-464d-88dd-8e893f0c3f56.wav,coughvid_data/00420d07-89f8-464d-88dd-8e893f0c3f56.wav,1.0
1a996e23-c3e7-46fe-ac7a-bbaedf1df1b7,coughvid_data/1a996e23-c3e7-46fe-ac7a-bbaedf1df1b7.wav,coughvid_data/1a996e23-c3e7-46fe-ac7a-bbaedf1df1b7.wav,0.0
3b022f51-2d54-478f-afe3-363570858c64,coughvid_data/3b022f51-2d54-478f-afe3-363570858c64.wav,coughvid_data/3b022f51-2d54-478f-afe3-363570858c64.wav,1.0
22344c9a-727d-4762-aac0-7f96b183fb9c,coughvid_data/22344c9a-727d-4762-aac0-7f96b183fb9c.wav,coughvid_data/22344c9a-727d-4762-aac0-7f96b183fb9c.wav,1.0
ea288cff-21c2-44ef-9938-d1c10d6e7eb7,coughvid_data/ea288cff-21c2-44ef-9938-d1c10d6e7eb7.wav,coughvid_data/ea288cff-21c2-44ef-9938-d1c10d6e7eb7.wav,0.0
69ae17a4-fd22-4827-b173-dd878561429a,coughvid_data/69ae17a4-fd22-4827-b173-dd878561429a.wav,coughvid_data/69ae17a4-fd22-4827-b173-dd878561429a.wav,0.0
96622641-4cb1-4c15-9193-8ec854c2a67c,coughvid_data/96622641-4cb1-4c15-9193-8ec854c2a67c.wav,coughvid_data/96622641-4cb1-4c15-9193-8ec854c2a67c.wav,1.0
a4dc3bf6-c3b2-45fd-aaba-a80dc85fbbc0,coughvid_data/a4dc3bf6-c3b2-45fd-aaba-a80dc85fbbc0.wav,coughvid_data/a4dc3bf6-c3b2-45fd-aaba-a80dc85fbbc0.wav,1.0
e5b2b32f-796e-48e4-bd30-17ecf25df843,coughvid_data/e5b2b32f-796e-48e4-bd30-17ecf25df843.wav,coughvid_data/e5b2b32f-796e-48e4-bd30-17ecf25df843.wav,0.0
d1c3a8a6-742e-4677-aa79-92b9b217be75,coughvid_data/d1c3a8a6-742e-4677-aa79-92b9b217be75.wav,coughvid_data/d1c3a8a6-742e-4677-aa79-92b9b217be75.wav,1.0
7a2d9956-b311-4fa1-8f6e-aa5df35e6a48,coughvid_data/7a2d9956-b311-4fa1-8f6e-aa5df35e6a48.wav,coughvid_data/7a2d9956-b311-4fa1-8f6e-aa5df35e6a48.wav,1.0
5262e2b3-d71b-4901-b1dc-669f5993204e,coughvid_data/5262e2b3-d71b-4901-b1dc-669f5993204e.wav,coughvid_data/5262e2b3-d71b-4901-b1dc-669f5993204e.wav,0.0
79eb78c6-71d7-4d58-9856-712352e6036b,coughvid_data/79eb78c6-71d7-4d58-9856-712352e6036b.wav,coughvid_data/79eb78c6-71d7-4d58-9856-712352e6036b.wav,1.0
cedae989-c49c-4c60-a8c7-1ca431bf4896,coughvid_data/cedae989-c49c-4c60-a8c7-1ca431bf4896.wav,coughvid_data/cedae989-c49c-4c60-a8c7-1ca431bf4896.wav,0.0
904874e6-6333-448a-a065-bccfd9fa1fac,coughvid_data/904874e6-6333-448a-a065-bccfd9fa1fac.wav,coughvid_data/904874e6-6333-448a-a065-bccfd9fa1fac.wav,1.0
7d4d728c-fa9e-414d-8bc1-40b30a682ce8,coughvid_data/7d4d728c-fa9e-414d-8bc1-40b30a682ce8.wav,coughvid_data/7d4d728c-fa9e-414d-8bc1-40b30a682ce8.wav,0.0
49915e45-d115-47db-9e47-cfdbde2980fd,coughvid_data/49915e45-d115-47db-9e47-cfdbde2980fd.wav,coughvid_data/49915e45-d115-47db-9e47-cfdbde2980fd.wav,1.0
bb29de70-70ed-427f-9096-18d93bef841a,coughvid_data/bb29de70-70ed-427f-9096-18d93bef841a.wav,coughvid_data/bb29de70-70ed-427f-9096-18d93bef841a.wav,1.0
d2de43f8-722b-4b4c-bef5-bf34af1629f5,coughvid_data/d2de43f8-722b-4b4c-bef5-bf34af1629f5.wav,coughvid_data/d2de43f8-722b-4b4c-bef5-bf34af1629f5.wav,1.0
1afe9de4-589d-4dac-a711-afbecec53010,coughvid_data/1afe9de4-589d-4dac-a711-afbecec53010.wav,coughvid_data/1afe9de4-589d-4dac-a711-afbecec53010.wav,1.0
f8c76972-61c3-4031-b327-087f87e06f99,coughvid_data/f8c76972-61c3-4031-b327-087f87e06f99.wav,coughvid_data/f8c76972-61c3-4031-b327-087f87e06f99.wav,0.0
c5a37e45-c3ca-4d37-a874-a11e9616d6ad,coughvid_data/c5a37e45-c3ca-4d37-a874-a11e9616d6ad.wav,coughvid_data/c5a37e45-c3ca-4d37-a874-a11e9616d6ad.wav,1.0
ff860230-9176-4385-934e-7e0f5b013a50,coughvid_data/ff860230-9176-4385-934e-7e0f5b013a50.wav,coughvid_data/ff860230-9176-4385-934e-7e0f5b013a50.wav,1.0
3ee93b12-7c37-4660-bf3d-d350f08a582b,coughvid_data/3ee93b12-7c37-4660-bf3d-d350f08a582b.wav,coughvid_data/3ee93b12-7c37-4660-bf3d-d350f08a582b.wav,0.0
cde4c83a-f541-45e2-80bb-3a476a22386c,coughvid_data/cde4c83a-f541-45e2-80bb-3a476a22386c.wav,coughvid_data/cde4c83a-f541-45e2-80bb-3a476a22386c.wav,0.0
8d46b35b-a740-479b-b992-66dc43c79fb4,coughvid_data/8d46b35b-a740-479b-b992-66dc43c79fb4.wav,coughvid_data/8d46b35b-a740-479b-b992-66dc43c79fb4.wav,0.0
07d9be20-2b83-4c7c-9210-7cb02b690bed,coughvid_data/07d9be20-2b83-4c7c-9210-7cb02b690bed.wav,coughvid_data/07d9be20-2b83-4c7c-9210-7cb02b690bed.wav,0.0
78c9ac3e-62c8-4a58-85a6-89e75f21bfb5,coughvid_data/78c9ac3e-62c8-4a58-85a6-89e75f21bfb5.wav,coughvid_data/78c9ac3e-62c8-4a58-85a6-89e75f21bfb5.wav,1.0
dc48488f-05d9-4421-b950-f75d11c576d8,coughvid_data/dc48488f-05d9-4421-b950-f75d11c576d8.wav,coughvid_data/dc48488f-05d9-4421-b950-f75d11c576d8.wav,0.0
8037473b-541e-4b55-8de3-bb859ae79334,coughvid_data/8037473b-541e-4b55-8de3-bb859ae79334.wav,coughvid_data/8037473b-541e-4b55-8de3-bb859ae79334.wav,1.0
4ba05036-a5a4-40c4-b3ff-a2eee0fe7016,coughvid_data/4ba05036-a5a4-40c4-b3ff-a2eee0fe7016.wav,coughvid_data/4ba05036-a5a4-40c4-b3ff-a2eee0fe7016.wav,0.0
5ec8a4a2-09ee-4e6a-b348-03f174c9f81f,coughvid_data/5ec8a4a2-09ee-4e6a-b348-03f174c9f81f.wav,coughvid_data/5ec8a4a2-09ee-4e6a-b348-03f174c9f81f.wav,0.0
7e7dc35c-f4a3-4988-a5af-4b9cf730aa4f,coughvid_data/7e7dc35c-f4a3-4988-a5af-4b9cf730aa4f.wav,coughvid_data/7e7dc35c-f4a3-4988-a5af-4b9cf730aa4f.wav,1.0
156d4979-9dc2-404d-ab93-d6599d12cf20,coughvid_data/156d4979-9dc2-404d-ab93-d6599d12cf20.wav,coughvid_data/156d4979-9dc2-404d-ab93-d6599d12cf20.wav,1.0
88498dd4-82ce-4430-9f7d-ca005a7c989e,coughvid_data/88498dd4-82ce-4430-9f7d-ca005a7c989e.wav,coughvid_data/88498dd4-82ce-4430-9f7d-ca005a7c989e.wav,1.0
da831084-379f-4fcd-9a29-1ce8a9599b6b,coughvid_data/da831084-379f-4fcd-9a29-1ce8a9599b6b.wav,coughvid_data/da831084-379f-4fcd-9a29-1ce8a9599b6b.wav,1.0
74de4b77-d440-4cf7-88d7-7c911133df53,coughvid_data/74de4b77-d440-4cf7-88d7-7c911133df53.wav,coughvid_data/74de4b77-d440-4cf7-88d7-7c911133df53.wav,0.0
a7f564e5-7263-4a64-aab3-883de82636c9,coughvid_data/a7f564e5-7263-4a64-aab3-883de82636c9.wav,coughvid_data/a7f564e5-7263-4a64-aab3-883de82636c9.wav,1.0
b6b2eff2-f793-44f0-8369-6298429571f7,coughvid_data/b6b2eff2-f793-44f0-8369-6298429571f7.wav,coughvid_data/b6b2eff2-f793-44f0-8369-6298429571f7.wav,0.0
88575ee9-20ce-4c23-813b-c7a44679e8e3,coughvid_data/88575ee9-20ce-4c23-813b-c7a44679e8e3.wav,coughvid_data/88575ee9-20ce-4c23-813b-c7a44679e8e3.wav,0.0
80603f59-d521-4c28-8153-8b684a85883d,coughvid_data/80603f59-d521-4c28-8153-8b684a85883d.wav,coughvid_data/80603f59-d521-4c28-8153-8b684a85883d.wav,1.0
c8bbce8c-2da2-49ea-b7ed-6552c856bf47,coughvid_data/c8bbce8c-2da2-49ea-b7ed-6552c856bf47.wav,coughvid_data/c8bbce8c-2da2-49ea-b7ed-6552c856bf47.wav,1.0
2e94200a-f18a-4f1d-b2e7-4a137392e6c8,coughvid_data/2e94200a-f18a-4f1d-b2e7-4a137392e6c8.wav,coughvid_data/2e94200a-f18a-4f1d-b2e7-4a137392e6c8.wav,1.0
ebe86c83-ae45-4f75-8b14-8158cf133aaf,coughvid_data/ebe86c83-ae45-4f75-8b14-8158cf133aaf.wav,coughvid_data/ebe86c83-ae45-4f75-8b14-8158cf133aaf.wav,0.0
00e77dfb-a4de-4e46-b0a1-a8fa2b94f3ef,coughvid_data/00e77dfb-a4de-4e46-b0a1-a8fa2b94f3ef.wav,coughvid_data/00e77dfb-a4de-4e46-b0a1-a8fa2b94f3ef.wav,0.0
7bd8fc1c-4a60-4c8f-8c5f-951cf5ff22c3,coughvid_data/7bd8fc1c-4a60-4c8f-8c5f-951cf5ff22c3.wav,coughvid_data/7bd8fc1c-4a60-4c8f-8c5f-951cf5ff22c3.wav,0.0
62771109-16cb-4f99-a7ba-15d8c92636de,coughvid_data/62771109-16cb-4f99-a7ba-15d8c92636de.wav,coughvid_data/62771109-16cb-4f99-a7ba-15d8c92636de.wav,1.0
453c1b90-3334-4616-82d9-0f411ce72635,coughvid_data/453c1b90-3334-4616-82d9-0f411ce72635.wav,coughvid_data/453c1b90-3334-4616-82d9-0f411ce72635.wav,0.0
a22706e7-e1bb-40a9-a95a-2dd1f9fcbadb,coughvid_data/a22706e7-e1bb-40a9-a95a-2dd1f9fcbadb.wav,coughvid_data/a22706e7-e1bb-40a9-a95a-2dd1f9fcbadb.wav,1.0
03b3815a-71e9-4b45-a4d0-5e7af01c0880,coughvid_data/03b3815a-71e9-4b45-a4d0-5e7af01c0880.wav,coughvid_data/03b3815a-71e9-4b45-a4d0-5e7af01c0880.wav,0.0
debc14f1-b408-42ca-9bd7-125541720592,coughvid_data/debc14f1-b408-42ca-9bd7-125541720592.wav,coughvid_data/debc14f1-b408-42ca-9bd7-125541720592.wav,1.0
82271eee-99d2-497a-8c8c-d60bdf23a8ae,coughvid_data/82271eee-99d2-497a-8c8c-d60bdf23a8ae.wav,coughvid_data/82271eee-99d2-497a-8c8c-d60bdf23a8ae.wav,0.0
be6043e8-c4d6-4faa-9584-f014a25f58b0,coughvid_data/be6043e8-c4d6-4faa-9584-f014a25f58b0.wav,coughvid_data/be6043e8-c4d6-4faa-9584-f014a25f58b0.wav,0.0
3677fe5a-a1ea-4d64-9b4b-5e8e13ffc6e3,coughvid_data/3677fe5a-a1ea-4d64-9b4b-5e8e13ffc6e3.wav,coughvid_data/3677fe5a-a1ea-4d64-9b4b-5e8e13ffc6e3.wav,1.0
2dc727a6-2796-4164-85d4-ee362f0d7032,coughvid_data/2dc727a6-2796-4164-85d4-ee362f0d7032.wav,coughvid_data/2dc727a6-2796-4164-85d4-ee362f0d7032.wav,1.0
30684e9f-7e88-4ebb-bf1c-e4b87249a605,coughvid_data/30684e9f-7e88-4ebb-bf1c-e4b87249a605.wav,coughvid_data/30684e9f-7e88-4ebb-bf1c-e4b87249a605.wav,0.0
37713f2a-a076-4121-a258-c6d908797911,coughvid_data/37713f2a-a076-4121-a258-c6d908797911.wav,coughvid_data/37713f2a-a076-4121-a258-c6d908797911.wav,1.0
3c53d42e-ed6a-4ded-9692-71a51239a23d,coughvid_data/3c53d42e-ed6a-4ded-9692-71a51239a23d.wav,coughvid_data/3c53d42e-ed6a-4ded-9692-71a51239a23d.wav,1.0
4a206550-14d0-4b61-a559-fba00b7465b8,coughvid_data/4a206550-14d0-4b61-a559-fba00b7465b8.wav,coughvid_data/4a206550-14d0-4b61-a559-fba00b7465b8.wav,0.0
97b51c90-83a8-42fc-8ad9-fc5a982f76ae,coughvid_data/97b51c90-83a8-42fc-8ad9-fc5a982f76ae.wav,coughvid_data/97b51c90-83a8-42fc-8ad9-fc5a982f76ae.wav,0.0
9451034d-bd27-4ab6-82bb-b9fe8cf18f4f,coughvid_data/9451034d-bd27-4ab6-82bb-b9fe8cf18f4f.wav,coughvid_data/9451034d-bd27-4ab6-82bb-b9fe8cf18f4f.wav,0.0
6b6b807b-14c9-401b-9880-480340341c5d,coughvid_data/6b6b807b-14c9-401b-9880-480340341c5d.wav,coughvid_data/6b6b807b-14c9-401b-9880-480340341c5d.wav,0.0
6c020570-fd94-4e7b-84a7-6e287737ae5c,coughvid_data/6c020570-fd94-4e7b-84a7-6e287737ae5c.wav,coughvid_data/6c020570-fd94-4e7b-84a7-6e287737ae5c.wav,1.0
2376f7c9-2826-45b9-8e47-25775bcbf7d6,coughvid_data/2376f7c9-2826-45b9-8e47-25775bcbf7d6.wav,coughvid_data/2376f7c9-2826-45b9-8e47-25775bcbf7d6.wav,0.0
3c837c91-597c-4b40-930b-2b326de2cbaf,coughvid_data/3c837c91-597c-4b40-930b-2b326de2cbaf.wav,coughvid_data/3c837c91-597c-4b40-930b-2b326de2cbaf.wav,1.0
548e544b-ae5d-4970-aabb-33b724456de1,coughvid_data/548e544b-ae5d-4970-aabb-33b724456de1.wav,coughvid_data/548e544b-ae5d-4970-aabb-33b724456de1.wav,0.0
db979288-c241-46d4-9984-998e115a33a9,coughvid_data/db979288-c241-46d4-9984-998e115a33a9.wav,coughvid_data/db979288-c241-46d4-9984-998e115a33a9.wav,1.0
a8ff85d3-461f-4449-8d5f-d4880976b209,coughvid_data/a8ff85d3-461f-4449-8d5f-d4880976b209.wav,coughvid_data/a8ff85d3-461f-4449-8d5f-d4880976b209.wav,0.0
ab2b7da6-2964-489a-a322-b1e2c562c254,coughvid_data/ab2b7da6-2964-489a-a322-b1e2c562c254.wav,coughvid_data/ab2b7da6-2964-489a-a322-b1e2c562c254.wav,1.0
d61dd085-fd61-4e56-8cb2-938c8d73961e,coughvid_data/d61dd085-fd61-4e56-8cb2-938c8d73961e.wav,coughvid_data/d61dd085-fd61-4e56-8cb2-938c8d73961e.wav,1.0
cf6665cc-8224-4458-a298-c953894b8d52,coughvid_data/cf6665cc-8224-4458-a298-c953894b8d52.wav,coughvid_data/cf6665cc-8224-4458-a298-c953894b8d52.wav,0.0
7fe32d25-c192-44a3-912a-8d85b6e0cc22,coughvid_data/7fe32d25-c192-44a3-912a-8d85b6e0cc22.wav,coughvid_data/7fe32d25-c192-44a3-912a-8d85b6e0cc22.wav,1.0
844de279-5646-4e03-a794-17e320bccb6a,coughvid_data/844de279-5646-4e03-a794-17e320bccb6a.wav,coughvid_data/844de279-5646-4e03-a794-17e320bccb6a.wav,0.0
87b74085-6e50-4f28-8f5f-e16ec2ace0d4,coughvid_data/87b74085-6e50-4f28-8f5f-e16ec2ace0d4.wav,coughvid_data/87b74085-6e50-4f28-8f5f-e16ec2ace0d4.wav,0.0
a5025365-abca-4ff4-a335-a692389b7553,coughvid_data/a5025365-abca-4ff4-a335-a692389b7553.wav,coughvid_data/a5025365-abca-4ff4-a335-a692389b7553.wav,1.0
6e4a659c-f255-493e-9d1d-8bad71201aa5,coughvid_data/6e4a659c-f255-493e-9d1d-8bad71201aa5.wav,coughvid_data/6e4a659c-f255-493e-9d1d-8bad71201aa5.wav,0.0
2c344346-b1cf-4273-901f-bc10be05ae3c,coughvid_data/2c344346-b1cf-4273-901f-bc10be05ae3c.wav,coughvid_data/2c344346-b1cf-4273-901f-bc10be05ae3c.wav,0.0
88592877-533d-4288-b6bf-f505bcf3ad27,coughvid_data/88592877-533d-4288-b6bf-f505bcf3ad27.wav,coughvid_data/88592877-533d-4288-b6bf-f505bcf3ad27.wav,1.0
d11e501c-6f48-4028-8198-9075c67ce238,coughvid_data/d11e501c-6f48-4028-8198-9075c67ce238.wav,coughvid_data/d11e501c-6f48-4028-8198-9075c67ce238.wav,1.0
8c5dc315-3be0-4231-b5b9-4c8188001ae8,coughvid_data/8c5dc315-3be0-4231-b5b9-4c8188001ae8.wav,coughvid_data/8c5dc315-3be0-4231-b5b9-4c8188001ae8.wav,0.0
3fa427be-31b1-4ea5-bb81-399eeff2cecd,coughvid_data/3fa427be-31b1-4ea5-bb81-399eeff2cecd.wav,coughvid_data/3fa427be-31b1-4ea5-bb81-399eeff2cecd.wav,0.0
fd0f63a3-630d-49d0-9d4c-32df1557b7d9,coughvid_data/fd0f63a3-630d-49d0-9d4c-32df1557b7d9.wav,coughvid_data/fd0f63a3-630d-49d0-9d4c-32df1557b7d9.wav,0.0
4c0d7af1-ab1c-4cc9-a7e7-1de5222363c2,coughvid_data/4c0d7af1-ab1c-4cc9-a7e7-1de5222363c2.wav,coughvid_data/4c0d7af1-ab1c-4cc9-a7e7-1de5222363c2.wav,1.0
3c1db4e3-79fd-4822-bce1-579045da5e14,coughvid_data/3c1db4e3-79fd-4822-bce1-579045da5e14.wav,coughvid_data/3c1db4e3-79fd-4822-bce1-579045da5e14.wav,0.0
c73c0e08-c880-4f04-a432-150d9c955b0c,coughvid_data/c73c0e08-c880-4f04-a432-150d9c955b0c.wav,coughvid_data/c73c0e08-c880-4f04-a432-150d9c955b0c.wav,1.0
2ae31a8f-4671-47c9-b7bc-78fd26de4d9e,coughvid_data/2ae31a8f-4671-47c9-b7bc-78fd26de4d9e.wav,coughvid_data/2ae31a8f-4671-47c9-b7bc-78fd26de4d9e.wav,0.0
37340f79-99a1-4c04-9945-74bd3558f9d9,coughvid_data/37340f79-99a1-4c04-9945-74bd3558f9d9.wav,coughvid_data/37340f79-99a1-4c04-9945-74bd3558f9d9.wav,1.0
87cd6f31-1776-4344-a010-59e39c392968,coughvid_data/87cd6f31-1776-4344-a010-59e39c392968.wav,coughvid_data/87cd6f31-1776-4344-a010-59e39c392968.wav,1.0
03f9552c-97e5-4178-b809-c9b09dcff9de,coughvid_data/03f9552c-97e5-4178-b809-c9b09dcff9de.wav,coughvid_data/03f9552c-97e5-4178-b809-c9b09dcff9de.wav,0.0
33945805-3fba-4a67-a4ad-05491e54ecc9,coughvid_data/33945805-3fba-4a67-a4ad-05491e54ecc9.wav,coughvid_data/33945805-3fba-4a67-a4ad-05491e54ecc9.wav,1.0
5cb47e2f-59fb-4f95-ac29-78ec0d150dbd,coughvid_data/5cb47e2f-59fb-4f95-ac29-78ec0d150dbd.wav,coughvid_data/5cb47e2f-59fb-4f95-ac29-78ec0d150dbd.wav,1.0
3841ee8e-04a1-4ffb-826d-ca540119ae04,coughvid_data/3841ee8e-04a1-4ffb-826d-ca540119ae04.wav,coughvid_data/3841ee8e-04a1-4ffb-826d-ca540119ae04.wav,1.0
c1a6d611-6b63-45b3-991b-fd674cc963f0,coughvid_data/c1a6d611-6b63-45b3-991b-fd674cc963f0.wav,coughvid_data/c1a6d611-6b63-45b3-991b-fd674cc963f0.wav,1.0
712f4c51-b339-431a-8352-8c49338a5f08,coughvid_data/712f4c51-b339-431a-8352-8c49338a5f08.wav,coughvid_data/712f4c51-b339-431a-8352-8c49338a5f08.wav,1.0
a4e4dc63-969f-4b6d-889a-b8f9d20028f7,coughvid_data/a4e4dc63-969f-4b6d-889a-b8f9d20028f7.wav,coughvid_data/a4e4dc63-969f-4b6d-889a-b8f9d20028f7.wav,1.0
b7ef86d1-2823-4e74-8906-9a5359e21e1f,coughvid_data/b7ef86d1-2823-4e74-8906-9a5359e21e1f.wav,coughvid_data/b7ef86d1-2823-4e74-8906-9a5359e21e1f.wav,1.0
50bdc6ca-5abd-4454-acaf-2b7466a66587,coughvid_data/50bdc6ca-5abd-4454-acaf-2b7466a66587.wav,coughvid_data/50bdc6ca-5abd-4454-acaf-2b7466a66587.wav,1.0
b4aa065c-33cb-4622-b1bb-0e6f1cb123f4,coughvid_data/b4aa065c-33cb-4622-b1bb-0e6f1cb123f4.wav,coughvid_data/b4aa065c-33cb-4622-b1bb-0e6f1cb123f4.wav,1.0
b4b17de3-ac90-415a-8e2c-393d6cc02618,coughvid_data/b4b17de3-ac90-415a-8e2c-393d6cc02618.wav,coughvid_data/b4b17de3-ac90-415a-8e2c-393d6cc02618.wav,1.0
a8844221-48b1-4b66-b42a-9459af311849,coughvid_data/a8844221-48b1-4b66-b42a-9459af311849.wav,coughvid_data/a8844221-48b1-4b66-b42a-9459af311849.wav,0.0
a520ecbb-8b3b-48de-8784-92e574480add,coughvid_data/a520ecbb-8b3b-48de-8784-92e574480add.wav,coughvid_data/a520ecbb-8b3b-48de-8784-92e574480add.wav,1.0
2da00264-fe51-4a25-a20c-17b5ca394ea8,coughvid_data/2da00264-fe51-4a25-a20c-17b5ca394ea8.wav,coughvid_data/2da00264-fe51-4a25-a20c-17b5ca394ea8.wav,0.0
38ae20db-67d2-4efa-a804-3841abb668b9,coughvid_data/38ae20db-67d2-4efa-a804-3841abb668b9.wav,coughvid_data/38ae20db-67d2-4efa-a804-3841abb668b9.wav,1.0
45bec3b5-50a3-40d6-8aa2-caaccd4d1756,coughvid_data/45bec3b5-50a3-40d6-8aa2-caaccd4d1756.wav,coughvid_data/45bec3b5-50a3-40d6-8aa2-caaccd4d1756.wav,0.0
c46d6a3c-2f86-4a41-9d12-dcb42ae23331,coughvid_data/c46d6a3c-2f86-4a41-9d12-dcb42ae23331.wav,coughvid_data/c46d6a3c-2f86-4a41-9d12-dcb42ae23331.wav,0.0
f74959ce-b9a4-42eb-bfed-c568b5a8bc9e,coughvid_data/f74959ce-b9a4-42eb-bfed-c568b5a8bc9e.wav,coughvid_data/f74959ce-b9a4-42eb-bfed-c568b5a8bc9e.wav,1.0
54ad8cb5-34eb-4402-b4db-5c63115d6afb,coughvid_data/54ad8cb5-34eb-4402-b4db-5c63115d6afb.wav,coughvid_data/54ad8cb5-34eb-4402-b4db-5c63115d6afb.wav,1.0
37a13629-c50b-476f-8836-428843e7e54f,coughvid_data/37a13629-c50b-476f-8836-428843e7e54f.wav,coughvid_data/37a13629-c50b-476f-8836-428843e7e54f.wav,1.0
4a28b463-2e42-4e48-a59c-7b5210d3d64c,coughvid_data/4a28b463-2e42-4e48-a59c-7b5210d3d64c.wav,coughvid_data/4a28b463-2e42-4e48-a59c-7b5210d3d64c.wav,0.0
7a20fe3e-5701-451c-b5c9-b8daf5b328e3,coughvid_data/7a20fe3e-5701-451c-b5c9-b8daf5b328e3.wav,coughvid_data/7a20fe3e-5701-451c-b5c9-b8daf5b328e3.wav,1.0
964949e7-f144-4889-aa6e-aaf2aa07041e,coughvid_data/964949e7-f144-4889-aa6e-aaf2aa07041e.wav,coughvid_data/964949e7-f144-4889-aa6e-aaf2aa07041e.wav,0.0
a7d39c8a-b32f-42f5-8294-1fba7728ed25,coughvid_data/a7d39c8a-b32f-42f5-8294-1fba7728ed25.wav,coughvid_data/a7d39c8a-b32f-42f5-8294-1fba7728ed25.wav,0.0
ef967596-bd0e-45bd-bb60-064e1c91404c,coughvid_data/ef967596-bd0e-45bd-bb60-064e1c91404c.wav,coughvid_data/ef967596-bd0e-45bd-bb60-064e1c91404c.wav,1.0
0f154f2a-e820-4455-b585-51011b4ae06c,coughvid_data/0f154f2a-e820-4455-b585-51011b4ae06c.wav,coughvid_data/0f154f2a-e820-4455-b585-51011b4ae06c.wav,1.0
bcebc681-6e48-44a5-8b83-74057d807f82,coughvid_data/bcebc681-6e48-44a5-8b83-74057d807f82.wav,coughvid_data/bcebc681-6e48-44a5-8b83-74057d807f82.wav,1.0
c85eaa28-9089-41b6-988e-066802058b4a,coughvid_data/c85eaa28-9089-41b6-988e-066802058b4a.wav,coughvid_data/c85eaa28-9089-41b6-988e-066802058b4a.wav,1.0
368302f8-9e88-47bc-a503-e44f93b68a3c,coughvid_data/368302f8-9e88-47bc-a503-e44f93b68a3c.wav,coughvid_data/368302f8-9e88-47bc-a503-e44f93b68a3c.wav,1.0
1767ea8a-7f41-4daa-8ded-b1a58fa30650,coughvid_data/1767ea8a-7f41-4daa-8ded-b1a58fa30650.wav,coughvid_data/1767ea8a-7f41-4daa-8ded-b1a58fa30650.wav,1.0
7d8e5507-9127-4bb5-acad-b6c6881d423a,coughvid_data/7d8e5507-9127-4bb5-acad-b6c6881d423a.wav,coughvid_data/7d8e5507-9127-4bb5-acad-b6c6881d423a.wav,1.0
7545a1ec-48f0-4eb1-afdc-5d55a30504d1,coughvid_data/7545a1ec-48f0-4eb1-afdc-5d55a30504d1.wav,coughvid_data/7545a1ec-48f0-4eb1-afdc-5d55a30504d1.wav,0.0
fe9a47f9-2311-4e49-b2e5-23e63562bec2,coughvid_data/fe9a47f9-2311-4e49-b2e5-23e63562bec2.wav,coughvid_data/fe9a47f9-2311-4e49-b2e5-23e63562bec2.wav,0.0
557e1356-6127-4de5-80d2-b0f37c694faf,coughvid_data/557e1356-6127-4de5-80d2-b0f37c694faf.wav,coughvid_data/557e1356-6127-4de5-80d2-b0f37c694faf.wav,0.0
a6e063b6-2f5b-4e81-88f2-b36544adce24,coughvid_data/a6e063b6-2f5b-4e81-88f2-b36544adce24.wav,coughvid_data/a6e063b6-2f5b-4e81-88f2-b36544adce24.wav,0.0
081c1de4-5154-4134-9a1a-eef753eafe23,coughvid_data/081c1de4-5154-4134-9a1a-eef753eafe23.wav,coughvid_data/081c1de4-5154-4134-9a1a-eef753eafe23.wav,1.0
9343531e-ffdc-46a7-81db-1899133dcb24,coughvid_data/9343531e-ffdc-46a7-81db-1899133dcb24.wav,coughvid_data/9343531e-ffdc-46a7-81db-1899133dcb24.wav,1.0
152d1006-f563-490c-9e13-2c8e59d18f6a,coughvid_data/152d1006-f563-490c-9e13-2c8e59d18f6a.wav,coughvid_data/152d1006-f563-490c-9e13-2c8e59d18f6a.wav,0.0
647a1704-e325-46b8-ac7c-a114cc425026,coughvid_data/647a1704-e325-46b8-ac7c-a114cc425026.wav,coughvid_data/647a1704-e325-46b8-ac7c-a114cc425026.wav,0.0
34074d12-df98-4f2d-844f-1fd089f76f63,coughvid_data/34074d12-df98-4f2d-844f-1fd089f76f63.wav,coughvid_data/34074d12-df98-4f2d-844f-1fd089f76f63.wav,0.0
ecccfdc4-6ce9-4591-aa3e-c5ef736f43e6,coughvid_data/ecccfdc4-6ce9-4591-aa3e-c5ef736f43e6.wav,coughvid_data/ecccfdc4-6ce9-4591-aa3e-c5ef736f43e6.wav,0.0
b5c988b6-e2b7-4c86-9782-b74154eb899a,coughvid_data/b5c988b6-e2b7-4c86-9782-b74154eb899a.wav,coughvid_data/b5c988b6-e2b7-4c86-9782-b74154eb899a.wav,0.0
adb998cc-b44c-4717-9809-757bc4861b46,coughvid_data/adb998cc-b44c-4717-9809-757bc4861b46.wav,coughvid_data/adb998cc-b44c-4717-9809-757bc4861b46.wav,0.0
995b8102-2c2e-4de3-b1db-ea56ca0883b8,coughvid_data/995b8102-2c2e-4de3-b1db-ea56ca0883b8.wav,coughvid_data/995b8102-2c2e-4de3-b1db-ea56ca0883b8.wav,1.0
9bd58414-20be-4ad5-86f5-25945b487688,coughvid_data/9bd58414-20be-4ad5-86f5-25945b487688.wav,coughvid_data/9bd58414-20be-4ad5-86f5-25945b487688.wav,1.0
b1b4d458-706d-4689-a060-9de179e98712,coughvid_data/b1b4d458-706d-4689-a060-9de179e98712.wav,coughvid_data/b1b4d458-706d-4689-a060-9de179e98712.wav,0.0
d1bff289-4b68-498d-a256-17b075bcf067,coughvid_data/d1bff289-4b68-498d-a256-17b075bcf067.wav,coughvid_data/d1bff289-4b68-498d-a256-17b075bcf067.wav,0.0
701c52bf-b7c1-4f18-a07f-09e5134d341f,coughvid_data/701c52bf-b7c1-4f18-a07f-09e5134d341f.wav,coughvid_data/701c52bf-b7c1-4f18-a07f-09e5134d341f.wav,1.0
4c8dd69a-48be-4ebb-b18c-443e6fe7ec70,coughvid_data/4c8dd69a-48be-4ebb-b18c-443e6fe7ec70.wav,coughvid_data/4c8dd69a-48be-4ebb-b18c-443e6fe7ec70.wav,1.0
aa3eeed2-c678-417b-9fbb-bf28d21c68c4,coughvid_data/aa3eeed2-c678-417b-9fbb-bf28d21c68c4.wav,coughvid_data/aa3eeed2-c678-417b-9fbb-bf28d21c68c4.wav,0.0
4942fde3-6db4-472e-9e8b-8715c1ec1e3f,coughvid_data/4942fde3-6db4-472e-9e8b-8715c1ec1e3f.wav,coughvid_data/4942fde3-6db4-472e-9e8b-8715c1ec1e3f.wav,0.0
d7d518f7-768c-4407-9706-3d59435f52cf,coughvid_data/d7d518f7-768c-4407-9706-3d59435f52cf.wav,coughvid_data/d7d518f7-768c-4407-9706-3d59435f52cf.wav,1.0
651341cb-6be7-4981-b3e0-a454dee3af64,coughvid_data/651341cb-6be7-4981-b3e0-a454dee3af64.wav,coughvid_data/651341cb-6be7-4981-b3e0-a454dee3af64.wav,1.0
c2616c31-d986-488a-ae4f-81f81d7b23e5,coughvid_data/c2616c31-d986-488a-ae4f-81f81d7b23e5.wav,coughvid_data/c2616c31-d986-488a-ae4f-81f81d7b23e5.wav,1.0
9e84f55a-be43-41e6-809e-b66767e7e0ab,coughvid_data/9e84f55a-be43-41e6-809e-b66767e7e0ab.wav,coughvid_data/9e84f55a-be43-41e6-809e-b66767e7e0ab.wav,0.0
89f15213-3f58-4137-8482-4b7bee95be6e,coughvid_data/89f15213-3f58-4137-8482-4b7bee95be6e.wav,coughvid_data/89f15213-3f58-4137-8482-4b7bee95be6e.wav,1.0
a07220bd-6b17-4a3d-bdd0-f01bf2a12066,coughvid_data/a07220bd-6b17-4a3d-bdd0-f01bf2a12066.wav,coughvid_data/a07220bd-6b17-4a3d-bdd0-f01bf2a12066.wav,0.0
3d5c86e3-4fd8-4cff-91e8-9d0f2f73a0e4,coughvid_data/3d5c86e3-4fd8-4cff-91e8-9d0f2f73a0e4.wav,coughvid_data/3d5c86e3-4fd8-4cff-91e8-9d0f2f73a0e4.wav,1.0
4d525413-871a-453b-8fcd-888b752775cb,coughvid_data/4d525413-871a-453b-8fcd-888b752775cb.wav,coughvid_data/4d525413-871a-453b-8fcd-888b752775cb.wav,1.0
272ca6d0-3ac1-4dd1-a477-c73fe959c14a,coughvid_data/272ca6d0-3ac1-4dd1-a477-c73fe959c14a.wav,coughvid_data/272ca6d0-3ac1-4dd1-a477-c73fe959c14a.wav,0.0
2ce726de-f1b4-4dab-bc39-e57f78078b2e,coughvid_data/2ce726de-f1b4-4dab-bc39-e57f78078b2e.wav,coughvid_data/2ce726de-f1b4-4dab-bc39-e57f78078b2e.wav,1.0
f430d211-8b2b-4869-ab7e-05d9e8be9aa1,coughvid_data/f430d211-8b2b-4869-ab7e-05d9e8be9aa1.wav,coughvid_data/f430d211-8b2b-4869-ab7e-05d9e8be9aa1.wav,0.0
8f8dff15-1dfd-4136-afff-083639144870,coughvid_data/8f8dff15-1dfd-4136-afff-083639144870.wav,coughvid_data/8f8dff15-1dfd-4136-afff-083639144870.wav,0.0
6577915b-ad10-4976-a994-ee70cbe3bbad,coughvid_data/6577915b-ad10-4976-a994-ee70cbe3bbad.wav,coughvid_data/6577915b-ad10-4976-a994-ee70cbe3bbad.wav,1.0
9b77a200-bf20-4c24-a9b1-0b62b7b440c9,coughvid_data/9b77a200-bf20-4c24-a9b1-0b62b7b440c9.wav,coughvid_data/9b77a200-bf20-4c24-a9b1-0b62b7b440c9.wav,1.0
1c27c3cf-b59d-4f1d-b88d-a92b4554afd0,coughvid_data/1c27c3cf-b59d-4f1d-b88d-a92b4554afd0.wav,coughvid_data/1c27c3cf-b59d-4f1d-b88d-a92b4554afd0.wav,0.0
43ff6ef2-d864-4640-a50a-a9293a772cc1,coughvid_data/43ff6ef2-d864-4640-a50a-a9293a772cc1.wav,coughvid_data/43ff6ef2-d864-4640-a50a-a9293a772cc1.wav,1.0
71d0800b-b678-46b3-997e-8491615eb527,coughvid_data/71d0800b-b678-46b3-997e-8491615eb527.wav,coughvid_data/71d0800b-b678-46b3-997e-8491615eb527.wav,0.0
ebd6f02a-90e6-4246-81de-6ae390459757,coughvid_data/ebd6f02a-90e6-4246-81de-6ae390459757.wav,coughvid_data/ebd6f02a-90e6-4246-81de-6ae390459757.wav,1.0
e85d1cb2-7e0f-4c27-b36b-d5a368ceae21,coughvid_data/e85d1cb2-7e0f-4c27-b36b-d5a368ceae21.wav,coughvid_data/e85d1cb2-7e0f-4c27-b36b-d5a368ceae21.wav,1.0
040f3aa7-2afc-4ca4-925a-e7e25591fe56,coughvid_data/040f3aa7-2afc-4ca4-925a-e7e25591fe56.wav,coughvid_data/040f3aa7-2afc-4ca4-925a-e7e25591fe56.wav,1.0
ace74e38-8c46-4b8d-8aa9-9acd66f6f22d,coughvid_data/ace74e38-8c46-4b8d-8aa9-9acd66f6f22d.wav,coughvid_data/ace74e38-8c46-4b8d-8aa9-9acd66f6f22d.wav,0.0
d0a14b6f-338e-4d6f-bb7d-1546bd044e6d,coughvid_data/d0a14b6f-338e-4d6f-bb7d-1546bd044e6d.wav,coughvid_data/d0a14b6f-338e-4d6f-bb7d-1546bd044e6d.wav,0.0
8b1be2d0-24d0-4a84-9cd6-a065d5d01835,coughvid_data/8b1be2d0-24d0-4a84-9cd6-a065d5d01835.wav,coughvid_data/8b1be2d0-24d0-4a84-9cd6-a065d5d01835.wav,1.0
34416261-9a11-48ad-b7b0-26a5a181931b,coughvid_data/34416261-9a11-48ad-b7b0-26a5a181931b.wav,coughvid_data/34416261-9a11-48ad-b7b0-26a5a181931b.wav,1.0
4416a064-f2d0-406c-b27c-54b60f0a2cd9,coughvid_data/4416a064-f2d0-406c-b27c-54b60f0a2cd9.wav,coughvid_data/4416a064-f2d0-406c-b27c-54b60f0a2cd9.wav,1.0
98efd7e1-fcfd-4d8b-8727-3c0f43b2286d,coughvid_data/98efd7e1-fcfd-4d8b-8727-3c0f43b2286d.wav,coughvid_data/98efd7e1-fcfd-4d8b-8727-3c0f43b2286d.wav,0.0
d1bdb1de-c478-4957-82e8-a9bcc1dd8211,coughvid_data/d1bdb1de-c478-4957-82e8-a9bcc1dd8211.wav,coughvid_data/d1bdb1de-c478-4957-82e8-a9bcc1dd8211.wav,0.0
21ad6bc4-ecc4-4a22-b940-618bdd7ad20b,coughvid_data/21ad6bc4-ecc4-4a22-b940-618bdd7ad20b.wav,coughvid_data/21ad6bc4-ecc4-4a22-b940-618bdd7ad20b.wav,1.0
069e6694-eadb-4864-82fe-532c07d22bc6,coughvid_data/069e6694-eadb-4864-82fe-532c07d22bc6.wav,coughvid_data/069e6694-eadb-4864-82fe-532c07d22bc6.wav,1.0
8b837f96-b615-4835-bcd3-248d80db0ea1,coughvid_data/8b837f96-b615-4835-bcd3-248d80db0ea1.wav,coughvid_data/8b837f96-b615-4835-bcd3-248d80db0ea1.wav,0.0
34933f10-9621-40ee-b6f3-cd539a6b66de,coughvid_data/34933f10-9621-40ee-b6f3-cd539a6b66de.wav,coughvid_data/34933f10-9621-40ee-b6f3-cd539a6b66de.wav,1.0
535a4470-2b64-4982-b875-2dbb6ee97ebd,coughvid_data/535a4470-2b64-4982-b875-2dbb6ee97ebd.wav,coughvid_data/535a4470-2b64-4982-b875-2dbb6ee97ebd.wav,0.0
6edc95cc-776e-483c-9802-23bd83ef461b,coughvid_data/6edc95cc-776e-483c-9802-23bd83ef461b.wav,coughvid_data/6edc95cc-776e-483c-9802-23bd83ef461b.wav,1.0
c6182474-bcf2-4a49-8d26-50429ccc6506,coughvid_data/c6182474-bcf2-4a49-8d26-50429ccc6506.wav,coughvid_data/c6182474-bcf2-4a49-8d26-50429ccc6506.wav,1.0
d6aa1c9d-5cf1-4093-9b7b-c9b56b9ae652,coughvid_data/d6aa1c9d-5cf1-4093-9b7b-c9b56b9ae652.wav,coughvid_data/d6aa1c9d-5cf1-4093-9b7b-c9b56b9ae652.wav,0.0
801ca253-549a-4135-9ec8-4f954df1b183,coughvid_data/801ca253-549a-4135-9ec8-4f954df1b183.wav,coughvid_data/801ca253-549a-4135-9ec8-4f954df1b183.wav,0.0
3543f5c0-cd18-4acf-b2f3-ce41f076abe3,coughvid_data/3543f5c0-cd18-4acf-b2f3-ce41f076abe3.wav,coughvid_data/3543f5c0-cd18-4acf-b2f3-ce41f076abe3.wav,0.0
006daa68-31b7-44ab-b0c6-7e5ef4e1ebf7,coughvid_data/006daa68-31b7-44ab-b0c6-7e5ef4e1ebf7.wav,coughvid_data/006daa68-31b7-44ab-b0c6-7e5ef4e1ebf7.wav,1.0
eade4e05-0fe3-4736-8a9c-35467d078113,coughvid_data/eade4e05-0fe3-4736-8a9c-35467d078113.wav,coughvid_data/eade4e05-0fe3-4736-8a9c-35467d078113.wav,1.0
19aee4cd-6c70-48c8-a1f1-635c674686fa,coughvid_data/19aee4cd-6c70-48c8-a1f1-635c674686fa.wav,coughvid_data/19aee4cd-6c70-48c8-a1f1-635c674686fa.wav,0.0
100767b1-00a9-49b0-815a-ebd092350200,coughvid_data/100767b1-00a9-49b0-815a-ebd092350200.wav,coughvid_data/100767b1-00a9-49b0-815a-ebd092350200.wav,1.0
aee6aaca-ed8f-4551-a6d7-1d8aee6839e8,coughvid_data/aee6aaca-ed8f-4551-a6d7-1d8aee6839e8.wav,coughvid_data/aee6aaca-ed8f-4551-a6d7-1d8aee6839e8.wav,1.0
d7e71034-14a0-4ebb-870c-11bffb7d80d4,coughvid_data/d7e71034-14a0-4ebb-870c-11bffb7d80d4.wav,coughvid_data/d7e71034-14a0-4ebb-870c-11bffb7d80d4.wav,1.0
7444620d-bf48-451b-8e48-7c632d8f5a1c,coughvid_data/7444620d-bf48-451b-8e48-7c632d8f5a1c.wav,coughvid_data/7444620d-bf48-451b-8e48-7c632d8f5a1c.wav,0.0
318642a7-90a0-484e-b40c-30286ae88037,coughvid_data/318642a7-90a0-484e-b40c-30286ae88037.wav,coughvid_data/318642a7-90a0-484e-b40c-30286ae88037.wav,1.0
c3b37384-07bb-4a99-abb0-40b4e8251462,coughvid_data/c3b37384-07bb-4a99-abb0-40b4e8251462.wav,coughvid_data/c3b37384-07bb-4a99-abb0-40b4e8251462.wav,1.0
d57cd991-eaff-4b4b-ba1d-7c52b1f0195c,coughvid_data/d57cd991-eaff-4b4b-ba1d-7c52b1f0195c.wav,coughvid_data/d57cd991-eaff-4b4b-ba1d-7c52b1f0195c.wav,0.0
bb53e83c-b16a-4efc-848e-67bf2cb5476f,coughvid_data/bb53e83c-b16a-4efc-848e-67bf2cb5476f.wav,coughvid_data/bb53e83c-b16a-4efc-848e-67bf2cb5476f.wav,0.0
f996141c-4068-4fac-a338-19d8a807ea7d,coughvid_data/f996141c-4068-4fac-a338-19d8a807ea7d.wav,coughvid_data/f996141c-4068-4fac-a338-19d8a807ea7d.wav,0.0
0f88ff35-3f66-42a2-b921-25e37db9011e,coughvid_data/0f88ff35-3f66-42a2-b921-25e37db9011e.wav,coughvid_data/0f88ff35-3f66-42a2-b921-25e37db9011e.wav,1.0
d84b4852-af20-4f70-b8a1-74e4584530c4,coughvid_data/d84b4852-af20-4f70-b8a1-74e4584530c4.wav,coughvid_data/d84b4852-af20-4f70-b8a1-74e4584530c4.wav,0.0
58397508-0338-4954-9985-e3c2126bdaaf,coughvid_data/58397508-0338-4954-9985-e3c2126bdaaf.wav,coughvid_data/58397508-0338-4954-9985-e3c2126bdaaf.wav,0.0
23e743e0-8705-4b83-a8bf-810d349ef9f2,coughvid_data/23e743e0-8705-4b83-a8bf-810d349ef9f2.wav,coughvid_data/23e743e0-8705-4b83-a8bf-810d349ef9f2.wav,0.0
5f399d12-2a76-4757-adbb-c7efb1a8acea,coughvid_data/5f399d12-2a76-4757-adbb-c7efb1a8acea.wav,coughvid_data/5f399d12-2a76-4757-adbb-c7efb1a8acea.wav,1.0
0ca8fec1-d01e-497c-82a0-abb1bb7442cb,coughvid_data/0ca8fec1-d01e-497c-82a0-abb1bb7442cb.wav,coughvid_data/0ca8fec1-d01e-497c-82a0-abb1bb7442cb.wav,1.0
ee096fdc-c6b7-43b9-adf4-172c10e3a6fb,coughvid_data/ee096fdc-c6b7-43b9-adf4-172c10e3a6fb.wav,coughvid_data/ee096fdc-c6b7-43b9-adf4-172c10e3a6fb.wav,0.0
bf4be872-97d3-4bee-ae5d-023e41400f21,coughvid_data/bf4be872-97d3-4bee-ae5d-023e41400f21.wav,coughvid_data/bf4be872-97d3-4bee-ae5d-023e41400f21.wav,1.0
62a271c3-0afc-4e0d-ab0f-d22b28163121,coughvid_data/62a271c3-0afc-4e0d-ab0f-d22b28163121.wav,coughvid_data/62a271c3-0afc-4e0d-ab0f-d22b28163121.wav,1.0
b9b8591b-5b22-4abf-ab02-1509e377228b,coughvid_data/b9b8591b-5b22-4abf-ab02-1509e377228b.wav,coughvid_data/b9b8591b-5b22-4abf-ab02-1509e377228b.wav,0.0
cc58ee59-a12a-4124-8dfa-bead15de4014,coughvid_data/cc58ee59-a12a-4124-8dfa-bead15de4014.wav,coughvid_data/cc58ee59-a12a-4124-8dfa-bead15de4014.wav,1.0
530eca39-c441-47f6-952d-eec2c0283342,coughvid_data/530eca39-c441-47f6-952d-eec2c0283342.wav,coughvid_data/530eca39-c441-47f6-952d-eec2c0283342.wav,1.0
bd153ce6-0622-4039-a745-93cd08dab579,coughvid_data/bd153ce6-0622-4039-a745-93cd08dab579.wav,coughvid_data/bd153ce6-0622-4039-a745-93cd08dab579.wav,1.0
8a34348c-6bf1-40af-ae6c-c7f14183cbd0,coughvid_data/8a34348c-6bf1-40af-ae6c-c7f14183cbd0.wav,coughvid_data/8a34348c-6bf1-40af-ae6c-c7f14183cbd0.wav,0.0
307dbc0c-65f6-42ca-8e03-31a8033b94aa,coughvid_data/307dbc0c-65f6-42ca-8e03-31a8033b94aa.wav,coughvid_data/307dbc0c-65f6-42ca-8e03-31a8033b94aa.wav,0.0
b0410986-d778-4fb4-b011-4df8e74de27f,coughvid_data/b0410986-d778-4fb4-b011-4df8e74de27f.wav,coughvid_data/b0410986-d778-4fb4-b011-4df8e74de27f.wav,0.0
fb4d056a-fa30-4223-8281-1d53f593e50e,coughvid_data/fb4d056a-fa30-4223-8281-1d53f593e50e.wav,coughvid_data/fb4d056a-fa30-4223-8281-1d53f593e50e.wav,0.0
7c78ddad-9cd9-4e39-969a-4d2072467011,coughvid_data/7c78ddad-9cd9-4e39-969a-4d2072467011.wav,coughvid_data/7c78ddad-9cd9-4e39-969a-4d2072467011.wav,1.0
d1fd16e4-258e-4b20-9978-d0f6106b1d22,coughvid_data/d1fd16e4-258e-4b20-9978-d0f6106b1d22.wav,coughvid_data/d1fd16e4-258e-4b20-9978-d0f6106b1d22.wav,1.0
6afd5335-d023-4ed1-a381-ef2d8fdedff4,coughvid_data/6afd5335-d023-4ed1-a381-ef2d8fdedff4.wav,coughvid_data/6afd5335-d023-4ed1-a381-ef2d8fdedff4.wav,1.0
e34f8102-0e25-40ef-bb62-4d358546c905,coughvid_data/e34f8102-0e25-40ef-bb62-4d358546c905.wav,coughvid_data/e34f8102-0e25-40ef-bb62-4d358546c905.wav,1.0
60861879-63e4-4cd5-a079-2f78736a41ab,coughvid_data/60861879-63e4-4cd5-a079-2f78736a41ab.wav,coughvid_data/60861879-63e4-4cd5-a079-2f78736a41ab.wav,0.0
554fbec0-861f-406c-acc2-68ac8d8e46ee,coughvid_data/554fbec0-861f-406c-acc2-68ac8d8e46ee.wav,coughvid_data/554fbec0-861f-406c-acc2-68ac8d8e46ee.wav,1.0
62913645-0741-481a-9341-c8251a208441,coughvid_data/62913645-0741-481a-9341-c8251a208441.wav,coughvid_data/62913645-0741-481a-9341-c8251a208441.wav,0.0
44468bd2-b790-4d0b-8e7d-c580bb587a59,coughvid_data/44468bd2-b790-4d0b-8e7d-c580bb587a59.wav,coughvid_data/44468bd2-b790-4d0b-8e7d-c580bb587a59.wav,1.0
51c120da-664a-4b66-b2fb-68809b99b1b4,coughvid_data/51c120da-664a-4b66-b2fb-68809b99b1b4.wav,coughvid_data/51c120da-664a-4b66-b2fb-68809b99b1b4.wav,1.0
49f7f1de-5199-4291-b906-f058a8dc74d9,coughvid_data/49f7f1de-5199-4291-b906-f058a8dc74d9.wav,coughvid_data/49f7f1de-5199-4291-b906-f058a8dc74d9.wav,1.0
9fdcfe36-7430-4f41-88ae-92c8aaf08382,coughvid_data/9fdcfe36-7430-4f41-88ae-92c8aaf08382.wav,coughvid_data/9fdcfe36-7430-4f41-88ae-92c8aaf08382.wav,1.0
d7aa2abe-d1f4-4ea5-aba0-8e18135455c1,coughvid_data/d7aa2abe-d1f4-4ea5-aba0-8e18135455c1.wav,coughvid_data/d7aa2abe-d1f4-4ea5-aba0-8e18135455c1.wav,0.0
552a55f3-66b2-4d4d-b876-a1ee3416cfa1,coughvid_data/552a55f3-66b2-4d4d-b876-a1ee3416cfa1.wav,coughvid_data/552a55f3-66b2-4d4d-b876-a1ee3416cfa1.wav,1.0
07c0e340-a181-40df-b9a7-636861501658,coughvid_data/07c0e340-a181-40df-b9a7-636861501658.wav,coughvid_data/07c0e340-a181-40df-b9a7-636861501658.wav,0.0
ae7b2605-63dc-468c-8954-587c20fd58a8,coughvid_data/ae7b2605-63dc-468c-8954-587c20fd58a8.wav,coughvid_data/ae7b2605-63dc-468c-8954-587c20fd58a8.wav,1.0
d00ea88c-8581-4fc2-8956-e5d996ab2a5c,coughvid_data/d00ea88c-8581-4fc2-8956-e5d996ab2a5c.wav,coughvid_data/d00ea88c-8581-4fc2-8956-e5d996ab2a5c.wav,1.0
f98206a8-8669-4527-b3c8-7064c9aa929e,coughvid_data/f98206a8-8669-4527-b3c8-7064c9aa929e.wav,coughvid_data/f98206a8-8669-4527-b3c8-7064c9aa929e.wav,1.0
247d89cb-10d0-4058-ae37-052b24ceffc2,coughvid_data/247d89cb-10d0-4058-ae37-052b24ceffc2.wav,coughvid_data/247d89cb-10d0-4058-ae37-052b24ceffc2.wav,0.0
703a99be-4b78-4272-975e-3be728a63899,coughvid_data/703a99be-4b78-4272-975e-3be728a63899.wav,coughvid_data/703a99be-4b78-4272-975e-3be728a63899.wav,0.0
1141e3df-eae4-4458-8574-63e809c6a7cb,coughvid_data/1141e3df-eae4-4458-8574-63e809c6a7cb.wav,coughvid_data/1141e3df-eae4-4458-8574-63e809c6a7cb.wav,0.0
d586d2bf-98ff-4b65-86ad-c4dad98c449c,coughvid_data/d586d2bf-98ff-4b65-86ad-c4dad98c449c.wav,coughvid_data/d586d2bf-98ff-4b65-86ad-c4dad98c449c.wav,0.0
2d7bc8fe-9478-4f40-bfab-5e1b0053cc48,coughvid_data/2d7bc8fe-9478-4f40-bfab-5e1b0053cc48.wav,coughvid_data/2d7bc8fe-9478-4f40-bfab-5e1b0053cc48.wav,1.0
1daa39b2-4ac2-4239-8275-c8d97067734c,coughvid_data/1daa39b2-4ac2-4239-8275-c8d97067734c.wav,coughvid_data/1daa39b2-4ac2-4239-8275-c8d97067734c.wav,1.0
e6c4c802-ebcc-4d08-bcc6-577d953edea2,coughvid_data/e6c4c802-ebcc-4d08-bcc6-577d953edea2.wav,coughvid_data/e6c4c802-ebcc-4d08-bcc6-577d953edea2.wav,1.0
eb24be46-3158-40c3-8791-ccc86f7b4cfc,coughvid_data/eb24be46-3158-40c3-8791-ccc86f7b4cfc.wav,coughvid_data/eb24be46-3158-40c3-8791-ccc86f7b4cfc.wav,0.0
9e5738c6-7649-42d5-be58-1e289796f189,coughvid_data/9e5738c6-7649-42d5-be58-1e289796f189.wav,coughvid_data/9e5738c6-7649-42d5-be58-1e289796f189.wav,1.0
bb4f22b6-cbd1-4e7a-9293-54766b50468e,coughvid_data/bb4f22b6-cbd1-4e7a-9293-54766b50468e.wav,coughvid_data/bb4f22b6-cbd1-4e7a-9293-54766b50468e.wav,0.0
4adeda15-7bab-4cbe-bbba-ff98b081bb06,coughvid_data/4adeda15-7bab-4cbe-bbba-ff98b081bb06.wav,coughvid_data/4adeda15-7bab-4cbe-bbba-ff98b081bb06.wav,0.0
7381fd69-61b3-496e-bc3c-b23317fc11fb,coughvid_data/7381fd69-61b3-496e-bc3c-b23317fc11fb.wav,coughvid_data/7381fd69-61b3-496e-bc3c-b23317fc11fb.wav,0.0
4add89f2-696a-44ab-bcd8-c5e27787d1fa,coughvid_data/4add89f2-696a-44ab-bcd8-c5e27787d1fa.wav,coughvid_data/4add89f2-696a-44ab-bcd8-c5e27787d1fa.wav,0.0
d9490daf-1a19-4356-993d-adb8502e1f21,coughvid_data/d9490daf-1a19-4356-993d-adb8502e1f21.wav,coughvid_data/d9490daf-1a19-4356-993d-adb8502e1f21.wav,0.0
c121fb10-0fb3-44ae-a9d3-9478e287fdf7,coughvid_data/c121fb10-0fb3-44ae-a9d3-9478e287fdf7.wav,coughvid_data/c121fb10-0fb3-44ae-a9d3-9478e287fdf7.wav,0.0
f8d06d7d-9d70-4c54-91f8-dab0cf8d6d04,coughvid_data/f8d06d7d-9d70-4c54-91f8-dab0cf8d6d04.wav,coughvid_data/f8d06d7d-9d70-4c54-91f8-dab0cf8d6d04.wav,0.0
8fdacf13-1b5f-4f97-950b-58601991cff2,coughvid_data/8fdacf13-1b5f-4f97-950b-58601991cff2.wav,coughvid_data/8fdacf13-1b5f-4f97-950b-58601991cff2.wav,0.0
3593a8fc-96ee-431c-8adb-d98892d83a01,coughvid_data/3593a8fc-96ee-431c-8adb-d98892d83a01.wav,coughvid_data/3593a8fc-96ee-431c-8adb-d98892d83a01.wav,1.0
20ff18fd-6c86-4bf7-9c24-2554c61b7bb1,coughvid_data/20ff18fd-6c86-4bf7-9c24-2554c61b7bb1.wav,coughvid_data/20ff18fd-6c86-4bf7-9c24-2554c61b7bb1.wav,1.0
85e1b217-db49-4f40-9850-1499b60a337c,coughvid_data/85e1b217-db49-4f40-9850-1499b60a337c.wav,coughvid_data/85e1b217-db49-4f40-9850-1499b60a337c.wav,0.0
db120920-56a7-4e4c-bd5f-768a49787a3a,coughvid_data/db120920-56a7-4e4c-bd5f-768a49787a3a.wav,coughvid_data/db120920-56a7-4e4c-bd5f-768a49787a3a.wav,1.0
f870f696-d64a-4285-93b2-86b3e927475a,coughvid_data/f870f696-d64a-4285-93b2-86b3e927475a.wav,coughvid_data/f870f696-d64a-4285-93b2-86b3e927475a.wav,0.0
72f79cb4-d99c-4ee4-8b58-ea4c899f4f39,coughvid_data/72f79cb4-d99c-4ee4-8b58-ea4c899f4f39.wav,coughvid_data/72f79cb4-d99c-4ee4-8b58-ea4c899f4f39.wav,0.0
acc6cf07-bb38-4b4e-85d7-b6d8c0405385,coughvid_data/acc6cf07-bb38-4b4e-85d7-b6d8c0405385.wav,coughvid_data/acc6cf07-bb38-4b4e-85d7-b6d8c0405385.wav,1.0
47b83f84-66c7-4120-a9bd-3ad812a50d89,coughvid_data/47b83f84-66c7-4120-a9bd-3ad812a50d89.wav,coughvid_data/47b83f84-66c7-4120-a9bd-3ad812a50d89.wav,0.0
e6448323-4be3-4fac-ba98-33aee0de0817,coughvid_data/e6448323-4be3-4fac-ba98-33aee0de0817.wav,coughvid_data/e6448323-4be3-4fac-ba98-33aee0de0817.wav,1.0
ed221dfc-e4d6-4f6a-86ea-9eb78b16a5dd,coughvid_data/ed221dfc-e4d6-4f6a-86ea-9eb78b16a5dd.wav,coughvid_data/ed221dfc-e4d6-4f6a-86ea-9eb78b16a5dd.wav,0.0
cfd6470d-eba4-40b1-b95b-b6b6057ca107,coughvid_data/cfd6470d-eba4-40b1-b95b-b6b6057ca107.wav,coughvid_data/cfd6470d-eba4-40b1-b95b-b6b6057ca107.wav,0.0
5f73569f-bb51-4781-9f5f-bf3a93e90d0f,coughvid_data/5f73569f-bb51-4781-9f5f-bf3a93e90d0f.wav,coughvid_data/5f73569f-bb51-4781-9f5f-bf3a93e90d0f.wav,1.0
db0a337d-5bfb-41a7-980a-7516a8afb3ab,coughvid_data/db0a337d-5bfb-41a7-980a-7516a8afb3ab.wav,coughvid_data/db0a337d-5bfb-41a7-980a-7516a8afb3ab.wav,1.0
ee97f857-7eca-49a3-9fbe-20b6098cfbb0,coughvid_data/ee97f857-7eca-49a3-9fbe-20b6098cfbb0.wav,coughvid_data/ee97f857-7eca-49a3-9fbe-20b6098cfbb0.wav,1.0
d6fa3a99-1f33-4918-b6ad-d0a48fc9a28d,coughvid_data/d6fa3a99-1f33-4918-b6ad-d0a48fc9a28d.wav,coughvid_data/d6fa3a99-1f33-4918-b6ad-d0a48fc9a28d.wav,0.0
05941a72-f63b-45c7-bb1f-6e0a76440674,coughvid_data/05941a72-f63b-45c7-bb1f-6e0a76440674.wav,coughvid_data/05941a72-f63b-45c7-bb1f-6e0a76440674.wav,1.0
87b75a83-e9f6-4d33-bfb8-fa80dc6fc5b1,coughvid_data/87b75a83-e9f6-4d33-bfb8-fa80dc6fc5b1.wav,coughvid_data/87b75a83-e9f6-4d33-bfb8-fa80dc6fc5b1.wav,1.0
e5477d1a-79f4-476a-8824-e88a27e85ae3,coughvid_data/e5477d1a-79f4-476a-8824-e88a27e85ae3.wav,coughvid_data/e5477d1a-79f4-476a-8824-e88a27e85ae3.wav,1.0
09adb30a-c4fd-4e96-8610-3ac4bbc253b5,coughvid_data/09adb30a-c4fd-4e96-8610-3ac4bbc253b5.wav,coughvid_data/09adb30a-c4fd-4e96-8610-3ac4bbc253b5.wav,0.0
d2a61127-39ce-4997-a9af-3e1d71bdeb6b,coughvid_data/d2a61127-39ce-4997-a9af-3e1d71bdeb6b.wav,coughvid_data/d2a61127-39ce-4997-a9af-3e1d71bdeb6b.wav,0.0
1853cfb1-1c63-4d3b-a7c6-dd739ef08382,coughvid_data/1853cfb1-1c63-4d3b-a7c6-dd739ef08382.wav,coughvid_data/1853cfb1-1c63-4d3b-a7c6-dd739ef08382.wav,0.0
1f122310-8f45-4b47-9a83-f186868ed2a1,coughvid_data/1f122310-8f45-4b47-9a83-f186868ed2a1.wav,coughvid_data/1f122310-8f45-4b47-9a83-f186868ed2a1.wav,1.0
f4f410c0-64fb-427d-a3bf-b9b6a546832a,coughvid_data/f4f410c0-64fb-427d-a3bf-b9b6a546832a.wav,coughvid_data/f4f410c0-64fb-427d-a3bf-b9b6a546832a.wav,1.0
7178b70a-05a1-494f-84a8-22fdf3653c9f,coughvid_data/7178b70a-05a1-494f-84a8-22fdf3653c9f.wav,coughvid_data/7178b70a-05a1-494f-84a8-22fdf3653c9f.wav,0.0
5bfb126d-1cdc-46c0-aae8-c352e2b85f0f,coughvid_data/5bfb126d-1cdc-46c0-aae8-c352e2b85f0f.wav,coughvid_data/5bfb126d-1cdc-46c0-aae8-c352e2b85f0f.wav,1.0
f5e4c9ed-6a33-4fb3-8969-7b434c890452,coughvid_data/f5e4c9ed-6a33-4fb3-8969-7b434c890452.wav,coughvid_data/f5e4c9ed-6a33-4fb3-8969-7b434c890452.wav,1.0
20dced5b-43a2-44c8-b7c3-0bdccc4d2f8d,coughvid_data/20dced5b-43a2-44c8-b7c3-0bdccc4d2f8d.wav,coughvid_data/20dced5b-43a2-44c8-b7c3-0bdccc4d2f8d.wav,0.0
0fb0108e-c4e8-49e4-82fd-7740c2a8189d,coughvid_data/0fb0108e-c4e8-49e4-82fd-7740c2a8189d.wav,coughvid_data/0fb0108e-c4e8-49e4-82fd-7740c2a8189d.wav,1.0
a2fea4ce-3998-4d84-a8d8-c8b6ca4df178,coughvid_data/a2fea4ce-3998-4d84-a8d8-c8b6ca4df178.wav,coughvid_data/a2fea4ce-3998-4d84-a8d8-c8b6ca4df178.wav,1.0
f3eefaa7-ff1a-4026-9a88-64f5b752a735,coughvid_data/f3eefaa7-ff1a-4026-9a88-64f5b752a735.wav,coughvid_data/f3eefaa7-ff1a-4026-9a88-64f5b752a735.wav,1.0
2c5345d4-8471-4030-aea5-6cefb6276993,coughvid_data/2c5345d4-8471-4030-aea5-6cefb6276993.wav,coughvid_data/2c5345d4-8471-4030-aea5-6cefb6276993.wav,1.0
400ab257-4d7d-4ae1-914b-d0ad766921cf,coughvid_data/400ab257-4d7d-4ae1-914b-d0ad766921cf.wav,coughvid_data/400ab257-4d7d-4ae1-914b-d0ad766921cf.wav,1.0
7452ad83-04b2-4019-a077-3361f6b69257,coughvid_data/7452ad83-04b2-4019-a077-3361f6b69257.wav,coughvid_data/7452ad83-04b2-4019-a077-3361f6b69257.wav,0.0
e707c7e5-dbe3-4f51-be7f-e6b80f4ddb88,coughvid_data/e707c7e5-dbe3-4f51-be7f-e6b80f4ddb88.wav,coughvid_data/e707c7e5-dbe3-4f51-be7f-e6b80f4ddb88.wav,1.0
e68ff985-248e-49a7-9c79-4db2c2f053a4,coughvid_data/e68ff985-248e-49a7-9c79-4db2c2f053a4.wav,coughvid_data/e68ff985-248e-49a7-9c79-4db2c2f053a4.wav,0.0
f4c8b6ef-1ba1-4d8b-ac38-4f756a401737,coughvid_data/f4c8b6ef-1ba1-4d8b-ac38-4f756a401737.wav,coughvid_data/f4c8b6ef-1ba1-4d8b-ac38-4f756a401737.wav,1.0
927c3651-3529-4880-8b22-25b9574c3cf6,coughvid_data/927c3651-3529-4880-8b22-25b9574c3cf6.wav,coughvid_data/927c3651-3529-4880-8b22-25b9574c3cf6.wav,0.0
acfe6ebf-c897-47e9-af60-5cb7e2796f57,coughvid_data/acfe6ebf-c897-47e9-af60-5cb7e2796f57.wav,coughvid_data/acfe6ebf-c897-47e9-af60-5cb7e2796f57.wav,0.0
e13aa7d2-3b78-49bc-820c-30e01872a5d2,coughvid_data/e13aa7d2-3b78-49bc-820c-30e01872a5d2.wav,coughvid_data/e13aa7d2-3b78-49bc-820c-30e01872a5d2.wav,0.0
d63a4ae8-4388-4132-a3f8-810c07443460,coughvid_data/d63a4ae8-4388-4132-a3f8-810c07443460.wav,coughvid_data/d63a4ae8-4388-4132-a3f8-810c07443460.wav,1.0
2fdb798a-023e-46d3-965b-07ee18c61391,coughvid_data/2fdb798a-023e-46d3-965b-07ee18c61391.wav,coughvid_data/2fdb798a-023e-46d3-965b-07ee18c61391.wav,1.0
22c44b6c-0dc4-4255-a1ca-cf9694dfa40f,coughvid_data/22c44b6c-0dc4-4255-a1ca-cf9694dfa40f.wav,coughvid_data/22c44b6c-0dc4-4255-a1ca-cf9694dfa40f.wav,0.0
5806ea47-6382-4268-bc3b-2be28a600e15,coughvid_data/5806ea47-6382-4268-bc3b-2be28a600e15.wav,coughvid_data/5806ea47-6382-4268-bc3b-2be28a600e15.wav,1.0
587ba66c-6ba9-401a-b874-d0cd5cd0caf0,coughvid_data/587ba66c-6ba9-401a-b874-d0cd5cd0caf0.wav,coughvid_data/587ba66c-6ba9-401a-b874-d0cd5cd0caf0.wav,0.0
73454018-3aa4-4b20-b847-a9922beea876,coughvid_data/73454018-3aa4-4b20-b847-a9922beea876.wav,coughvid_data/73454018-3aa4-4b20-b847-a9922beea876.wav,1.0
c57e2581-2c9e-4cd8-9974-71547dd288d4,coughvid_data/c57e2581-2c9e-4cd8-9974-71547dd288d4.wav,coughvid_data/c57e2581-2c9e-4cd8-9974-71547dd288d4.wav,1.0
70c07dd9-5c20-4400-a53d-861ae308f8b2,coughvid_data/70c07dd9-5c20-4400-a53d-861ae308f8b2.wav,coughvid_data/70c07dd9-5c20-4400-a53d-861ae308f8b2.wav,0.0
31874a9d-4405-40c4-b088-b0b16fa94690,coughvid_data/31874a9d-4405-40c4-b088-b0b16fa94690.wav,coughvid_data/31874a9d-4405-40c4-b088-b0b16fa94690.wav,1.0
6c9a8bf8-8b18-4d14-afe8-da8d89563c24,coughvid_data/6c9a8bf8-8b18-4d14-afe8-da8d89563c24.wav,coughvid_data/6c9a8bf8-8b18-4d14-afe8-da8d89563c24.wav,1.0
8f579589-6cee-4edf-8892-bb06039fcfac,coughvid_data/8f579589-6cee-4edf-8892-bb06039fcfac.wav,coughvid_data/8f579589-6cee-4edf-8892-bb06039fcfac.wav,0.0
70a97f3e-5417-48dd-b995-443e96bcf070,coughvid_data/70a97f3e-5417-48dd-b995-443e96bcf070.wav,coughvid_data/70a97f3e-5417-48dd-b995-443e96bcf070.wav,0.0
3a3e35e8-07be-491b-b80e-4f282dde6b6f,coughvid_data/3a3e35e8-07be-491b-b80e-4f282dde6b6f.wav,coughvid_data/3a3e35e8-07be-491b-b80e-4f282dde6b6f.wav,0.0
d849b69d-5b75-4839-9646-c8948c534b33,coughvid_data/d849b69d-5b75-4839-9646-c8948c534b33.wav,coughvid_data/d849b69d-5b75-4839-9646-c8948c534b33.wav,1.0
d00aa7b7-5f75-4941-abdd-f6bda0db6997,coughvid_data/d00aa7b7-5f75-4941-abdd-f6bda0db6997.wav,coughvid_data/d00aa7b7-5f75-4941-abdd-f6bda0db6997.wav,1.0
e0185ccc-fcbe-4a5d-afc6-6275a926e292,coughvid_data/e0185ccc-fcbe-4a5d-afc6-6275a926e292.wav,coughvid_data/e0185ccc-fcbe-4a5d-afc6-6275a926e292.wav,0.0
01155ee0-0981-4592-b4af-ffabe71a8232,coughvid_data/01155ee0-0981-4592-b4af-ffabe71a8232.wav,coughvid_data/01155ee0-0981-4592-b4af-ffabe71a8232.wav,1.0
b52d438b-573c-46fc-a3b8-9de2240ad64b,coughvid_data/b52d438b-573c-46fc-a3b8-9de2240ad64b.wav,coughvid_data/b52d438b-573c-46fc-a3b8-9de2240ad64b.wav,1.0
126cc1d6-3ce4-4b41-819e-57ff356e0928,coughvid_data/126cc1d6-3ce4-4b41-819e-57ff356e0928.wav,coughvid_data/126cc1d6-3ce4-4b41-819e-57ff356e0928.wav,0.0
7cd9a519-8bb0-4e2f-ba0e-7b4a1a3c65e8,coughvid_data/7cd9a519-8bb0-4e2f-ba0e-7b4a1a3c65e8.wav,coughvid_data/7cd9a519-8bb0-4e2f-ba0e-7b4a1a3c65e8.wav,1.0
03fca101-9ce7-4eb9-aeae-a6f8d4ee5599,coughvid_data/03fca101-9ce7-4eb9-aeae-a6f8d4ee5599.wav,coughvid_data/03fca101-9ce7-4eb9-aeae-a6f8d4ee5599.wav,1.0
7740267b-b39c-4e41-8af1-476f7e00aae7,coughvid_data/7740267b-b39c-4e41-8af1-476f7e00aae7.wav,coughvid_data/7740267b-b39c-4e41-8af1-476f7e00aae7.wav,0.0
8232d537-82d7-45de-ba24-c5b9088f3602,coughvid_data/8232d537-82d7-45de-ba24-c5b9088f3602.wav,coughvid_data/8232d537-82d7-45de-ba24-c5b9088f3602.wav,0.0
42e1ff99-11fc-44de-95a5-8bde8a05f64e,coughvid_data/42e1ff99-11fc-44de-95a5-8bde8a05f64e.wav,coughvid_data/42e1ff99-11fc-44de-95a5-8bde8a05f64e.wav,1.0
02a0c356-f1ec-4b30-809b-724f4608c773,coughvid_data/02a0c356-f1ec-4b30-809b-724f4608c773.wav,coughvid_data/02a0c356-f1ec-4b30-809b-724f4608c773.wav,0.0
cb218fde-167e-43d2-baa6-9732cfd1f886,coughvid_data/cb218fde-167e-43d2-baa6-9732cfd1f886.wav,coughvid_data/cb218fde-167e-43d2-baa6-9732cfd1f886.wav,1.0
08276c5f-ee65-424f-8b54-5ec531279c19,coughvid_data/08276c5f-ee65-424f-8b54-5ec531279c19.wav,coughvid_data/08276c5f-ee65-424f-8b54-5ec531279c19.wav,1.0
7a2c6098-8df3-46e0-9104-4660f9847966,coughvid_data/7a2c6098-8df3-46e0-9104-4660f9847966.wav,coughvid_data/7a2c6098-8df3-46e0-9104-4660f9847966.wav,0.0
ef101918-6c9e-493e-bad0-a6a83923b926,coughvid_data/ef101918-6c9e-493e-bad0-a6a83923b926.wav,coughvid_data/ef101918-6c9e-493e-bad0-a6a83923b926.wav,1.0
1ef3544d-a3d8-4058-af36-5d991d009276,coughvid_data/1ef3544d-a3d8-4058-af36-5d991d009276.wav,coughvid_data/1ef3544d-a3d8-4058-af36-5d991d009276.wav,1.0
74a923d7-c527-481f-9496-dbe067e61b03,coughvid_data/74a923d7-c527-481f-9496-dbe067e61b03.wav,coughvid_data/74a923d7-c527-481f-9496-dbe067e61b03.wav,0.0
e2719794-cda2-484d-9147-7d526bd86148,coughvid_data/e2719794-cda2-484d-9147-7d526bd86148.wav,coughvid_data/e2719794-cda2-484d-9147-7d526bd86148.wav,1.0
c616505a-d9c3-4cc6-8097-57c9ff62c733,coughvid_data/c616505a-d9c3-4cc6-8097-57c9ff62c733.wav,coughvid_data/c616505a-d9c3-4cc6-8097-57c9ff62c733.wav,1.0
b96a4570-e2e9-48ea-b7e1-c011e067c26a,coughvid_data/b96a4570-e2e9-48ea-b7e1-c011e067c26a.wav,coughvid_data/b96a4570-e2e9-48ea-b7e1-c011e067c26a.wav,1.0
c8eb4e39-bac4-4a04-993a-1f902f5af58a,coughvid_data/c8eb4e39-bac4-4a04-993a-1f902f5af58a.wav,coughvid_data/c8eb4e39-bac4-4a04-993a-1f902f5af58a.wav,1.0
e7817686-78ca-4463-88be-b3032ed6be29,coughvid_data/e7817686-78ca-4463-88be-b3032ed6be29.wav,coughvid_data/e7817686-78ca-4463-88be-b3032ed6be29.wav,0.0
09c78ff7-2378-486e-bed6-3f399934dba2,coughvid_data/09c78ff7-2378-486e-bed6-3f399934dba2.wav,coughvid_data/09c78ff7-2378-486e-bed6-3f399934dba2.wav,0.0
ab228702-1c84-4514-8ea9-7a207b1919c9,coughvid_data/ab228702-1c84-4514-8ea9-7a207b1919c9.wav,coughvid_data/ab228702-1c84-4514-8ea9-7a207b1919c9.wav,1.0
1d67abda-5894-4319-af48-ac24a05c97c4,coughvid_data/1d67abda-5894-4319-af48-ac24a05c97c4.wav,coughvid_data/1d67abda-5894-4319-af48-ac24a05c97c4.wav,1.0
6274f686-6662-4daf-be77-3dc71a5386dd,coughvid_data/6274f686-6662-4daf-be77-3dc71a5386dd.wav,coughvid_data/6274f686-6662-4daf-be77-3dc71a5386dd.wav,1.0
ba794877-ed3b-4b75-b27f-ab7de1341cc1,coughvid_data/ba794877-ed3b-4b75-b27f-ab7de1341cc1.wav,coughvid_data/ba794877-ed3b-4b75-b27f-ab7de1341cc1.wav,1.0
19d50f31-0cb0-4ba8-9a71-e36e1e7393e2,coughvid_data/19d50f31-0cb0-4ba8-9a71-e36e1e7393e2.wav,coughvid_data/19d50f31-0cb0-4ba8-9a71-e36e1e7393e2.wav,1.0
039eb795-1356-4651-bb38-a28bdba075df,coughvid_data/039eb795-1356-4651-bb38-a28bdba075df.wav,coughvid_data/039eb795-1356-4651-bb38-a28bdba075df.wav,1.0
2fbcfd5d-c2e7-4c70-afc3-11b1f7e8f3a0,coughvid_data/2fbcfd5d-c2e7-4c70-afc3-11b1f7e8f3a0.wav,coughvid_data/2fbcfd5d-c2e7-4c70-afc3-11b1f7e8f3a0.wav,1.0
054f357f-9089-4343-94f6-09c1b16d10ba,coughvid_data/054f357f-9089-4343-94f6-09c1b16d10ba.wav,coughvid_data/054f357f-9089-4343-94f6-09c1b16d10ba.wav,1.0
58a7fe54-4337-458b-991b-510cea2e3cd5,coughvid_data/58a7fe54-4337-458b-991b-510cea2e3cd5.wav,coughvid_data/58a7fe54-4337-458b-991b-510cea2e3cd5.wav,0.0
5cca343b-e880-48df-bc1d-3cbf130debb8,coughvid_data/5cca343b-e880-48df-bc1d-3cbf130debb8.wav,coughvid_data/5cca343b-e880-48df-bc1d-3cbf130debb8.wav,1.0
2903ed4f-0c1a-431e-8a71-7534853a3db5,coughvid_data/2903ed4f-0c1a-431e-8a71-7534853a3db5.wav,coughvid_data/2903ed4f-0c1a-431e-8a71-7534853a3db5.wav,1.0
4959e465-c0cf-4a81-b4d6-fb42fe86ef2b,coughvid_data/4959e465-c0cf-4a81-b4d6-fb42fe86ef2b.wav,coughvid_data/4959e465-c0cf-4a81-b4d6-fb42fe86ef2b.wav,1.0
c014c84b-082f-4145-9ffa-6344f9e50324,coughvid_data/c014c84b-082f-4145-9ffa-6344f9e50324.wav,coughvid_data/c014c84b-082f-4145-9ffa-6344f9e50324.wav,0.0
4fce1d36-9e92-4b10-8520-e7298f4ebfa0,coughvid_data/4fce1d36-9e92-4b10-8520-e7298f4ebfa0.wav,coughvid_data/4fce1d36-9e92-4b10-8520-e7298f4ebfa0.wav,0.0
a9f865fa-989f-460b-8c57-8de2755cf014,coughvid_data/a9f865fa-989f-460b-8c57-8de2755cf014.wav,coughvid_data/a9f865fa-989f-460b-8c57-8de2755cf014.wav,1.0
cd296577-e18e-4eb7-a531-cddf97f60520,coughvid_data/cd296577-e18e-4eb7-a531-cddf97f60520.wav,coughvid_data/cd296577-e18e-4eb7-a531-cddf97f60520.wav,1.0
57f1869e-eb83-4c61-b456-bb2bfe06317b,coughvid_data/57f1869e-eb83-4c61-b456-bb2bfe06317b.wav,coughvid_data/57f1869e-eb83-4c61-b456-bb2bfe06317b.wav,0.0
3059478d-b623-482f-a8c2-80595a49b946,coughvid_data/3059478d-b623-482f-a8c2-80595a49b946.wav,coughvid_data/3059478d-b623-482f-a8c2-80595a49b946.wav,0.0
0e04d4a9-d24a-48eb-975d-27bbffbd6565,coughvid_data/0e04d4a9-d24a-48eb-975d-27bbffbd6565.wav,coughvid_data/0e04d4a9-d24a-48eb-975d-27bbffbd6565.wav,0.0
b4447424-54dc-4e66-a51c-67c2887c2ffc,coughvid_data/b4447424-54dc-4e66-a51c-67c2887c2ffc.wav,coughvid_data/b4447424-54dc-4e66-a51c-67c2887c2ffc.wav,0.0
678c9cf0-f31d-41e7-874a-79b1c1b38be2,coughvid_data/678c9cf0-f31d-41e7-874a-79b1c1b38be2.wav,coughvid_data/678c9cf0-f31d-41e7-874a-79b1c1b38be2.wav,1.0
c2a2a76f-779c-40c1-9980-3d12fafc5064,coughvid_data/c2a2a76f-779c-40c1-9980-3d12fafc5064.wav,coughvid_data/c2a2a76f-779c-40c1-9980-3d12fafc5064.wav,1.0
1b5170c8-e53d-45eb-bb30-d465a114fec9,coughvid_data/1b5170c8-e53d-45eb-bb30-d465a114fec9.wav,coughvid_data/1b5170c8-e53d-45eb-bb30-d465a114fec9.wav,0.0
d41dd44a-8d2e-49c1-978e-e0663c60674a,coughvid_data/d41dd44a-8d2e-49c1-978e-e0663c60674a.wav,coughvid_data/d41dd44a-8d2e-49c1-978e-e0663c60674a.wav,1.0
88df2ab1-8056-48de-a7a8-f2649d9cab4a,coughvid_data/88df2ab1-8056-48de-a7a8-f2649d9cab4a.wav,coughvid_data/88df2ab1-8056-48de-a7a8-f2649d9cab4a.wav,1.0
094c00f4-a8bb-4ed1-a647-69b08c0e8bbd,coughvid_data/094c00f4-a8bb-4ed1-a647-69b08c0e8bbd.wav,coughvid_data/094c00f4-a8bb-4ed1-a647-69b08c0e8bbd.wav,1.0
16e8dea0-01da-416c-9478-0dfa748238fb,coughvid_data/16e8dea0-01da-416c-9478-0dfa748238fb.wav,coughvid_data/16e8dea0-01da-416c-9478-0dfa748238fb.wav,1.0
3f2bc82e-4f04-4a14-b080-571686c333f5,coughvid_data/3f2bc82e-4f04-4a14-b080-571686c333f5.wav,coughvid_data/3f2bc82e-4f04-4a14-b080-571686c333f5.wav,1.0
8d89b7e8-0680-48e7-bc07-dfdf76c85cfc,coughvid_data/8d89b7e8-0680-48e7-bc07-dfdf76c85cfc.wav,coughvid_data/8d89b7e8-0680-48e7-bc07-dfdf76c85cfc.wav,1.0
05bff12e-b4c3-4769-a647-89566dec0940,coughvid_data/05bff12e-b4c3-4769-a647-89566dec0940.wav,coughvid_data/05bff12e-b4c3-4769-a647-89566dec0940.wav,1.0
4306157a-0230-4537-9f4e-54d305d2e363,coughvid_data/4306157a-0230-4537-9f4e-54d305d2e363.wav,coughvid_data/4306157a-0230-4537-9f4e-54d305d2e363.wav,0.0
6da9eede-8a33-4bd8-8c03-c5cbdcf0709d,coughvid_data/6da9eede-8a33-4bd8-8c03-c5cbdcf0709d.wav,coughvid_data/6da9eede-8a33-4bd8-8c03-c5cbdcf0709d.wav,0.0
edd2ad12-c762-4d90-a24c-cb31e6faf9d6,coughvid_data/edd2ad12-c762-4d90-a24c-cb31e6faf9d6.wav,coughvid_data/edd2ad12-c762-4d90-a24c-cb31e6faf9d6.wav,0.0
6405dbdb-cced-4268-b0e2-ebcd01c8fd9c,coughvid_data/6405dbdb-cced-4268-b0e2-ebcd01c8fd9c.wav,coughvid_data/6405dbdb-cced-4268-b0e2-ebcd01c8fd9c.wav,0.0
d85118e0-5f00-4ca3-b56b-94a7b7cd01ee,coughvid_data/d85118e0-5f00-4ca3-b56b-94a7b7cd01ee.wav,coughvid_data/d85118e0-5f00-4ca3-b56b-94a7b7cd01ee.wav,1.0
cd9b8b72-bd87-401e-a429-6c579fec3dae,coughvid_data/cd9b8b72-bd87-401e-a429-6c579fec3dae.wav,coughvid_data/cd9b8b72-bd87-401e-a429-6c579fec3dae.wav,1.0
962dd5dc-523c-4d18-8bdc-80fe7cb2a401,coughvid_data/962dd5dc-523c-4d18-8bdc-80fe7cb2a401.wav,coughvid_data/962dd5dc-523c-4d18-8bdc-80fe7cb2a401.wav,1.0
f781998d-50cd-428c-923d-dec3a3c5c856,coughvid_data/f781998d-50cd-428c-923d-dec3a3c5c856.wav,coughvid_data/f781998d-50cd-428c-923d-dec3a3c5c856.wav,0.0
4559cbfe-2da8-4817-a4fc-0c6324d84bd4,coughvid_data/4559cbfe-2da8-4817-a4fc-0c6324d84bd4.wav,coughvid_data/4559cbfe-2da8-4817-a4fc-0c6324d84bd4.wav,0.0
ef80c044-acdf-4c17-9c04-879be10f7357,coughvid_data/ef80c044-acdf-4c17-9c04-879be10f7357.wav,coughvid_data/ef80c044-acdf-4c17-9c04-879be10f7357.wav,0.0
93e41aeb-7147-4335-874a-45fcbbe54858,coughvid_data/93e41aeb-7147-4335-874a-45fcbbe54858.wav,coughvid_data/93e41aeb-7147-4335-874a-45fcbbe54858.wav,1.0
34191fb6-7fb8-4cbf-a5cf-ea458bf4107b,coughvid_data/34191fb6-7fb8-4cbf-a5cf-ea458bf4107b.wav,coughvid_data/34191fb6-7fb8-4cbf-a5cf-ea458bf4107b.wav,1.0
78b31a95-ebe2-4e16-b492-0b7a1a3ede35,coughvid_data/78b31a95-ebe2-4e16-b492-0b7a1a3ede35.wav,coughvid_data/78b31a95-ebe2-4e16-b492-0b7a1a3ede35.wav,1.0
6017ce56-a96d-421a-9e6b-54c14d4cd12e,coughvid_data/6017ce56-a96d-421a-9e6b-54c14d4cd12e.wav,coughvid_data/6017ce56-a96d-421a-9e6b-54c14d4cd12e.wav,1.0
af875548-7b81-451c-b9d6-e14e863c258a,coughvid_data/af875548-7b81-451c-b9d6-e14e863c258a.wav,coughvid_data/af875548-7b81-451c-b9d6-e14e863c258a.wav,0.0
e39ed97e-305b-49fb-987b-18c4e27ced21,coughvid_data/e39ed97e-305b-49fb-987b-18c4e27ced21.wav,coughvid_data/e39ed97e-305b-49fb-987b-18c4e27ced21.wav,0.0
58cb0acc-e886-4ead-8b88-fdb12059b5cc,coughvid_data/58cb0acc-e886-4ead-8b88-fdb12059b5cc.wav,coughvid_data/58cb0acc-e886-4ead-8b88-fdb12059b5cc.wav,1.0
983d9e53-b10a-4674-a054-a04fdaf2de57,coughvid_data/983d9e53-b10a-4674-a054-a04fdaf2de57.wav,coughvid_data/983d9e53-b10a-4674-a054-a04fdaf2de57.wav,1.0
aa543580-6f63-4c12-a1de-802bf9e27b24,coughvid_data/aa543580-6f63-4c12-a1de-802bf9e27b24.wav,coughvid_data/aa543580-6f63-4c12-a1de-802bf9e27b24.wav,1.0
36050329-a79e-4deb-b470-9470e234d189,coughvid_data/36050329-a79e-4deb-b470-9470e234d189.wav,coughvid_data/36050329-a79e-4deb-b470-9470e234d189.wav,1.0
b8290d7f-558c-47b1-bb62-f41ca952d7bd,coughvid_data/b8290d7f-558c-47b1-bb62-f41ca952d7bd.wav,coughvid_data/b8290d7f-558c-47b1-bb62-f41ca952d7bd.wav,0.0
5ef69ad9-420d-435e-afba-a48b32aafb55,coughvid_data/5ef69ad9-420d-435e-afba-a48b32aafb55.wav,coughvid_data/5ef69ad9-420d-435e-afba-a48b32aafb55.wav,0.0
b31bc514-d57b-497e-b0db-3bec5c11ee0f,coughvid_data/b31bc514-d57b-497e-b0db-3bec5c11ee0f.wav,coughvid_data/b31bc514-d57b-497e-b0db-3bec5c11ee0f.wav,1.0
7efe259a-ca2f-4328-a815-d81bef4daf25,coughvid_data/7efe259a-ca2f-4328-a815-d81bef4daf25.wav,coughvid_data/7efe259a-ca2f-4328-a815-d81bef4daf25.wav,0.0
d00bc320-56a1-4f85-b3c8-8447d1b92568,coughvid_data/d00bc320-56a1-4f85-b3c8-8447d1b92568.wav,coughvid_data/d00bc320-56a1-4f85-b3c8-8447d1b92568.wav,1.0
b4229630-0475-4cf3-a6bf-b72da4fb7365,coughvid_data/b4229630-0475-4cf3-a6bf-b72da4fb7365.wav,coughvid_data/b4229630-0475-4cf3-a6bf-b72da4fb7365.wav,1.0
11acdf3b-b32b-483a-aa70-cf8e4ffc7d50,coughvid_data/11acdf3b-b32b-483a-aa70-cf8e4ffc7d50.wav,coughvid_data/11acdf3b-b32b-483a-aa70-cf8e4ffc7d50.wav,1.0
3c20faf4-8f40-408d-aa4a-02755154927c,coughvid_data/3c20faf4-8f40-408d-aa4a-02755154927c.wav,coughvid_data/3c20faf4-8f40-408d-aa4a-02755154927c.wav,1.0
47bd1b3a-b186-490f-9227-94bbd788b6f4,coughvid_data/47bd1b3a-b186-490f-9227-94bbd788b6f4.wav,coughvid_data/47bd1b3a-b186-490f-9227-94bbd788b6f4.wav,0.0
f4dd0133-b25e-4d7f-9c2d-fc9feaffaec8,coughvid_data/f4dd0133-b25e-4d7f-9c2d-fc9feaffaec8.wav,coughvid_data/f4dd0133-b25e-4d7f-9c2d-fc9feaffaec8.wav,0.0
8c4bb1a9-222b-4b1f-8f40-ddeacdc57dcc,coughvid_data/8c4bb1a9-222b-4b1f-8f40-ddeacdc57dcc.wav,coughvid_data/8c4bb1a9-222b-4b1f-8f40-ddeacdc57dcc.wav,0.0
11ffa140-e101-4e67-861f-c360637dcd4b,coughvid_data/11ffa140-e101-4e67-861f-c360637dcd4b.wav,coughvid_data/11ffa140-e101-4e67-861f-c360637dcd4b.wav,0.0
8ed6d561-726d-435a-8f75-e878214ca02f,coughvid_data/8ed6d561-726d-435a-8f75-e878214ca02f.wav,coughvid_data/8ed6d561-726d-435a-8f75-e878214ca02f.wav,1.0
889dee48-2687-4753-b5df-d45302fc31b2,coughvid_data/889dee48-2687-4753-b5df-d45302fc31b2.wav,coughvid_data/889dee48-2687-4753-b5df-d45302fc31b2.wav,1.0
8ba9ced5-0695-4483-9088-aab26232e3c3,coughvid_data/8ba9ced5-0695-4483-9088-aab26232e3c3.wav,coughvid_data/8ba9ced5-0695-4483-9088-aab26232e3c3.wav,0.0
e442f672-e583-4ace-9aaf-e39df7f3e7c0,coughvid_data/e442f672-e583-4ace-9aaf-e39df7f3e7c0.wav,coughvid_data/e442f672-e583-4ace-9aaf-e39df7f3e7c0.wav,1.0
0777b7a2-40c4-4e67-ad23-9828e33e5ccf,coughvid_data/0777b7a2-40c4-4e67-ad23-9828e33e5ccf.wav,coughvid_data/0777b7a2-40c4-4e67-ad23-9828e33e5ccf.wav,0.0
59840665-6603-49ca-83b9-8bf9d91403c8,coughvid_data/59840665-6603-49ca-83b9-8bf9d91403c8.wav,coughvid_data/59840665-6603-49ca-83b9-8bf9d91403c8.wav,1.0
7f86b41f-4fe9-4301-b164-c62497aea364,coughvid_data/7f86b41f-4fe9-4301-b164-c62497aea364.wav,coughvid_data/7f86b41f-4fe9-4301-b164-c62497aea364.wav,0.0
8ca4463e-23a3-4a16-9d46-7b28b968e6af,coughvid_data/8ca4463e-23a3-4a16-9d46-7b28b968e6af.wav,coughvid_data/8ca4463e-23a3-4a16-9d46-7b28b968e6af.wav,1.0
3e0ebd93-096e-4669-916f-2787a34fa11b,coughvid_data/3e0ebd93-096e-4669-916f-2787a34fa11b.wav,coughvid_data/3e0ebd93-096e-4669-916f-2787a34fa11b.wav,0.0
f448a4fb-f61f-4f33-8572-f5f31f5cce03,coughvid_data/f448a4fb-f61f-4f33-8572-f5f31f5cce03.wav,coughvid_data/f448a4fb-f61f-4f33-8572-f5f31f5cce03.wav,0.0
aca2050d-3aa5-475e-b5dc-2eed5c2b82dd,coughvid_data/aca2050d-3aa5-475e-b5dc-2eed5c2b82dd.wav,coughvid_data/aca2050d-3aa5-475e-b5dc-2eed5c2b82dd.wav,1.0
ed549f68-1dfd-4848-b613-36a9d14fc069,coughvid_data/ed549f68-1dfd-4848-b613-36a9d14fc069.wav,coughvid_data/ed549f68-1dfd-4848-b613-36a9d14fc069.wav,0.0
9c5c39ad-41b6-4b9c-9ca2-f3828384f4f7,coughvid_data/9c5c39ad-41b6-4b9c-9ca2-f3828384f4f7.wav,coughvid_data/9c5c39ad-41b6-4b9c-9ca2-f3828384f4f7.wav,1.0
2f3ed3ce-6ad8-44d6-a2f7-51f4e1ee751b,coughvid_data/2f3ed3ce-6ad8-44d6-a2f7-51f4e1ee751b.wav,coughvid_data/2f3ed3ce-6ad8-44d6-a2f7-51f4e1ee751b.wav,0.0
840ab5a9-afdb-4800-9f36-be6ce103de89,coughvid_data/840ab5a9-afdb-4800-9f36-be6ce103de89.wav,coughvid_data/840ab5a9-afdb-4800-9f36-be6ce103de89.wav,1.0
3ecb1d8a-f4a1-48bb-bc21-62a59e154c7c,coughvid_data/3ecb1d8a-f4a1-48bb-bc21-62a59e154c7c.wav,coughvid_data/3ecb1d8a-f4a1-48bb-bc21-62a59e154c7c.wav,0.0
36f1fea4-b425-4e8b-8014-1470df594083,coughvid_data/36f1fea4-b425-4e8b-8014-1470df594083.wav,coughvid_data/36f1fea4-b425-4e8b-8014-1470df594083.wav,0.0
41a9ab75-e287-4787-a797-b170215afbd3,coughvid_data/41a9ab75-e287-4787-a797-b170215afbd3.wav,coughvid_data/41a9ab75-e287-4787-a797-b170215afbd3.wav,0.0
72c912ac-b717-4f95-b7a3-24203e70490a,coughvid_data/72c912ac-b717-4f95-b7a3-24203e70490a.wav,coughvid_data/72c912ac-b717-4f95-b7a3-24203e70490a.wav,0.0
fdbfe095-f4f0-4bd4-8e7e-f812a97c526a,coughvid_data/fdbfe095-f4f0-4bd4-8e7e-f812a97c526a.wav,coughvid_data/fdbfe095-f4f0-4bd4-8e7e-f812a97c526a.wav,0.0
9573b929-5836-4d2a-94e1-743cde574b68,coughvid_data/9573b929-5836-4d2a-94e1-743cde574b68.wav,coughvid_data/9573b929-5836-4d2a-94e1-743cde574b68.wav,1.0
6fdba257-3659-4d6b-9fe5-9a2995eee8e8,coughvid_data/6fdba257-3659-4d6b-9fe5-9a2995eee8e8.wav,coughvid_data/6fdba257-3659-4d6b-9fe5-9a2995eee8e8.wav,0.0
2fa80ee5-09d9-403d-ae86-67abeaff895b,coughvid_data/2fa80ee5-09d9-403d-ae86-67abeaff895b.wav,coughvid_data/2fa80ee5-09d9-403d-ae86-67abeaff895b.wav,0.0
0537eb92-3412-4515-be2c-4a125d4dd96f,coughvid_data/0537eb92-3412-4515-be2c-4a125d4dd96f.wav,coughvid_data/0537eb92-3412-4515-be2c-4a125d4dd96f.wav,0.0
a72a58db-e68f-42e7-b4fb-e2752b00d03e,coughvid_data/a72a58db-e68f-42e7-b4fb-e2752b00d03e.wav,coughvid_data/a72a58db-e68f-42e7-b4fb-e2752b00d03e.wav,1.0
d25d9741-bf5a-4b75-a1ef-ab6bd6a629bc,coughvid_data/d25d9741-bf5a-4b75-a1ef-ab6bd6a629bc.wav,coughvid_data/d25d9741-bf5a-4b75-a1ef-ab6bd6a629bc.wav,0.0
deebc0a2-3086-4155-933d-deda08aea6f5,coughvid_data/deebc0a2-3086-4155-933d-deda08aea6f5.wav,coughvid_data/deebc0a2-3086-4155-933d-deda08aea6f5.wav,1.0
9e7cfc59-a387-4751-b386-bfb574e864fc,coughvid_data/9e7cfc59-a387-4751-b386-bfb574e864fc.wav,coughvid_data/9e7cfc59-a387-4751-b386-bfb574e864fc.wav,1.0
1f243597-e541-4053-beff-c1468250eed4,coughvid_data/1f243597-e541-4053-beff-c1468250eed4.wav,coughvid_data/1f243597-e541-4053-beff-c1468250eed4.wav,0.0
ad881a3b-d97a-4278-b2a4-24ff8f56e673,coughvid_data/ad881a3b-d97a-4278-b2a4-24ff8f56e673.wav,coughvid_data/ad881a3b-d97a-4278-b2a4-24ff8f56e673.wav,1.0
b39acf51-0de5-4445-830b-7b46e272e25e,coughvid_data/b39acf51-0de5-4445-830b-7b46e272e25e.wav,coughvid_data/b39acf51-0de5-4445-830b-7b46e272e25e.wav,1.0
9cf8cbbf-3ab5-491d-adcf-7ef85232c550,coughvid_data/9cf8cbbf-3ab5-491d-adcf-7ef85232c550.wav,coughvid_data/9cf8cbbf-3ab5-491d-adcf-7ef85232c550.wav,0.0
f7ff38d8-ef08-44be-92ee-2f9b1ac8fc0c,coughvid_data/f7ff38d8-ef08-44be-92ee-2f9b1ac8fc0c.wav,coughvid_data/f7ff38d8-ef08-44be-92ee-2f9b1ac8fc0c.wav,1.0
037a31d1-435a-45ba-b118-5198b451ad07,coughvid_data/037a31d1-435a-45ba-b118-5198b451ad07.wav,coughvid_data/037a31d1-435a-45ba-b118-5198b451ad07.wav,1.0
1278ade5-08ec-4993-b5f8-8b8cf522e7be,coughvid_data/1278ade5-08ec-4993-b5f8-8b8cf522e7be.wav,coughvid_data/1278ade5-08ec-4993-b5f8-8b8cf522e7be.wav,1.0
2cf882d3-6c34-45f0-8690-f6cee1f83b9b,coughvid_data/2cf882d3-6c34-45f0-8690-f6cee1f83b9b.wav,coughvid_data/2cf882d3-6c34-45f0-8690-f6cee1f83b9b.wav,0.0
fe336d73-50ca-4487-bfc7-63c2e421a5a7,coughvid_data/fe336d73-50ca-4487-bfc7-63c2e421a5a7.wav,coughvid_data/fe336d73-50ca-4487-bfc7-63c2e421a5a7.wav,0.0
91c2c4f4-bdcf-4dd6-9523-519d7238b707,coughvid_data/91c2c4f4-bdcf-4dd6-9523-519d7238b707.wav,coughvid_data/91c2c4f4-bdcf-4dd6-9523-519d7238b707.wav,1.0
53c2fe04-65b4-4d5d-b08f-3697b23a2ea2,coughvid_data/53c2fe04-65b4-4d5d-b08f-3697b23a2ea2.wav,coughvid_data/53c2fe04-65b4-4d5d-b08f-3697b23a2ea2.wav,0.0
3f80b816-c688-478a-a5da-85ed19581b1e,coughvid_data/3f80b816-c688-478a-a5da-85ed19581b1e.wav,coughvid_data/3f80b816-c688-478a-a5da-85ed19581b1e.wav,1.0
44c2ff4e-6e1f-4307-a655-745bdfd9f8aa,coughvid_data/44c2ff4e-6e1f-4307-a655-745bdfd9f8aa.wav,coughvid_data/44c2ff4e-6e1f-4307-a655-745bdfd9f8aa.wav,1.0
083a006d-9df2-4f70-9663-b61334144eeb,coughvid_data/083a006d-9df2-4f70-9663-b61334144eeb.wav,coughvid_data/083a006d-9df2-4f70-9663-b61334144eeb.wav,0.0
b4877200-5ce8-479f-87bc-d2dcaf4323a7,coughvid_data/b4877200-5ce8-479f-87bc-d2dcaf4323a7.wav,coughvid_data/b4877200-5ce8-479f-87bc-d2dcaf4323a7.wav,0.0
7b7f6998-7f52-475f-8bbd-e76d80eafd91,coughvid_data/7b7f6998-7f52-475f-8bbd-e76d80eafd91.wav,coughvid_data/7b7f6998-7f52-475f-8bbd-e76d80eafd91.wav,1.0
33147d18-6846-4527-826f-070237af840d,coughvid_data/33147d18-6846-4527-826f-070237af840d.wav,coughvid_data/33147d18-6846-4527-826f-070237af840d.wav,1.0
72eb0edc-42e6-40b5-b788-39d8dae7f353,coughvid_data/72eb0edc-42e6-40b5-b788-39d8dae7f353.wav,coughvid_data/72eb0edc-42e6-40b5-b788-39d8dae7f353.wav,1.0
40d6d79d-b161-4ce3-8a43-fe0021b42552,coughvid_data/40d6d79d-b161-4ce3-8a43-fe0021b42552.wav,coughvid_data/40d6d79d-b161-4ce3-8a43-fe0021b42552.wav,1.0
2724c310-4c4a-4edc-9cca-1bbcfa7de100,coughvid_data/2724c310-4c4a-4edc-9cca-1bbcfa7de100.wav,coughvid_data/2724c310-4c4a-4edc-9cca-1bbcfa7de100.wav,0.0
5a9e4c1e-4fd8-4816-8824-db848497a7e0,coughvid_data/5a9e4c1e-4fd8-4816-8824-db848497a7e0.wav,coughvid_data/5a9e4c1e-4fd8-4816-8824-db848497a7e0.wav,1.0
22bef231-a49a-4adc-ae1a-7405dc2b9a7a,coughvid_data/22bef231-a49a-4adc-ae1a-7405dc2b9a7a.wav,coughvid_data/22bef231-a49a-4adc-ae1a-7405dc2b9a7a.wav,0.0
ecacf7f8-97c2-47b8-8b61-6614f660555b,coughvid_data/ecacf7f8-97c2-47b8-8b61-6614f660555b.wav,coughvid_data/ecacf7f8-97c2-47b8-8b61-6614f660555b.wav,0.0
9ed89e93-6967-45b3-b24a-c3460addd899,coughvid_data/9ed89e93-6967-45b3-b24a-c3460addd899.wav,coughvid_data/9ed89e93-6967-45b3-b24a-c3460addd899.wav,0.0
d5072595-400f-4fae-b9bf-dcab9d95565e,coughvid_data/d5072595-400f-4fae-b9bf-dcab9d95565e.wav,coughvid_data/d5072595-400f-4fae-b9bf-dcab9d95565e.wav,1.0
d80fd8ee-6e92-477c-bfcd-ab7967e2980b,coughvid_data/d80fd8ee-6e92-477c-bfcd-ab7967e2980b.wav,coughvid_data/d80fd8ee-6e92-477c-bfcd-ab7967e2980b.wav,0.0
89f9cc8d-ff6a-4f65-86a1-a27cfffaeae9,coughvid_data/89f9cc8d-ff6a-4f65-86a1-a27cfffaeae9.wav,coughvid_data/89f9cc8d-ff6a-4f65-86a1-a27cfffaeae9.wav,0.0
52937f9c-39d3-4fd9-86c9-2a06b7139935,coughvid_data/52937f9c-39d3-4fd9-86c9-2a06b7139935.wav,coughvid_data/52937f9c-39d3-4fd9-86c9-2a06b7139935.wav,1.0
4cba1ffb-5fc2-4ed8-9679-9c9002e8fc16,coughvid_data/4cba1ffb-5fc2-4ed8-9679-9c9002e8fc16.wav,coughvid_data/4cba1ffb-5fc2-4ed8-9679-9c9002e8fc16.wav,1.0
1a258daa-4d9d-4c70-a7c0-d686183f5ead,coughvid_data/1a258daa-4d9d-4c70-a7c0-d686183f5ead.wav,coughvid_data/1a258daa-4d9d-4c70-a7c0-d686183f5ead.wav,0.0
68ecd2e5-81d2-4fef-84e3-0aa844381724,coughvid_data/68ecd2e5-81d2-4fef-84e3-0aa844381724.wav,coughvid_data/68ecd2e5-81d2-4fef-84e3-0aa844381724.wav,1.0
bfeed152-7566-45b2-97ed-c50c67eb02d0,coughvid_data/bfeed152-7566-45b2-97ed-c50c67eb02d0.wav,coughvid_data/bfeed152-7566-45b2-97ed-c50c67eb02d0.wav,0.0
db3c626a-b9bd-49be-91f3-29a8348fc3a0,coughvid_data/db3c626a-b9bd-49be-91f3-29a8348fc3a0.wav,coughvid_data/db3c626a-b9bd-49be-91f3-29a8348fc3a0.wav,1.0
f8b6c1e1-fb9a-4d95-b8c6-b8c86c5470d7,coughvid_data/f8b6c1e1-fb9a-4d95-b8c6-b8c86c5470d7.wav,coughvid_data/f8b6c1e1-fb9a-4d95-b8c6-b8c86c5470d7.wav,1.0
3e5b7d48-e6de-48c1-b462-14fa88487b19,coughvid_data/3e5b7d48-e6de-48c1-b462-14fa88487b19.wav,coughvid_data/3e5b7d48-e6de-48c1-b462-14fa88487b19.wav,1.0
05e2eb37-45ed-4f10-a250-2ae0189fd5be,coughvid_data/05e2eb37-45ed-4f10-a250-2ae0189fd5be.wav,coughvid_data/05e2eb37-45ed-4f10-a250-2ae0189fd5be.wav,1.0
58167ac3-73fd-45ff-be47-bea06cb6eb06,coughvid_data/58167ac3-73fd-45ff-be47-bea06cb6eb06.wav,coughvid_data/58167ac3-73fd-45ff-be47-bea06cb6eb06.wav,1.0
6bf12675-e71e-4a6e-b77b-59c95edc52ab,coughvid_data/6bf12675-e71e-4a6e-b77b-59c95edc52ab.wav,coughvid_data/6bf12675-e71e-4a6e-b77b-59c95edc52ab.wav,1.0
03d43c6d-7f8e-40a5-91c2-3ac2b9e5210b,coughvid_data/03d43c6d-7f8e-40a5-91c2-3ac2b9e5210b.wav,coughvid_data/03d43c6d-7f8e-40a5-91c2-3ac2b9e5210b.wav,0.0
3da35a44-5886-44a9-b8a4-a422a565fc67,coughvid_data/3da35a44-5886-44a9-b8a4-a422a565fc67.wav,coughvid_data/3da35a44-5886-44a9-b8a4-a422a565fc67.wav,1.0
36256183-7a26-4923-9036-92a311d1fb34,coughvid_data/36256183-7a26-4923-9036-92a311d1fb34.wav,coughvid_data/36256183-7a26-4923-9036-92a311d1fb34.wav,0.0
3bcc41ad-42a3-445e-8754-ec43364ce26d,coughvid_data/3bcc41ad-42a3-445e-8754-ec43364ce26d.wav,coughvid_data/3bcc41ad-42a3-445e-8754-ec43364ce26d.wav,0.0
957e1206-6d5e-407a-a1f9-99a44e9225da,coughvid_data/957e1206-6d5e-407a-a1f9-99a44e9225da.wav,coughvid_data/957e1206-6d5e-407a-a1f9-99a44e9225da.wav,0.0
2432f537-6bbf-49c8-938f-d6779e9180f9,coughvid_data/2432f537-6bbf-49c8-938f-d6779e9180f9.wav,coughvid_data/2432f537-6bbf-49c8-938f-d6779e9180f9.wav,0.0
52aded24-3025-4692-bb39-960d7057bb53,coughvid_data/52aded24-3025-4692-bb39-960d7057bb53.wav,coughvid_data/52aded24-3025-4692-bb39-960d7057bb53.wav,1.0
4a1ac768-1cc9-4121-a85c-b94f0ca28ec2,coughvid_data/4a1ac768-1cc9-4121-a85c-b94f0ca28ec2.wav,coughvid_data/4a1ac768-1cc9-4121-a85c-b94f0ca28ec2.wav,1.0
33b688eb-cae8-40cb-9d71-694f5d2f417f,coughvid_data/33b688eb-cae8-40cb-9d71-694f5d2f417f.wav,coughvid_data/33b688eb-cae8-40cb-9d71-694f5d2f417f.wav,1.0
392172bc-2798-479e-89e0-9549731068c8,coughvid_data/392172bc-2798-479e-89e0-9549731068c8.wav,coughvid_data/392172bc-2798-479e-89e0-9549731068c8.wav,0.0
7c17ae4f-a532-43e1-b2ba-182858b077f1,coughvid_data/7c17ae4f-a532-43e1-b2ba-182858b077f1.wav,coughvid_data/7c17ae4f-a532-43e1-b2ba-182858b077f1.wav,1.0
c10bf7d6-ea49-402f-957c-f490154c96d8,coughvid_data/c10bf7d6-ea49-402f-957c-f490154c96d8.wav,coughvid_data/c10bf7d6-ea49-402f-957c-f490154c96d8.wav,1.0
ac06d5d9-73c2-4be3-a9e3-6d5733ac3f94,coughvid_data/ac06d5d9-73c2-4be3-a9e3-6d5733ac3f94.wav,coughvid_data/ac06d5d9-73c2-4be3-a9e3-6d5733ac3f94.wav,1.0
6accb49d-dc17-462a-9184-39cf4c93072a,coughvid_data/6accb49d-dc17-462a-9184-39cf4c93072a.wav,coughvid_data/6accb49d-dc17-462a-9184-39cf4c93072a.wav,1.0
ea8024e7-cefa-4b85-81a9-7109ccb0b99e,coughvid_data/ea8024e7-cefa-4b85-81a9-7109ccb0b99e.wav,coughvid_data/ea8024e7-cefa-4b85-81a9-7109ccb0b99e.wav,0.0
ae219bf3-a88d-4dc6-93f8-290f0fde6b26,coughvid_data/ae219bf3-a88d-4dc6-93f8-290f0fde6b26.wav,coughvid_data/ae219bf3-a88d-4dc6-93f8-290f0fde6b26.wav,0.0
1d5e97d1-bdd7-46a9-b3f6-1ead38401053,coughvid_data/1d5e97d1-bdd7-46a9-b3f6-1ead38401053.wav,coughvid_data/1d5e97d1-bdd7-46a9-b3f6-1ead38401053.wav,1.0
d6c13cd8-f41d-4eee-89c2-ed584138286f,coughvid_data/d6c13cd8-f41d-4eee-89c2-ed584138286f.wav,coughvid_data/d6c13cd8-f41d-4eee-89c2-ed584138286f.wav,0.0
ee10dc6f-9eec-4e03-b49c-f8b7f868efa6,coughvid_data/ee10dc6f-9eec-4e03-b49c-f8b7f868efa6.wav,coughvid_data/ee10dc6f-9eec-4e03-b49c-f8b7f868efa6.wav,0.0
a9052703-e72a-469e-a984-3ce77dad83c5,coughvid_data/a9052703-e72a-469e-a984-3ce77dad83c5.wav,coughvid_data/a9052703-e72a-469e-a984-3ce77dad83c5.wav,0.0
9784e3ec-d8e1-40f0-8534-9f9654e7d43d,coughvid_data/9784e3ec-d8e1-40f0-8534-9f9654e7d43d.wav,coughvid_data/9784e3ec-d8e1-40f0-8534-9f9654e7d43d.wav,1.0
8b624f5d-8e19-4390-91de-a3699550696e,coughvid_data/8b624f5d-8e19-4390-91de-a3699550696e.wav,coughvid_data/8b624f5d-8e19-4390-91de-a3699550696e.wav,0.0
60e7818e-0276-4616-8378-91e6b68127cf,coughvid_data/60e7818e-0276-4616-8378-91e6b68127cf.wav,coughvid_data/60e7818e-0276-4616-8378-91e6b68127cf.wav,1.0
fd2d88e2-044d-4222-9279-a198ea904493,coughvid_data/fd2d88e2-044d-4222-9279-a198ea904493.wav,coughvid_data/fd2d88e2-044d-4222-9279-a198ea904493.wav,0.0
87837b90-3774-4585-8866-c3ef7fb06c3f,coughvid_data/87837b90-3774-4585-8866-c3ef7fb06c3f.wav,coughvid_data/87837b90-3774-4585-8866-c3ef7fb06c3f.wav,1.0
665faa05-ae41-4f80-9532-48ae6946a474,coughvid_data/665faa05-ae41-4f80-9532-48ae6946a474.wav,coughvid_data/665faa05-ae41-4f80-9532-48ae6946a474.wav,0.0
4aae44e0-e161-480b-8154-700081c7b6b6,coughvid_data/4aae44e0-e161-480b-8154-700081c7b6b6.wav,coughvid_data/4aae44e0-e161-480b-8154-700081c7b6b6.wav,1.0
9e949ada-abdf-41f2-8d03-bbd3d1ea4754,coughvid_data/9e949ada-abdf-41f2-8d03-bbd3d1ea4754.wav,coughvid_data/9e949ada-abdf-41f2-8d03-bbd3d1ea4754.wav,1.0
346cef53-db77-427c-8289-22ac6a21fc44,coughvid_data/346cef53-db77-427c-8289-22ac6a21fc44.wav,coughvid_data/346cef53-db77-427c-8289-22ac6a21fc44.wav,1.0
73a4c167-1e50-4884-be68-70f3cd9ea1d8,coughvid_data/73a4c167-1e50-4884-be68-70f3cd9ea1d8.wav,coughvid_data/73a4c167-1e50-4884-be68-70f3cd9ea1d8.wav,1.0
5b2342d2-01f8-4ad7-bf13-217601cd3c13,coughvid_data/5b2342d2-01f8-4ad7-bf13-217601cd3c13.wav,coughvid_data/5b2342d2-01f8-4ad7-bf13-217601cd3c13.wav,1.0
52cb95e0-ec68-4248-9d13-776b3e0d2857,coughvid_data/52cb95e0-ec68-4248-9d13-776b3e0d2857.wav,coughvid_data/52cb95e0-ec68-4248-9d13-776b3e0d2857.wav,0.0
a0bd7465-ae76-40cd-903b-3591ed9595db,coughvid_data/a0bd7465-ae76-40cd-903b-3591ed9595db.wav,coughvid_data/a0bd7465-ae76-40cd-903b-3591ed9595db.wav,1.0
030479e5-741a-4b7c-9f54-e2830b1086ef,coughvid_data/030479e5-741a-4b7c-9f54-e2830b1086ef.wav,coughvid_data/030479e5-741a-4b7c-9f54-e2830b1086ef.wav,0.0
7fcebe80-22c4-4ced-ae42-bf7cd72351e7,coughvid_data/7fcebe80-22c4-4ced-ae42-bf7cd72351e7.wav,coughvid_data/7fcebe80-22c4-4ced-ae42-bf7cd72351e7.wav,1.0
d5c3b7ae-d6d2-4313-87a7-7e6a1256d6a9,coughvid_data/d5c3b7ae-d6d2-4313-87a7-7e6a1256d6a9.wav,coughvid_data/d5c3b7ae-d6d2-4313-87a7-7e6a1256d6a9.wav,1.0
28f2f017-e622-4859-9024-60d04a39551c,coughvid_data/28f2f017-e622-4859-9024-60d04a39551c.wav,coughvid_data/28f2f017-e622-4859-9024-60d04a39551c.wav,1.0
887e5b4b-2d1b-42b8-9f75-90ef0c7b2b8b,coughvid_data/887e5b4b-2d1b-42b8-9f75-90ef0c7b2b8b.wav,coughvid_data/887e5b4b-2d1b-42b8-9f75-90ef0c7b2b8b.wav,0.0
d600849f-7dc6-4ec6-8eed-a8a863ceff3b,coughvid_data/d600849f-7dc6-4ec6-8eed-a8a863ceff3b.wav,coughvid_data/d600849f-7dc6-4ec6-8eed-a8a863ceff3b.wav,0.0
65ba1f8c-b528-425e-b55f-2e132638fa39,coughvid_data/65ba1f8c-b528-425e-b55f-2e132638fa39.wav,coughvid_data/65ba1f8c-b528-425e-b55f-2e132638fa39.wav,1.0
aac586b7-846e-4546-86e4-ad1174906149,coughvid_data/aac586b7-846e-4546-86e4-ad1174906149.wav,coughvid_data/aac586b7-846e-4546-86e4-ad1174906149.wav,0.0
49c952bf-0654-4baa-a67f-363745f146de,coughvid_data/49c952bf-0654-4baa-a67f-363745f146de.wav,coughvid_data/49c952bf-0654-4baa-a67f-363745f146de.wav,1.0
21b37c24-48b6-45b7-b9fa-b82ead5aadd2,coughvid_data/21b37c24-48b6-45b7-b9fa-b82ead5aadd2.wav,coughvid_data/21b37c24-48b6-45b7-b9fa-b82ead5aadd2.wav,0.0
a781fcbe-5f83-4a2d-89de-fbbbfa9c5e27,coughvid_data/a781fcbe-5f83-4a2d-89de-fbbbfa9c5e27.wav,coughvid_data/a781fcbe-5f83-4a2d-89de-fbbbfa9c5e27.wav,0.0
05752eb9-5da5-4068-97e5-1b7c96f9bbb3,coughvid_data/05752eb9-5da5-4068-97e5-1b7c96f9bbb3.wav,coughvid_data/05752eb9-5da5-4068-97e5-1b7c96f9bbb3.wav,0.0
a309535e-8064-483e-9159-d246d64b8e61,coughvid_data/a309535e-8064-483e-9159-d246d64b8e61.wav,coughvid_data/a309535e-8064-483e-9159-d246d64b8e61.wav,1.0
261ba795-7e12-4129-8671-7dde899cfc3f,coughvid_data/261ba795-7e12-4129-8671-7dde899cfc3f.wav,coughvid_data/261ba795-7e12-4129-8671-7dde899cfc3f.wav,1.0
b5ec57dd-28bb-428d-a420-6617f7749a9a,coughvid_data/b5ec57dd-28bb-428d-a420-6617f7749a9a.wav,coughvid_data/b5ec57dd-28bb-428d-a420-6617f7749a9a.wav,1.0
9781627a-4fec-45d5-8e38-9f69f33b74e8,coughvid_data/9781627a-4fec-45d5-8e38-9f69f33b74e8.wav,coughvid_data/9781627a-4fec-45d5-8e38-9f69f33b74e8.wav,0.0
24f7177c-c147-4ea8-9a9e-6f273d4f6fe4,coughvid_data/24f7177c-c147-4ea8-9a9e-6f273d4f6fe4.wav,coughvid_data/24f7177c-c147-4ea8-9a9e-6f273d4f6fe4.wav,1.0
668bf940-8958-434c-912f-e35393b1b059,coughvid_data/668bf940-8958-434c-912f-e35393b1b059.wav,coughvid_data/668bf940-8958-434c-912f-e35393b1b059.wav,1.0
4e17f9d6-8741-4518-85f6-c3601b7b63f9,coughvid_data/4e17f9d6-8741-4518-85f6-c3601b7b63f9.wav,coughvid_data/4e17f9d6-8741-4518-85f6-c3601b7b63f9.wav,1.0
b9f111b5-57e5-4128-953c-88670eaf311b,coughvid_data/b9f111b5-57e5-4128-953c-88670eaf311b.wav,coughvid_data/b9f111b5-57e5-4128-953c-88670eaf311b.wav,1.0
4bf16b3f-d56d-4a0b-a90f-a0f671888206,coughvid_data/4bf16b3f-d56d-4a0b-a90f-a0f671888206.wav,coughvid_data/4bf16b3f-d56d-4a0b-a90f-a0f671888206.wav,1.0
98ba7a83-10c4-44f1-b673-94bb5ba3c81e,coughvid_data/98ba7a83-10c4-44f1-b673-94bb5ba3c81e.wav,coughvid_data/98ba7a83-10c4-44f1-b673-94bb5ba3c81e.wav,0.0
f9328b47-1943-4dea-a54a-18cc3c5d06e4,coughvid_data/f9328b47-1943-4dea-a54a-18cc3c5d06e4.wav,coughvid_data/f9328b47-1943-4dea-a54a-18cc3c5d06e4.wav,1.0
aa20fec7-7836-4bc3-a588-b2eb917f528a,coughvid_data/aa20fec7-7836-4bc3-a588-b2eb917f528a.wav,coughvid_data/aa20fec7-7836-4bc3-a588-b2eb917f528a.wav,1.0
8f402793-ced2-4d55-b8f8-c5ee774f66f0,coughvid_data/8f402793-ced2-4d55-b8f8-c5ee774f66f0.wav,coughvid_data/8f402793-ced2-4d55-b8f8-c5ee774f66f0.wav,1.0
7ec68310-6e7e-4029-b711-78ee518acd77,coughvid_data/7ec68310-6e7e-4029-b711-78ee518acd77.wav,coughvid_data/7ec68310-6e7e-4029-b711-78ee518acd77.wav,1.0
87e973e0-a2d2-47f1-a763-1a4618694c14,coughvid_data/87e973e0-a2d2-47f1-a763-1a4618694c14.wav,coughvid_data/87e973e0-a2d2-47f1-a763-1a4618694c14.wav,1.0
f9348ad3-414d-45e6-9283-87025dc3eb8d,coughvid_data/f9348ad3-414d-45e6-9283-87025dc3eb8d.wav,coughvid_data/f9348ad3-414d-45e6-9283-87025dc3eb8d.wav,1.0
046545bc-7f2c-4425-9be2-ffc22bba515e,coughvid_data/046545bc-7f2c-4425-9be2-ffc22bba515e.wav,coughvid_data/046545bc-7f2c-4425-9be2-ffc22bba515e.wav,1.0
8c86f251-6127-480c-9b83-e3840bdc6079,coughvid_data/8c86f251-6127-480c-9b83-e3840bdc6079.wav,coughvid_data/8c86f251-6127-480c-9b83-e3840bdc6079.wav,0.0
1092fc33-22af-4d14-8112-9389440fc84e,coughvid_data/1092fc33-22af-4d14-8112-9389440fc84e.wav,coughvid_data/1092fc33-22af-4d14-8112-9389440fc84e.wav,0.0
e659824f-fb7b-4b6b-86da-5c629e1ce0fd,coughvid_data/e659824f-fb7b-4b6b-86da-5c629e1ce0fd.wav,coughvid_data/e659824f-fb7b-4b6b-86da-5c629e1ce0fd.wav,1.0
44b01bbb-8ea8-41ab-abbe-f397afc01e8d,coughvid_data/44b01bbb-8ea8-41ab-abbe-f397afc01e8d.wav,coughvid_data/44b01bbb-8ea8-41ab-abbe-f397afc01e8d.wav,0.0
3c1fc0db-4010-4831-93d9-7338aa9c4c5f,coughvid_data/3c1fc0db-4010-4831-93d9-7338aa9c4c5f.wav,coughvid_data/3c1fc0db-4010-4831-93d9-7338aa9c4c5f.wav,1.0
ba4d2e99-5785-4644-9985-03a95dc77109,coughvid_data/ba4d2e99-5785-4644-9985-03a95dc77109.wav,coughvid_data/ba4d2e99-5785-4644-9985-03a95dc77109.wav,1.0
21a5686e-089c-4f49-bb38-2f4b3dff7637,coughvid_data/21a5686e-089c-4f49-bb38-2f4b3dff7637.wav,coughvid_data/21a5686e-089c-4f49-bb38-2f4b3dff7637.wav,0.0
83c90c0f-3d84-4b60-b422-2b64630d9f7d,coughvid_data/83c90c0f-3d84-4b60-b422-2b64630d9f7d.wav,coughvid_data/83c90c0f-3d84-4b60-b422-2b64630d9f7d.wav,1.0
fe9fcf26-c375-4077-b8ed-ddb404361cdf,coughvid_data/fe9fcf26-c375-4077-b8ed-ddb404361cdf.wav,coughvid_data/fe9fcf26-c375-4077-b8ed-ddb404361cdf.wav,0.0
82d11b5c-d4d3-4ac5-b47d-83cd5d66c665,coughvid_data/82d11b5c-d4d3-4ac5-b47d-83cd5d66c665.wav,coughvid_data/82d11b5c-d4d3-4ac5-b47d-83cd5d66c665.wav,0.0
565a6ad4-6072-4b54-8c98-a5dd4b821ace,coughvid_data/565a6ad4-6072-4b54-8c98-a5dd4b821ace.wav,coughvid_data/565a6ad4-6072-4b54-8c98-a5dd4b821ace.wav,0.0
26ac0d3d-275f-4250-9e7f-14cbdfafd015,coughvid_data/26ac0d3d-275f-4250-9e7f-14cbdfafd015.wav,coughvid_data/26ac0d3d-275f-4250-9e7f-14cbdfafd015.wav,0.0
af2a6b3e-841c-4bf7-9682-e641966d2b8c,coughvid_data/af2a6b3e-841c-4bf7-9682-e641966d2b8c.wav,coughvid_data/af2a6b3e-841c-4bf7-9682-e641966d2b8c.wav,0.0
b0cb89ec-3225-41c5-b6da-57dc616a18c9,coughvid_data/b0cb89ec-3225-41c5-b6da-57dc616a18c9.wav,coughvid_data/b0cb89ec-3225-41c5-b6da-57dc616a18c9.wav,0.0
ba17a577-b9d0-42b1-905f-b5960f4e655d,coughvid_data/ba17a577-b9d0-42b1-905f-b5960f4e655d.wav,coughvid_data/ba17a577-b9d0-42b1-905f-b5960f4e655d.wav,0.0
c3543039-3882-4a95-be33-66528e4ba524,coughvid_data/c3543039-3882-4a95-be33-66528e4ba524.wav,coughvid_data/c3543039-3882-4a95-be33-66528e4ba524.wav,0.0
1ef5b4fb-7740-4ef6-9c10-e33e7da97123,coughvid_data/1ef5b4fb-7740-4ef6-9c10-e33e7da97123.wav,coughvid_data/1ef5b4fb-7740-4ef6-9c10-e33e7da97123.wav,0.0
aef1a58d-6115-4895-830b-28b76dd5b29a,coughvid_data/aef1a58d-6115-4895-830b-28b76dd5b29a.wav,coughvid_data/aef1a58d-6115-4895-830b-28b76dd5b29a.wav,0.0
7390a0b7-5c8c-4522-83a4-3aaf50a553e2,coughvid_data/7390a0b7-5c8c-4522-83a4-3aaf50a553e2.wav,coughvid_data/7390a0b7-5c8c-4522-83a4-3aaf50a553e2.wav,0.0
1b27c12a-1c30-4c8b-a39b-134aa50355b2,coughvid_data/1b27c12a-1c30-4c8b-a39b-134aa50355b2.wav,coughvid_data/1b27c12a-1c30-4c8b-a39b-134aa50355b2.wav,0.0
b22f8d58-6d85-4925-b8ab-979850fa0329,coughvid_data/b22f8d58-6d85-4925-b8ab-979850fa0329.wav,coughvid_data/b22f8d58-6d85-4925-b8ab-979850fa0329.wav,0.0
8e792933-f6ff-4b3d-b20b-d52fb4612873,coughvid_data/8e792933-f6ff-4b3d-b20b-d52fb4612873.wav,coughvid_data/8e792933-f6ff-4b3d-b20b-d52fb4612873.wav,1.0
980be57b-b54c-4e5e-871f-41ef7785dae5,coughvid_data/980be57b-b54c-4e5e-871f-41ef7785dae5.wav,coughvid_data/980be57b-b54c-4e5e-871f-41ef7785dae5.wav,1.0
56103b3c-1fa5-4b1a-9367-4951e0e63cf6,coughvid_data/56103b3c-1fa5-4b1a-9367-4951e0e63cf6.wav,coughvid_data/56103b3c-1fa5-4b1a-9367-4951e0e63cf6.wav,1.0
28f45db7-8899-4d87-a8a2-d75dbaced3d6,coughvid_data/28f45db7-8899-4d87-a8a2-d75dbaced3d6.wav,coughvid_data/28f45db7-8899-4d87-a8a2-d75dbaced3d6.wav,0.0
688944ad-9036-4388-a5bb-b25c58373bdb,coughvid_data/688944ad-9036-4388-a5bb-b25c58373bdb.wav,coughvid_data/688944ad-9036-4388-a5bb-b25c58373bdb.wav,0.0
fc9f2448-d352-4d8f-82d0-c52bc683bb6e,coughvid_data/fc9f2448-d352-4d8f-82d0-c52bc683bb6e.wav,coughvid_data/fc9f2448-d352-4d8f-82d0-c52bc683bb6e.wav,1.0
4383beb9-d8c4-466b-8cb4-0f44259dc7bd,coughvid_data/4383beb9-d8c4-466b-8cb4-0f44259dc7bd.wav,coughvid_data/4383beb9-d8c4-466b-8cb4-0f44259dc7bd.wav,0.0
1bb7ae07-e52e-41f2-9155-de4b5875f8a3,coughvid_data/1bb7ae07-e52e-41f2-9155-de4b5875f8a3.wav,coughvid_data/1bb7ae07-e52e-41f2-9155-de4b5875f8a3.wav,0.0
13c7a8c6-ac0f-49eb-b93a-2b1cf74894f5,coughvid_data/13c7a8c6-ac0f-49eb-b93a-2b1cf74894f5.wav,coughvid_data/13c7a8c6-ac0f-49eb-b93a-2b1cf74894f5.wav,1.0
8c99d185-923a-4bfb-95c7-c442a17cd8fb,coughvid_data/8c99d185-923a-4bfb-95c7-c442a17cd8fb.wav,coughvid_data/8c99d185-923a-4bfb-95c7-c442a17cd8fb.wav,1.0
de62c420-9922-44d5-b004-711e84a2223c,coughvid_data/de62c420-9922-44d5-b004-711e84a2223c.wav,coughvid_data/de62c420-9922-44d5-b004-711e84a2223c.wav,0.0
a98563e8-49aa-4af0-b206-17198d830b53,coughvid_data/a98563e8-49aa-4af0-b206-17198d830b53.wav,coughvid_data/a98563e8-49aa-4af0-b206-17198d830b53.wav,0.0
17e61b73-e3f5-4767-b1b1-c68b7b7e40bb,coughvid_data/17e61b73-e3f5-4767-b1b1-c68b7b7e40bb.wav,coughvid_data/17e61b73-e3f5-4767-b1b1-c68b7b7e40bb.wav,0.0
9cfc3d6f-5d9c-47db-8840-7e246d2fb5da,coughvid_data/9cfc3d6f-5d9c-47db-8840-7e246d2fb5da.wav,coughvid_data/9cfc3d6f-5d9c-47db-8840-7e246d2fb5da.wav,0.0
9dc04811-4753-451a-8e29-32b056d797cb,coughvid_data/9dc04811-4753-451a-8e29-32b056d797cb.wav,coughvid_data/9dc04811-4753-451a-8e29-32b056d797cb.wav,0.0
0117f362-03e6-4176-8d39-40506817f73c,coughvid_data/0117f362-03e6-4176-8d39-40506817f73c.wav,coughvid_data/0117f362-03e6-4176-8d39-40506817f73c.wav,0.0
dce256b3-f36f-48a4-a034-69afaccffd53,coughvid_data/dce256b3-f36f-48a4-a034-69afaccffd53.wav,coughvid_data/dce256b3-f36f-48a4-a034-69afaccffd53.wav,0.0
87b83129-8c25-4211-91bc-d01f87f8c9fd,coughvid_data/87b83129-8c25-4211-91bc-d01f87f8c9fd.wav,coughvid_data/87b83129-8c25-4211-91bc-d01f87f8c9fd.wav,0.0
522b0923-a528-47d9-8905-ececf13c65e0,coughvid_data/522b0923-a528-47d9-8905-ececf13c65e0.wav,coughvid_data/522b0923-a528-47d9-8905-ececf13c65e0.wav,1.0
bc24d4d9-b66b-4429-8228-6645de25622f,coughvid_data/bc24d4d9-b66b-4429-8228-6645de25622f.wav,coughvid_data/bc24d4d9-b66b-4429-8228-6645de25622f.wav,1.0
43475da0-cd4b-434f-b4d2-a0313952385a,coughvid_data/43475da0-cd4b-434f-b4d2-a0313952385a.wav,coughvid_data/43475da0-cd4b-434f-b4d2-a0313952385a.wav,0.0
85b6f275-7a20-4a77-b1c9-55462810328e,coughvid_data/85b6f275-7a20-4a77-b1c9-55462810328e.wav,coughvid_data/85b6f275-7a20-4a77-b1c9-55462810328e.wav,0.0
b091d1bb-f4f6-483c-8627-f46bf73dcd68,coughvid_data/b091d1bb-f4f6-483c-8627-f46bf73dcd68.wav,coughvid_data/b091d1bb-f4f6-483c-8627-f46bf73dcd68.wav,0.0
915ee983-6956-4513-b816-292ead5018e1,coughvid_data/915ee983-6956-4513-b816-292ead5018e1.wav,coughvid_data/915ee983-6956-4513-b816-292ead5018e1.wav,1.0
30cdf853-0310-4bd4-b7fa-621a78fe372b,coughvid_data/30cdf853-0310-4bd4-b7fa-621a78fe372b.wav,coughvid_data/30cdf853-0310-4bd4-b7fa-621a78fe372b.wav,0.0
d1a6aec2-ff83-4c89-9d85-6be0360db1ef,coughvid_data/d1a6aec2-ff83-4c89-9d85-6be0360db1ef.wav,coughvid_data/d1a6aec2-ff83-4c89-9d85-6be0360db1ef.wav,0.0
f30009b9-aeca-4e75-ba3e-66e7a83f4ffb,coughvid_data/f30009b9-aeca-4e75-ba3e-66e7a83f4ffb.wav,coughvid_data/f30009b9-aeca-4e75-ba3e-66e7a83f4ffb.wav,0.0
bfc3dbf6-8b86-45a5-9513-0d689b50b686,coughvid_data/bfc3dbf6-8b86-45a5-9513-0d689b50b686.wav,coughvid_data/bfc3dbf6-8b86-45a5-9513-0d689b50b686.wav,1.0
3ff43595-47b8-4b6e-bca0-8438fe38f293,coughvid_data/3ff43595-47b8-4b6e-bca0-8438fe38f293.wav,coughvid_data/3ff43595-47b8-4b6e-bca0-8438fe38f293.wav,0.0
b12d98ad-caa1-4630-b7d8-cf79f1e0a618,coughvid_data/b12d98ad-caa1-4630-b7d8-cf79f1e0a618.wav,coughvid_data/b12d98ad-caa1-4630-b7d8-cf79f1e0a618.wav,1.0
7d9c592b-9429-4262-8690-3494e29da15f,coughvid_data/7d9c592b-9429-4262-8690-3494e29da15f.wav,coughvid_data/7d9c592b-9429-4262-8690-3494e29da15f.wav,0.0
9bff9243-b497-4964-9961-fd5a226a85dc,coughvid_data/9bff9243-b497-4964-9961-fd5a226a85dc.wav,coughvid_data/9bff9243-b497-4964-9961-fd5a226a85dc.wav,0.0
1a126d3b-b2f1-4abb-ab15-bfeb05d0fa5b,coughvid_data/1a126d3b-b2f1-4abb-ab15-bfeb05d0fa5b.wav,coughvid_data/1a126d3b-b2f1-4abb-ab15-bfeb05d0fa5b.wav,0.0
aee2c787-533a-4adb-b7d6-63b88942f528,coughvid_data/aee2c787-533a-4adb-b7d6-63b88942f528.wav,coughvid_data/aee2c787-533a-4adb-b7d6-63b88942f528.wav,1.0
33385310-2202-41c5-8c5d-941c1afffb20,coughvid_data/33385310-2202-41c5-8c5d-941c1afffb20.wav,coughvid_data/33385310-2202-41c5-8c5d-941c1afffb20.wav,1.0
f1e01206-3362-412f-8025-fb07ca64b1d7,coughvid_data/f1e01206-3362-412f-8025-fb07ca64b1d7.wav,coughvid_data/f1e01206-3362-412f-8025-fb07ca64b1d7.wav,1.0
2f8b082a-9393-40c5-86e7-8d104cc449df,coughvid_data/2f8b082a-9393-40c5-86e7-8d104cc449df.wav,coughvid_data/2f8b082a-9393-40c5-86e7-8d104cc449df.wav,1.0
042db93b-61f6-4a2f-9780-a7225cf0efa2,coughvid_data/042db93b-61f6-4a2f-9780-a7225cf0efa2.wav,coughvid_data/042db93b-61f6-4a2f-9780-a7225cf0efa2.wav,0.0
5ba4150c-229e-4b0e-aa10-bfdd2fe808fc,coughvid_data/5ba4150c-229e-4b0e-aa10-bfdd2fe808fc.wav,coughvid_data/5ba4150c-229e-4b0e-aa10-bfdd2fe808fc.wav,0.0
aacf5eca-c432-4b7f-8505-b795bed0e78d,coughvid_data/aacf5eca-c432-4b7f-8505-b795bed0e78d.wav,coughvid_data/aacf5eca-c432-4b7f-8505-b795bed0e78d.wav,0.0
ad3dd7d6-735f-4f57-bff1-908dc31160a6,coughvid_data/ad3dd7d6-735f-4f57-bff1-908dc31160a6.wav,coughvid_data/ad3dd7d6-735f-4f57-bff1-908dc31160a6.wav,0.0
28aeb088-24a1-4926-a0a1-046f0e97ffa5,coughvid_data/28aeb088-24a1-4926-a0a1-046f0e97ffa5.wav,coughvid_data/28aeb088-24a1-4926-a0a1-046f0e97ffa5.wav,1.0
2b9a005d-4b3d-4297-97cb-7b2f5f81c8e7,coughvid_data/2b9a005d-4b3d-4297-97cb-7b2f5f81c8e7.wav,coughvid_data/2b9a005d-4b3d-4297-97cb-7b2f5f81c8e7.wav,1.0
db3f9b3d-44c4-43d7-ac0e-6a37051799dc,coughvid_data/db3f9b3d-44c4-43d7-ac0e-6a37051799dc.wav,coughvid_data/db3f9b3d-44c4-43d7-ac0e-6a37051799dc.wav,0.0
47932ba7-05fb-444d-8437-1452ad859020,coughvid_data/47932ba7-05fb-444d-8437-1452ad859020.wav,coughvid_data/47932ba7-05fb-444d-8437-1452ad859020.wav,1.0
8e4a5f37-6785-4c09-a1ec-9c824fbeb126,coughvid_data/8e4a5f37-6785-4c09-a1ec-9c824fbeb126.wav,coughvid_data/8e4a5f37-6785-4c09-a1ec-9c824fbeb126.wav,0.0
d6f624cb-757b-441c-bf5f-e22dc914277b,coughvid_data/d6f624cb-757b-441c-bf5f-e22dc914277b.wav,coughvid_data/d6f624cb-757b-441c-bf5f-e22dc914277b.wav,1.0
9da8a931-56cb-41d7-b48e-f8a139fdb968,coughvid_data/9da8a931-56cb-41d7-b48e-f8a139fdb968.wav,coughvid_data/9da8a931-56cb-41d7-b48e-f8a139fdb968.wav,1.0
4d806c59-3211-49fd-9359-5ae88a49c4d6,coughvid_data/4d806c59-3211-49fd-9359-5ae88a49c4d6.wav,coughvid_data/4d806c59-3211-49fd-9359-5ae88a49c4d6.wav,1.0
054881f8-340c-4e3a-b8f3-f62c791e19a6,coughvid_data/054881f8-340c-4e3a-b8f3-f62c791e19a6.wav,coughvid_data/054881f8-340c-4e3a-b8f3-f62c791e19a6.wav,0.0
c39989df-2535-414d-9997-862d7eb7538b,coughvid_data/c39989df-2535-414d-9997-862d7eb7538b.wav,coughvid_data/c39989df-2535-414d-9997-862d7eb7538b.wav,1.0
e84d8759-b30f-48fb-95d2-5a5768d9469c,coughvid_data/e84d8759-b30f-48fb-95d2-5a5768d9469c.wav,coughvid_data/e84d8759-b30f-48fb-95d2-5a5768d9469c.wav,0.0
2fb9e295-bb72-4596-968c-dae04c523b68,coughvid_data/2fb9e295-bb72-4596-968c-dae04c523b68.wav,coughvid_data/2fb9e295-bb72-4596-968c-dae04c523b68.wav,1.0
257febbd-f54d-4286-b3fc-33d664e98778,coughvid_data/257febbd-f54d-4286-b3fc-33d664e98778.wav,coughvid_data/257febbd-f54d-4286-b3fc-33d664e98778.wav,1.0
045fc748-ffdb-444a-a65b-8938ab1e553d,coughvid_data/045fc748-ffdb-444a-a65b-8938ab1e553d.wav,coughvid_data/045fc748-ffdb-444a-a65b-8938ab1e553d.wav,0.0
ba510a4d-c6a2-45a1-98d4-347d55df070d,coughvid_data/ba510a4d-c6a2-45a1-98d4-347d55df070d.wav,coughvid_data/ba510a4d-c6a2-45a1-98d4-347d55df070d.wav,1.0
057c961c-d916-4a91-930c-704da93d6a1a,coughvid_data/057c961c-d916-4a91-930c-704da93d6a1a.wav,coughvid_data/057c961c-d916-4a91-930c-704da93d6a1a.wav,0.0
b1a34599-6180-4d7b-b9c0-662d180a2dad,coughvid_data/b1a34599-6180-4d7b-b9c0-662d180a2dad.wav,coughvid_data/b1a34599-6180-4d7b-b9c0-662d180a2dad.wav,0.0
2ced14d4-9812-4fd9-a2eb-c195cdbf0059,coughvid_data/2ced14d4-9812-4fd9-a2eb-c195cdbf0059.wav,coughvid_data/2ced14d4-9812-4fd9-a2eb-c195cdbf0059.wav,1.0
cdd41fa9-6857-4011-99d1-8a35d7bfc25c,coughvid_data/cdd41fa9-6857-4011-99d1-8a35d7bfc25c.wav,coughvid_data/cdd41fa9-6857-4011-99d1-8a35d7bfc25c.wav,0.0
17d22d57-0736-414f-a350-0d695d4b5135,coughvid_data/17d22d57-0736-414f-a350-0d695d4b5135.wav,coughvid_data/17d22d57-0736-414f-a350-0d695d4b5135.wav,0.0
07002f60-5d29-43e2-9ecc-7b324ee344c6,coughvid_data/07002f60-5d29-43e2-9ecc-7b324ee344c6.wav,coughvid_data/07002f60-5d29-43e2-9ecc-7b324ee344c6.wav,1.0
1e83250c-03bd-47b1-8631-21e7c3431ec1,coughvid_data/1e83250c-03bd-47b1-8631-21e7c3431ec1.wav,coughvid_data/1e83250c-03bd-47b1-8631-21e7c3431ec1.wav,0.0
f27062e2-927f-4a86-bcdc-685178eb6dff,coughvid_data/f27062e2-927f-4a86-bcdc-685178eb6dff.wav,coughvid_data/f27062e2-927f-4a86-bcdc-685178eb6dff.wav,1.0
d89232a8-8662-4904-a49e-49d60329543b,coughvid_data/d89232a8-8662-4904-a49e-49d60329543b.wav,coughvid_data/d89232a8-8662-4904-a49e-49d60329543b.wav,1.0
d334df6a-c470-4a7f-bcfa-581b0f49836c,coughvid_data/d334df6a-c470-4a7f-bcfa-581b0f49836c.wav,coughvid_data/d334df6a-c470-4a7f-bcfa-581b0f49836c.wav,1.0
d19c06bc-6909-48e0-9a29-90e2fc4b68af,coughvid_data/d19c06bc-6909-48e0-9a29-90e2fc4b68af.wav,coughvid_data/d19c06bc-6909-48e0-9a29-90e2fc4b68af.wav,0.0
72cccce3-a019-4b87-a062-d4268588a49c,coughvid_data/72cccce3-a019-4b87-a062-d4268588a49c.wav,coughvid_data/72cccce3-a019-4b87-a062-d4268588a49c.wav,1.0
8ea6ea1a-25a0-4d97-a316-918e9dcc6358,coughvid_data/8ea6ea1a-25a0-4d97-a316-918e9dcc6358.wav,coughvid_data/8ea6ea1a-25a0-4d97-a316-918e9dcc6358.wav,0.0
c2eca075-1f61-4525-81e8-9e2706091a39,coughvid_data/c2eca075-1f61-4525-81e8-9e2706091a39.wav,coughvid_data/c2eca075-1f61-4525-81e8-9e2706091a39.wav,1.0
7fe93ce9-f757-4d7d-b511-b84c5b7906bb,coughvid_data/7fe93ce9-f757-4d7d-b511-b84c5b7906bb.wav,coughvid_data/7fe93ce9-f757-4d7d-b511-b84c5b7906bb.wav,0.0
9a453913-1962-4832-94af-9c81914dae13,coughvid_data/9a453913-1962-4832-94af-9c81914dae13.wav,coughvid_data/9a453913-1962-4832-94af-9c81914dae13.wav,1.0
8a394bf9-ed66-4805-ba49-8642225ac0f9,coughvid_data/8a394bf9-ed66-4805-ba49-8642225ac0f9.wav,coughvid_data/8a394bf9-ed66-4805-ba49-8642225ac0f9.wav,0.0
97726d73-4636-42c0-8c9f-21625bb2a076,coughvid_data/97726d73-4636-42c0-8c9f-21625bb2a076.wav,coughvid_data/97726d73-4636-42c0-8c9f-21625bb2a076.wav,1.0
8b745d24-d7df-48b1-bb89-f8a2a8886455,coughvid_data/8b745d24-d7df-48b1-bb89-f8a2a8886455.wav,coughvid_data/8b745d24-d7df-48b1-bb89-f8a2a8886455.wav,1.0
f1419cdc-0b76-4625-b956-e256f5379553,coughvid_data/f1419cdc-0b76-4625-b956-e256f5379553.wav,coughvid_data/f1419cdc-0b76-4625-b956-e256f5379553.wav,1.0
4069e923-36bd-495f-8215-2bf76c28edbc,coughvid_data/4069e923-36bd-495f-8215-2bf76c28edbc.wav,coughvid_data/4069e923-36bd-495f-8215-2bf76c28edbc.wav,0.0
b9d67024-a569-4a37-ad64-ab3cc71e7022,coughvid_data/b9d67024-a569-4a37-ad64-ab3cc71e7022.wav,coughvid_data/b9d67024-a569-4a37-ad64-ab3cc71e7022.wav,0.0
916bba23-8e32-4ce3-9564-a27f574ee8dd,coughvid_data/916bba23-8e32-4ce3-9564-a27f574ee8dd.wav,coughvid_data/916bba23-8e32-4ce3-9564-a27f574ee8dd.wav,1.0
36f75dfb-f497-48fa-b7a0-e70bd1539b6f,coughvid_data/36f75dfb-f497-48fa-b7a0-e70bd1539b6f.wav,coughvid_data/36f75dfb-f497-48fa-b7a0-e70bd1539b6f.wav,0.0
66e717b7-4610-4b08-8f54-1a4181a48378,coughvid_data/66e717b7-4610-4b08-8f54-1a4181a48378.wav,coughvid_data/66e717b7-4610-4b08-8f54-1a4181a48378.wav,0.0
102cb33b-13c3-4b60-a9a2-a67175f6770e,coughvid_data/102cb33b-13c3-4b60-a9a2-a67175f6770e.wav,coughvid_data/102cb33b-13c3-4b60-a9a2-a67175f6770e.wav,1.0
de6c2eaa-887e-4e96-8b30-26a354bf625f,coughvid_data/de6c2eaa-887e-4e96-8b30-26a354bf625f.wav,coughvid_data/de6c2eaa-887e-4e96-8b30-26a354bf625f.wav,1.0
d650bbaa-3924-41e7-a7c8-131c0bb9f4a2,coughvid_data/d650bbaa-3924-41e7-a7c8-131c0bb9f4a2.wav,coughvid_data/d650bbaa-3924-41e7-a7c8-131c0bb9f4a2.wav,0.0
9e403f83-30f1-4794-b3ab-c8fa051f7e58,coughvid_data/9e403f83-30f1-4794-b3ab-c8fa051f7e58.wav,coughvid_data/9e403f83-30f1-4794-b3ab-c8fa051f7e58.wav,1.0
3e7c57bc-d5f8-41f8-aace-d111f010ce0e,coughvid_data/3e7c57bc-d5f8-41f8-aace-d111f010ce0e.wav,coughvid_data/3e7c57bc-d5f8-41f8-aace-d111f010ce0e.wav,1.0
45c1ba2d-406f-4a0d-9d79-734a22d306d6,coughvid_data/45c1ba2d-406f-4a0d-9d79-734a22d306d6.wav,coughvid_data/45c1ba2d-406f-4a0d-9d79-734a22d306d6.wav,1.0
815e6c62-14e4-4d0c-a234-d966c4641def,coughvid_data/815e6c62-14e4-4d0c-a234-d966c4641def.wav,coughvid_data/815e6c62-14e4-4d0c-a234-d966c4641def.wav,0.0
833dba03-82f6-4644-bca2-9ee07f5077ec,coughvid_data/833dba03-82f6-4644-bca2-9ee07f5077ec.wav,coughvid_data/833dba03-82f6-4644-bca2-9ee07f5077ec.wav,0.0
673b7c00-4dde-4c35-95bf-9bd87191da71,coughvid_data/673b7c00-4dde-4c35-95bf-9bd87191da71.wav,coughvid_data/673b7c00-4dde-4c35-95bf-9bd87191da71.wav,1.0
ea70e314-5f44-4741-bcb9-626bd523f68c,coughvid_data/ea70e314-5f44-4741-bcb9-626bd523f68c.wav,coughvid_data/ea70e314-5f44-4741-bcb9-626bd523f68c.wav,0.0
7a222f35-cc21-4085-8202-059ef3ee15d3,coughvid_data/7a222f35-cc21-4085-8202-059ef3ee15d3.wav,coughvid_data/7a222f35-cc21-4085-8202-059ef3ee15d3.wav,0.0
30c1f672-b086-4265-9477-bca5c3281c87,coughvid_data/30c1f672-b086-4265-9477-bca5c3281c87.wav,coughvid_data/30c1f672-b086-4265-9477-bca5c3281c87.wav,1.0
009e677f-e0ed-4765-9f9e-db3fff3921a3,coughvid_data/009e677f-e0ed-4765-9f9e-db3fff3921a3.wav,coughvid_data/009e677f-e0ed-4765-9f9e-db3fff3921a3.wav,1.0
b1c0fe07-fa19-4134-a731-cbd4085e8397,coughvid_data/b1c0fe07-fa19-4134-a731-cbd4085e8397.wav,coughvid_data/b1c0fe07-fa19-4134-a731-cbd4085e8397.wav,1.0
9d03a13a-9994-4917-87d1-4d6f40710194,coughvid_data/9d03a13a-9994-4917-87d1-4d6f40710194.wav,coughvid_data/9d03a13a-9994-4917-87d1-4d6f40710194.wav,0.0
6cac0f59-de24-4f7c-b39a-5fdb7a2efc2b,coughvid_data/6cac0f59-de24-4f7c-b39a-5fdb7a2efc2b.wav,coughvid_data/6cac0f59-de24-4f7c-b39a-5fdb7a2efc2b.wav,0.0
f74c0bc5-65ab-417c-b039-563afca97836,coughvid_data/f74c0bc5-65ab-417c-b039-563afca97836.wav,coughvid_data/f74c0bc5-65ab-417c-b039-563afca97836.wav,1.0
79e52518-aa77-41de-b81e-0f07bf3d6375,coughvid_data/79e52518-aa77-41de-b81e-0f07bf3d6375.wav,coughvid_data/79e52518-aa77-41de-b81e-0f07bf3d6375.wav,1.0
c08b63bb-8c1a-45bf-937e-ef7381b1b731,coughvid_data/c08b63bb-8c1a-45bf-937e-ef7381b1b731.wav,coughvid_data/c08b63bb-8c1a-45bf-937e-ef7381b1b731.wav,1.0
ef4c1793-335a-4e6b-8e4e-b87cb7513831,coughvid_data/ef4c1793-335a-4e6b-8e4e-b87cb7513831.wav,coughvid_data/ef4c1793-335a-4e6b-8e4e-b87cb7513831.wav,1.0
e6af9e49-5671-4f91-88a5-b367fc6bdc80,coughvid_data/e6af9e49-5671-4f91-88a5-b367fc6bdc80.wav,coughvid_data/e6af9e49-5671-4f91-88a5-b367fc6bdc80.wav,0.0
9a17a233-733b-4c21-8beb-47b4e4e1ac4a,coughvid_data/9a17a233-733b-4c21-8beb-47b4e4e1ac4a.wav,coughvid_data/9a17a233-733b-4c21-8beb-47b4e4e1ac4a.wav,0.0
a1f69db9-81f4-4a07-9808-dd1c99053125,coughvid_data/a1f69db9-81f4-4a07-9808-dd1c99053125.wav,coughvid_data/a1f69db9-81f4-4a07-9808-dd1c99053125.wav,1.0
f964265c-2f67-406b-b15a-c3daf2728db7,coughvid_data/f964265c-2f67-406b-b15a-c3daf2728db7.wav,coughvid_data/f964265c-2f67-406b-b15a-c3daf2728db7.wav,1.0
652e5d66-3f79-44dd-b4d5-6743531d7212,coughvid_data/652e5d66-3f79-44dd-b4d5-6743531d7212.wav,coughvid_data/652e5d66-3f79-44dd-b4d5-6743531d7212.wav,1.0
d7114c4e-0dc1-42f9-afe7-cc28d62c87fe,coughvid_data/d7114c4e-0dc1-42f9-afe7-cc28d62c87fe.wav,coughvid_data/d7114c4e-0dc1-42f9-afe7-cc28d62c87fe.wav,0.0
ea76e469-5b3a-4d67-8501-6fb8c66fbc08,coughvid_data/ea76e469-5b3a-4d67-8501-6fb8c66fbc08.wav,coughvid_data/ea76e469-5b3a-4d67-8501-6fb8c66fbc08.wav,0.0
6a73c495-0454-4827-b4a7-c969c2aa1e6b,coughvid_data/6a73c495-0454-4827-b4a7-c969c2aa1e6b.wav,coughvid_data/6a73c495-0454-4827-b4a7-c969c2aa1e6b.wav,1.0
9185461d-4280-4cd1-9c9a-23e6440290a4,coughvid_data/9185461d-4280-4cd1-9c9a-23e6440290a4.wav,coughvid_data/9185461d-4280-4cd1-9c9a-23e6440290a4.wav,0.0
84eb2ef7-cb82-459c-91f2-48775e798db1,coughvid_data/84eb2ef7-cb82-459c-91f2-48775e798db1.wav,coughvid_data/84eb2ef7-cb82-459c-91f2-48775e798db1.wav,1.0
ec388fcd-f4cd-4bf7-968d-d485831c4c64,coughvid_data/ec388fcd-f4cd-4bf7-968d-d485831c4c64.wav,coughvid_data/ec388fcd-f4cd-4bf7-968d-d485831c4c64.wav,1.0
a06b8d44-7045-4336-b00c-3d3467b847ec,coughvid_data/a06b8d44-7045-4336-b00c-3d3467b847ec.wav,coughvid_data/a06b8d44-7045-4336-b00c-3d3467b847ec.wav,1.0
16e4a472-4063-43ec-8358-994bca39e366,coughvid_data/16e4a472-4063-43ec-8358-994bca39e366.wav,coughvid_data/16e4a472-4063-43ec-8358-994bca39e366.wav,1.0
24d95dfb-d6a8-4ff9-b117-88a16ee2efa2,coughvid_data/24d95dfb-d6a8-4ff9-b117-88a16ee2efa2.wav,coughvid_data/24d95dfb-d6a8-4ff9-b117-88a16ee2efa2.wav,1.0
253839f3-141b-4c23-91e7-8d659d4add91,coughvid_data/253839f3-141b-4c23-91e7-8d659d4add91.wav,coughvid_data/253839f3-141b-4c23-91e7-8d659d4add91.wav,1.0
5435dee3-3388-418b-b532-d1ace82e046f,coughvid_data/5435dee3-3388-418b-b532-d1ace82e046f.wav,coughvid_data/5435dee3-3388-418b-b532-d1ace82e046f.wav,1.0
0365dc6d-aa38-45e6-baf7-7015810c1555,coughvid_data/0365dc6d-aa38-45e6-baf7-7015810c1555.wav,coughvid_data/0365dc6d-aa38-45e6-baf7-7015810c1555.wav,0.0
1680ab3d-ca65-439b-9db2-eb715bacac3f,coughvid_data/1680ab3d-ca65-439b-9db2-eb715bacac3f.wav,coughvid_data/1680ab3d-ca65-439b-9db2-eb715bacac3f.wav,0.0
d9fb1d7c-a659-4194-831e-1a0110f57215,coughvid_data/d9fb1d7c-a659-4194-831e-1a0110f57215.wav,coughvid_data/d9fb1d7c-a659-4194-831e-1a0110f57215.wav,1.0
a3bfe2d9-7c74-46df-9247-3ba86d69a351,coughvid_data/a3bfe2d9-7c74-46df-9247-3ba86d69a351.wav,coughvid_data/a3bfe2d9-7c74-46df-9247-3ba86d69a351.wav,0.0
cc40f162-5a8e-47de-ab7b-c0e01ce137f9,coughvid_data/cc40f162-5a8e-47de-ab7b-c0e01ce137f9.wav,coughvid_data/cc40f162-5a8e-47de-ab7b-c0e01ce137f9.wav,1.0
fcaefa2f-28c4-4249-8220-c397035d84f9,coughvid_data/fcaefa2f-28c4-4249-8220-c397035d84f9.wav,coughvid_data/fcaefa2f-28c4-4249-8220-c397035d84f9.wav,0.0
6f039b13-05e3-432a-a317-4e8a03e10af6,coughvid_data/6f039b13-05e3-432a-a317-4e8a03e10af6.wav,coughvid_data/6f039b13-05e3-432a-a317-4e8a03e10af6.wav,0.0
e963b6b1-164b-43af-ac4b-cfed702733cc,coughvid_data/e963b6b1-164b-43af-ac4b-cfed702733cc.wav,coughvid_data/e963b6b1-164b-43af-ac4b-cfed702733cc.wav,0.0
7e05e025-a699-417d-80e7-37a302c651ff,coughvid_data/7e05e025-a699-417d-80e7-37a302c651ff.wav,coughvid_data/7e05e025-a699-417d-80e7-37a302c651ff.wav,0.0
e07a29f3-fdd7-4a99-8b68-407a9a67ba78,coughvid_data/e07a29f3-fdd7-4a99-8b68-407a9a67ba78.wav,coughvid_data/e07a29f3-fdd7-4a99-8b68-407a9a67ba78.wav,1.0
65d5113d-6be0-4092-a040-fed826640d89,coughvid_data/65d5113d-6be0-4092-a040-fed826640d89.wav,coughvid_data/65d5113d-6be0-4092-a040-fed826640d89.wav,1.0
dc8ff2c5-e776-4bd1-a358-ff4961c33b83,coughvid_data/dc8ff2c5-e776-4bd1-a358-ff4961c33b83.wav,coughvid_data/dc8ff2c5-e776-4bd1-a358-ff4961c33b83.wav,0.0
da46c7ee-5342-4f0f-8326-fae957cdfcdf,coughvid_data/da46c7ee-5342-4f0f-8326-fae957cdfcdf.wav,coughvid_data/da46c7ee-5342-4f0f-8326-fae957cdfcdf.wav,1.0
2dbaf34a-2d77-40ff-87f2-723114e135b7,coughvid_data/2dbaf34a-2d77-40ff-87f2-723114e135b7.wav,coughvid_data/2dbaf34a-2d77-40ff-87f2-723114e135b7.wav,1.0
26715aab-3836-4a89-94df-5dab3997b44d,coughvid_data/26715aab-3836-4a89-94df-5dab3997b44d.wav,coughvid_data/26715aab-3836-4a89-94df-5dab3997b44d.wav,0.0
81426328-3c98-4396-9e30-4d5746b84310,coughvid_data/81426328-3c98-4396-9e30-4d5746b84310.wav,coughvid_data/81426328-3c98-4396-9e30-4d5746b84310.wav,1.0
4f644e79-4789-4838-b1e6-3f9d9a3bfede,coughvid_data/4f644e79-4789-4838-b1e6-3f9d9a3bfede.wav,coughvid_data/4f644e79-4789-4838-b1e6-3f9d9a3bfede.wav,1.0
abb10834-a637-42bb-8967-9b4a17a7c78f,coughvid_data/abb10834-a637-42bb-8967-9b4a17a7c78f.wav,coughvid_data/abb10834-a637-42bb-8967-9b4a17a7c78f.wav,1.0
4f8dd83b-a0b3-47bc-b2ff-96b9f643d8fc,coughvid_data/4f8dd83b-a0b3-47bc-b2ff-96b9f643d8fc.wav,coughvid_data/4f8dd83b-a0b3-47bc-b2ff-96b9f643d8fc.wav,0.0
1553100a-7f83-4b91-878e-8c1f448cd881,coughvid_data/1553100a-7f83-4b91-878e-8c1f448cd881.wav,coughvid_data/1553100a-7f83-4b91-878e-8c1f448cd881.wav,0.0
59dedead-dc89-4e2f-8bbd-a41d0969e9ce,coughvid_data/59dedead-dc89-4e2f-8bbd-a41d0969e9ce.wav,coughvid_data/59dedead-dc89-4e2f-8bbd-a41d0969e9ce.wav,0.0
0cda3139-3451-43a1-9f10-e9bd0786af7b,coughvid_data/0cda3139-3451-43a1-9f10-e9bd0786af7b.wav,coughvid_data/0cda3139-3451-43a1-9f10-e9bd0786af7b.wav,0.0
21ce53ea-e992-4149-92c6-5837d0a49cbd,coughvid_data/21ce53ea-e992-4149-92c6-5837d0a49cbd.wav,coughvid_data/21ce53ea-e992-4149-92c6-5837d0a49cbd.wav,0.0
951918a0-7341-426e-8dbb-c8cb200d1e94,coughvid_data/951918a0-7341-426e-8dbb-c8cb200d1e94.wav,coughvid_data/951918a0-7341-426e-8dbb-c8cb200d1e94.wav,1.0
9558073f-2660-4123-81bf-89735c844e92,coughvid_data/9558073f-2660-4123-81bf-89735c844e92.wav,coughvid_data/9558073f-2660-4123-81bf-89735c844e92.wav,0.0
16e13cb9-fcf2-4a11-b077-ae7549be0bef,coughvid_data/16e13cb9-fcf2-4a11-b077-ae7549be0bef.wav,coughvid_data/16e13cb9-fcf2-4a11-b077-ae7549be0bef.wav,1.0
9d86c5f1-fa49-4635-b090-96cf11a374ca,coughvid_data/9d86c5f1-fa49-4635-b090-96cf11a374ca.wav,coughvid_data/9d86c5f1-fa49-4635-b090-96cf11a374ca.wav,1.0
07ab08e5-1fdc-43c7-8b71-9a53346e8a96,coughvid_data/07ab08e5-1fdc-43c7-8b71-9a53346e8a96.wav,coughvid_data/07ab08e5-1fdc-43c7-8b71-9a53346e8a96.wav,1.0
25f183d8-4c9b-473a-8288-9167f4ece263,coughvid_data/25f183d8-4c9b-473a-8288-9167f4ece263.wav,coughvid_data/25f183d8-4c9b-473a-8288-9167f4ece263.wav,0.0
a237dd8b-44e8-47d7-ba09-f3a32352a978,coughvid_data/a237dd8b-44e8-47d7-ba09-f3a32352a978.wav,coughvid_data/a237dd8b-44e8-47d7-ba09-f3a32352a978.wav,1.0
b673540a-f7b6-4ce9-8bc6-06dd71b110e2,coughvid_data/b673540a-f7b6-4ce9-8bc6-06dd71b110e2.wav,coughvid_data/b673540a-f7b6-4ce9-8bc6-06dd71b110e2.wav,1.0
1fb93cf5-e38c-4d31-99d4-29a4efe1f43b,coughvid_data/1fb93cf5-e38c-4d31-99d4-29a4efe1f43b.wav,coughvid_data/1fb93cf5-e38c-4d31-99d4-29a4efe1f43b.wav,0.0
5383b1c9-4a84-49bd-90fd-a221b29ec8b3,coughvid_data/5383b1c9-4a84-49bd-90fd-a221b29ec8b3.wav,coughvid_data/5383b1c9-4a84-49bd-90fd-a221b29ec8b3.wav,0.0
06fbfb8f-164c-4c97-a626-0b7d56543751,coughvid_data/06fbfb8f-164c-4c97-a626-0b7d56543751.wav,coughvid_data/06fbfb8f-164c-4c97-a626-0b7d56543751.wav,1.0
2455598e-8a2c-457a-846c-1af4993e582f,coughvid_data/2455598e-8a2c-457a-846c-1af4993e582f.wav,coughvid_data/2455598e-8a2c-457a-846c-1af4993e582f.wav,1.0
096bea79-88a1-4caa-a103-79e8eef97dd0,coughvid_data/096bea79-88a1-4caa-a103-79e8eef97dd0.wav,coughvid_data/096bea79-88a1-4caa-a103-79e8eef97dd0.wav,1.0
4982b195-822b-4d81-8b0d-d032b6762fdc,coughvid_data/4982b195-822b-4d81-8b0d-d032b6762fdc.wav,coughvid_data/4982b195-822b-4d81-8b0d-d032b6762fdc.wav,1.0
eb552344-6d7f-4aea-bd4b-6e22aca5d2b6,coughvid_data/eb552344-6d7f-4aea-bd4b-6e22aca5d2b6.wav,coughvid_data/eb552344-6d7f-4aea-bd4b-6e22aca5d2b6.wav,0.0
658cac05-ed7c-4f3e-ad25-9c5b44d74f0b,coughvid_data/658cac05-ed7c-4f3e-ad25-9c5b44d74f0b.wav,coughvid_data/658cac05-ed7c-4f3e-ad25-9c5b44d74f0b.wav,0.0
1ac6987b-e57b-4800-8e48-556246945d2a,coughvid_data/1ac6987b-e57b-4800-8e48-556246945d2a.wav,coughvid_data/1ac6987b-e57b-4800-8e48-556246945d2a.wav,0.0
16346c4f-3383-4471-9074-afba6d824c7b,coughvid_data/16346c4f-3383-4471-9074-afba6d824c7b.wav,coughvid_data/16346c4f-3383-4471-9074-afba6d824c7b.wav,1.0
12278bc5-38bb-4d17-9a6e-217225ee310e,coughvid_data/12278bc5-38bb-4d17-9a6e-217225ee310e.wav,coughvid_data/12278bc5-38bb-4d17-9a6e-217225ee310e.wav,1.0
5c8604ef-6403-454a-b8ec-0151a37d6ef6,coughvid_data/5c8604ef-6403-454a-b8ec-0151a37d6ef6.wav,coughvid_data/5c8604ef-6403-454a-b8ec-0151a37d6ef6.wav,1.0
0c56fd1f-4de3-4cc1-81fb-f714b0132791,coughvid_data/0c56fd1f-4de3-4cc1-81fb-f714b0132791.wav,coughvid_data/0c56fd1f-4de3-4cc1-81fb-f714b0132791.wav,1.0
7d265623-ad98-4a67-bf81-1251294881f1,coughvid_data/7d265623-ad98-4a67-bf81-1251294881f1.wav,coughvid_data/7d265623-ad98-4a67-bf81-1251294881f1.wav,1.0
9f40d734-f22c-400f-abed-87c15bedc69c,coughvid_data/9f40d734-f22c-400f-abed-87c15bedc69c.wav,coughvid_data/9f40d734-f22c-400f-abed-87c15bedc69c.wav,1.0
fcd08aff-c6bf-4efe-80c9-b51556eab298,coughvid_data/fcd08aff-c6bf-4efe-80c9-b51556eab298.wav,coughvid_data/fcd08aff-c6bf-4efe-80c9-b51556eab298.wav,1.0
5e232ea7-d639-4ec9-99b2-1829528cdf1c,coughvid_data/5e232ea7-d639-4ec9-99b2-1829528cdf1c.wav,coughvid_data/5e232ea7-d639-4ec9-99b2-1829528cdf1c.wav,1.0
9bc6e0e1-a0e6-41e5-ab7d-cb3d5246ac2c,coughvid_data/9bc6e0e1-a0e6-41e5-ab7d-cb3d5246ac2c.wav,coughvid_data/9bc6e0e1-a0e6-41e5-ab7d-cb3d5246ac2c.wav,0.0
23757c39-1cc1-4c17-bdda-b8b44c42a68e,coughvid_data/23757c39-1cc1-4c17-bdda-b8b44c42a68e.wav,coughvid_data/23757c39-1cc1-4c17-bdda-b8b44c42a68e.wav,1.0
7d2ca202-aacc-4dbe-a81c-a4eea16f6253,coughvid_data/7d2ca202-aacc-4dbe-a81c-a4eea16f6253.wav,coughvid_data/7d2ca202-aacc-4dbe-a81c-a4eea16f6253.wav,0.0
4c2a7718-8fd9-4e7b-8e1a-6bf45746fd3e,coughvid_data/4c2a7718-8fd9-4e7b-8e1a-6bf45746fd3e.wav,coughvid_data/4c2a7718-8fd9-4e7b-8e1a-6bf45746fd3e.wav,1.0
